237 15.931725503594615
1.5000000000003118 15.43172550359451 3.2e-14
0.5000000000001039 15.024398458488232 9e-15
15.096068766352172 0.500000000000103 89.99999999999997
15.431725503594512 1.50000000000031 89.99999999999994
0.500000000000103 9.50000000000197 3.4e-14
0.500000000000103 8.500000000001762 3e-15
1.500000000000309 8.500000000001762 1e-14
0.5000000000001048 7.500000000001554 2.8e-14
1.500000000000317 7.500000000001554 89.99999999999999
2.500000000000526 7.500000000001576 8.5e-14
0.5000000000001048 6.500000000001347 2.8e-14
1.500000000000317 6.500000000001348 2.8e-14
2.5000000000005276 6.50000000000136 89.99999999999963
3.500259753888571 6.503302982279329 0.002997844762561
0.5000000000001039 5.50000000000114 1.4e-14
1.5000000000003109 5.50000000000114 89.99999999999996
2.500000000000518 5.50000000000114 89.9999999999999
3.5000000000007283 5.502862014086606 89.99999999999956
4.500000000000936 5.500000000001139 89.9999999999996
0.5000000000001039 4.5000000000009335 2.8e-14
1.5000000000003109 4.5000000000009335 4.3e-14
2.500000000000517 4.500000000000933 2.1e-14
3.5000000000007248 4.501800952029167 2e-15
4.500000000000932 4.50000000000093 89.99999999999997
0.500000000000103 3.5000000000007265 89.99999999999999
1.50000000000031 3.5000000000007265 89.99999999999997
2.500000000000515 3.5000000000007256 89.99999999999994
3.500000000000723 3.500780015748205 89.99999999999993
4.50000000000093 3.500000000000723 89.99999999999999
5.500000000001137 3.500000000000721 89.99999999999993
0.500000000000103 2.5000000000005187 3e-15
1.50000000000031 2.5000000000005187 5e-15
2.500000000000515 2.500000000000518 0.0
3.500000000000722 2.5003353144629505 89.99999999999997
4.500000000000929 2.500000000000517 89.99999999999997
5.500000000001135 2.500000000000515 89.99999999999994
6.500000000001342 2.500000000000517 89.99999999999984
0.500000000000103 1.5000000000003118 89.99999999999999
1.50000000000031 1.5000000000003109 89.99999999999997
2.500000000000515 1.5000000000003118 89.99999999999996
3.500000000000721 1.5001254973526121 89.99999999999996
4.500000000000927 1.5000000000003109 89.99999999999996
5.500000000001133 1.50000000000031 89.99999999999994
6.500000000001339 1.5000000000003109 89.99999999999986
7.500000000001545 1.50000000000031 89.99999999999986
0.500000000000103 0.5000000000001039 2e-15
1.500000000000309 0.500000000000103 2e-15
2.500000000000515 0.500000000000103 3e-15
3.500000000000721 0.5000000000001039 0.0
4.500000000000927 0.500000000000103 89.99999999999999
5.500000000001133 0.500000000000103 0.0
6.500000000001339 0.500000000000103 89.99999999999997
7.500000000001545 0.500000000000103 89.99999999999997
8.500000000001751 0.500000000000103 89.99999999999997
9.500000000001958 0.500000000000103 89.99999999999997
3.4317255035920073 15.43172550359451 89.99999999999997
4.431725503592217 15.431725503594508 89.99999999999997
5.431725503592428 15.43172550359451 1.14e-13
6.4317255035926415 15.43172550359451 9.9e-14
7.431725503592852 15.43172550359451 3.3e-14
8.431725503593059 15.431725503594512 5.7e-14
9.431725503593267 15.431725503594512 1.3e-14
10.431725503593476 15.431725503594512 89.99999999999991
11.431725503593682 15.431725503594512 89.99999999999989
12.431725503593889 15.43172550359451 89.99999999999996
13.431725503594098 15.431725503594512 89.99999999999993
14.431725503594304 15.431725503594512 3.9e-14
15.43172550359451 15.431725503594512 4.4e-14
4.431725503592228 14.431725503594295 1.43e-13
5.4317255035924354 14.431725503594306 1.56e-13
6.431725503592647 14.431725503594302 1.76e-13
7.431725503592854 14.431725503594302 1.42e-13
8.43172550359306 14.431725503594304 5.3e-14
9.431725503593269 14.431725503594304 89.99999999999999
10.431725503593476 14.431725503594304 89.9999999999999
11.431725503593682 14.431725503594304 89.9999999999999
12.431725503593889 14.431725503594306 89.99999999999996
13.431725503594098 14.431725503594304 89.99999999999993
14.431725503594304 14.431725503594304 4.7e-14
15.43172550359451 14.431725503594304 9e-14
11.431725503593686 11.43172550359369 89.99999999999989
5.4317255035924425 13.431725503594098 1.99e-13
6.43172550359265 13.431725503594098 2.13e-13
7.431725503592856 13.431725503594098 1.85e-13
8.431725503593066 13.431725503594102 6.6e-14
9.431725503593272 13.431725503594098 89.99999999999999
11.431725503593686 13.431725503594098 89.9999999999999
12.431725503593892 13.431725503594102 89.99999999999997
13.431725503594098 13.431725503594098 89.99999999999993
14.431725503594304 13.431725503594098 4.4e-14
15.431725503594512 13.431725503594098 5.8e-14
6.431725503592654 12.431725503593892 1.85e-13
7.431725503592859 12.431725503593892 2.13e-13
8.431725503593066 12.431725503593892 1.12e-13
9.431725503593272 12.431725503593896 1.4e-14
10.43172550359348 12.431725503593892 89.99999999999991
11.431725503593686 12.431725503593892 89.9999999999999
12.431725503593892 12.431725503593896 89.99999999999996
13.431725503594098 12.431725503593892 89.99999999999996
14.431725503594304 12.431725503593892 4e-14
15.431725503594512 12.431725503593892 4.7e-14
7.431725503592859 11.431725503593686 1.92e-13
6.431725503592652 11.431725503593686 1.99e-13
8.431725503593066 11.431725503593686 9.9e-14
9.431725503593272 11.431725503593686 4.3e-14
10.43172550359348 11.431725503593686 89.99999999999989
10.431725503593478 13.431725503594098 89.9999999999999
12.431725503593892 11.43172550359369 89.99999999999996
13.431725503594098 11.431725503593686 89.99999999999996
14.431725503594304 11.43172550359369 2.7e-14
15.431725503594512 11.431725503593682 5.7e-14
7.431412473954226 10.431725503589135 89.99999999950215
8.431537998169146 10.431725503593482 5.7e-14
9.431605288779158 10.431725503593482 7.1e-14
10.431672444921631 10.43172550359348 89.99999999999986
11.431725503593682 10.431725503593482 89.99999999999987
12.431725503593892 10.431725503593483 89.99999999999997
13.431725503594098 10.431725503593482 89.9999999999999
14.431725503594304 10.431725503593482 2.8e-14
15.431725503594512 10.431725503593478 5.7e-14
7.431725503592859 9.431345265532649 89.9999999999998
8.431725503593068 9.431725503593274 4.3e-14
9.431725503593274 9.431725503593276 5.7e-14
10.43172550359348 9.431725503593272 89.99999999999996
11.431725503593686 9.431725503593276 89.99999999999984
12.431933219942863 9.431725503593276 89.99999999999997
14.431725503594304 9.431725503593276 5.7e-14
15.43172550359451 9.43172550359327 5.8e-14
7.431725503592844 8.430281619109458 89.99999999999949
8.431725503593064 8.431725503593068 2.5e-14
9.43172550359327 8.431725503593068 5.7e-14
10.431725503593478 8.431725503593064 2.8e-14
11.431725503593686 8.43172550359307 89.99999999999987
12.431725503593892 8.43172550359307 89.99999999999991
13.431725503594098 8.431725503593071 5.7e-14
14.431725503594304 8.43172550359307 5.7e-14
15.431725503594512 8.431725503593064 6.6e-14
8.431725503593047 7.431725503592862 3.1e-14
9.431725503593258 7.431725503592862 4.9e-14
10.431725503593468 7.431725503592858 4.3e-14
11.431725503593682 7.431725503592864 89.99999999999989
12.431725503593889 7.431725503592863 89.99999999999989
13.431725503594098 7.4317255035928635 89.99999999999997
14.431725503594304 7.431725503592863 3.4e-14
15.43172550359451 7.431725503592858 7.6e-14
11.431725503593686 6.4317255035926575 89.9999999999999
12.431725503593892 6.4317255035926575 89.99999999999989
13.431725503594098 6.4317255035926575 89.99999999999994
14.431725503594304 6.4317255035926575 89.99999999999999
15.431725503594512 6.431725503592652 4.3e-14
13.431725503594098 5.431725503592451 89.99999999999993
14.431725503594304 5.43172550359245 89.99999999999993
15.431725503594512 5.431725503592444 89.99999999999997
14.431725503594297 4.431725503592243 89.99999999999997
15.43172550359451 4.431725503592239 89.99999999999993
15.431725503594512 3.431725503592033 89.99999999999993
6.4312939168335586 10.431725503593478 0.0
7.4317255035924195 7.429254682764094 89.9999999999999
5.023600136539929 6.500000000001341 89.9999999999996
6.431725503591796 7.431725503592858 89.99999999999977
0.6766068491294597 13.82910574374366 28.110448819916037
1.582771493559008 14.255118654464935 28.110448819916172
2.5173946318868 14.64823311615832 29.221449307360217
0.6532448840178073 12.65324488402031 22.492252003288684
1.5473842974713463 13.107754809905165 22.492252003288765
2.472437828727725 13.487602898060123 22.492252003288765
3.38185253148954 13.936811380312577 24.06650801088562
0.500000000000103 11.500000000002384 0.0
1.5625063281366893 11.943695634719775 22.09894651552097
2.457161426925609 12.398419082769259 22.09894651552098
3.3891126689982736 12.76128836091782 22.09894651552098
4.280354115857397 13.22441906335704 22.09894651552097
0.5012807956415193 10.500000000002178 1.1e-14
1.6340890349081887 10.757679635025191 18.732461498984502
2.5309187175571397 11.2268589643219 18.73246149898451
3.431794092658267 11.684108071433517 18.732461498984506
4.366586310371567 12.041340809786693 18.7324614989845
5.431725503592446 12.431725503593892 2.13e-13
1.6369157538146535 9.636915753816313 19.254834951122433
2.563016295470713 10.018103540269673 19.25483495112244
3.458539854007226 10.48682662694383 19.25483495112244
4.358217532157218 10.943657366158558 19.25483495112243
5.2948097497781035 11.294809749779343 19.254834951122415
2.5722628709508433 8.909622762780534 21.36714950245904
3.4971267294166877 9.29032671615683 21.367149502459043
4.388230918197609 9.757320793102021 21.36714950245904
5.283921619174134 10.212591689465091 21.367149502459014
3.4641415632081163 8.18601426575122 22.453305483540046
4.38961761961324 8.566872530551677 22.363949724091725
5.279088404176932 9.033194568876047 22.36394972409168
4.354302785626171 7.4710110998376615 22.36394972409172
5.279088404175951 7.851499680119087 22.363949724080705
6.431725503592654 9.43172550359327 89.99999999999979
6.431725503592633 8.431725503593064 89.99999999999977
6.27458130232827 4.418315249153714 58.959293967098894
6.732800516970857 5.309678024549438 58.95929396709891
7.182913897546657 6.276660788540418 67.11936747827399
5.500000000001142 5.431725503592451 89.99999999999957
13.91344124298855 0.6434019827570223 69.50738532729993
14.272338530259647 1.5768264347831904 69.50738532729993
14.59386633629848 2.5242172733772534 69.50738532729991
12.732678341332946 0.6434019827570223 69.50738532729991
13.182095485674171 1.542995745294772 69.50738532729989
13.512433936065516 2.4870937133195428 69.50738532729991
13.845740478853415 3.430082393111979 69.50738532729991
11.62542835639714 0.6254283563948739 72.811264669643
11.978875939387391 1.5628458065418416 72.811264669643
12.431018978487906 2.4697331716555455 72.811264669643
12.761514204006513 3.414250618630536 72.811264669643
13.06767811461062 4.366294623996228 72.811264669643
10.500000000002164 0.500000000000103 89.99999999999997
10.85359256512973 1.5686649358934277 72.81126466964301
11.222429072393153 2.501322033485711 72.811264669643
11.67457211149367 3.4082093985994133 72.81126466964301
12.005067337012278 4.352726845574404 72.81126466964301
12.306297147199123 5.3062971471976805 72.81126466964302
9.625428356396727 1.62542835639508 72.811264669643
10.101245587212826 2.5249924351625195 72.811264669643
10.471380051420024 3.4572480275850115 72.811264669643
10.923523090520542 4.364135392698715 72.811264669643
11.254018316039149 5.308652839673704 72.811264669643
8.87434818742902 2.5687627181027928 71.59550766970801
9.344753586558776 3.466144666332996 71.59550766970801
9.71865459183052 4.39563775765054 71.59550766970801
10.169770465224072 5.299438156857323 71.59550766970801
8.500000000001753 1.50000000000031 89.99999999999989
8.15759063927412 3.5443956333645144 67.88829981747925
8.621909479429755 4.435131831057988 67.88829981747926
8.998012481834609 5.361709752161287 67.88829981747926
7.4456159706664105 4.443649014943306 65.97226801911688
7.9045504588697195 5.344773936446877 67.1193674782741
7.6987525704793445 2.65143262134612 67.88829981747928
6.9877614550064155 3.5528922249655857 65.97226801911687
10.423381489780981 6.43172550359265 6.7e-14
9.423381489780775 6.4317255035926575 9.9e-14
8.268316774728337 6.2766607885404255 67.11936747827416
6.023600136540135 6.431725503592652 89.99999999999956
