237 15.949453526600069
0.5000000002364882 15.024139267841312 1.816e-12
1.5000000007094307 15.449453526363582 3.635e-12
15.306632099256763 0.5000000002365192 89.99999999999815
15.449453526363579 1.5000000007095444 89.99999999999632
0.6188255607932271 9.618825565049553 16.062910722093463
0.5000000002364473 8.500000004019668 2.95e-13
0.5000000002364722 7.500000003546772 6.05e-13
1.500000000709556 7.500000003547921 1.8334e-11
0.5001207985060274 6.5000000030738745 8.13e-13
1.5004509689085035 6.500000003074834 3.1704e-11
2.500763243570428 6.500890926284392 89.9974956842158
0.5001207882840637 5.500000002600977 1.026e-12
1.500477599920437 5.500000002601745 4.5077e-11
2.5007531826269433 5.500589778861675 89.99687052278695
3.5010441079466528 5.500685867971624 89.9950211695694
0.5000000002367573 4.500000002128076 1.02e-12
1.5000000007107985 4.500000002128575 5.6899e-11
2.5000000011870487 4.500000002132349 3.73757e-10
3.500000001662091 4.500333274012334 1.8812e-10
4.50000000213714 4.500000002128036 2.027e-12
0.5000000002368727 3.5000000016551747 1.015e-12
1.5000000007123653 3.500000001655632 5.2584e-11
2.500000001188079 3.5000000016582655 2.59302e-10
3.5000000016616397 3.5000000016640485 2.56633e-10
4.500000002137327 3.5000000016551436 1.994e-12
5.50000000261096 3.500000001656346 89.99999999996103
0.5000000002373213 2.500000001182274 9.95e-13
1.500000000714607 2.500000001182684 4.7697e-11
2.5000000011911006 2.50000000118464 1.9992e-10
3.500000001666666 2.5000000011885684 3.73367e-10
4.500349838503606 2.5000000011822516 1.973e-12
5.500563428664433 2.5000000011831736 89.9999999999755
6.500811381261748 2.5004906058026792 0.001719240554863
0.5000000002364553 1.5000000007093632 6.68e-13
1.5000000007093686 1.50000000070938 2.039e-12
2.500000001182274 1.5000000007098055 2.014e-12
3.500000001655179 1.5000000007114638 1.921e-12
4.500000002128084 1.5000000007093561 1.818e-12
5.500000002600993 1.5000000007093872 2.757e-12
6.500000003073905 1.5000000007098775 1.791e-12
7.500000003546818 1.500000000709366 2.7e-13
0.5001263781858114 0.5000000002364509 89.99999999999982
1.5003854842788167 0.5000000002364589 7.38e-13
2.5006153659067154 0.5000000002365859 89.99999999999825
3.500892483820528 0.5000000002368798 89.99999999995028
5.247066614822446 0.5000000002364526 3.78e-13
6.247503071596101 0.5000000002364722 1.08e-12
7.247921665901315 0.5000000002364553 89.99999999999979
8.248376530802377 0.5000000002364731 2.523e-12
9.441339984339026 0.500000000236458 89.99999999999886
3.449453520688529 15.449453526363591 1.558e-12
4.44945352116145 15.449453526363593 7.67e-13
5.449453521634377 15.44945352636362 5e-15
6.449453522107309 15.44945352636362 89.9999999999995
7.449453522580258 15.449453526363621 89.99999999999982
8.449453523053226 15.449453526345685 3.557e-12
9.449453523526147 15.449453526363602 1.478e-12
10.449453523999066 15.449453526363621 2.16e-13
11.449453524471988 15.449378922900523 1.581e-12
12.449453524944893 15.449453526363605 7.46e-13
13.449453525417802 15.449453526363623 6.9e-14
14.449453525890716 15.449453526363557 1.132e-12
15.449453526363616 15.449453526354716 9.3e-13
4.449453521161643 14.449453525890643 7.54e-13
5.449453521634545 14.449453525890714 4.26e-13
6.4494535221074525 14.449453525890718 89.99999999999932
7.449453522580352 14.449453525890712 89.99999999999949
8.449453523053295 14.449453525836914 3.081e-12
9.449453523526206 14.449453525890677 1.18e-12
10.449453523999107 14.449453525890723 6.12e-13
11.44945352447202 14.449229070327615 2.7e-13
12.449453524944921 14.449453525890675 89.9999999999997
13.449453525417827 13.449453525417834 7.5e-14
14.449453525890721 14.449453525890533 7.17e-13
15.449453526363621 14.449453525864008 2.81e-13
5.449453521634666 13.449453525417802 2.558e-12
6.449453522107557 13.449453525417791 2.484e-12
7.4494535225804475 13.449453525417521 2.409e-12
8.449453523053343 13.449453525348737 1.788e-12
9.449453523526241 13.449453525417766 9.84e-13
10.449453523999134 13.449453525417827 8.81e-13
11.449453524472034 13.449144726158856 7.83e-13
12.449453524944932 13.449453525417763 89.9999999999999
13.44945352541783 12.44945352494494 0.0
14.449453525890725 13.449453525417564 6.38e-13
15.449453526363621 13.449453525380452 1.9e-13
6.449453522107525 12.449453524944857 6.622e-12
7.449453522580421 12.449453524944463 5.936e-12
8.449453523053329 12.449453524865294 3.685e-12
9.449453523526254 12.449453524944857 89.99999999999996
10.449453523999146 12.449453524944921 0.0
11.449453524472045 12.449075947040372 3e-14
12.449453524944936 12.449453524944857 89.99999999999979
13.44945352541783 11.449453524472045 89.99999999999946
14.449453525890728 12.449453524944612 4.54e-13
15.449453526363623 12.449453524899283 1.33e-13
6.449453522103491 11.44945352447196 6.932e-12
7.449453522577733 11.44945352447143 1.0818e-11
8.449453523053155 11.449453524384097 6.999e-12
9.449453523526241 11.449453524471945 89.99999999999835
10.44945352399914 11.449453524472016 89.999999999999
11.449453524472041 11.44901341851592 89.99999999999909
12.449453524944936 11.449453524471952 89.99999999999915
13.449453525417823 10.449453523999145 89.99999999999922
14.449453525890728 11.449453524471668 3.24e-13
15.449453526363623 11.4494535244194 9.8e-14
6.336223411033258 10.336223412924788 15.139285611246397
7.44945352258036 10.449453523998436 1.1379e-11
8.44945352305329 10.449453523904241 6.864e-12
9.449453523526243 10.449453523999036 89.99999999999974
10.449453523999136 10.44945352399911 89.99999999999974
11.449453524472034 10.448953388694148 89.99999999999955
12.449453524944929 10.44945352399905 89.99999999999918
13.449453525417812 9.449453523526246 89.99999999999838
14.449453525890727 10.449453523998734 3.55e-13
15.449453526363621 10.449453523940345 2.42e-13
7.449453522579852 9.449453523525403 4.696e-12
8.449453523052902 9.449453523425284 89.99999999998906
9.449453523525996 9.449453523525897 89.99999999997152
10.449453523999072 9.449453523526152 89.99999999999274
11.44945352447197 9.44889373907589 89.99999999999275
12.449453524944872 9.449453523526099 89.99999999999297
13.449453525417816 14.44945352589073 4.7e-14
14.449453525890718 9.4494535235258 89.99999999999959
15.44945352636362 9.449453523461885 89.9999999999999
7.4084186317917435 8.428008875284531 2.461010982540259
8.449453522602418 8.449453522694242 89.99999997087151
9.449453523525083 8.449453523052586 89.99999999992396
10.449453523998647 8.44945352305325 89.99999999999314
11.44945352447164 8.448832687072514 89.99999999998636
12.449453524944651 8.449453523053085 89.99999999997955
13.44945352541773 8.449453523053348 89.9999999999982
14.449453525890672 8.449453523052863 1.648e-12
15.449453526363605 8.449453522983871 6.97e-13
7.410277960623567 7.387943695490144 87.8152358929318
8.418971895183052 7.424924568417057 87.08810103472985
9.449453522962466 7.4494535225796685 89.99999999992147
10.449453523997457 7.449453522580338 89.99999999999459
11.449453524470758 7.448768826060273 89.9999999999781
12.449453524944172 7.449453522580016 89.99999999995956
13.449453525417503 7.449453522580454 89.99999999999802
14.449453525890538 7.449453522579923 4.405e-12
15.449453526363586 7.4494535225062135 1.705e-12
11.449453524470066 6.448700768058058 89.99999999997578
12.449453524943596 6.449453522107081 89.99999999995522
13.449453525417127 6.449453522107557 89.99999999999788
14.449453525890664 6.449453522106998 5.445e-12
15.44945352636359 6.449453522028843 3.71e-12
13.449453525417784 5.449453521634661 89.9999999999978
14.449453525890696 5.4494535216340285 89.99999999999899
15.449453526363612 5.449453521551712 89.99999999999979
14.449453525890478 4.449453521161095 89.99999999999677
15.449453526363538 4.4494535210747825 89.99999999999824
15.449453526357434 3.449453520596972 89.99999999979525
4.357525963310476 6.551048840506391 18.06602670646886
5.321027711305282 6.856752324016597 17.12293054445198
6.2773758876153325 7.148990908621696 17.12293054435508
4.760688127425525 5.629944334208078 17.983508810013884
0.6288465045273846 13.892807115679982 17.788330220635608
1.5848602214502376 14.186395765446491 17.788330220640564
2.537948600776245 14.649126785906649 25.073887089268702
0.6288465045273641 12.842598352167457 17.78833022063261
1.5848602214502305 13.136187001933767 17.788330220633096
2.5370518577125534 13.441688374725906 17.78833022063361
3.439744933615054 13.901467663688472 17.788330220634112
0.6094177816526507 11.758557302785967 14.524588526327994
1.5635019499585203 12.063220974307306 14.524588526328087
2.5203832683152303 12.357087985507192 14.524588526328099
3.474121825820342 12.663085672848707 14.524588526328104
4.3871594794122695 13.12618391837978 14.524588526328095
0.609417781652974 10.66308307980164 14.524588526379716
1.5622940424588627 10.972409127934675 14.524588526379821
2.516378210764687 11.277072799455993 14.524588526379825
3.4732595291214023 11.570939810655698 14.524588526379793
4.426998086626576 11.876937497996767 14.524588526379748
5.340035740218161 12.340035743528384 14.52458852637942
1.6039580248541778 9.90935874526517 19.254236915541686
3.465433616266983 10.502982708010734 17.974365016080643
4.423310218279703 10.796452059302538 17.774567582519605
5.375501762887703 11.101953812504782 17.774567582525638
2.5180150435395356 9.132748736072635 15.139285611247253
3.469956501291845 9.443266535271768 15.139285611247185
4.42616762529223 9.738003277948405 15.139285611247049
5.383013183917675 10.030395095261778 15.139285611246859
1.565321110108016 8.825012152204025 15.139285611247093
3.459733020489793 8.361907517751844 18.066026706473984
4.410432799756414 8.672020288608518 18.06602670646332
5.374764016423589 8.966068407983272 17.1229305444162
4.383218263004408 7.611286292096315 18.066026706471185
5.346253018441483 7.910904240951854 17.122930544409925
2.508774508678088 8.052587932464306 18.066026706473576
3.432036054998756 7.3010161557760025 18.06602670647384
6.331112192731698 9.258306992589649 17.12293054439044
6.302993670931878 8.203263738957132 17.122930544267785
6.558596540730134 4.283175244550447 63.9072436839179
6.969816101210366 5.271775546279498 69.9063680777621
7.224503043412403 6.243417996434888 69.90636807815687
5.6689544129903275 4.74023674132258 63.90724368391664
13.985765185384263 0.6313186185262252 71.97133652145297
14.292104215917444 1.583908031676848 71.97437876664407
14.600456608723874 2.53807988386899 71.74275568959928
12.848002019780532 0.6268210051703864 72.56842439682192
13.228872720673806 1.5553680207365632 72.5684243968204
13.535169005082738 2.507330383564849 72.56842439681957
13.843594359075766 3.4586242476524953 72.56842439681948
11.712295151665096 0.6224819714250271 73.31871563245515
12.084451695146019 1.5548946849105496 73.31871563245494
12.46493531931852 2.4848121190357153 73.31871563245501
12.772032040039694 3.4367205524425923 73.31871563245508
13.080519506990893 4.388212237112413 73.31871563245538
10.572529093254065 0.6298318408515806 72.03655042226481
10.952673623279665 1.557827988192714 72.03655042226468
11.324294243220237 2.488587711372851 72.03655042226492
11.70340598252275 3.4169187045150133 72.0365504222655
12.011211455574085 4.3683682280718745 72.0365504222661
12.319621684329775 5.31962168101942 72.03655042226755
9.8311913415402 1.5703666435146033 70.32850626669192
10.21072879606609 2.49666463304034 70.32850626669197
10.581832249564432 3.4259776988672828 70.32850626669308
10.959966913073183 4.368368228071791 72.03655042224541
11.268377141829212 5.319621681019303 72.03655042225456
9.108130009932514 2.4937604128303583 65.88047834663948
9.4910204602048 3.4392788813085975 68.23164531127132
9.86187542278005 4.367969678980144 68.23164531130271
10.222244421140488 5.335388467255795 72.03655042217909
8.663742286301053 1.590731953235279 65.17005889072873
8.417845538805874 3.448318337402422 68.23164531128864
8.78870050138123 4.377009135073631 68.23164531129775
9.131309978956942 5.316979228618889 68.23164531130755
7.712849255225044 4.379346569016679 68.23164531128609
8.057337003888795 5.333850442167856 69.90636807903233
7.976136961782941 2.547921579684422 68.23164531128897
7.262010824469505 3.445853745282645 63.90724368372437
10.449453523996533 6.449453522107424 89.99999999999653
9.395710986996672 6.449453522106827 89.99999999991905
8.357034544934898 6.4120523893904915 85.37654793676592
5.9732238359968886 5.797640515648592 67.33028844941516
