237 15.931571526136658
1.500341406308424 15.431419298842993 0.011972975970417
0.5001475595895029 14.998270615931986 0.005782544577415
15.091190714248878 0.5000000000001137 89.99999999999947
15.431571526136546 1.500000000000334 89.99999999999895
0.5000929904385751 9.501225625776822 0.002060406324259
0.5002630724612809 8.501111158845875 0.000848862351255
1.5007920349631956 8.336065075827653 0.002971957541989
0.5000000004551577 7.50099743104618 89.99999995542886
1.5000000007066827 7.332594447647937 89.99999993702393
2.501027961597109 7.508065383848931 89.98228205575828
0.5000000000011715 6.500877222085582 89.99999999990479
1.500000000002217 6.32851875793971 89.9999999998232
2.5000000002298144 6.507429118579145 89.99999997386132
3.50557173307494 6.513192804535284 2.630949659e-05
0.500000000000111 5.500760751205444 0.0
2.5000000000016653 5.506777907934385 89.99999999987253
3.5000000000021974 5.51038201653604 89.99999999984941
4.500000000002493 5.50231700427631 89.99999999984743
0.500000000000111 4.500648671590236 89.99999999999994
1.500000000000334 4.509030049569236 89.99999999999993
2.500000000000635 4.506220252757817 9.158e-12
3.500000000000936 4.5078717255514285 1.8531e-11
4.500000000001247 4.502055640967429 2.9715e-11
0.500000000000151 3.500535904708343 89.99999999999582
1.5000000000004672 3.505047342403625 89.99999999998806
2.5000000000007248 3.5049885170369164 89.99999999998657
3.5000000000009814 3.50463421804678 89.99999999998509
4.500000000001288 3.501776921501871 89.99999999997875
5.500000000001592 3.5000000000014815 89.99999999997266
0.5000000000001226 2.500423641618215 89.99999999999852
1.5000000000004592 2.503356980125437 89.99999999998856
2.5000000000007168 2.5030408866015748 89.99999999998725
3.5000000000009734 2.5014482946892933 89.99999999998595
4.50000000000123 2.5000000000015534 89.99999999998467
5.500000000001485 2.5000000000011147 89.99999999998516
6.500000000001773 2.500000000000692 89.99999999999051
0.5000000000001137 1.5003105148375182 89.99999999999861
1.5000000000003322 1.5018370341370009 89.99999999999719
2.500000000000541 1.5010035141081168 89.99999999999689
3.5000000000007496 1.500000000001295 89.9999999999966
4.500000000000958 1.500000000000865 89.99999999999635
5.500000000001165 1.5000000000006963 89.99999999999613
6.500000000001374 1.5000000000004174 89.99999999999591
7.500000000001582 1.500000000000341 89.99999999999578
0.5000000000001048 0.5000984973714564 89.99999999999991
1.5000000000003144 0.5000874157230104 89.99999999999983
2.500000000000524 0.5000000000004476 89.99999999999973
3.5000000000007327 0.5000000000002514 89.99999999999963
4.500000000000943 0.5000000000001847 89.99999999999953
5.500000000001153 0.5000000000001412 89.99999999999943
6.5000000000013625 0.5000000000001199 89.9999999999993
7.500000000001571 0.5000000000001084 89.99999999999919
8.500000000001782 0.500000000000111 89.99999999999898
9.50000000000199 0.5000000000001092 89.99999999999896
3.424848319975215 15.4313389187249 0.004649280218199
4.425142808916111 15.431347846231665 0.001075418549511
5.425463135401733 15.431395893862593 89.99525778931805
6.42579696295738 15.431571526136524 89.99999999999666
7.4261472419638626 15.431571526136542 89.99999999999912
8.426527336978312 15.43157152613655 89.99999999999983
9.426938468361243 15.431571526136553 2.3e-13
10.427385677544668 15.431571526136533 89.9999999999975
11.42787890578105 15.431571526136539 89.99999999999794
12.428431781145415 15.431571526136546 89.99999999999879
13.429070422173265 15.431571526136546 89.99999999999885
14.429853299719898 15.431571526136542 89.99999999999876
15.431001159550277 15.431571526136548 89.99999999999974
4.427542013420124 14.43087308615824 0.010476362655616
5.427688032103907 14.430658582061554 0.007338320449676
6.427894893783001 14.431571526136283 89.99999999999322
7.428126240555897 14.43157152613631 89.99999999999821
8.42844401178472 14.431571526136333 89.99999999999956
9.429006116529484 14.43157152613634 7.51e-13
10.429404513190793 14.431571526136263 89.99999999999852
11.429809746737487 14.431571526136326 89.9999999999966
12.430226657497728 14.431571526136326 89.99999999999685
13.43065274020065 14.431571526136327 89.99999999999702
14.431077970235137 14.431571526136308 89.99999999999622
15.431471593571557 14.431571526136326 89.9999999999994
11.429613303600203 11.431571526135707 89.9999999999952
5.427787774955576 13.430059565275723 0.03611412157035
6.428215138113646 13.431571526136064 89.99999999999227
7.428473387965641 13.431571526136082 89.99999999999869
8.428694940661606 13.431571526136118 2.33e-13
9.42899834831124 13.431571526136132 1.285e-12
11.429777515289786 13.431571526136118 89.99999999999613
12.430196817347444 13.431571526136118 89.9999999999964
13.430627409980985 13.431571526136118 89.9999999999966
14.43105709241399 13.431571526136093 89.99999999999578
15.431492678503636 13.431571526136104 89.99999999999903
6.428192356857846 12.431571526135848 89.9999999999918
7.4284377004278 12.431571526135858 8.5e-14
8.428675307921004 12.431571526135905 8.88e-13
9.428969022986113 12.431571526135926 1.762e-12
10.429314323618854 12.431571526135777 89.9999999999995
11.429715494589178 12.431571526135915 89.99999999999567
12.430147159110003 12.431571526135912 89.9999999999959
13.430591408184927 12.431571526135912 89.99999999999616
14.431040590725178 12.431571526135876 89.99999999999528
15.431489359539148 12.43157152613588 89.99999999999869
7.428423530083518 11.431571526135631 1.509e-12
6.428172525516023 11.431571526135633 89.99999999999135
8.428652220095932 11.431571526135688 1.549e-12
9.428824303276269 11.431571526135716 2.288e-12
10.429167454061751 11.431571526135535 0.0
10.429376185854963 13.431571526136022 89.99999999999902
12.430066609850439 11.431571526135704 89.99999999999541
13.430537740893268 11.431571526135704 89.99999999999575
14.43101091067561 11.43157152613566 89.99999999999481
15.431485055443284 11.431571526135656 89.99999999999834
7.420633309266969 10.431571526016342 89.99999998636646
8.422716798020256 10.431571526135455 2.927e-12
9.4248851509073 10.431571526135507 2.856e-12
10.428949470015702 10.431571526135293 4.55e-13
11.429422486738002 10.431571526135501 89.99999999999471
12.42994551740166 10.431571526135496 89.99999999999494
13.430456155892486 10.431571526135498 89.99999999999528
14.430968241434986 10.431571526135444 89.99999999999436
15.431478432240292 10.431571526135434 89.999999999998
7.424418454808668 9.42979150042185 89.98343965646558
8.425109656172422 9.431571526135244 2.501e-12
9.426219900201293 9.4315715261353 3.141e-12
10.427400701917687 9.431571526135048 1.015e-12
11.42916070069188 9.431571526135293 89.99999999999429
12.429748756445667 9.43157152613529 89.99999999999447
13.430340023233487 9.43157152613529 89.99999999999488
14.430906465383611 9.431571526135226 89.99999999999393
15.43146887090525 9.431571526135212 89.99999999999763
7.424418809023706 8.428687380877474 89.98148149925035
8.425134501946363 8.431571526135036 2.638e-12
9.426212465994897 8.431571526135093 3.411e-12
10.42735095041247 8.431571526134807 1.592e-12
11.428373377194681 8.43157152613509 89.99999999999385
12.429499859293037 8.43157152613508 89.99999999999399
13.430166798760759 8.431571526135082 89.99999999999444
14.430820006786334 8.431571526135011 89.99999999999348
15.431453796956458 8.431571526134986 89.99999999999724
8.425043146309937 7.43157152613483 2.762e-12
9.426194505802135 7.431571526134888 3.657e-12
10.42724543447792 7.431571526134564 2.132e-12
11.428257297386345 7.431571526134883 89.9999999999934
12.429157648565447 7.431571526134873 89.99999999999353
13.430002817388495 7.431571526134875 89.999999999994
14.430663969510345 7.431571526134795 89.99999999999304
15.431398123643678 7.431571526134764 89.99999999999687
11.431571526135647 6.431571526134677 89.999999999993
12.431571526135858 6.431571526134665 89.99999999999291
13.431571526136072 6.431571526134668 89.9999999999935
14.431571526136285 6.431571526134574 89.99999999999329
15.431571526136523 6.431571526134535 89.99999999999656
13.43157152613609 5.431571526134463 89.9999999999934
14.431571526136333 5.4315715261343005 89.99999999999793
15.431571526136542 5.431571526134281 89.9999999999986
14.431571526135176 4.431571526133393 89.99999999994493
15.431571526136274 4.431571526134029 89.9999999999971
15.431571526136512 3.4315715261338093 89.99999999999659
6.418258695809568 10.431571526135386 89.99999999998697
7.423313035294485 7.4276750089270385 89.96696360495119
4.96609713492651 6.502527599447928 89.99465081942323
6.418732207138883 7.431571526134709 89.99999999998228
0.6738685323776155 13.794104919145315 27.347333828556607
1.5747454193036363 14.230182354223484 27.38552256603972
2.5103218954555198 14.64913579051466 30.116567296813642
0.6603556742355465 12.66194754595733 24.03884236627384
1.5625674133028866 13.094587640966413 24.049474695869748
2.485064160856192 13.481731731795133 24.058082499298692
3.3767641284563776 13.937855175237374 24.06715857964709
0.5000259063474655 11.501451404128451 0.000463801181719
1.5598482288797317 11.937904918964211 20.958757674413995
2.464617926355337 12.37171393996455 20.96130881869024
3.392831919616179 12.744302369800664 20.962571737667616
4.282261068600798 13.218117582801462 20.963665260583596
0.5041497484646706 10.501338843719335 0.001238117558081
1.634782439026302 10.740974165086413 18.83575786261919
2.5290529646926467 11.217233611781982 18.838732656333306
3.4372735058433355 11.652602753979686 18.83594133189669
4.36771128792354 12.02290917113497 18.83060162455985
5.427664544498966 12.429757553372047 0.035457628551654
1.6503472198234501 9.575554541381848 21.842065028293923
2.555779010873927 10.004972123108557 21.844654250134198
3.4440239151653698 10.477493520915337 21.830208010565055
4.348238376729228 10.910963702494193 21.783503999442424
5.278570978956738 11.280188383273726 21.69536821691712
2.5449728073842843 8.859706978494962 25.427866273656857
3.4506830116353253 9.289282804550378 25.329326790275577
4.336823615139632 9.759281535598566 25.289992356706545
5.269846885961986 10.199836414525452 21.704957680965997
3.468283453069173 8.190231322717551 25.347487856235254
4.372280376115677 8.618542438857071 25.331743388023376
5.258048863904919 9.085740924616639 25.296813269586263
4.336869735167692 7.494766234951424 25.338629537911377
5.247314509908108 7.920942453956109 25.33764380698339
6.420995869753695 9.431571526135137 89.99999999998315
6.423922760034625 8.431571526134922 89.9999999999827
6.2756763811711895 4.417753671657055 59.17932739392933
6.757037479236041 5.3573417391886995 65.80288088667872
7.164510969065311 6.270562577438609 65.80288088678752
5.50000000000259 5.431571526135568 89.99999999984462
13.91374714087549 0.6426553922176694 69.6528184864633
14.269486384746177 1.5772798967574087 69.652818486463
14.592619543001353 2.5239962921710664 69.65281848646266
12.712350369979422 0.6460872356761458 68.9774691419754
13.180114473483982 1.5376251309159619 68.97746914186723
13.512419909061546 2.4871885653321684 69.65281848646364
13.84615691852746 3.429972547232879 69.65281848646562
11.62528272421184 0.6252827242095362 72.83654631850446
11.959875997782259 1.5685514862299508 72.83654631850384
12.432040148400922 2.4693310876012333 72.83654631850344
12.760917700776865 3.4143651665351396 72.8365463185034
13.067745552412617 4.366209358896517 72.83654631850361
10.500000000002196 0.5000000000001101 89.99999999999898
10.86254718941187 1.5657571234476562 72.83654631850199
11.202188938623593 2.5074666492608175 72.83654631850173
11.67532520781129 3.407946009018927 72.83654631850155
12.00420276018724 4.35298008795283 72.83654631850163
12.306288801926451 5.30628880192507 72.83654631850229
9.625282724211438 1.6252827242097512 72.83654631850244
10.105183544731842 2.5236728328526414 72.83654631850226
10.449886891698382 3.4638190696560907 72.8365463185022
10.923995767687396 4.36399803700909 72.83654631850217
11.252873320063353 5.3090321159429905 72.8365463185023
8.873970946424526 2.5687831730728554 71.61460674980431
9.345590033993133 3.4658190475132535 71.61460674980422
9.696312181544867 4.403037752395064 71.61460674980432
10.169988864450165 5.299389738521004 71.61460674980468
8.50000000000179 1.5000000000003455 89.99999999999558
8.156600835945213 3.544586329835435 68.05040578085703
8.618204148094069 4.436710642543874 68.05040578085733
8.974907730754406 5.37110988558085 68.05040578085762
7.4438309015575514 4.445044396747814 65.80288088686383
7.858087450354127 5.3552172173604955 65.80288088686535
7.699489073435553 2.6506519080924935 68.0504057808571
6.987847805034516 3.5536217084839583 65.80288088686218
10.421841977636708 6.431571526134322 2.723e-12
9.42184197763649 6.431571526134681 3.908e-12
8.260833028940892 6.270562577439229 65.80288088686693
5.9665703477340735 6.431571526134519 89.99999999984158
