237 15.931203751211257
1.5000000002074163 15.431203751142107 4.737e-12
0.5000000000691527 15.011615357941967 2.359e-12
15.076373921238165 0.5000000000697096 89.99999999996335
15.43120375114184 1.5000000002085843 89.99999999997351
0.5000000000691136 9.500000001313552 2.065e-12
0.5000000000691003 8.500000001175252 4.08e-13
1.5000000002073 8.500000001175055 9.65e-13
0.500000000069333 7.500000001036898 89.99999999999108
1.500000000208062 7.500000001036832 1.813e-12
2.5000000003464704 7.500000001041204 6.125e-12
0.5000000000692983 6.500000000898671 89.99999999999251
1.5000000002099663 6.500000000898611 2.331e-12
2.500000000350158 6.500000000901972 89.99999999992777
3.5002646761849467 6.500568145545083 89.99824789446242
0.5000000000693356 5.500000000760443 89.99999999999392
1.500000000209008 5.500000000760391 2.885e-12
2.5000000003487033 5.500000000763136 89.99999999990216
3.50000000048788 5.500444051780128 89.99999999989627
4.500000000626827 5.500000000760771 89.99999999993305
0.5000000000692353 4.500000000622215 89.99999999999558
1.5000000002083453 4.500000000622171 3.467e-12
2.500000000347673 4.500000000624333 89.99999999991188
3.5000000004865957 4.500358952767023 89.99999999994455
4.500000000625397 4.500000000622517 89.99999999993958
0.5000000000692397 3.500000000483981 89.9999999999978
1.500000000207847 3.5000000004839507 4.089e-12
2.500000000346793 3.5000000004853575 89.99999999993113
3.5000000004852927 3.500287347548757 89.99999999993575
4.50000000062381 3.500000000484288 89.99999999994303
5.500000000762887 3.500000000484966 89.9999999998974
0.5000000000691136 2.5000000003457297 8.96e-13
1.5000000002073444 2.5000000003456995 2.592e-12
2.5000000003455733 2.5000000003457448 5.7e-14
3.5000000004842144 2.500219490542162 89.99999999995781
4.5000000006225385 2.500000000346028 89.99999999995029
5.500000000761041 2.5000000003464073 89.99999999991914
6.500000000899114 2.3804412606460446 89.99999999991681
0.500000000069103 1.5000000002074616 89.99999999999957
1.5000000002073186 1.5000000002074145 89.99999999999808
2.5000000003455307 1.5000000002074438 89.99999999999719
3.5000000004837473 1.500144058408706 89.99999999999554
4.500000000621947 1.500000000207418 89.9999999999955
5.5000000007601475 1.5000000002073506 89.99999999999575
7.50000000103664 1.500000000207633 89.99999999998572
0.5000000000691012 0.5000000000691278 9.5e-14
1.5000000002073035 0.5000000000691172 2.32e-13
2.500000000345506 0.5000000000691225 2.85e-13
3.5000000004837073 0.5000000000691287 1.71e-13
4.50000000062191 0.500000000069118 89.9999999999999
5.500000000760111 0.5000000000691056 89.9999999999998
6.5000000008983125 0.5001312453149849 89.99999999999976
7.500000001036521 0.5000000000691527 89.99999999999913
8.50000000117473 0.5000000000691074 89.99999999999865
9.500000001312934 0.5000000000691092 89.9999999999984
3.431203749482469 15.431203751141977 1.2106e-11
4.431203749620842 15.431203751142014 1.0997e-11
5.431203749759215 15.431203751142073 1.026e-11
6.4312037498975565 15.431203751142064 9.663e-12
7.431203750035866 15.431203751142068 8.509e-12
8.431203750174152 15.431203751142093 6.938e-12
9.43120375031242 15.43120375114211 5.467e-12
10.431203750450699 15.431203751142142 1.944e-12
11.431203750588946 15.431203751142162 3.8e-14
12.431203750727192 15.431203751142162 89.99999999999982
13.43120375086545 15.431203751142158 89.99999999999966
14.43120375100374 15.431203751142139 89.99999999999768
15.431203751142087 15.43120375114216 89.99999999999991
4.431203749620662 14.431203751003306 4.2529e-11
5.431203749759161 14.431203751003771 2.278e-11
6.431203749897623 14.431203751003675 2.7465e-11
7.431203750035925 14.43120375100364 2.7612e-11
8.431203750174236 14.43120375100374 2.19e-11
9.431203750312564 14.431203751003839 1.3835e-11
10.431203750450994 14.431203751003927 3.938e-12
11.431203750589262 14.431203751003938 2.923e-12
12.431203750727496 14.431203751003942 2.227e-12
13.431203750865713 14.431203751003938 1.677e-12
14.431203751003931 14.431203751003864 7.05e-13
15.43120375114215 14.43120375100397 89.99999999999982
11.431203750589303 11.431203750589335 6.077e-12
5.431203749759767 13.431203750865564 2.4542e-11
6.4312037498979935 13.431203750865414 2.5821e-11
7.4312037500362145 13.431203750865343 2.5793e-11
8.431203750174456 13.4312037508655 2.2768e-11
9.431203750312745 13.431203750865635 1.4371e-11
11.431203750589255 13.431203750865723 5.635e-12
12.431203750727478 13.431203750865727 4.647e-12
13.431203750865699 13.431203750865723 3.539e-12
14.431203751003927 13.431203750865631 1.193e-12
15.431203751142155 13.431203750865773 89.99999999999966
6.431203749898183 12.431203750727162 2.4414e-11
7.4312037500363815 12.431203750727029 2.3789e-11
8.431203750174587 12.431203750727258 2.2408e-11
9.431203750312852 12.431203750727432 1.4481e-11
10.431203750451107 12.43120375072751 7.333e-12
11.431203750589312 12.43120375072753 6.011e-12
12.431203750727516 12.431203750727532 4.988e-12
13.431203750865723 12.431203750727525 3.748e-12
14.431203751003942 12.431203750727416 1.089e-12
15.431203751142156 12.431203750727581 89.99999999999956
7.431203750036362 11.431203750588661 2.5037e-11
6.431203749898159 11.431203750588907 2.6006e-11
8.43120375017458 11.43120375058901 2.2226e-11
9.431203750312845 11.431203750589225 1.4069e-11
10.431203750451097 11.431203750589315 7.304e-12
10.431203750451022 13.431203750865706 6.953e-12
12.431203750727509 11.431203750589336 5.041e-12
13.431203750865716 11.431203750589328 3.662e-12
14.431203751003938 11.431203750589209 6.5e-13
15.431203751142155 11.431203750589386 89.99999999999933
7.430779883586146 10.431203749166858 89.99999985298172
8.430879548092614 10.431203750450685 1.3301e-11
9.430961439406852 10.431203750451004 1.1752e-11
10.431047504921084 10.431203750451115 6.722e-12
11.431203750589145 10.43120375045114 6.011e-12
12.431203750727422 10.43120375045114 4.845e-12
13.431203750865663 10.431203750451129 3.34e-12
14.431203751003913 10.431203750451001 89.99999999999991
15.431203751142148 10.43120375045119 89.99999999999896
7.431203750035021 9.43103179188422 89.99999999984578
8.431203750174632 9.431203750312413 8.2e-12
9.431203750312838 9.431203750312783 9.223e-12
10.431203750451033 9.431203750312884 8.937e-12
11.431203750589258 9.431203750312948 5.758e-12
12.431203750727466 9.431203750312944 4.452e-12
13.43120375086568 9.431203750312928 2.8e-12
14.43120375100392 9.431203750312797 89.99999999999892
15.431203751142144 9.431203750312996 89.99999999999862
7.431203750032038 8.430906867540712 89.99999999983892
8.431203750172074 8.431203750174149 1.1823e-11
9.431203750310491 8.431203750174426 2.801e-11
10.431203750448791 8.431203750174491 2.801e-11
11.43120375058729 8.431203750174722 2.108e-12
12.431203750725713 8.431203750174706 89.99999999999935
13.431203750864352 8.43120375017471 89.99999999999977
14.431203751003093 8.431203750174578 89.99999999999646
15.431203751142132 8.431203750174799 89.9999999999982
8.431203750169272 7.431203750035838 1.7531e-11
9.431203750307949 7.431203750036209 3.089e-11
10.431203750446649 7.4312037500338395 3.3879e-11
11.431203750585732 7.43120375003649 89.99999999999744
12.431203750725661 7.431203750036477 89.99999999999537
13.431203750864306 7.431203750036488 89.99999999999663
14.431203751003046 7.431203750036369 89.99999999999487
15.431203751141975 7.4312037500366035 89.99999999999795
11.43120375058925 6.431203749898259 89.99999999999281
12.431203750727459 6.4312037498982555 89.99999999999204
13.431203750865667 6.431203749898252 89.99999999999176
14.431203751003885 6.431203749898156 89.99999999999304
15.431203751142135 6.431203749898408 89.99999999999771
13.431203750865688 5.431203749760051 89.99999999999088
14.431203751003896 5.431203749759945 89.9999999999918
15.431203751142139 5.431203749760213 89.99999999999751
14.43120375100385 4.43120374962173 89.99999999999011
15.431203751142132 4.431203749622018 89.99999999999734
15.431203751142133 3.431203749483821 89.99999999999707
6.430642229609665 10.4312037504499 89.99999999993665
7.43120374999126 7.430764578672388 89.99999999993044
5.0333435922240595 6.5000000008983445 89.99999999992963
6.431203749813293 7.431203750034351 89.99999999983972
0.6763394451590194 13.828420877453649 28.036028714850463
1.582200444966932 14.254864305913049 28.03602871485959
2.517145284788368 14.647100009889215 29.146055318411722
0.6537960764986925 12.653796078158695 22.609210229077917
1.5477043561920114 13.108452936168192 22.60921022908374
2.4731465075698758 13.487388843568127 22.609210229084084
3.381724926124326 13.935618480757693 24.044848620674625
0.5000000000690985 11.500000001590092 89.99999999999966
1.5620447340001693 11.941276044116576 21.80922259963809
2.457023413384686 12.396378668404523 21.80922259963905
3.3915338198529383 12.752691044368177 21.809222599639025
4.281232088641277 13.22098947641767 21.809222599638584
0.500131253480653 10.50000000145182 8.77e-13
1.6354416988298475 10.752312002262297 18.98121430439607
2.530130871007395 11.225657008759875 18.981214304396065
3.4303705869118266 11.682864879916274 18.981214304396048
4.367405426637254 12.033098025744607 18.981214304395706
5.431203749759986 12.431203750727365 2.4784e-11
1.6364306093550054 9.636430610461012 19.164482380974256
2.563688187992696 10.014554610542714 19.16448238097455
3.457909041309109 10.487736856603778 19.164482380974356
4.357731997974223 10.944799886454154 19.164482380973812
5.29477314061246 11.294773141441535 19.164482380972633
2.572379023091134 8.90840348625171 21.301556645181293
3.4984513355728266 9.286065333272216 21.301556645181414
4.387990574270804 9.757422147537518 21.301556645180828
5.283724799094481 10.212890919484586 21.301556645179165
3.4648619747204537 8.184211885700872 22.251671167573065
4.391449327695165 8.561999575958865 22.177870045312943
5.2794539482123 9.032730815480976 22.177870045305863
4.353437494744547 7.466609938893544 22.177870045312588
5.2794539481168545 7.844093088750743 22.17787004426512
6.4312037498968 9.431203750310846 89.99999999984257
6.4312037498936405 8.431203750172596 89.99999999984048
6.2788989796596 4.416208464777763 59.818465579782696
6.745593762341881 5.301609407535979 59.81846557977869
7.196360301960954 6.287428778101687 69.47884081476874
5.500000000765972 5.4312037497601615 89.99999999983145
13.916406197544717 0.6388595910454855 70.38014255563691
14.252324729964217 1.5807506474201878 70.3801425556367
14.58686821874694 2.523131871887715 70.38014255563648
12.743497740202361 0.6388595910454962 70.38014255563525
13.178001319175912 1.5456075869776456 70.38014255563452
13.512685294554029 2.487938731553199 70.38014255563469
13.833906181776136 3.4350691244573888 70.38014255563482
11.624932157191674 0.6249321556714289 72.8973183425721
11.987314568678427 1.5596968993046145 72.89731834257127
12.423689588503699 2.4716947534077827 72.8973183425711
12.758680723517966 3.414887557349468 72.8973183425714
13.063872454772692 4.367249381665653 72.89731834257178
10.500000001451134 0.5000000000691092 89.99999999999845
10.867571758043924 1.5638803805350925 72.89731834256901
11.229954169530744 2.4986451241682506 72.89731834256872
11.666329189356036 3.410642978271408 72.89731834256885
12.001320324370038 4.353835782213178 72.89731834256965
12.306271595125171 5.306271594157785 72.89731834257077
9.62493215691531 1.624932155809609 72.89731834257397
10.115567067067595 2.520234708090503 72.89731834257327
10.477949478554475 3.454999451723644 72.89731834257316
10.914324498379784 4.366997305826805 72.89731834257331
11.24931563339353 5.310190109768676 72.89731834257648
8.868105702445366 2.56436184352369 72.7764446905601
9.358612812867321 3.4592521416471396 72.7764446905598
9.720951246325736 4.393875021715332 72.77644469055981
10.157233928929413 5.305575016009824 72.7764446905602
8.500000001174836 1.5000000002074119 89.99999999998569
8.14190699154783 3.5353997575480207 67.03493513203301
8.626426959094909 4.416161285258886 67.034935132037
8.988929232567395 5.370486988093325 69.4761560428843
7.414402935627111 4.383109133550133 64.59663367274396
7.913901789890298 5.351115622540575 69.47615604288653
7.655456359886131 2.655456359194406 67.03493513204114
6.918887297592558 3.489452264847399 62.05697897083783
10.417262843732065 6.431203749894252 1.2805e-11
9.417262843593456 6.431203749898 3.2003e-11
8.264498942188842 6.287641990057529 69.47615604300444
6.033343592362845 6.4312037498972074 89.99999999984252
