237 15.949814991415638
0.5000000000001394 15.041814237650813 1.321e-12
1.500000000000398 15.4498149914155 2.656e-12
15.304413255406391 0.5000000000001705 89.99999999999855
15.449814991415492 1.5000000000005027 89.99999999999709
0.613520288589906 9.613520288591902 15.18654383380754
0.5000000000001137 8.500000000001883 7.46e-13
0.5000000000002043 7.500000000001665 8.38e-13
1.5000000000006928 7.500000000002781 1.4447e-11
0.5013107201049412 6.500000000001446 8.87e-13
1.5039309000255683 6.500000000002041 1.1241e-11
2.5070576670988522 6.512034135513714 0.018795289112617
0.5000000000001421 5.500000000001224 7.19e-13
1.5000000000005311 5.500000000001301 7.972e-12
2.506515362539302 5.508722299147802 89.98972882630603
3.509752149281306 5.5082525686932025 89.99791123025284
0.5000000000001439 4.500000000001002 5.88e-13
1.5000000000005151 4.500000000001036 3.073e-12
2.500000000000842 4.50559215335913 89.99999999999498
3.5000000000010916 4.505210288022253 89.99999999999486
4.500000000001339 4.500000000001032 89.99999999999473
0.5000000000001386 3.500000000000779 4.92e-13
1.5000000000006448 3.5000000000007985 1.409e-12
2.5000000000013873 3.502929298405487 89.9999999999518
3.5000000000017737 3.5000000000013474 89.99999999994203
4.500000000002565 3.500000000000811 89.99999999999483
5.504452108146629 3.5065553474111253 0.004334399702981
0.5000000000001315 2.500000000000556 3.93e-13
1.500000000000485 2.500000000000565 6.6e-14
2.5000000000009948 2.5000000000016716 89.99999999997178
3.5000000000012763 2.5000000000008704 89.99999999996949
4.500000000001791 2.5000000000005906 89.99999999999493
5.500000000002434 2.503830166733498 89.99999999995364
6.500000000002698 2.5000000000010285 89.99999999995326
0.500000000000127 1.500000000000334 3.07e-13
1.5000000000004405 1.5000000000003384 89.99999999999973
2.5000000000007585 1.5000000000008242 89.99999999999142
3.500000000001007 1.5000000000004414 89.999999999991
4.500000000001293 1.5000000000003704 89.99999999999508
5.500000000001872 1.5000000000013376 89.99999999995826
6.500000000002154 1.5000000000007603 89.99999999995516
7.500000000005406 1.500000000003439 89.99999999979023
0.5000000000001332 0.500000000000111 1.94e-13
1.5000000000004636 0.5000000000001128 89.99999999999976
2.5000000000007496 0.5000000000001785 89.99999999999714
3.500000000001007 0.5000000000001359 89.99999999999754
4.500000000001263 0.5000000000001332 89.99999999999717
5.500000000001513 0.5000000000002895 89.99999999999676
6.50000000000175 0.5000000000001483 89.99999999999672
7.500000000001989 0.5000000000006262 89.99999999999679
8.50000000000222 0.5000000000002505 89.99999999999719
9.500000000002451 0.5000000000001297 89.99999999999756
3.4498149914126044 15.449814991415511 7.2e-13
4.449814991412841 15.449814991415495 2.2e-13
5.449814991413085 15.449814991415527 2.93e-13
6.449814991413351 15.449814991415526 89.99999999999974
7.449814991413583 15.44981499141552 89.99999999999898
8.449814991413811 15.449814991415499 89.99999999999903
9.449814991414039 15.449814991415176 89.99999999999909
10.449814991414268 15.449814991415515 89.99999999999913
11.4498149914145 15.449814991415524 89.99999999999935
12.449814991414737 15.449814991415526 89.99999999999943
13.449814991414978 15.449814991415524 89.9999999999994
14.449814991415227 15.449814991415522 89.99999999999923
15.449814991415503 15.449814991415527 89.99999999999976
4.449814991412904 14.449814991415199 2.691e-12
5.449814991413136 14.449814991415295 1.634e-12
6.449814991413387 14.449814991415302 89.99999999999946
7.449814991413643 14.44981499141527 89.99999999999629
8.449814991413874 14.449814991413703 89.99999999999656
9.449814991414103 14.449814991413422 89.99999999999687
10.449814991414339 14.449814991415266 89.9999999999978
11.449814991414575 14.449814991415295 89.99999999999865
12.449814991414808 14.449814991415298 89.99999999999869
13.449814991415085 13.449814991415067 89.99999999999886
14.449814991415277 14.449814991415291 89.9999999999984
15.44981499141552 14.449814991415302 89.99999999999957
5.44981499141333 13.449814991415074 1.493e-12
6.449814991413549 13.449814991415067 1.196e-12
7.449814991413771 13.44981499141192 6.61e-13
8.44981499141399 13.449814991412147 2.13e-13
9.44981499141421 13.449814991411973 89.99999999999977
10.449814991414428 13.449814991415021 89.99999999999943
11.449814991414648 13.44981499141507 89.99999999999919
12.449814991414867 13.449814991415074 89.99999999999898
13.4498149914151 12.449814991414833 1.28e-13
14.449814991415302 13.449814991415064 89.99999999999889
15.449814991415526 13.449814991415074 89.99999999999939
6.44981499141357 12.449814991414831 3.197e-12
7.44981499141379 12.449814991409788 2.639e-12
8.449814991414009 12.449814991410364 2.169e-12
9.449814991414227 12.449814991410829 1.636e-12
10.44981499141445 12.44981499141478 1.024e-12
11.449814991414668 12.449814991414836 6.15e-13
12.449814991414884 12.449814991414845 2.28e-13
13.449814991415085 11.449814991414604 89.99999999999949
14.449814991415316 12.449814991414831 7.6e-14
15.449814991415531 12.449814991414833 7.9e-14
6.449814991413533 11.449814991414613 3.261e-12
7.449814991413755 11.449814991407935 2.758e-12
8.449814991413975 11.449814991407857 2.263e-12
9.449814991414195 11.449814991409326 1.682e-12
10.449814991414417 11.449814991409696 1.106e-12
11.449814991414641 11.449814991414566 3.69e-13
12.449814991414861 11.449814991414623 2.8e-14
13.449814991415096 10.449814991414371 89.9999999999997
14.449814991415305 11.449814991414588 89.99999999999936
15.449814991415527 11.449814991414561 89.99999999999957
6.336294702823755 10.336294702824599 15.186543833808711
7.449814991413771 10.449814991406885 7.22e-13
8.449814991413993 10.445793323373787 89.99999999999989
9.449814991414216 10.449814991408445 89.99999999999908
10.449814991414435 10.449814991407514 89.99999999999893
11.449814991414653 10.449814991414332 89.99999999999882
12.449814991414872 10.449814991414396 89.99999999999888
13.449814991415082 9.449814991414149 89.9999999999995
14.449814991415312 10.44981499141429 89.99999999999991
15.449814991415531 10.449814991414296 89.99999999999993
7.449814991412293 9.449814991406258 89.99999999999002
8.449814991412886 9.442786280738659 89.99999999995674
9.449814991413563 9.449814991407257 89.99999999992521
10.449814991413824 9.44981499139882 89.99999999992997
11.44981499141447 9.449814991413941 89.99999999997921
12.449814991414854 9.449814991414174 89.99999999999832
13.449814991415042 14.449814991415295 89.99999999999842
14.449814991415305 9.449814991414028 89.99999999999982
15.449814991415527 9.449814991414012 4.3e-14
7.444192032289644 8.402867928382832 89.77107951217796
8.44659621056959 8.371720993912671 89.83894454098647
9.44981499140757 8.449814991402054 89.99999999937832
10.449814991408633 8.444965227834903 89.99999999945908
11.449814991413588 8.449814991413717 89.99999999997881
12.449814991414414 8.449814991413845 89.99999999998553
13.4498149914148 8.449814991413929 89.99999999999936
14.44981499141511 8.449814991413765 2.53e-12
15.449814991415495 8.449814991413765 6.75e-13
7.445568233958278 7.387279254562681 88.0649459643363
8.445161984651673 7.341931801855692 88.03040543815037
9.505866924280095 7.376599290924184 80.84057010153848
11.449814991410696 7.449814991413494 89.99999999997854
12.449814991413751 7.449814991413609 89.9999999999833
13.44981499141462 7.449814991413711 89.99999999999916
14.449814991415199 7.449814991413522 2.97e-12
15.449814991415504 7.449814991413528 89.99999999999999
11.449814991414325 6.4498149914132705 89.99999999997823
12.449814991414582 6.449814991413371 89.99999999998096
13.449814991414975 6.449814991413492 89.99999999999896
14.44981499141528 6.4498149914132465 89.99999999999821
15.449814991415519 6.449814991413284 89.99999999999922
13.449814991415025 5.449814991413273 89.99999999999872
14.449814991415266 5.449814991413007 89.9999999999971
15.449814991415517 5.449814991413033 89.99999999999902
14.449814991415202 4.449814991412747 89.99999999999328
15.449814991415506 4.449814991412772 89.99999999999834
15.449814991415487 3.4498149914125102 89.99999999999737
4.417775806401563 6.543488927989638 17.7634905022891
5.379277950326216 6.8438531386454695 16.920832735644314
6.335985771871898 7.134903210273766 16.920832735631173
4.841128797154894 5.628146432793443 17.664539658765534
0.6314481942581454 13.889805637554396 18.253011581250778
1.580775008320635 14.20409832102838 18.25301158126113
2.5382063524625265 14.649847378878516 25.10825231497293
0.6314481942580823 12.836822322688583 18.253011581239825
1.5816201618349108 13.148552450375515 18.253011581240617
2.5304576726920587 13.464328730307205 18.253011581241402
3.438036750777666 13.905203035458818 18.25301158124198
0.6080543282895814 11.764564294191114 14.307453257461617
1.5655027265707453 12.05691914533271 14.30745325746177
2.5180364322553412 12.368544629782381 14.30745325746183
3.4690990387410743 12.685938331198635 14.307453257461859
4.387739335687945 13.130460723951714 14.30745325746176
0.6080543282895627 10.670071751225827 14.307453257458702
1.5620756557255469 10.975864233364813 14.307453257458764
2.5195240540067134 11.268219084506391 14.307453257458771
3.4723669380932076 11.578632272664352 14.307453257458763
4.423120366177077 11.897238270372204 14.307453257458725
5.341760663123926 12.341760663125404 14.307453257458523
1.5750686141064474 9.888486413814745 15.18654383380812
2.5283070606244724 10.194066389338767 15.186543833808157
3.485177912842553 10.486264470330442 15.1865438338081
4.437415560800545 10.795531418589446 15.186543833807992
5.386942058082248 11.114786329484573 15.186543833807827
2.5244212588479176 9.109994787154921 15.186543833809372
3.4776597053659417 9.415574762678938 15.18654383380938
4.4345305575840275 9.707772843670593 15.186543833809296
5.387101067040554 10.015813519911795 15.186543833809099
1.563963342441136 8.831011561170554 15.186543833809239
3.4669144251003905 8.339756254984431 18.047737898178674
4.421816116870367 8.644908895972954 17.763490502287347
5.386017521783163 8.936405857117284 16.92083273564241
4.4059243784845386 7.58975498215545 17.76349050228707
5.371600444819935 7.886768686113373 16.920832735641206
2.512683431483431 8.040480549695857 18.04773789817692
3.448603189103469 7.282042385961032 18.04773789817858
6.337894607709243 9.24333499218314 16.920832735608187
6.332161072714333 8.178990860174114 16.92083273561538
6.556842728895925 4.237626314102477 55.49526063137655
6.937819127309023 5.282842945316839 69.95574553017009
7.283492215671432 6.230294356944432 69.95574553037108
5.695276869382726 4.74956714998415 55.495260631376354
13.95367711402137 0.6515691658490059 67.85983623806247
14.298245825563296 1.5909779049148947 67.85983623805382
14.63446620084407 2.540007138693639 67.19536449475702
12.855117631952348 0.6246476790505282 72.9465437770631
13.199934464666061 1.5648652860267989 72.94654377706252
13.52942833410956 2.509783229874336 72.94654377706219
13.879926812944346 3.448257985270172 72.94654377706196
11.745824558699333 0.6138139637439197 74.76555896767174
12.079513091826932 1.559358541711977 74.76555896767161
12.424980007363809 2.5016954000308624 74.76555896767158
12.75497468409975 3.448245961275486 74.76555896767165
13.106178596066412 4.389020408429953 74.76555896767178
10.62011123986543 0.6201112398628439 73.7210438882126
10.970801336641717 1.5594682452692101 73.72104388821236
11.304160858536376 2.5038861566127784 73.72104388821239
11.649236384329567 3.444882739229783 73.72104388821258
11.978921612557873 4.390373624479762 73.72104388821285
12.329703751552064 5.329703751550576 73.72104388821337
9.862384088529355 1.5709907016155773 71.90341626745034
10.212508148461941 2.508615565388105 71.90341626745023
10.545479511302082 3.4518456627822465 71.90341626745054
10.89004662716107 4.39128644912293 71.90341626745158
11.21938140859993 5.335704924544654 71.90341626745331
9.140079378403609 2.543120260141057 68.34144693585445
9.490016039716679 3.4948176343338897 69.9678955512268
9.822986158339978 4.437922950464465 69.95574553013151
10.167235763743953 5.379940548180073 70.29456400360606
8.681567025531548 1.6492371687085061 68.34144693587143
8.4102379687678 3.4526266084923476 69.9678955512243
8.743126479616297 4.395761679214754 69.95574553024946
9.085872326467273 5.335189848086288 69.95574553036943
7.828462580207604 4.806383628805039 69.95574553018658
7.9532831538143745 2.5513679538388443 69.47812986479492
7.228616912274607 3.449585804918592 55.495260631377384
10.449814991407116 6.488913833509288 89.99999999974426
9.376599290924517 6.384526701056192 80.84057010150318
8.172727545738443 5.749975532678564 69.95574553036906
6.060827483240826 5.796720348404915 69.95574553016331
