110 11.03787056567114
0.5012774607679438 10.537870565671037 89.99999999999997
1.5035769602246276 10.537411278582208 89.9977390029993
2.506160772071232 10.536918629213947 89.99683825508053
3.5085996816161926 10.536407272406507 0.003123112763304
4.511096470224392 10.536066514246414 89.99454584110559
5.513366164521192 10.535957309718505 89.9975972122252
7.527434430621536 10.537870565671039 89.99999999999991
8.528888811430008 10.537582435469904 89.98558983797284
0.5013120977356458 9.537870565670833 89.99999999999997
1.5034272511025843 9.536443743080177 89.99462065627588
2.5057424029993047 9.535358469025201 89.99368415370445
3.508522168642606 9.534682797796581 0.006574523165695
4.51134320060895 9.533911801785052 89.99577140638432
5.5154158184666375 9.532782107934722 0.021414213721279
6.522856824819427 9.53787056567083 89.99999999999994
0.5011565832637794 8.537870565670627 89.99999999999996
1.5033576516410045 8.535492413052124 89.98447980396253
2.505473197998351 8.53405018516944 89.9901249189755
3.5077616455807084 8.533088826309559 89.9912680271209
4.510876273509633 8.532581080551457 89.99332794781756
5.5142306912232915 8.53021426642591 89.98271444099353
0.5011105588671647 7.537870565670419 89.99999999999999
1.5027152261576537 7.534635761422079 89.99170388343015
2.5041841122300807 7.533041804342525 89.98601914844414
3.5054981343307787 7.53172676734097 89.98833313590944
4.506755731444867 7.5313667420128425 89.97948850416063
0.5006952904308379 6.537870565670213 0.0
1.5017662088712926 6.533652752485185 89.99969911943377
2.502619186556129 6.531919716654934 89.99987369176785
3.5034497502920634 6.530103576665448 89.99193985636633
0.5005372373975465 5.537870565670006 0.0
1.502062923281235 5.532183367528342 0.069457540178404
2.5032598402424115 5.530072516433971 0.092851256466522
0.5010110332539099 4.537870565669799 1e-15
1.5035446290042591 4.530760272308536 0.109260628450972
0.500000000000103 3.537870565669593 7e-15
10.537870565671037 0.5008607747788574 89.99999999999997
9.53787056567083 0.5010154991939206 89.99999999999997
8.537870565670623 0.5005027336060266 89.99999999999997
7.53787056567042 0.5006166297116854 89.99999999999997
6.537870565670213 0.5012880818146392 89.99999999999997
5.537870565670006 0.5009565803952958 89.99999999999997
4.5378705656698 0.5046358672627065 89.99999999999999
3.537870565669594 0.5015529601884783 89.99999999999999
2.5378705656693876 0.500000000000103 0.0
10.536068907718949 1.5024664997932584 0.021244326882781
9.531764167758324 1.5114272143646605 0.150849120868603
8.52549654297873 1.50144618528575 89.97894139733835
7.495172715382616 1.561892505142275 3.22000414070527
6.490014755925683 1.570181461702255 3.333146069007396
5.486471537472483 1.5480513651648717 3.438279729165273
4.45280969298665 1.5192928801273737 0.843458535426063
3.441261507360925 1.5048210255177503 89.84714958573808
10.532161676654722 2.5037535474301844 0.035604993280756
9.523419113580845 2.516594727569067 0.406208849456875
8.492058179700598 2.5022713835373533 89.97243035318635
7.44619089121219 2.569136545510248 3.897821261915321
6.437065217715241 2.5743709676729596 3.533505178719155
5.429180650042377 2.551875668538654 3.04378711927989
4.410097631587979 2.523874654945668 1.083533845694158
10.521490044055195 3.5048846611456064 0.037371739393768
9.513692701747436 3.52109205951204 0.376178038436336
8.455807787805314 3.503063032465639 89.9670837963767
7.423790873945768 3.5786041747803345 3.190662681698042
6.419894087390603 3.581024602430655 3.145029290663448
5.416925747002624 3.5548178614510526 3.040433346780297
10.511650514108831 4.50606527226148 0.035260944279032
9.507913246742838 4.530783769747172 0.091412283928791
8.412286485178154 4.50388470166336 89.96392282038948
7.3895069616525095 4.601884208647734 0.784307891151321
6.368923571359173 4.585214085996225 2.835641804827615
10.531613650152213 5.507439533376995 0.022062540447064
9.533246118013556 6.512161618917469 0.042524985447628
8.64150358422458 5.691046077008987 31.09326762397224
6.740417430151242 6.144237279827404 31.109716665753453
10.53622205763903 6.508861631962092 89.99987538485385
9.53787056567083 7.516757450720552 89.99999999999993
7.52941049982166 8.537870565670623 89.99999999999962
8.537870565670623 7.5130672648846 89.99999999999991
9.530321372381849 10.536700449947475 89.96076175374958
10.535961087961475 8.52872806795687 89.96539872056725
0.5005543439395668 0.500000000000103 0.0
1.5822500055237323 1.219997887510858 55.42788405564714
2.194150607751931 2.112776017291713 46.38593922103159
2.9640780891333933 2.764964620316371 46.08142486713023
3.65494455239632 3.4896091806529785 46.0596321133119
4.359099994453362 4.201319297659769 46.03416657258801
5.094354519063129 4.882862823464348 46.01479149520277
5.824715341107668 5.723988654451773 31.141145287346394
7.788195067518605 6.345410308910197 31.08790974620954
7.527669737676616 9.53787056567083 89.99999999999976
8.531564879400145 8.533571487806663 89.94264793192689
9.533692828452773 8.53042206099554 89.94139559585486
7.53787056567042 7.532894020089659 89.99999999999994
0.6954278529849853 1.6954278529851914 55.42788405564713
1.2727458045998779 2.5989147287139893 46.50003304285249
1.9622174660000438 3.3232290261978026 46.50003304285249
2.6920413220268338 4.009250565019778 46.5000330428525
3.398352378652831 4.717584891566186 46.5000330428525
4.113589715554168 5.417448504202374 46.5000330428525
4.710837723087948 6.229279680336659 46.50003304285249
5.51790959545027 6.841995673474868 46.5000330428525
6.537870565670214 7.53787056567042 89.99999999999993
6.521999518595602 8.537870565670623 89.99999999999993
8.530688938474631 9.536534689037119 89.91592569339035
10.537870565671037 7.520454542869632 89.99999999999993
10.53346673440911 9.531694506389446 89.96112763034596
6.521725125779402 10.537870565671037 89.99999999999994
10.533477932957702 10.534558614825727 89.96098200286342
9.532200833420896 9.53382551474289 89.9578964439714
