110 11.000000000002288
2.5000000000005214 10.499998321840874 89.99999999999999
3.5000000000007305 9.500000000001975 2.3e-14
3.5000000000007288 10.500000000002185 89.99999999999999
5.500000000001146 10.497759772378583 89.99999999999999
7.5000000000015605 10.500000000002183 4.6e-14
10.500000000002185 10.500000000002185 6.1e-14
10.499682380855674 7.500000000001561 3.2e-14
9.500000000001975 9.500000000001975 9.9e-14
1.5000000000003135 9.500000000001975 6.3e-14
2.5000000000005596 7.493023571853383 89.99999999999555
3.500000000000728 5.500000000001147 7.1e-14
3.5053275471462984 7.500000000001562 6.3e-14
6.500000000001354 5.6277597821442695 1.39e-13
6.495670000878922 3.50000000000187 1.30262e-10
9.353640038112282 2.5000000000005214 89.99999999999979
0.5000000000001039 7.5000000000015605 0.0
1.5021553189184282 4.500000000000936 4e-15
4.496773217347935 4.50000000000094 1.05e-13
4.500000000000936 5.5000000000011475 1.15e-13
7.499999998145439 4.500003361319839 89.99999978730327
10.500000000002183 5.500000000001145 89.99999999999987
0.5013025612821238 2.49999999999931 1.39107e-10
1.5052009443426249 2.5000000000005214 2.8e-14
5.174244312323188 2.500000000000522 8e-15
5.4978151234644335 4.5000000000009415 4.44e-13
9.500000000001975 5.500000000001144 89.99999999999969
2.50000000000052 0.5000000000001039 89.99999999999996
2.4996528716872444 1.5000000000003135 9.9e-14
2.7224066483120684 2.5000000000005236 89.99999999999993
5.492380054996138 3.5000000000007336 4.26e-13
6.500000000001352 0.5000000000001048 89.99999999999994
1.5000000000003126 0.5000000000001039 89.99999999999997
7.499997282182359 1.5000000000003268 89.99999999999939
5.500000000001144 0.5000000000001039 89.99999999999996
5.499995781824846 1.5000000000003126 89.99999999999999
3.49999364922834 1.5000000000003135 89.99999999999997
8.499999999728841 6.499994207412648 3.127532e-08
10.500000000002185 0.5000000000001039 89.99999999999997
8.499997931784689 1.5000000000003162 89.99999999999946
6.2451171397100556 2.5000000000005285 8.1e-13
9.500000000001975 0.5000000000001039 89.99999999999996
10.499999556481715 1.5000000000003118 89.99999999999996
7.50000000000156 0.5000000000001057 89.99999999999993
0.5000000000001039 0.5000000000001039 89.99999999999999
4.499994877743243 1.5000000000003126 89.99999999999996
8.499996529954494 3.500000000000736 89.99999999999952
7.49567359402532 3.5000020177440914 89.9999893137597
9.499998618814995 1.5000000000003126 89.99999999999982
4.31291565530317 3.500000000000731 1.33e-13
3.072945272373758 3.500000000000731 89.99999999999991
0.500001732163561 4.5000000000001315 9.218e-11
4.500000000000936 0.5000000000001039 89.99999999999994
0.5021518353977994 3.4999999999995848 1.31608e-10
8.500000000001767 0.5000000000001039 89.9999999999999
8.500000000001762 4.5000000000009415 89.99999999999955
9.500000000001972 4.500000000000936 89.99999999999969
8.327388191157315 2.5000000000005285 89.99999999999935
6.49999655528582 1.5000000000003206 5.12e-13
1.5000000000003126 6.500000000001354 89.99999999999994
1.4996494394924138 1.5000000000003118 89.99999999999997
10.500000000002183 4.500000000000936 89.99999999999983
8.303794508714365 7.49999594227154 4.3711601847e-05
10.500000000002183 6.500000000001354 89.99999999999999
7.324444375664947 2.5000000000023817 7.4223e-11
1.5000000000003135 7.5000000000015605 89.99999999999994
0.5000000000001039 5.500000000001143 5e-15
8.500004397137772 8.500000000001767 1.2e-13
8.500000000001767 10.500000000002185 9e-14
6.499999998384261 4.5719079036014305 89.99999978356887
2.50000000000052 5.501822192922212 4.3e-14
1.603158585071605 3.500000000000729 5.7e-14
8.500000000001767 9.500000000001975 1.1e-13
6.496963715056157 8.494141448687834 89.98774419987123
4.500000000000936 6.500000000001357 1.85e-13
1.5000000000003118 5.500000000001145 2e-15
7.500000000235661 5.500004974331194 2.6826117e-08
4.514820177118183 8.492603275501803 89.29769295139407
3.500000000000729 6.500000000001355 1.08e-13
9.407662428754556 7.500000000132978 1.8470459e-08
7.500000000001561 9.499998151266723 7.4e-14
10.500000000002185 9.500000000001975 7e-14
3.500000000000728 0.5000000000001039 89.99999999999994
0.5000000000001039 6.500000000001354 4.3e-14
1.5000000000003162 8.500000000001767 5.7e-14
3.494755477214034 4.50000000000094 0.0
10.500000000002183 3.5000000000007283 89.99999999999986
9.500000000001968 3.500000000000729 89.99999999999972
5.500000000001145 6.502903511557554 4.3e-14
10.499597365961503 2.500000000000519 89.99999999999999
4.171110827285911 2.5000000000005222 5.7e-14
2.5027196368465052 8.496641763063069 89.98583001822381
6.500000000001354 10.497893773203028 89.99999999999997
2.5000000000005227 9.498888147189906 1.22e-13
5.500000000001146 9.496554461449556 4e-14
1.5000000000003135 10.500000000002185 2.2e-14
4.500000000000938 10.500000000002185 0.0
5.500000000001143 5.500000000001152 1.43e-13
9.500000000001975 6.500000000001354 89.99999999999994
4.500000000000938 9.500000000001975 3.6e-14
6.500000000001354 9.497067574540624 5.7e-14
10.4084294924434 8.500000000001767 8.5e-14
0.5000000000001039 8.500000000001767 1.4e-14
0.5000000000001039 10.500000000002185 89.99999999999999
9.500000000001975 10.500000000002185 9.9e-14
0.5000000000001039 9.500000000001975 1.4e-14
7.321801205164906 6.655120131671209 67.71779293562511
7.500002135075758 8.499996675432023 4.4013751848e-05
6.5184977263661255 7.3347513998771525 67.72759699201269
5.426191932468221 7.6771549384146685 64.82963940776413
3.50430502935006 8.50000000000177 3.9e-14
