110 11.028025019105979
0.5000000000001021 10.515075448722467 2e-15
1.5000000000003064 10.515396761130486 0.0
2.5000000000005103 10.515514639390863 0.0
3.5000000000007145 10.526857369149848 0.0
4.500000000000919 10.528025019105876 89.99999999999999
5.500000000001123 10.528025019105876 89.99999999999999
6.500000000001327 10.509037817084618 89.99999999999999
7.500000000001531 10.528025019105876 89.99999999999999
0.5003362865030869 9.513340363939935 89.99833785267043
1.5010056641092415 9.513416124126007 89.99456248222812
2.5017387689274138 9.51347889783153 89.99101097802863
3.50224572825836 9.513318514829667 0.003609575549711
4.503242503445926 9.528025019105673 89.99999999999999
5.540659721976708 9.474488876349994 2.653486910440187
6.544589331494425 9.466796672638726 2.589770855734635
0.500000000000103 8.511156695228426 89.99999999999987
1.500000000000309 8.51151350862314 89.99999999999976
2.500000000000514 8.511182388367978 89.99999999999963
3.50000000000072 8.511146066979688 89.99999999999947
4.525749118415725 8.528025019105469 89.99999999999999
5.550626666058747 8.446919572001935 1.069425604585182
0.5000000000001021 7.508180346849294 3e-15
1.5000000000003073 7.508784295083405 9e-15
2.5000000000005107 7.509079799497819 1.4e-14
3.500000000000715 7.508944892106942 1.8e-14
4.500000000000919 7.528025019105263 2.6e-14
0.5006020611719668 6.506428667140579 0.01216907574272
1.5017029575090834 6.5065922225066934 0.019602708270821
2.5027358072494694 6.50676312097411 0.025635838023792
3.503926020361545 6.50697848144861 0.031553857879431
0.5006063211929828 5.504941281258828 0.015842131824361
1.5017442941764232 5.504914750811279 0.018572759587363
2.503018771856166 5.504942046769802 0.025565866297195
0.500563315970477 4.503569080170315 0.016571767049904
1.5015891542877995 4.503504078606952 0.014330887498822
0.5003079829433332 3.5016484950121516 0.010278503455416
10.515693877038045 0.5000000000001021 8e-15
9.513921108163542 0.5000000000001021 1.4e-14
8.511768535386892 0.5004158367813254 89.9756992956511
7.5096775632007 0.5006341033569965 89.96997677922117
6.507606525889363 0.5007252603464165 89.98620553462183
5.505427241984987 0.5000000000001021 0.0
4.503844751104151 0.5003493229397336 89.99752403028617
3.5024666660590733 0.5016501936184508 89.96177571546127
2.493145600317056 0.5210983575664283 88.94496286385002
10.51724685261617 1.5000000000003073 3.1e-14
9.514374516794577 1.5000000000003073 1.9e-14
8.51233346869101 1.5013570116921766 89.96387919682392
7.5101455541520465 1.501818384474693 89.95241893411284
6.507888106557279 1.5022164841091339 89.98431753295849
5.50552796792002 1.5000000000003064 7e-15
4.503753663244093 1.5010584357253514 89.99750777871172
3.478892706664528 1.5204883377238683 88.25865813966152
10.517806956153478 2.500000000000512 2.2e-14
9.515691713730238 2.5000000000005116 3.9e-14
8.513311629451334 2.502243617071228 89.92307994991248
7.511316466562112 2.5032600094765547 89.91153251796511
6.509266572056007 2.504272292229931 89.90778339718617
5.505895972617921 2.5000000000005103 0.0
4.500071218605463 2.501801119644014 0.000361673664949
10.519569497274468 3.500000000000717 3e-14
9.516845692397126 3.5000000000007163 4e-14
8.514384133052815 3.503204176322537 89.8762701760793
7.512711146330134 3.504847268395959 89.85699294647765
6.510702949538194 3.506246848179278 89.83853499677387
5.505958655864865 3.5000000000007145 0.0
10.51966103556391 4.500000000000922 4.8e-14
9.518311714410476 4.50000000000092 5.3e-14
8.5157648989304 4.504044820822543 89.84164904904105
7.514657277382943 4.506571773344437 89.8371281078834
6.513304722485154 4.532598094606254 89.82575595167928
10.520444076415195 5.500000000001127 4.7e-14
9.518547929589168 5.500000000001126 6.6e-14
8.506252186892256 5.509128199460343 89.37906478881713
7.481396709967313 5.534620509266403 86.78564626037554
10.527306988561392 6.5000000000013305 6.7e-14
9.51901306418534 6.5000000000013305 8.4e-14
8.51049525589249 6.510979486307023 89.31519516842052
10.528025019105876 7.503421330171364 6.8e-14
9.52802501910567 7.500000000001535 8.8e-14
10.525946105036928 8.505148384293918 0.002092558018861
0.5004346953611574 0.5004476138364486 89.99904149924872
1.5106582759603482 1.4902595300756039 88.91567311611784
2.4964975345728666 2.4757844792221895 89.16184063571188
2.5017523009379254 3.4999249247046973 0.025392407988582
3.502656550573841 3.502399628295571 0.028224750485078
4.5038602910423755 3.5027934641196175 89.9985799922673
5.510336582810139 4.500000000000918 0.0
5.768710044522281 5.705743310831581 41.44132940997109
6.552710530526563 6.328671423116389 41.4413294099711
7.307550548970767 6.9846275355120016 41.441329409971125
8.01808139135824 7.690769519197099 41.44132940997113
8.725769893532778 8.400130820702618 41.44132940997114
9.338439538343478 9.338439538343478 57.781422059120324
0.5007367079775031 1.5015480466314415 89.95400711136698
1.4947178774493528 2.4947727908523216 89.17942860547265
1.5011517675017547 3.5026580617842065 0.008133982710618
2.5026047906766262 4.503124496648546 0.020261172798948
3.503664562955737 4.5036727590369035 0.02934564769584
4.50842151498259 5.154072575832265 89.59536644722216
4.505930764217824 6.166387439363658 0.0606757524112
5.531072269215906 6.829917175029463 41.44132940997108
6.314859589067021 7.497048601463957 44.713384579868766
7.053910097906094 8.190226675714776 46.00411188968775
7.753504066591333 8.911417308808593 46.32612184561362
8.430931189323282 9.774019033765107 57.78142205912033
10.528025019105876 9.507508271605504 4.7e-14
9.509417735551477 10.528025019105876 0.0
3.5047228877908747 5.505402147715253 0.028311431178877
10.511506160996294 10.50959264513764 0.000704115134994
