mixed 1
# qx2 box k=7 from ../runs/qx2_L2_k02/sol_exact.json; total 2850686393741/62500000000 = k^2 - 4D, D = 211813606259/250000000000
7 1
5
2000000000000
0
808
0 5 1 5 1116281510
35 5 34 5 1116281510
0 30 1 30 1116281510
35 30 34 30 1116281510
1 5 2 5 11985418098
34 5 33 5 11985418098
1 30 2 30 11985418098
34 30 33 30 11985418098
2 5 3 5 82846616424
33 5 32 5 82846616424
2 30 3 30 82846616424
33 30 32 30 82846616424
3 5 4 5 147866085318
32 5 31 5 147866085318
3 30 4 30 147866085318
32 30 31 30 147866085318
4 5 5 5 763713400174
31 5 30 5 763713400174
4 30 5 30 763713400174
31 30 30 30 763713400174
5 5 6 5 48330158186
30 5 29 5 48330158186
5 30 6 30 48330158186
30 30 29 30 48330158186
6 5 7 5 261432626096
29 5 28 5 261432626096
6 30 7 30 261432626096
29 30 28 30 261432626096
7 5 8 5 238008736096
28 5 27 5 238008736096
7 30 8 30 238008736096
28 30 27 30 238008736096
8 5 9 5 262357487718
27 5 26 5 262357487718
8 30 9 30 262357487718
27 30 26 30 262357487718
9 5 10 5 130068245320
26 5 25 5 130068245320
9 30 10 30 130068245320
26 30 25 30 130068245320
9 6 10 6 29474086784
26 6 25 6 29474086784
9 29 10 29 29474086784
26 29 25 29 29474086784
4 7 5 7 30142466602
31 7 30 7 30142466602
4 28 5 28 30142466602
31 28 30 28 30142466602
9 7 10 7 29689710280
26 7 25 7 29689710280
9 28 10 28 29689710280
26 28 25 28 29689710280
4 8 5 8 16846447068
31 8 30 8 16846447068
4 27 5 27 16846447068
31 27 30 27 16846447068
8 8 9 8 86225201266
27 8 26 8 86225201266
8 27 9 27 86225201266
27 27 26 27 86225201266
4 9 5 9 32725052830
31 9 30 9 32725052830
4 26 5 26 32725052830
31 26 30 26 32725052830
6 9 7 9 9176348
29 9 28 9 9176348
6 26 7 26 9176348
29 26 28 26 9176348
7 9 8 9 53618836148
28 9 27 9 53618836148
7 26 8 26 53618836148
28 26 27 26 53618836148
9 9 10 9 4787702398
26 9 25 9 4787702398
9 26 10 26 4787702398
26 26 25 26 4787702398
5 0 5 1 1116281510
30 0 30 1 1116281510
5 35 5 34 1116281510
30 35 30 34 1116281510
5 1 5 2 11985418098
30 1 30 2 11985418098
5 34 5 33 11985418098
30 34 30 33 11985418098
5 2 5 3 82846616424
30 2 30 3 82846616424
5 33 5 32 82846616424
30 33 30 32 82846616424
5 3 5 4 147866085318
30 3 30 4 147866085318
5 32 5 31 147866085318
30 32 30 31 147866085318
5 4 5 5 763713400174
30 4 30 5 763713400174
5 31 5 30 763713400174
30 31 30 30 763713400174
5 5 5 6 48330158186
30 5 30 6 48330158186
5 30 5 29 48330158186
30 30 30 29 48330158186
5 6 5 7 261432626096
30 6 30 7 261432626096
5 29 5 28 261432626096
30 29 30 28 261432626096
5 7 5 8 238008736096
30 7 30 8 238008736096
5 28 5 27 238008736096
30 28 30 27 238008736096
5 8 5 9 262357487718
30 8 30 9 262357487718
5 27 5 26 262357487718
30 27 30 26 262357487718
5 9 5 10 130068245320
30 9 30 10 130068245320
5 26 5 25 130068245320
30 26 30 25 130068245320
6 9 6 10 29474086784
29 9 29 10 29474086784
6 26 6 25 29474086784
29 26 29 25 29474086784
7 4 7 5 30142466602
28 4 28 5 30142466602
7 31 7 30 30142466602
28 31 28 30 30142466602
7 9 7 10 29689710280
28 9 28 10 29689710280
7 26 7 25 29689710280
28 26 28 25 29689710280
8 4 8 5 16846447068
27 4 27 5 16846447068
8 31 8 30 16846447068
27 31 27 30 16846447068
8 8 8 9 86225201266
27 8 27 9 86225201266
8 27 8 26 86225201266
27 27 27 26 86225201266
9 4 9 5 32725052830
26 4 26 5 32725052830
9 31 9 30 32725052830
26 31 26 30 32725052830
9 6 9 7 9176348
26 6 26 7 9176348
9 29 9 28 9176348
26 29 26 28 9176348
9 7 9 8 53618836148
26 7 26 8 53618836148
9 28 9 27 53618836148
26 28 26 27 53618836148
9 9 9 10 4787702398
26 9 26 10 4787702398
9 26 9 25 4787702398
26 26 26 25 4787702398
11 3 12 3 13638298359
32 11 32 12 13638298359
24 32 23 32 13638298359
3 24 3 23 13638298359
16 3 17 3 13638298359
32 16 32 17 13638298359
19 32 18 32 13638298359
3 19 3 18 13638298359
21 3 22 3 13638298359
32 21 32 22 13638298359
14 32 13 32 13638298359
3 14 3 13 13638298359
13 3 14 3 13638298359
32 13 32 14 13638298359
22 32 21 32 13638298359
3 22 3 21 13638298359
18 3 19 3 13638298359
32 18 32 19 13638298359
17 32 16 32 13638298359
3 17 3 16 13638298359
23 3 24 3 13638298359
32 23 32 24 13638298359
12 32 11 32 13638298359
3 12 3 11 13638298359
10 4 11 4 44547138276
31 10 31 11 44547138276
25 31 24 31 44547138276
4 25 4 24 44547138276
15 4 16 4 44547138276
31 15 31 16 44547138276
20 31 19 31 44547138276
4 20 4 19 44547138276
20 4 21 4 44547138276
31 20 31 21 44547138276
15 31 14 31 44547138276
4 15 4 14 44547138276
14 4 15 4 44547138276
31 14 31 15 44547138276
21 31 20 31 44547138276
4 21 4 20 44547138276
19 4 20 4 44547138276
31 19 31 20 44547138276
16 31 15 31 44547138276
4 16 4 15 44547138276
24 4 25 4 44547138276
31 24 31 25 44547138276
11 31 10 31 44547138276
4 11 4 10 44547138276
11 4 12 4 122265423934
31 11 31 12 122265423934
24 31 23 31 122265423934
4 24 4 23 122265423934
16 4 17 4 122265423934
31 16 31 17 122265423934
19 31 18 31 122265423934
4 19 4 18 122265423934
21 4 22 4 122265423934
31 21 31 22 122265423934
14 31 13 31 122265423934
4 14 4 13 122265423934
13 4 14 4 122265423934
31 13 31 14 122265423934
22 31 21 31 122265423934
4 22 4 21 122265423934
18 4 19 4 122265423934
31 18 31 19 122265423934
17 31 16 31 122265423934
4 17 4 16 122265423934
23 4 24 4 122265423934
31 23 31 24 122265423934
12 31 11 31 122265423934
4 12 4 11 122265423934
12 4 13 4 123519579264
31 12 31 13 123519579264
23 31 22 31 123519579264
4 23 4 22 123519579264
17 4 18 4 123519579264
31 17 31 18 123519579264
18 31 17 31 123519579264
4 18 4 17 123519579264
22 4 23 4 123519579264
31 22 31 23 123519579264
13 31 12 31 123519579264
4 13 4 12 123519579264
10 5 11 5 20259507174
30 10 30 11 20259507174
25 30 24 30 20259507174
5 25 5 24 20259507174
15 5 16 5 20259507174
30 15 30 16 20259507174
20 30 19 30 20259507174
5 20 5 19 20259507174
20 5 21 5 20259507174
30 20 30 21 20259507174
15 30 14 30 20259507174
5 15 5 14 20259507174
14 5 15 5 20259507174
30 14 30 15 20259507174
21 30 20 30 20259507174
5 21 5 20 20259507174
19 5 20 5 20259507174
30 19 30 20 20259507174
16 30 15 30 20259507174
5 16 5 15 20259507174
24 5 25 5 20259507174
30 24 30 25 20259507174
11 30 10 30 20259507174
5 11 5 10 20259507174
11 5 12 5 20555697492
30 11 30 12 20555697492
24 30 23 30 20555697492
5 24 5 23 20555697492
16 5 17 5 20555697492
30 16 30 17 20555697492
19 30 18 30 20555697492
5 19 5 18 20555697492
21 5 22 5 20555697492
30 21 30 22 20555697492
14 30 13 30 20555697492
5 14 5 13 20555697492
13 5 14 5 20555697492
30 13 30 14 20555697492
22 30 21 30 20555697492
5 22 5 21 20555697492
18 5 19 5 20555697492
30 18 30 19 20555697492
17 30 16 30 20555697492
5 17 5 16 20555697492
23 5 24 5 20555697492
30 23 30 24 20555697492
12 30 11 30 20555697492
5 12 5 11 20555697492
12 5 13 5 21937368798
30 12 30 13 21937368798
23 30 22 30 21937368798
5 23 5 22 21937368798
17 5 18 5 21937368798
30 17 30 18 21937368798
18 30 17 30 21937368798
5 18 5 17 21937368798
22 5 23 5 21937368798
30 22 30 23 21937368798
13 30 12 30 21937368798
5 13 5 12 21937368798
12 7 13 7 61585552666
28 12 28 13 61585552666
23 28 22 28 61585552666
7 23 7 22 61585552666
17 7 18 7 61585552666
28 17 28 18 61585552666
18 28 17 28 61585552666
7 18 7 17 61585552666
22 7 23 7 61585552666
28 22 28 23 61585552666
13 28 12 28 61585552666
7 13 7 12 61585552666
11 8 12 8 49130395628
27 11 27 12 49130395628
24 27 23 27 49130395628
8 24 8 23 49130395628
16 8 17 8 49130395628
27 16 27 17 49130395628
19 27 18 27 49130395628
8 19 8 18 49130395628
21 8 22 8 49130395628
27 21 27 22 49130395628
14 27 13 27 49130395628
8 14 8 13 49130395628
13 8 14 8 49130395628
27 13 27 14 49130395628
22 27 21 27 49130395628
8 22 8 21 49130395628
18 8 19 8 49130395628
27 18 27 19 49130395628
17 27 16 27 49130395628
8 17 8 16 49130395628
23 8 24 8 49130395628
27 23 27 24 49130395628
12 27 11 27 49130395628
8 12 8 11 49130395628
10 9 11 9 20206728006
26 10 26 11 20206728006
25 26 24 26 20206728006
9 25 9 24 20206728006
15 9 16 9 20206728006
26 15 26 16 20206728006
20 26 19 26 20206728006
9 20 9 19 20206728006
20 9 21 9 20206728006
26 20 26 21 20206728006
15 26 14 26 20206728006
9 15 9 14 20206728006
14 9 15 9 20206728006
26 14 26 15 20206728006
21 26 20 26 20206728006
9 21 9 20 20206728006
19 9 20 9 20206728006
26 19 26 20 20206728006
16 26 15 26 20206728006
9 16 9 15 20206728006
24 9 25 9 20206728006
26 24 26 25 20206728006
11 26 10 26 20206728006
9 11 9 10 20206728006
11 9 12 9 51899122000
26 11 26 12 51899122000
24 26 23 26 51899122000
9 24 9 23 51899122000
16 9 17 9 51899122000
26 16 26 17 51899122000
19 26 18 26 51899122000
9 19 9 18 51899122000
21 9 22 9 51899122000
26 21 26 22 51899122000
14 26 13 26 51899122000
9 14 9 13 51899122000
13 9 14 9 51899122000
26 13 26 14 51899122000
22 26 21 26 51899122000
9 22 9 21 51899122000
18 9 19 9 51899122000
26 18 26 19 51899122000
17 26 16 26 51899122000
9 17 9 16 51899122000
23 9 24 9 51899122000
26 23 26 24 51899122000
12 26 11 26 51899122000
9 12 9 11 51899122000
12 9 13 9 223494018578
26 12 26 13 223494018578
23 26 22 26 223494018578
9 23 9 22 223494018578
17 9 18 9 223494018578
26 17 26 18 223494018578
18 26 17 26 223494018578
9 18 9 17 223494018578
22 9 23 9 223494018578
26 22 26 23 223494018578
13 26 12 26 223494018578
9 13 9 12 223494018578
10 1 10 2 12764501734
34 10 33 10 12764501734
25 34 25 33 12764501734
1 25 2 25 12764501734
15 1 15 2 12764501734
34 15 33 15 12764501734
20 34 20 33 12764501734
1 20 2 20 12764501734
20 1 20 2 12764501734
34 20 33 20 12764501734
15 34 15 33 12764501734
1 15 2 15 12764501734
25 1 25 2 12764501734
34 25 33 25 12764501734
10 34 10 33 12764501734
1 10 2 10 12764501734
10 2 10 3 89009279754
33 10 32 10 89009279754
25 33 25 32 89009279754
2 25 3 25 89009279754
15 2 15 3 89009279754
33 15 32 15 89009279754
20 33 20 32 89009279754
2 20 3 20 89009279754
20 2 20 3 89009279754
33 20 32 20 89009279754
15 33 15 32 89009279754
2 15 3 15 89009279754
25 2 25 3 89009279754
33 25 32 25 89009279754
10 33 10 32 89009279754
2 10 3 10 89009279754
10 3 10 4 146725718026
32 10 31 10 146725718026
25 32 25 31 146725718026
3 25 4 25 146725718026
15 3 15 4 146725718026
32 15 31 15 146725718026
20 32 20 31 146725718026
3 20 4 20 146725718026
20 3 20 4 146725718026
32 20 31 20 146725718026
15 32 15 31 146725718026
3 15 4 15 146725718026
25 3 25 4 146725718026
32 25 31 25 146725718026
10 32 10 31 146725718026
3 10 4 10 146725718026
10 4 10 5 752684223418
31 10 30 10 752684223418
25 31 25 30 752684223418
4 25 5 25 752684223418
15 4 15 5 752684223418
31 15 30 15 752684223418
20 31 20 30 752684223418
4 20 5 20 752684223418
20 4 20 5 752684223418
31 20 30 20 752684223418
15 31 15 30 752684223418
4 15 5 15 752684223418
25 4 25 5 752684223418
31 25 30 25 752684223418
10 31 10 30 752684223418
4 10 5 10 752684223418
10 5 10 6 46518208748
30 10 29 10 46518208748
25 30 25 29 46518208748
5 25 6 25 46518208748
15 5 15 6 46518208748
30 15 29 15 46518208748
20 30 20 29 46518208748
5 20 6 20 46518208748
20 5 20 6 46518208748
30 20 29 20 46518208748
15 30 15 29 46518208748
5 15 6 15 46518208748
25 5 25 6 46518208748
30 25 29 25 46518208748
10 30 10 29 46518208748
5 10 6 10 46518208748
10 6 10 7 274621944796
29 10 28 10 274621944796
25 29 25 28 274621944796
6 25 7 25 274621944796
15 6 15 7 274621944796
29 15 28 15 274621944796
20 29 20 28 274621944796
6 20 7 20 274621944796
20 6 20 7 274621944796
29 20 28 20 274621944796
15 29 15 28 274621944796
6 15 7 15 274621944796
25 6 25 7 274621944796
29 25 28 25 274621944796
10 29 10 28 274621944796
6 10 7 10 274621944796
10 7 10 8 218464483006
28 10 27 10 218464483006
25 28 25 27 218464483006
7 25 8 25 218464483006
15 7 15 8 218464483006
28 15 27 15 218464483006
20 28 20 27 218464483006
7 20 8 20 218464483006
20 7 20 8 218464483006
28 20 27 20 218464483006
15 28 15 27 218464483006
7 15 8 15 218464483006
25 7 25 8 218464483006
28 25 27 25 218464483006
10 28 10 27 218464483006
7 10 8 10 218464483006
10 8 10 9 222215321118
27 10 26 10 222215321118
25 27 25 26 222215321118
8 25 9 25 222215321118
15 8 15 9 222215321118
27 15 26 15 222215321118
20 27 20 26 222215321118
8 20 9 20 222215321118
20 8 20 9 222215321118
27 20 26 20 222215321118
15 27 15 26 222215321118
8 15 9 15 222215321118
25 8 25 9 222215321118
27 25 26 25 222215321118
10 27 10 26 222215321118
8 10 9 10 222215321118
11 1 11 2 1596176872
34 11 33 11 1596176872
24 34 24 33 1596176872
1 24 2 24 1596176872
16 1 16 2 1596176872
34 16 33 16 1596176872
19 34 19 33 1596176872
1 19 2 19 1596176872
21 1 21 2 1596176872
34 21 33 21 1596176872
14 34 14 33 1596176872
1 14 2 14 1596176872
14 1 14 2 1596176872
34 14 33 14 1596176872
21 34 21 33 1596176872
1 21 2 21 1596176872
19 1 19 2 1596176872
34 19 33 19 1596176872
16 34 16 33 1596176872
1 16 2 16 1596176872
24 1 24 2 1596176872
34 24 33 24 1596176872
11 34 11 33 1596176872
1 11 2 11 1596176872
11 3 11 4 1962059268
32 11 31 11 1962059268
24 32 24 31 1962059268
3 24 4 24 1962059268
16 3 16 4 1962059268
32 16 31 16 1962059268
19 32 19 31 1962059268
3 19 4 19 1962059268
21 3 21 4 1962059268
32 21 31 21 1962059268
14 32 14 31 1962059268
3 14 4 14 1962059268
14 3 14 4 1962059268
32 14 31 14 1962059268
21 32 21 31 1962059268
3 21 4 21 1962059268
19 3 19 4 1962059268
32 19 31 19 1962059268
16 32 16 31 1962059268
3 16 4 16 1962059268
24 3 24 4 1962059268
32 24 31 24 1962059268
11 32 11 31 1962059268
3 11 4 11 1962059268
11 4 11 5 87317967520
31 11 30 11 87317967520
24 31 24 30 87317967520
4 24 5 24 87317967520
16 4 16 5 87317967520
31 16 30 16 87317967520
19 31 19 30 87317967520
4 19 5 19 87317967520
21 4 21 5 87317967520
31 21 30 21 87317967520
14 31 14 30 87317967520
4 14 5 14 87317967520
14 4 14 5 87317967520
31 14 30 14 87317967520
21 31 21 30 87317967520
4 21 5 21 87317967520
19 4 19 5 87317967520
31 19 30 19 87317967520
16 31 16 30 87317967520
4 16 5 16 87317967520
24 4 24 5 87317967520
31 24 30 24 87317967520
11 31 11 30 87317967520
4 11 5 11 87317967520
11 5 11 6 43768640812
30 11 29 11 43768640812
24 30 24 29 43768640812
5 24 6 24 43768640812
16 5 16 6 43768640812
30 16 29 16 43768640812
19 30 19 29 43768640812
5 19 6 19 43768640812
21 5 21 6 43768640812
30 21 29 21 43768640812
14 30 14 29 43768640812
5 14 6 14 43768640812
14 5 14 6 43768640812
30 14 29 14 43768640812
21 30 21 29 43768640812
5 21 6 21 43768640812
19 5 19 6 43768640812
30 19 29 19 43768640812
16 30 16 29 43768640812
5 16 6 16 43768640812
24 5 24 6 43768640812
30 24 29 24 43768640812
11 30 11 29 43768640812
5 11 6 11 43768640812
11 7 11 8 44430438146
28 11 27 11 44430438146
24 28 24 27 44430438146
7 24 8 24 44430438146
16 7 16 8 44430438146
28 16 27 16 44430438146
19 28 19 27 44430438146
7 19 8 19 44430438146
21 7 21 8 44430438146
28 21 27 21 44430438146
14 28 14 27 44430438146
7 14 8 14 44430438146
14 7 14 8 44430438146
28 14 27 14 44430438146
21 28 21 27 44430438146
7 21 8 21 44430438146
19 7 19 8 44430438146
28 19 27 19 44430438146
16 28 16 27 44430438146
7 16 8 16 44430438146
24 7 24 8 44430438146
28 24 27 24 44430438146
11 28 11 27 44430438146
7 11 8 11 44430438146
11 8 11 9 9193405254
27 11 26 11 9193405254
24 27 24 26 9193405254
8 24 9 24 9193405254
16 8 16 9 9193405254
27 16 26 16 9193405254
19 27 19 26 9193405254
8 19 9 19 9193405254
21 8 21 9 9193405254
27 21 26 21 9193405254
14 27 14 26 9193405254
8 14 9 14 9193405254
14 8 14 9 9193405254
27 14 26 14 9193405254
21 27 21 26 9193405254
8 21 9 21 9193405254
19 8 19 9 9193405254
27 19 26 19 9193405254
16 27 16 26 9193405254
8 16 9 16 9193405254
24 8 24 9 9193405254
27 24 26 24 9193405254
11 27 11 26 9193405254
8 11 9 11 9193405254
12 1 12 2 312112786
34 12 33 12 312112786
23 34 23 33 312112786
1 23 2 23 312112786
17 1 17 2 312112786
34 17 33 17 312112786
18 34 18 33 312112786
1 18 2 18 312112786
22 1 22 2 312112786
34 22 33 22 312112786
13 34 13 33 312112786
1 13 2 13 312112786
13 1 13 2 312112786
34 13 33 13 312112786
22 34 22 33 312112786
1 22 2 22 312112786
18 1 18 2 312112786
34 18 33 18 312112786
17 34 17 33 312112786
1 17 2 17 312112786
23 1 23 2 312112786
34 23 33 23 312112786
12 34 12 33 312112786
1 12 2 12 312112786
12 2 12 3 945678688
33 12 32 12 945678688
23 33 23 32 945678688
2 23 3 23 945678688
17 2 17 3 945678688
33 17 32 17 945678688
18 33 18 32 945678688
2 18 3 18 945678688
22 2 22 3 945678688
33 22 32 22 945678688
13 33 13 32 945678688
2 13 3 13 945678688
13 2 13 3 945678688
33 13 32 13 945678688
22 33 22 32 945678688
2 22 3 22 945678688
18 2 18 3 945678688
33 18 32 18 945678688
17 33 17 32 945678688
2 17 3 17 945678688
23 2 23 3 945678688
33 23 32 23 945678688
12 33 12 32 945678688
2 12 3 12 945678688
12 3 12 4 2858890902
32 12 31 12 2858890902
23 32 23 31 2858890902
3 23 4 23 2858890902
17 3 17 4 2858890902
32 17 31 17 2858890902
18 32 18 31 2858890902
3 18 4 18 2858890902
22 3 22 4 2858890902
32 22 31 22 2858890902
13 32 13 31 2858890902
3 13 4 13 2858890902
13 3 13 4 2858890902
32 13 31 13 2858890902
22 32 22 31 2858890902
3 22 4 22 2858890902
18 3 18 4 2858890902
32 18 31 18 2858890902
17 32 17 31 2858890902
3 17 4 17 2858890902
23 3 23 4 2858890902
32 23 31 23 2858890902
12 32 12 31 2858890902
3 12 4 12 2858890902
12 4 12 5 110420713232
31 12 30 12 110420713232
23 31 23 30 110420713232
4 23 5 23 110420713232
17 4 17 5 110420713232
31 17 30 17 110420713232
18 31 18 30 110420713232
4 18 5 18 110420713232
22 4 22 5 110420713232
31 22 30 22 110420713232
13 31 13 30 110420713232
4 13 5 13 110420713232
13 4 13 5 110420713232
31 13 30 13 110420713232
22 31 22 30 110420713232
4 22 5 22 110420713232
18 4 18 5 110420713232
31 18 30 18 110420713232
17 31 17 30 110420713232
4 17 5 17 110420713232
23 4 23 5 110420713232
31 23 30 23 110420713232
12 31 12 30 110420713232
4 12 5 12 110420713232
12 5 12 6 45827741256
30 12 29 12 45827741256
23 30 23 29 45827741256
5 23 6 23 45827741256
17 5 17 6 45827741256
30 17 29 17 45827741256
18 30 18 29 45827741256
5 18 6 18 45827741256
22 5 22 6 45827741256
30 22 29 22 45827741256
13 30 13 29 45827741256
5 13 6 13 45827741256
13 5 13 6 45827741256
30 13 29 13 45827741256
22 30 22 29 45827741256
5 22 6 22 45827741256
18 5 18 6 45827741256
30 18 29 18 45827741256
17 30 17 29 45827741256
5 17 6 17 45827741256
23 5 23 6 45827741256
30 23 29 23 45827741256
12 30 12 29 45827741256
5 12 6 12 45827741256
12 8 12 9 12093764442
27 12 26 12 12093764442
23 27 23 26 12093764442
8 23 9 23 12093764442
17 8 17 9 12093764442
27 17 26 17 12093764442
18 27 18 26 12093764442
8 18 9 18 12093764442
22 8 22 9 12093764442
27 22 26 22 12093764442
13 27 13 26 12093764442
8 13 9 13 12093764442
13 8 13 9 12093764442
27 13 26 13 12093764442
22 27 22 26 12093764442
8 22 9 22 12093764442
18 8 18 9 12093764442
27 18 26 18 12093764442
17 27 17 26 12093764442
8 17 9 17 12093764442
23 8 23 9 12093764442
27 23 26 23 12093764442
12 27 12 26 12093764442
8 12 9 12 12093764442
1
4 23120000000000 9 9 26 9 26 26 9 26
