110 10.99679327395374924222302219937687189421215529403736601218843250047298
0.5 10.49679327395374924222302219937687189421215529403736601218843250047298 3.344694493050994336806798046554827632041923236299108042472045506468782e-79
10.49679327395374924222302219937687189421215529403736601218843250047298 0.5 2.327180821109553478263680624834788029854142629743021639729899755784764e-80
0.5 0.5 1.027384844286771102239840028663070533759156739662950949004834174581664e-75
1.5 0.5 3.005364759107754421832125453382745116821518044607069813773310979944961e-80
2.5 0.5 2.78000799680933185565403132033736045896946275861785279417736893385549e-80
3.5 0.5 1.623037013281931080852932912742137344197881859691582990977244770774603e-80
0.5 1.5 1.027404651343114400814179992599921813471407098310474337034925061640706e-75
1.5 1.5 1.089341181255475945081787694246109889709852057281825914519693580977594e-80
2.5 1.5 2.5212737856859914411376732176537130585741994305576329266495756573791e-80
0.5 2.5 6.60046625573541837672928530695361817912810714293073333348041225736077e-77
1.5 2.5 6.601555693824500928884909168248682414109706829421167875258649363753357e-77
0.600119161332294370203924783334045589471209318122089206905191409502094 3.5 -5.598470738561258172774066253130945635145109808556965533732274615825988e-77
10.49679327395374924222302219937687189421215529403736601218843250047298 10.49679327395374924222302219937687189421215529403736601218843250047298 -1.58055642639498885465401971689148427760161226880408570573373238710034e-74
9.496793273953749242223022199376871894212155294037366012188432500472982 10.49679327395374924222302219937687189421215529403736601218843250047298 -1.543055796941359900545621332375475439168105091431705991807617227480079e-74
8.496793273953749242223022199376871894212155294037366012188432500472982 10.49679327395374924222302219937687189421215529403736601218843250047298 -1.423484934486702377564447345850986166622214807806162016096609859134435e-74
7.496793273953749242223022199376871894212155294037366012188432500472982 10.49679327395374924222302219937687189421215529403736601218843250047298 -1.403305449774615153219354974537867323949025354211243815327950357994064e-74
6.496793273953749242223022199376871894212155294037366012188432500472982 10.49679327395374924222302219937687189421215529403736601218843250047298 -1.377975930524658788658254654843227342926231791837832949507786166401713e-74
5.496793273953749242223022199376871894212155294037366012188432500472982 10.49679327395374924222302219937687189421215529403736601218843250047298 -1.387116010379913863210544354880938800075100291328228130512976285714906e-74
4.496793273953749242223022199376871894212155294037366012188432500472982 10.49679327395374924222302219937687189421215529403736601218843250047298 -6.465056491172346845624323073600282205711094744470311020940660582104138e-76
3.496793273953749242223022199376871894212155294037366012188432500472982 10.49679327395374924222302219937687189421215529403736601218843250047298 -5.135061944883279442600490205393498449581502880472671257339865332663624e-77
2.496793273953749242223022199376871894212155294037366012188432500472982 10.49679327395374924222302219937687189421215529403736601218843250047298 -2.313595755893168893720745990235692997077981349650564189965552058332383e-79
10.49679327395374924222302219937687189421215529403736601218843250047298 9.496793273953749242223022199376871894212155294037366012188432500472982 -1.527345340462713201725697353344467387589777378684701987218271664244544e-74
9.496793273953749242223022199376871894212155294037366012188432500472982 9.496793273953749242223022199376871894212155294037366012188432500472982 -1.484314552119085900468154359715153062560868720020550449668256441583701e-74
8.496793273953749242223022199376871894212155294037366012188432500472982 9.496793273953749242223022199376871894212155294037366012188432500472982 -1.409486428244348140798418785738986226479791829750611271744025825122639e-74
7.496793273953749242223022199376871894212155294037366012188432500472982 9.496793273953749242223022199376871894212155294037366012188432500472982 -2.838542335092011131075117087155496672846394975924135653545407752605067e-76
6.496793273953749242223022199376871894212155294037366012188432500472982 9.496793273953749242223022199376871894212155294037366012188432500472982 -8.94803241343846033450737148965143265955299346527145313164783407618289e-76
5.496793273953749242223022199376871894212155294037366012188432500472982 9.496793273953749242223022199376871894212155294037366012188432500472982 -8.258334539959317223841871794076040873853915531213784075824297675344071e-76
4.496793273953749242223022199376871894212155294037366012188432500472982 9.496793273953749242223022199376871894212155294037366012188432500472982 -9.146674142590605599214348211527873818379762855081787864072448948461171e-80
3.496793273953749242223022199376871894212155294037366012188432500472982 9.496793273953749242223022199376871894212155294037366012188432500472982 -1.017329999204591216066945988539133346580627846752496439889352606054332e-78
10.49679327395374924222302219937687189421215529403736601218843250047298 8.496793273953749242223022199376871894212155294037366012188432500472982 -1.522819096764916852145163393914173583359646254758276417136033202186033e-74
9.496793273953749242223022199376871894212155294037366012188432500472982 8.496793273953749242223022199376871894212155294037366012188432500472982 -1.325082551716919399726006794132715220755642485570089628728953953408274e-74
8.496793273953749242223022199376871894212155294037366012188432500472982 8.496793273953749242223022199376871894212155294037366012188432500472982 -1.110144795606185512743119302741902441710027007668367392296459787575244e-74
7.496793273953749242223022199376871894212155294037366012188432500472982 8.496793273953749242223022199376871894212155294037366012188432500472982 1.146114058617572117132086548737705715799246143705175922765467646491061e-78
6.496793273953749242223022199376871894212155294037366012188432500472982 8.496793273953749242223022199376871894212155294037366012188432500472982 2.180890868698815363464586885534443620512481663091962319057787036145397e-74
5.496793273953749242223022199376871894212155294037366012188432500472982 8.496793273953749242223022199376871894212155294037366012188432500472982 6.181276914044220986556483818908521047010468321710592299924853654413124e-77
4.496793273953749242223022199376871894212155294037366012188432500472982 8.496793273953749242223022199376871894212155294037366012188432500472982 2.706608813004426639456690777980925620886743584208629671535076538392101e-74
10.49679327395374924222302219937687189421215529403736601218843250047298 7.496793273953749242223022199376871894212155294037366012188432500472982 -1.518254584424185502335694687729542641972612952060424616088942773223864e-74
9.496793273953749242223022199376871894212155294037366012188432500472982 7.496793273953749242223022199376871894212155294037366012188432500472982 -1.358816527685114696864252527693890778599188421163260840569782552489324e-74
8.496793273953749242223022199376871894212155294037366012188432500472982 7.496793273953749242223022199376871894212155294037366012188432500472982 -1.098659273577544167092428318000095372956568986477816837971336243785156e-74
7.496793273953749242223022199376871894212155294037366012188432500472982 7.496793273953749242223022199376871894212155294037366012188432500472982 1.972385024162643708214444594085224823445320642362585066520399513486861e-74
6.496793273953749242223022199376871894212155294037366012188432500472982 7.496793273953749242223022199376871894212155294037366012188432500472982 2.017266523918067123719734051595767961610713110640228560821340038721353e-74
5.496793273953749242223022199376871894212155294037366012188432500472982 7.496793273953749242223022199376871894212155294037366012188432500472982 2.035693910748110732063149462162796049749079766826741637191851582051573e-74
4.496793273953749242223022199376871894212155294037366012188432500472982 7.496793273953749242223022199376871894212155294037366012188432500472982 2.733226673315801288977416739281812510422380038574723696536977575506602e-74
10.49679327395374924222302219937687189421215529403736601218843250047298 6.496793273953749242223022199376871894212155294037366012188432500472982 -1.122219009710706380136636966268730362791950892214805136925856543814321e-74
9.496793273953749242223022199376871894212155294037366012188432500472982 6.496793273953749242223022199376871894212155294037366012188432500472982 -1.252784791606448944166572678461130390004259342014592369803639572174738e-74
8.496793273953749242223022199376871894212155294037366012188432500472982 6.496793273953749242223022199376871894212155294037366012188432500472982 -9.010430690275338370275707734929554513805894961044982833487595289497356e-75
7.496793273953749242223022199376871894212155294037366012188432500472982 6.496793273953749242223022199376871894212155294037366012188432500472982 2.12360776634780028963178451824594670784836571255729291799490011450687e-74
6.496793273953749242223022199376871894212155294037366012188432500472982 6.496793273953749242223022199376871894212155294037366012188432500472982 2.00993056012811070314920380878152277193638467471775123752067445091361e-74
5.496793273953749242223022199376871894212155294037366012188432500472982 6.496793273953749242223022199376871894212155294037366012188432500472982 2.055056706031451309724759404115847015049598083879100535615519903804369e-74
10.49679327395374924222302219937687189421215529403736601218843250047298 5.496793273953749242223022199376871894212155294037366012188432500472982 -1.260504444605980167362636483192069143540213833864580399171795386279926e-74
9.496793273953749242223022199376871894212155294037366012188432500472982 5.496793273953749242223022199376871894212155294037366012188432500472982 -1.153436455723623513209968855896767057261358503571821246288352110272956e-74
8.496793273953749242223022199376871894212155294037366012188432500472982 5.496793273953749242223022199376871894212155294037366012188432500472982 -1.117471730152900643523095351397539315898228663156515949626029002722537e-74
7.496793273953749242223022199376871894212155294037366012188432500472982 5.496793273953749242223022199376871894212155294037366012188432500472982 -1.11419943511559064646329749058489862874973699999707438116647196907661e-74
6.493713780689221583612766497382499179073793159184677987948635411568676 5.496793273953749242223022199376871894212155294037366012188432500472982 2.41388251143560910653676445634912424726348197329272268857412041312789e-74
5.493713583353546206272294086173219969879795896869098077632047535985498 5.496793273953749242223022199376871894212155294037366012188432500472982 1.760216433116052238951573873501771629987904450625580607795534821356049e-74
10.49679327395374924222302219937687189421215529403736601218843250047298 4.496793273953749242223022199376871894212155294037366012188432500472982 -1.133929847855205744896124554481067128976502418830538721576043257469448e-74
9.496793273953749242223022199376871894212155294037366012188432500472982 4.496793273953749242223022199376871894212155294037366012188432500472982 -1.496523424129894013518437045179367366944376802980559054934610911136067e-74
8.496793273953749242223022199376871894212155294037366012188432500472982 4.496793273953749242223022199376871894212155294037366012188432500472982 -1.621554824049032679988262064825817319007234630499797667040839291202854e-74
7.496793273953749242223022199376871894212155294037366012188432500472982 4.496793273953749242223022199376871894212155294037366012188432500472982 -1.648780026980347572479557987253606755043841578244928033761936249825043e-74
10.49679327395374924222302219937687189421215529403736601218843250047298 3.496793273953749242223022199376871894212155294037366012188432500472982 -1.284360885923967152479088748766942529020842224839911228800395066360139e-74
9.496793273953749242223022199376871894212155294037366012188432500472982 3.496793273953749242223022199376871894212155294037366012188432500472982 -1.261055694819859403970684083865844706823565804524402993976714291398472e-74
10.49679327395374924222302219937687189421215529403736601218843250047298 2.496793273953749242223022199376871894212155294037366012188432500472982 -1.565922743085499691061643925807564264687602413092678401873204768504556e-74
4.487099866440113709763891315619045952314963657740989380116359600939216 6.487099866440113709763891315619045952314963657740989380116359600939216 1.121836642721274429947693918045212469043130729737104097527808477119424
4.484021357058071658490917303697155504755685321593762100960716906669648 5.486847868520387059527420651028799744653495411465940086632652041106673 1.121836642721274429947693918045212469043130729737104097527808477119424
6.48466664902027168556846785062087602992550341124330921954983772697689 4.496793273953749242223022199376871894212155294037366012188432500472982 1.197201540496180179929275679337444236240802478312182975188884735388927e-74
5.356827594610194252205220535402483307178375635036261753113292378732294 4.495411217930443382563340796572593985286137906293318569988933029345961 0.1585916433204411274730989595169817129931675088506933146556114438635135
1.574898229197617436609975478454863434231999416863668842175947291832006 9.721378313301823473969003623749276501093052936739940657811496084102008 26.06369189946935390971050329461095277963363132415281604470266052698501
0.66543804019401126576218432241909273017199666355736553668975830078125 9.28852718937094460355389209429777253035354078747332096099853515625 25.23204629874817423236225113759212816596443687516613718669750712865734
2.435913688949894550365225657637898582321075767123461229941365531506839 9.017850309050675862446509773503424653904388512379084397532456289971869 24.87231083279458531481699975499075905876538466396069289414246326813469
1.53281890951042197384987236135787873995292954223792677338961179973487 8.588295542444134932049345930981912354891298436071054775656211629799869 24.87231083279458531481699975499075905876538466396069289414246326813469
0.6639224003963528387663826770756522207847575007235179643538303253685879 8.084973582454843183249472287520541825643129873478808493057856393028649 24.87231083279458531481699975499075905876538466396069289414246326813469
1.545392328049069587374198578438934052064024492785586627790298271184078 7.391209054204757992861660353073405101319628287803090202309126286463852 27.48862500957443855575162130076035161583865888829779234218100764017673
2.423018095745512381944524734377965081648472462816231354669625052339782 7.899029979135912783981557795400957306332267124179164344409022810229351 25.98591270586151971174132638935673542605288750423106768469859086784894
3.330601033392386947210632716363249356343750021654960650193750437861603 8.330601033392386947210632716363249356343750021654960650193750437861603 25.41377965291465790402035828809516989814140948683872406295846059509815
0.6743374960423095585998360452866088554709714983053927775953830962910506 6.89879434218985051721238188253945366843433901306011659023485820172311 27.48862500957443855575162130076035161583865888829779234218100764017673
2.430307207484245001220043871292416865048711268417382873045106055445252 6.723121751820751041333053262593974348885479843317674646822309269677367 29.47984566359742157344075171977287049323124577004585645462105801038311
3.334619626936890758628364713615389524923697368100510628561452065432524 7.225375253079688258036851792249905655005224943837028118894044601198953 25.41377965291465790402035828809516989814140948683872406295846059509815
0.678314807993870500004792173602385929598312941379845142364501953125 5.742045137383975000004792173602385929598312941379845142364501953125 28.57057875529473823236225113759212816596443687516613718669750712865734
1.55977835071508416289928904696187494166132598312564431350642556170316 6.23100437808540134200338022956372419373413562228690998195406325640166 29.47984566359742157344075171977287049323124577004585645462105801038311
3.276641163176712157473599978670153332220929563738832327408205650047 6.052834544355666647949947670004226631707562271390313359855132087251165 29.47984566359742157344075171977287049323124577004585645462105801038311
0.5 4.5 4.486266402996360285120265397083683779563605299355264726047841955861344e-76
1.535583449638390480832090330009069485446158993155355208330844662562815 5.068599796884967249290601603943726321404873829328784030118640060699752 29.47984566359742157344075171977287049323124577004585645462105801038311
2.406112306407551319152845154339611408833544278447093767869525156304908 5.560717170620316948620274636973976476556218050359548694986886073975459 29.47984566359742157344075171977287049323124577004585645462105801038311
1.6813231152522552688252139286803960392693647531612516122034632535089 3.987899647626626119815671170058076013892243979570988623328634067445706 29.47984566359742157344075171977287049323124577004585645462105801038311
2.545699674679658882390482056414036513371586501988149227869883474848011 4.490900100597264257201894771781657226491955688875873366050298695633864 29.47984566359742157344075171977287049323124577004585645462105801038311
3.416228531448819720711236880744578436758971787279887787408563968590103 4.983017474332613956531567804811907381643299909906638030918544708909571 29.47984566359742157344075171977287049323124577004585645462105801038311
9.735498471300330196755959146257976145628103015548394618809015177713393 1.569603418109326858314757863182738200292707568569311555509554442588524 -28.28385705968424525071397731595817344191125981285584310501331366410781
9.283526842195817716273749408668390616682387145836658355928636310035655 0.6772255048424881116267193691490439263533321059207687253174600573850866 -28.28385705968424525071397731595817344191125981285584310501331366410781
9.025190704979472385965974752560891322884186987208698565665689427540295 2.437235730629028025823992926991432497771086893885350643254964730890647 -23.91648517542794625892514131068784682431479356732056346528992408145937
8.57273785243372656268425236600545767566892947839005584042874141672145 1.543963484890920477351774701458633056157557793164590404685441407864941 -23.91648517542794625892514131068784682431479356732056346528992408145937
8.099811294905460899525606309052614661036838275544966266451632146505141 0.659770984755383233425849926948713694331048545220923556324042509047858 -23.91648517542794625892514131068784682431479356732056346528992408145937
7.402769905694012601511223846824349699440129848173676542255516399681385 1.552289981347750704156600726443799114404307762570120546010453505941268 -26.41395112463968415969893465866075215898254606305888592059682810870661
7.87468718320241086873237777758049228969868915889492187670170240281045 2.434450542513774893241192032548631345748076487423407912483167642150571 -26.41395112463968415969893465866075215898254606305888592059682810870661
8.326564907100681508721583515207443120747391152289060986494977769910781 3.326564907100681508721583515207443120747391152289060986494977769910781 -26.41395112463968415969893465866075215898254606305888592059682810870661
6.930653423214303956343688631479122879929655724097350543326993109438772 0.6702283668530677335014386841694287734647641417483050256934547305622004 -26.41395112463968415969893465866075215898254606305888592059682810870661
6.726846069615839889888116803293437080512052355341364404824085015984842 2.440272353155977624477291507312197001090698459319644372148425097816692 -28.11664137341218367995588400728848160505892936737023867832491602005518
7.201906406063513353111078050291399180681727481922036963042948296979482 3.328009889302135146002684658789483589050834721458698938719087060520841 -27.32546587159340754192409896054286643683094100833821025833809953203691
5.783679697847509404196822028261221256738705716139720529309425127150236 0.6766290485875035264086619833850021007217309765018937456813018745701349 -28.11664137341218367995588400728848160505892936737023867832491602005518
6.254947770084661031247980180122739216985873638630439770553581982796082 1.558619073525358952174827798293488341918025007014961995799748768064558 -28.11664137341218367995588400728848160505892936737023867832491602005518
6.091245936913210831500959470311428063890949760701202734847288580944304 3.37263100395298368414148633520602350852188268884138689260038881493103 -28.15758215155606074591141652305296786197184996070086661505046013833979
4.676629048587503526408661983385002100721730976501893745681301874570135 0.726690513901084578110687069015202919863506409428022479213469743824533 -28.11664137341218367995588400728848160505892936737023867832491602005518
5.147897120824655153459820135246520060968898898992612986925458730215982 1.608680538838940003876852883923689161059800439941090729331916637318956 -28.11664137341218367995588400728848160505892936737023867832491602005518
5.619347757853809735052833018243068287811392776569157096500708439871905 2.490977949401239151647017712167804489862199779412384518169803666020414 -28.15758215155606074591141652305296786197184996070086661505046013833979
3.993600191012564196255911968649597389765963390588262144823510450322352 1.570319404326185123383428830092606296029030697335526432885676208852025 -28.11664137341218367995588400728848160505892936737023867832491602005518
4.464567514602381060124963677808498838724195549227577358820512552710845 2.452470126359529096502538360855483229725870648296071934183251121302225 -28.11664137341218367995588400728848160505892936737023867832491602005518
4.936584644544617945028613850532678162400738889953925843604603663186463 3.334464602409892031547404327367976890529246940923817386488712776851355 -28.15758215155606074591141652305296786197184996070086661505046013833979
4.16858559787808241953303514018171609752300080903869734585018792538236 4.247964325492598385536522304555577942797130780887592500657425940813429 32.13652355271293573811073397554843617223659323033509788448409537769884
3.30377926344749283410362314881578889504648270167483879753972988922139 3.744716853625466599564487087289099357071410520768425010753261472052739 32.13652355271293573811073397554843617223659323033509788448409537769884
2.432256785897934455147224060628399850448404263292648296705136681797692 3.25186660265942170596936213833382430801952896020190870660768196219948 32.15445237769247956078147212348169649878859321008436363069580692286058
3.304936526320312741724898727309662008375468527703286867193590491916351 2.404016717305675437684824955949794133335932428732556208519639879235006 -28.08346801836889801621319775415340983808438727038827662980480536459608
