110 10.996793274161712
0.500000000003579 10.496793274158133 4.0995000000000007e-10
10.496793273998636 0.5000000001630752 89.99999998131314
0.5000000000011309 0.5000000000011309 1.294083554727504e-10
1.500000000089416 0.5000000000871543 89.99999999001304
2.500000000244318 0.5000000002420529 89.99999997226296
3.5000000004082357 0.5000000004059677 89.9999999534797
0.5000000001901019 1.5000000001923637 89.9999999782161
1.500000000380077 1.5000000001741818 89.99999999998528
2.5000000008476078 1.5000000004676608 89.99999994641058
0.5000000002182372 2.500000000600703 2.500796536521915e-08
1.500000000424906 2.500000000599215 4.8690112875950146e-08
0.6001191626901643 3.500000000826791 89.99999999887534
10.496793274160863 10.496793274160863 9.692230747612164e-11
9.496793274159872 10.496793274161567 89.99999999998352
8.496793274159819 10.496793274161515 89.99999999997776
7.49679327415922 10.49679327416092 89.9999999999095
6.496793274127686 10.496793274130969 3.5226704762271828e-09
5.496793274126796 10.496793274130082 3.6242446884332888e-09
4.496793273926313 10.496793273929601 2.659765974789953e-08
3.4967932737132204 10.496793274142691 2.179480598348775e-09
2.496793273654989 10.496793274084462 8.851922952266271e-09
10.496793274160856 9.496793274160854 9.790684262522743e-11
9.496793274159879 9.49679327416154 89.99999999998629
8.496793274158442 9.496793274160005 1.5068795717976274e-10
7.496793274156034 9.49679327415641 4.2611182304196785e-10
6.496793274151398 9.496793274108578 9.571009673387035e-10
5.496793274145124 9.496793274113076 1.6756110540196191e-09
4.496793274139653 9.496793273717582 2.3022942212844673e-09
3.496793274139621 9.496793274141645 2.2990940618065613e-09
10.496793274160716 8.496793274160764 1.0774154382877484e-10
9.496793274159353 8.496793274161234 89.99999999995178
8.4967932741585 8.496793274157415 89.99999999985438
7.496793274157027 8.496793274149947 89.99999999968595
6.496793273955652 8.496793273918296 2.276145322092533e-08
5.496793273782459 8.496793273755873 4.2607517941253976e-08
4.496793273612835 8.496793273196229 6.204472696975969e-08
10.49679327416125 7.496793274159361 89.99999999994735
9.496793274159794 7.496793274159739 89.99999999978068
8.4967932741551 7.49679327415208 89.99999999924331
7.496793274151391 7.4967932741497885 89.99999999966816
6.496793273815024 7.496793273783456 3.821254324087559e-08
5.49679327344704 7.496793273426243 8.03799889967938e-08
4.496793273317789 7.49679327290697 9.519079883543143e-08
10.496793274161307 6.496793274158497 4.606639355397057e-11
9.49679327415918 6.496793274159547 89.99999999980233
8.4967932741547 6.496793274151675 89.99999999928937
7.496793274153287 6.496793274147889 89.99999999945076
6.496793273990804 6.496793273607674 1.806968441542267e-08
5.496793273149738 6.4967932731289375 1.1444833788395534e-07
10.496793274157744 5.496793274158379 3.300688445723812e-11
9.49679327414895 5.496793274157371 5.126946654231435e-11
8.496793274141734 5.496793274151108 89.99999999922484
7.496793274136773 5.496793274140957 89.99999999865686
6.496793270794386 5.496793273432789 89.99999999802974
5.493713584257603 5.496793272819286 1.4922655056796987e-07
10.49679327416145 4.496793274158349 2.979875209502483e-11
9.496793274161018 4.49679327415675 89.99999999998039
8.496793274150292 4.496793274146977 89.9999999987518
7.496793274146855 4.496793274138349 89.99999999835832
10.49679327416169 3.4967932741581067 2.456879858502528e-12
9.496793274161163 3.496793274156415 89.99999999994243
10.496793274161213 2.496793274157585 89.99999999994306
4.487099867062812 6.487099866619846 1.1218365926465437
4.484021359743437 5.486847868671779 1.121836582021259
6.484666648726303 4.496793273338509 8.880817858880619e-09
5.356827595537839 4.495411217700859 0.15859164759936184
1.5748982288694673 9.721378313680757 26.063691943070605
0.6654129979376201 9.288465571270317 25.226287876525713
2.435913689144014 9.017850309465059 24.872310811902995
1.53281890977514 8.58829554269748 24.87231081191223
0.6639224003077622 8.084973583390907 24.87231081193363
1.5453923281845412 7.391209055074455 27.488624966367258
2.423018095625951 7.899029979009662 25.98591274743361
3.3306010334502836 8.330601033545282 25.413779662060882
0.6743374958589866 6.898794343498958 27.48862496020659
2.430483642398156 6.723221492376824 29.479845636639094
3.334619626279516 7.225375252806184 25.413779662409066
0.6780366767953409 5.742149270038745 28.513911128412868
1.5599544176472249 6.231103911205563 29.47984560219623
3.2766411638416684 6.052834544902127 29.47984564029371
0.5000000002208779 4.500000001013257 2.5310565189050942e-08
1.5355834491468954 5.068599798367779 29.479845577735546
2.4061123069280543 5.560717171336236 29.479845635440387
1.6813231151490629 3.987899649750993 29.479845522265954
2.54569967555867 4.490900101588506 29.479845553595364
3.416228533308006 4.98301747552092 29.479845662485637
9.735498471316602 1.5696034184034828 61.71614296361729
9.283526842929406 0.6772255047583494 61.71614296401911
9.025190705064102 2.4372357308325294 66.0835148134065
8.572737853275088 1.5439634847512207 66.08351481123789
8.099811295321665 0.6597709848072353 66.0835148128929
7.4027699061147505 1.5522899811747164 63.58604884193588
7.874687184133154 2.4344505423006444 63.58604886583883
8.326564907271827 3.326564907266204 63.586048866126845
6.9306534230560715 0.6702283669854152 63.58604884171493
6.72684607051559 2.4402723532574764 61.88335865547329
7.2019064075271295 3.3280098899125585 62.67453424029604
5.7836796987990535 0.6766290483892127 61.88335868191161
6.254947770406109 1.5586190739303938 61.88335865496198
6.0912459368535625 3.3726310027498068 61.84241779298956
4.676629048676916 0.726690511142775 61.883358720372314
5.147897120084533 1.6086805367875907 61.88335869371883
5.619347757066027 2.4909779482412637 61.84241782799877
3.9936001916652955 1.5703194042980835 61.88335864765186
4.464567514539609 2.45247012694006 61.88335862476374
4.9365846449041895 3.3344646031273215 61.842417809928996
4.168585598462611 4.24796432523226 32.13652368696385
3.3037792639081998 3.7447168530026036 32.13652366013048
2.432256786095147 3.2518666033921066 32.15445241809025
3.3049365264975914 2.404016718059635 61.91653207571943
