110 10.997567266228822
0.5000000000000008 10.49756726622882 2.5791130800063756e-80
10.49756726622882 0.5000000000000008 90.0
0.500000000000001 0.500000000000001 1.908332808886835e-14
1.500000000000003 0.5000000000000009 89.99999999999999
2.500000000000094 0.5000000000000903 1.0250745015260024e-11
3.500000000000096 0.5000000000000902 1.0241203351214123e-11
0.5000000000000009 1.5000000000000029 1.3660588237893953e-14
1.5000000000000917 1.5000000000000915 89.9999999999898
2.500000000000153 1.5000000000002107 89.99999999999666
0.5000000000000602 2.5000000000000635 6.804144833159543e-12
1.5000000000001805 2.5000000000001226 89.9999999999932
0.5000000000000008 3.5000000000001243 1.0041896463083296e-80
10.497567266228819 10.497567266228819 1.5266662471024949e-13
9.497567266228815 10.49756726622882 90.0
8.497567266228806 10.497567266228792 8.764842991116917e-13
7.4975672662288 10.497567266228806 1.5352603821644866e-12
6.497567266228792 10.4975672662288 2.246644445918292e-12
5.4975672662287565 10.497567266228799 89.9999999999983
4.497567266228716 10.497567266228796 2.7799255337776203e-12
3.4975672662287063 10.497567266228803 1.9825538377125245e-12
2.497567266228703 10.497567266228804 1.7821788927797391e-12
10.49756726622882 9.497567266228815 4.2486496462511606e-27
9.497567266228808 9.497567266228808 89.99999999999886
8.497567266228799 9.49756726622878 89.99999999999969
7.497567266228795 9.497567266228785 89.99999999999925
6.497567266228787 9.49756726622878 9.806710268048814e-15
5.497567266228781 9.497567266228787 89.99999999999952
4.497567266228753 9.497567266228792 2.5652300065063272e-12
3.497567266228749 9.497567266228794 2.779925533779058e-12
10.497567266228812 8.497567266228806 89.99999999999902
9.497567266228806 8.497567266228804 89.99999999999868
8.497567266228803 8.497567266228772 89.99999999999898
7.4975672662287955 8.49756726622878 89.99999999999967
6.497567266228785 8.49756726622877 6.840843027382449e-13
5.497567266228782 8.497567266228778 4.4422555678363825e-13
4.497567266228779 8.49756726622877 2.934539900387287e-13
10.497567266228817 7.497567266228799 89.99999999999962
9.497567266228812 7.497567266228793 89.99999999999994
8.497567266228806 7.497567266228767 89.99999999999945
7.497567266228792 7.497567266228763 89.99999999999794
6.4975672662287725 7.497567266228729 89.99999999999594
5.497567266228755 7.497567266228754 89.99999999999791
4.497567266228746 7.497567266228756 89.99999999999869
10.497567266228813 6.497567266228795 89.99999999999993
9.49756726622878 6.497567266228761 3.3938079228870803e-12
8.497567266228756 6.497567266228752 9.766717715647134e-13
7.497567266228756 6.497567266228734 1.059779942362847e-12
6.497567266228727 6.497567266228709 89.99999999999804
5.497567266228723 6.497567266228748 89.99999999999847
10.4975672662288 5.497567266228776 89.99999999999784
9.497567266228758 5.497567266228754 2.6393067385101767e-12
8.497567266228724 5.497567266228733 89.99999999999898
7.497567266228713 5.497567266228725 1.246806934772236e-13
6.497567266228706 5.497567266228685 6.866109631060402e-13
5.497567266228673 5.497567266228733 89.99999999999696
10.497567266228804 4.497567266228772 89.99999999999815
9.49756726622877 4.497567266228744 1.7773764198329365e-12
8.49756726622876 4.4975672662287165 7.499792188357063e-13
7.497567266228754 4.497567266228724 1.246806934767537e-13
10.497567266228815 3.4975672662287485 5.369600940634755e-13
9.497567266228803 3.497567266228742 1.8600708415514004e-12
10.49756726622882 2.4975672662287427 6.849235763918747e-79
4.4975672662257775 6.486884348726501 3.345367489544681e-10
4.4975672662257855 5.486884348726498 3.3476668858149057e-10
6.485139420512814 4.497567266228527 89.99999999998238
5.359535111181892 4.49136441050568 0.7152781807021887
1.5737613867467741 9.727741396568835 26.867715153402393
0.6719922273707958 9.294988971759674 26.867715153402393
2.4370063630612555 9.021626517562096 24.525106346451036
1.5352756922665596 8.588893591863082 24.525106346451036
0.6624357035310837 8.092839394315867 24.525106346451036
1.545063768072527 7.396451423067352 27.404259228217082
2.419972039562103 7.893654044959998 26.76209203658972
3.330615088872169 8.330615088872186 25.598302166123855
0.6740234770471205 6.903895082397752 27.404259228217082
2.4332991536249255 6.729822512175578 28.89547275687169
3.334777692097139 7.223771734920341 25.598302166113978
0.6788316190062781 5.7669850655728405 28.742431548783603
1.5627910500455038 6.2375598998966435 28.895472756871914
3.318209307411369 6.076027018665892 28.89547275687169
0.5000000000000008 4.588153446566562 90.0
1.5704685353865295 5.094426147005834 29.416555236218365
2.443998207295103 5.581222770127617 29.416555236218365
1.6553333647898696 3.93896380701776 35.24273327186963
2.5467802963649646 4.489941354091587 29.538908804383503
3.4172725580000622 4.9821243848434795 29.538908804395188
9.734772766943923 1.5710027702504021 62.01554531801142
9.287699656471004 0.6761534613998005 62.01554531801142
9.02502757677578 2.4380705277086605 66.00984611412154
8.577634086474236 1.5426182774461557 66.00984611412154
8.101182608728848 0.6600974937969217 66.00984611412154
7.404474868905193 1.5518532477744895 63.44643513728436
7.879844598030116 2.432209449435466 63.44643513728436
8.326813640602234 3.3268136406021456 63.45204933707443
6.930548850661093 0.6707755524199728 63.44643513728436
6.730104427444673 2.440204995437801 61.91962942039736
7.211429023973088 3.331782552472057 63.45204933707443
5.786361530901514 0.67628721664186 61.978469793223255
6.256164848396669 1.559058332430407 61.978469793223624
6.092608900745261 3.3694062919730596 61.38986676160655
4.676287216641956 0.7189826558734669 61.97846979322266
5.146090534137112 1.6017537716620118 61.978469793222885
5.615893851632361 2.484524887450612 61.9784697932121
3.9956969058829976 1.568688303132096 61.978469793228804
4.465500223378119 2.4514594189206576 61.978469793228804
4.935303540873543 3.334230534709223 61.97846979321213
4.172604546763422 4.245108053103861 33.05409438163028
3.30974500583885 3.737639075573676 33.05409438163028
2.4375274987800326 3.244376000309022 33.064993249140926
3.306939431751387 2.403047664711538 61.97846979322799
