110 10.99679327395374924222302219937687189421215529403736601218843250047298
0.5 10.49679327395374924222302219937687189421215529403736601218843250047298 8.763066811140128587847298294548896366836049554311859887655576113909255e-79
10.49679327395374924222302219937687189421215529403736601218843250047298 0.5 -5.253973186096623064919048863678382745392568408000541280460138790795873e-79
0.5 0.5 -1.099641658575865090414726743836047002117689252963519334026422374669109e-80
1.5 0.5 -1.769738231810705028405903221806823348854878617890870601746016142600543e-80
2.5 0.5 1.419820195928032769169487375824854022699480447841590403528697508783522e-80
3.5 0.5 -2.975940436185336678497388575092269070981729043999592002619140238660438e-80
0.5 1.5 -5.562935255286860518494902497070658348777639107556468558554067744229104e-80
1.5 1.5 -2.274726879746896692344744401875528734751538689362305923350532815778703e-80
2.5 1.5 5.95557219676591388353920851110193756202486974046651628138042114790211e-80
0.5 2.5 4.320026619413063562723499522579250868384197161790226275903921874134417e-80
1.5 2.5 7.866896954511392865414125439088414084447745833966933542666269336285595e-80
0.6001191626527407369775280680647000551135818723069498924384536263573249 3.5 -3.794147183740615029530047333817334869271301980212854102249766768434157e-81
10.49679327395374924222302219937687189421215529403736601218843250047298 10.49679327395374924222302219937687189421215529403736601218843250047298 1.207609190703850104571153083314488840827861334077969445414080207569673e-71
9.496793273953749242223022199376871894212155294037366012188432500472982 10.49679327395374924222302219937687189421215529403736601218843250047298 1.207168633465349237827144311843821504838103850691136592980208243104655e-71
8.496793273953749242223022199376871894212155294037366012188432500472982 10.49679327395374924222302219937687189421215529403736601218843250047298 5.260271869243861486099366438374250668023863622742345185075433284556047e-80
7.496793273953749242223022199376871894212155294037366012188432500472982 10.49679327395374924222302219937687189421215529403736601218843250047298 1.521563414227287710701818110704502842629056716270008104986071130741613e-72
6.496793273953749242223022199376871894212155294037366012188432500472982 10.49679327395374924222302219937687189421215529403736601218843250047298 1.518456950597476988002879269764570907897939521839448634280067463680598e-72
5.496793273953749242223022199376871894212155294037366012188432500472982 10.49679327395374924222302219937687189421215529403736601218843250047298 1.50919909493731867076582924172760009084909637426830643348418123918409e-72
4.496793273953749242223022199376871894212155294037366012188432500472982 10.49679327395374924222302219937687189421215529403736601218843250047298 1.221123083336915843343264757699895130988800001230186289747423507136809e-71
3.496793273953749242223022199376871894212155294037366012188432500472982 10.49679327395374924222302219937687189421215529403736601218843250047298 1.21304215819964945123780398936547055411941181656110544162043270118328e-71
2.496793273953749242223022199376871894212155294037366012188432500472982 10.49679327395374924222302219937687189421215529403736601218843250047298 1.208573802239953380940632703387399620429930904896518322280372558445037e-71
10.49679327395374924222302219937687189421215529403736601218843250047298 9.496793273953749242223022199376871894212155294037366012188432500472982 1.219117316036126571803067442569555586906454208440460297118272368676281e-71
9.496793273953749242223022199376871894212155294037366012188432500472982 9.496793273953749242223022199376871894212155294037366012188432500472982 1.218378057510678787030436004035081700182031632114541211458549596401249e-71
8.496793273953749242223022199376871894212155294037366012188432500472982 9.496793273953749242223022199376871894212155294037366012188432500472982 1.226273499731355785901400576853144296591829882724919599611202238115181e-71
7.496793273953749242223022199376871894212155294037366012188432500472982 9.496793273953749242223022199376871894212155294037366012188432500472982 1.226984897853604616426805104647856043273102362419851883261797383176155e-71
6.496793273953749242223022199376871894212155294037366012188432500472982 9.496793273953749242223022199376871894212155294037366012188432500472982 1.217239254386313550382842402859597887113085566587312789249214863332896e-71
5.496793273953749242223022199376871894212155294037366012188432500472982 9.496793273953749242223022199376871894212155294037366012188432500472982 1.222509205906772664541966390595299404511859902429226589474644523111521e-71
4.496793273953749242223022199376871894212155294037366012188432500472982 9.496793273953749242223022199376871894212155294037366012188432500472982 1.221376466316465382017352499759511378535943722347349057771661396093313e-71
3.496793273953749242223022199376871894212155294037366012188432500472982 9.496793273953749242223022199376871894212155294037366012188432500472982 1.220313602664559973728599091109543417402411985011202565327700001074173e-71
10.49679327395374924222302219937687189421215529403736601218843250047298 8.496793273953749242223022199376871894212155294037366012188432500472982 6.088129607409287054881969896685944168633606863150787814175080844668795e-72
9.496793273953749242223022199376871894212155294037366012188432500472982 8.496793273953749242223022199376871894212155294037366012188432500472982 6.191723343862594990101199450769277231960376313037692504361872689730813e-72
8.496793273953749242223022199376871894212155294037366012188432500472982 8.496793273953749242223022199376871894212155294037366012188432500472982 6.19984043121277558245537029094930910138179037495074886736236741362805e-72
7.496793273953749242223022199376871894212155294037366012188432500472982 8.496793273953749242223022199376871894212155294037366012188432500472982 6.204089084219355820208213596939528450310789483285627508676165146193618e-72
6.496793273953749242223022199376871894212155294037366012188432500472982 8.496793273953749242223022199376871894212155294037366012188432500472982 1.230147644310316554797937551319133170952219143331686513580159638554375e-71
5.496793273953749242223022199376871894212155294037366012188432500472982 8.496793273953749242223022199376871894212155294037366012188432500472982 1.207646239516152211802953201937711373836358599098833638116253759653691e-71
4.496793273953749242223022199376871894212155294037366012188432500472982 8.496793273953749242223022199376871894212155294037366012188432500472982 1.208358959273722590795022072358324339597290814995857489829419905437078e-71
10.49679327395374924222302219937687189421215529403736601218843250047298 7.496793273953749242223022199376871894212155294037366012188432500472982 6.30445220819422276752819503886901844699132001532937405772047025643586e-72
9.496793273953749242223022199376871894212155294037366012188432500472982 7.496793273953749242223022199376871894212155294037366012188432500472982 1.212357959135111003084776239058772756712853925950367815098205904082535e-71
8.496793273953749242223022199376871894212155294037366012188432500472982 7.496793273953749242223022199376871894212155294037366012188432500472982 1.211377444805512213726085427048619337554345301108710533631947823916075e-71
7.496793273953749242223022199376871894212155294037366012188432500472982 7.496793273953749242223022199376871894212155294037366012188432500472982 1.213273231032397897668053600021027070811502459794247010058831001691174e-71
6.496793273953749242223022199376871894212155294037366012188432500472982 7.496793273953749242223022199376871894212155294037366012188432500472982 1.214673144619801583044871061553083260490358884603098811435451069743874e-71
5.496793273953749242223022199376871894212155294037366012188432500472982 7.496793273953749242223022199376871894212155294037366012188432500472982 1.198568290080302700654067133305931340272229735208190963810729073356154e-71
4.496793273953749242223022199376871894212155294037366012188432500472982 7.496793273953749242223022199376871894212155294037366012188432500472982 1.206651374363905361249315001255449966535174937833473413213976504583674e-71
10.49679327395374924222302219937687189421215529403736601218843250047298 6.496793273953749242223022199376871894212155294037366012188432500472982 5.513241206621577043626005725981824226885934027648656206266786636642732e-72
9.496793273953749242223022199376871894212155294037366012188432500472982 6.496793273953749242223022199376871894212155294037366012188432500472982 5.063608974334632027812554795733583842739255562596970924477226748738896e-72
8.496793273953749242223022199376871894212155294037366012188432500472982 6.496793273953749242223022199376871894212155294037366012188432500472982 4.75655377455282832154016547646729603376602097374420230562643887031648e-72
7.496793273953749242223022199376871894212155294037366012188432500472982 6.496793273953749242223022199376871894212155294037366012188432500472982 5.548270901312571604416419058917445013870064099211032493123021787040894e-72
6.496793273953749242223022199376871894212155294037366012188432500472982 6.496793273953749242223022199376871894212155294037366012188432500472982 1.210693680633920232787257132268951560440681694945272056376991956378213e-71
5.496793273953749242223022199376871894212155294037366012188432500472982 6.496793273953749242223022199376871894212155294037366012188432500472982 1.206773822400258076843262259316979470516235999446238009274398092628949e-71
10.49679327395374924222302219937687189421215529403736601218843250047298 5.496793273953749242223022199376871894212155294037366012188432500472982 5.482783873154767529467383195406137123724494806044912721295787857211972e-72
9.496793273953749242223022199376871894212155294037366012188432500472982 5.496793273953749242223022199376871894212155294037366012188432500472982 5.840753404171829204392467906584058905082876174902143120251998924996319e-72
8.496793273953749242223022199376871894212155294037366012188432500472982 5.496793273953749242223022199376871894212155294037366012188432500472982 -6.715152188400947065463832613517767998112805965107550827319967959985815e-72
7.496793273953749242223022199376871894212155294037366012188432500472982 5.496793273953749242223022199376871894212155294037366012188432500472982 1.160082819049869541627999566452839201878054173610394256269713871798959e-71
6.496793273953749242223022199376871894212155294037366012188432500472982 5.496793273953749242223022199376871894212155294037366012188432500472982 1.181414379163404608511444776048364626284275939740370572942682228190258e-71
5.493713583353546206272294086173219969879795896869098077632047535985498 5.496793273953749242223022199376871894212155294037366012188432500472982 1.131882924240699148543301538522244836151519618483930771530957701413932e-71
10.49679327395374924222302219937687189421215529403736601218843250047298 4.496793273953749242223022199376871894212155294037366012188432500472982 5.769744938485254947010247015094256793192909529299359345310613828600655e-72
9.496793273953749242223022199376871894212155294037366012188432500472982 4.496793273953749242223022199376871894212155294037366012188432500472982 5.767842695820200508390857012544205830939035534051866956274286368377808e-72
8.496793273953749242223022199376871894212155294037366012188432500472982 4.496793273953749242223022199376871894212155294037366012188432500472982 1.18721443218948608574369960531327052489010969009295866260582310355909e-71
7.496793273953749242223022199376871894212155294037366012188432500472982 4.496793273953749242223022199376871894212155294037366012188432500472982 1.185887613324103138680941220975123195391066655207780517319658010789674e-71
10.49679327395374924222302219937687189421215529403736601218843250047298 3.496793273953749242223022199376871894212155294037366012188432500472982 -1.993590452167940945149047779230109060426970530813550383298941783078856e-79
9.496793273953749242223022199376871894212155294037366012188432500472982 3.496793273953749242223022199376871894212155294037366012188432500472982 -6.882725224468101869254985552148612130351985722884911831192873266381067e-79
10.49679327395374924222302219937687189421215529403736601218843250047298 2.496793273953749242223022199376871894212155294037366012188432500472982 -4.819515118091855471719691761105250504806154851578835077977475458047541e-79
4.487099866440113709763891315619045952314963657740989380116359600939216 6.487099866440113709763891315619045952314963657740989380116359600939216 1.121836642721274429947693918045212469043130729737104097527808477119424
4.484021357058071658490917303697155504755685321593762100960716906669648 5.486847868520387059527420651028799744653495411465940086632652041106673 1.121836642721274429947693918045212469043130729737104097527808477119424
6.48466664902027168556846785062087602992550341124330921954983772697689 4.496793273953749242223022199376871894212155294037366012188432500472982 1.184911258846338277917955202032841081967963317561348548465327429514322e-71
5.356827594610194252205220535402483307178375635036261753113292378732294 4.495411217930443382563340796572593985286137906293318569988933029345961 0.1585916433204411274730989595169817129931675088506933146556114438635135
1.574898229197617436609975478454863434231999416863668842175947291832006 9.721378313301823473969003623749276501093052936739940657811496084102008 26.06369189946935390971050329461095277963363132415281604470266052698501
0.66543791979836829000612327705990178827732961508445441722869873046875 9.288526858385773734150473715183604639378245337866246700286865234375 25.23201745447702123236225113759212816596443687516613718669750712865734
2.435913688949894550365225657637898582321075767123461229941365531506839 9.017850309050675862446509773503424653904388512379084397532456289971869 24.87231083279458531481699975499075905876538466396069289414246326813469
1.53281890951042197384987236135787873995292954223792677338961179973487 8.588295542444134932049345930981912354891298436071054775656211629799869 24.87231083279458531481699975499075905876538466396069289414246326813469
0.6639224003963528387663826770756522207847575007235179643538303253685879 8.084973582454843183249472287520541825643129873478808493057856393028649 24.87231083279458531481699975499075905876538466396069289414246326813469
1.545392328049069587374198578438934052064024492785586627790298271184078 7.391209054204757992861660353073405101319628287803090202309126286463852 27.48862500957443855575162130076035161583865888829779234218100764017673
2.423018095745512381944524734377965081648472462816231354669625052339782 7.899029979135912783981557795400957306332267124179164344409022810229351 25.98591270586151971174132638935673542605288750423106768469859086784894
3.330601033392386947210632716363249356343750021654960650193750437861603 8.330601033392386947210632716363249356343750021654960650193750437861603 25.41377965291465790402035828809516989814140948683872406295846059509815
0.6743374960423095585998360452866088554709714983053927775953830962910506 6.89879434218985051721238188253945366843433901306011659023485820172311 27.48862500957443855575162130076035161583865888829779234218100764017673
2.430483645290298372015035014071262539977475045221626252430461920806373 6.72322149361456688508873766446627173651515577116226150610660637050002 29.47984566359742157344075171977287049323124577004585645462105801038311
3.334619626936890758628364713615389524923697368100510628561452065432524 7.225375253079688258036851792249905655005224943837028118894044601198953 25.41377965291465790402035828809516989814140948683872406295846059509815
0.67805774325115947136888086212689330523062380962073802947998046875 5.742209843290713063280300906547903849741487647406756877899169921875 28.51964070636417623236225113759212816596443687516613718669750712865734
1.559954416889672374833201483828695880754786403376796526352992109476388 6.231103909792786151003598149568979514399626879597430056551163145062926 29.47984566359742157344075171977287049323124577004585645462105801038311
3.276641163176712157473599978670153332220929563738832327408205650047 6.052834544355666647949947670004226631707562271390313359855132087251165 29.47984566359742157344075171977287049323124577004585645462105801038311
0.5 4.5 2.882230175768533629665605383393005607777355628097384902209038755495153e-80
1.535583449638390480832090330009069485446158993155355208330844662562815 5.068599796884967249290601603943726321404873829328784030118640060699752 29.47984566359742157344075171977287049323124577004585645462105801038311
2.406112306407551319152845154339611408833544278447093767869525156304908 5.560717170620316948620274636973976476556218050359548694986886073975459 29.47984566359742157344075171977287049323124577004585645462105801038311
1.6813231152522552688252139286803960392693647531612516122034632535089 3.987899647626626119815671170058076013892243979570988623328634067445706 29.47984566359742157344075171977287049323124577004585645462105801038311
2.545699674679658882390482056414036513371586501988149227869883474848011 4.490900100597264257201894771781657226491955688875873366050298695633864 29.47984566359742157344075171977287049323124577004585645462105801038311
3.416228531448819720711236880744578436758971787279887787408563968590103 4.983017474332613956531567804811907381643299909906638030918544708909571 29.47984566359742157344075171977287049323124577004585645462105801038311
9.735498471300330196755959146257976145628103015548394618809015177713393 1.569603418109326858314757863182738200292707568569311555509554442588524 -28.28385705968424525071397731595817344191125981285584310501331366410781
9.283526842195817716273749408668390616682387145836658355928636310035655 0.6772255048424881116267193691490439263533321059207687253174600573850866 -28.28385705968424525071397731595817344191125981285584310501331366410781
9.025190704979472385965974752560891322884186987208698565665689427540295 2.437235730629028025823992926991432497771086893885350643254964730890647 -23.91648517542794625892514131068784682431479356732056346528992408145937
8.57273785243372656268425236600545767566892947839005584042874141672145 1.543963484890920477351774701458633056157557793164590404685441407864941 -23.91648517542794625892514131068784682431479356732056346528992408145937
8.099811294905460899525606309052614661036838275544966266451632146505141 0.659770984755383233425849926948713694331048545220923556324042509047858 -23.91648517542794625892514131068784682431479356732056346528992408145937
7.402769905694012601511223846824349699440129848173676542255516399681385 1.552289981347750704156600726443799114404307762570120546010453505941268 -26.41395112463968415969893465866075215898254606305888592059682810870661
7.87468718320241086873237777758049228969868915889492187670170240281045 2.434450542513774893241192032548631345748076487423407912483167642150571 -26.41395112463968415969893465866075215898254606305888592059682810870661
8.326564907100681508721583515207443120747391152289060986494977769910781 3.326564907100681508721583515207443120747391152289060986494977769910781 -26.41395112463968415969893465866075215898254606305888592059682810870661
6.930653423214303956343688631479122879929655724097350543326993109438772 0.6702283668530677335014386841694287734647641417483050256934547305622004 -26.41395112463968415969893465866075215898254606305888592059682810870661
6.726846069615839889888116803293437080512052355341364404824085015984842 2.440272353155977624477291507312197001090698459319644372148425097816692 -28.11664137341218367995588400728848160505892936737023867832491602005518
7.201906406063513353111078050291399180681727481922036963042948296979482 3.328009889302135146002684658789483589050834721458698938719087060520841 -27.32546587159340754192409896054286643683094100833821025833809953203691
5.783679697847509404196822028261221256738705716139720529309425127150236 0.6766290485875035264086619833850021007217309765018937456813018745701349 -28.11664137341218367995588400728848160505892936737023867832491602005518
6.254947770084661031247980180122739216985873638630439770553581982796082 1.558619073525358952174827798293488341918025007014961995799748768064558 -28.11664137341218367995588400728848160505892936737023867832491602005518
6.091245936913210831500959470311428063890949760701202734847288580944304 3.37263100395298368414148633520602350852188268884138689260038881493103 -28.15758215155606074591141652305296786197184996070086661505046013833979
4.676629048587503526408661983385002100721730976501893745681301874570135 0.726690513901084578110687069015202919863506409428022479213469743824533 -28.11664137341218367995588400728848160505892936737023867832491602005518
5.147897120824655153459820135246520060968898898992612986925458730215982 1.608680538838940003876852883923689161059800439941090729331916637318956 -28.11664137341218367995588400728848160505892936737023867832491602005518
5.619347757853809735052833018243068287811392776569157096500708439871905 2.490977949401239151647017712167804489862199779412384518169803666020414 -28.15758215155606074591141652305296786197184996070086661505046013833979
3.993600191012564196255911968649597389765963390588262144823510450322352 1.570319404326185123383428830092606296029030697335526432885676208852025 -28.11664137341218367995588400728848160505892936737023867832491602005518
4.464567514602381060124963677808498838724195549227577358820512552710845 2.452470126359529096502538360855483229725870648296071934183251121302225 -28.11664137341218367995588400728848160505892936737023867832491602005518
4.936584644544617945028613850532678162400738889953925843604603663186463 3.334464602409892031547404327367976890529246940923817386488712776851355 -28.15758215155606074591141652305296786197184996070086661505046013833979
4.16858559787808241953303514018171609752300080903869734585018792538236 4.247964325492598385536522304555577942797130780887592500657425940813429 32.13652355271293573811073397554843617223659323033509788448409537769884
3.30377926344749283410362314881578889504648270167483879753972988922139 3.744716853625466599564487087289099357071410520768425010753261472052739 32.13652355271293573811073397554843617223659323033509788448409537769884
2.432256785897934455147224060628399850448404263292648296705136681797692 3.25186660265942170596936213833382430801952896020190870660768196219948 32.15445237769247956078147212348169649878859321008436363069580692286058
3.304936526320312741724898727309662008375468527703286867193590491916351 2.404016717305675437684824955949794133335932428732556208519639879235006 -28.08346801836889801621319775415340983808438727038827662980480536459608
