110 10.997567271447501
0.5000000000789583 10.497567271368542 9.047867e-09
10.497567271442152 0.5000000000053482 6.12772e-10
0.5000000000001052 0.5000000000001052 89.99999999998803
1.5000000000001708 0.5000000000000412 89.99999999999537
2.5000000000002056 0.5000000000000079 89.99999999999919
3.5000000000061537 0.5000000000059547 89.99999999931774
0.5000000000060522 1.5000000000062628 6.93431e-10
1.5000000000114777 1.5000000000007105 7.189229638962738e-11
2.500000014505765 1.500000014493661 89.99999833914904
0.5000000000000518 2.5000000000122644 5.855e-12
1.5000000000005844 2.500000000000757 6.670029638962566e-11
0.5000000183904677 3.5000000184026816 2.107392319317114e-06
10.497567271443497 10.497567271443497 4.585164698640964e-10
9.497567271440312 10.497567271446682 9.366552159172738e-11
8.497567271439223 10.49756727144723 89.99999999996909
7.497567271433875 10.49756727144242 5.819127032450861e-10
6.497567271427753 10.497567271436303 1.283103014844047e-09
5.497567271425834 10.497567271438221 1.0631833569319618e-09
4.497567270840854 10.497567270853244 6.809668923961055e-08
3.4975672702456633 10.497567271446567 89.99999999989306
2.4975672702412166 10.497567271443987 4.0248683260940076e-10
10.49756727144492 9.497567271442072 2.954644524713387e-10
9.49756727143925 9.49756727144277 89.99999999964577
8.497567271438665 9.49756727144499 89.99999999971257
7.497567271427273 9.497567271438616 1.0178599567983882e-09
6.497567271425031 9.497567271436226 1.2745991601382702e-09
5.497567271423341 9.497567271438063 1.0810710378831465e-09
4.497567271411678 9.49756727025676 89.99999999974486
3.49756727141055 9.497567271446398 89.99999999987396
10.497567271446485 8.497567271440507 1.1624569413841319e-10
9.497567271442904 8.497567271442243 89.99999999970619
8.497567271434274 8.497567271436303 89.99999999871741
7.497567271422681 8.49756727143013 4.5787373892380856e-11
6.497567265208046 8.497567265232314 7.121903157741403e-07
5.497567259994672 8.49756726001909 1.3095987853086133e-06
4.497567259680404 8.49756725851186 1.345611029114166e-06
10.497567271446384 7.497567271440405 1.278199949786278e-10
9.497567271443966 7.497567271440977 89.99999999985104
8.49756727142183 7.497567271424061 89.99999999731475
7.4975672714065515 7.497567271391017 89.99999999556385
6.497567263867834 7.497567263947343 8.594370239303361e-07
5.49756725902071 7.497567259100369 1.4148764392618352e-06
4.497567258811394 7.49756725769809 1.4388620552617529e-06
10.497567271419946 6.497567271419975 2.468803642648755e-09
9.497567271397857 6.497567271440218 89.99999999993788
8.497567271340518 6.497567271420172 89.99999999686924
7.497567212342136 6.497567271383028 89.99999999647913
6.497567184860479 6.4975672439964125 3.145644946536589e-06
5.497567182360658 6.497567241958715 3.3791647705579555e-06
10.49756727142151 5.497567271415528 2.9782223818730073e-09
9.497567271395763 5.497567271439429 2.8109070626669563e-11
8.497567271366265 5.497567271418241 89.99999999664801
7.497567271363628 5.4975672713818655 89.999999996346
6.497567264402355 5.497567223474868 7.940489153122209e-07
5.497567241821573 5.497567241937325 3.381615911822389e-06
10.497567271446991 4.497567271390046 5.829193212158218e-11
9.497567271446286 4.497567271438988 89.99999999997775
8.497567271416036 4.497567271417049 89.99999999651168
7.497567271412869 4.4975672713801425 89.99999999614879
10.497567271447117 3.497567271389917 4.3782192457911e-11
9.497567271446762 3.497567271438763 3.3029910433210138e-12
10.49756727142729 2.497567271369324 89.99999999768414
4.497567161806849 6.486885605631976 5.859638033974269e-06
4.4975672212820506 5.4868856056247175 5.860469821804218e-06
6.48513995952622 4.4975672024376445 89.99999834215572
5.359538972992674 4.491365197311693 0.7151864897046059
1.5737634664519742 9.727735597189511 26.866816106472413
0.6719887742487024 9.294994840097022 26.8668161054392
2.437005491373536 9.021623793003407 24.525540919527245
1.5352695892795298 8.588902687021221 24.525540919972297
0.6624375795477444 8.092832627787574 24.525540919475997
1.5450620211433217 7.39644678268577 27.404474176648485
2.419979515629606 7.893674196393536 26.760018636780835
3.330618115473211 8.33061811780145 25.597564627556046
0.6740242789668718 6.9038858221740975 27.40447417668437
2.4332961943741074 6.729818910833335 28.896078462967683
3.334780126735962 7.223781252422211 25.59756462868432
0.6788334043282319 5.76697122552543 28.74294828794654
1.562790717215543 6.237551730085858 28.896076471846612
3.318207148916954 6.076029398949507 28.896078414874285
0.5000000000005056 4.588137821197217 5.784500000000001e-11
1.570473121997816 5.094411186198628 29.417456532758067
2.443996609219482 5.581218971271481 29.417458401432405
1.6553404248028112 3.938951215600127 35.24252966770952
2.5467802395445376 4.489941134297832 29.53873270514929
3.4172698738736513 4.982128826858509 29.53873447488894
9.734770564437667 1.5710037211982375 62.01590567160935
9.28770200627959 0.6761521523738147 62.01590777864641
9.025026468793051 2.4380702169669095 66.00967795643851
8.577637698075074 1.5426160098677746 66.00967795634232
8.101180005075843 0.6600982378452083 66.00967795637652
7.4044731738623675 1.5518526662539809 63.44640373527311
7.879849078408281 2.4322057800214547 63.446405547751915
8.32681479881401 3.3268147988083214 63.45234450732914
6.9305457834775615 0.6707756750448682 63.44640373541301
6.7301043097778575 2.4402066853731355 61.91978830087483
7.211432898668575 3.3317834531847925 63.4523459139437
5.786364063713079 0.6762861596119536 61.97876309863345
6.256162860657578 1.55905970206566 61.978760986323614
6.0926050749584615 3.3694037079221175 61.38924204242576
4.676286147798865 0.7189695611714243 61.97876637825906
5.146084933862544 1.60174312047573 61.9787631471383
5.615883800866094 2.4845166866031168 61.97875486840908
3.9956988801173954 1.5686856726904181 61.97876467756716
4.465497653518907 2.4514592202320165 61.978763318010564
4.935296604353367 3.3342327434325005 61.9787548686617
4.17260347987983 4.245103859355898 33.05571077593805
3.309745107584945 3.7376307428528914 33.05571077592306
2.4375314007177367 3.244370924986563 33.06583945807719
3.3069403755534594 2.4030476566313834 61.978766532222714
