110 10.99841389280699495822421294397640798049794320222672110354560689469964
0.5 10.49841389280699495822421294397640798049794320222672110354560689469964 0.0
10.49841389280699495822421294397640798049794320222672110354560689469964 0.5 0.0
0.4999999999999999999999999999999999999999999999998810320657895373825882 0.5000000000000000000000000000000000000000000000001189679342104626174118 -1.363272105529909881921755677402657434449889637515347734287301734451501e-47
1.499999999999999999999999999999999999999999999999835743502505254286861 0.4999999999999999999999999999999999999999999999999263206290738204783151 -8.443033982497979648660800153642290082685290175923812959506459913728881e-48
2.499999999999999999999999999999999999999999999999968455721208896197691 0.5000000000000000000000000000000000000000000000000590328477774623879575 6.764666060573673413702541122098072953169832819551198664130425103555206e-48
3.499999999999999999999999999999999999999999999999968455721208896176326 0.500000000000000000000000000000000000000000000000059032847777462387364 6.764666060573673345695540419935993151109534833711465481784368435147476e-48
0.4999999999999999999999999999999999999999999999998810320657895373837752 1.500000000000000000000000000000000000000000000000118967934210462616225 -1.363272105529909868320359602722779420786536973240146956169759774737012e-47
1.499999999999999999999999999999999999999999999999926320629073820483554 1.499999999999999999999999999999999999999999999999926320629073820483554 -8.44303398249797904828674874488972645998635271683240459410915349884597e-48
2.500000000000000000000000000000000000000000000000059032847777462387364 1.500000000000000000000000000000000000000000000000059032847777462387364 6.76466606057367334569571450117047301626912835613750737418583436938182e-48
0.4999999999999999999999999999999999999999999999998810320646421782796235 2.500000000000000000000000000000000000000000000000118967933063103512073 -1.363272118677676719081240158193196812831804803630446875760293106829565e-47
1.499999999999999999999999999999999999999999999999881032064642178279623 2.499999999999999999999999999999999999999999999999709975120901559481124 -1.36327211867767671908122282934069585021426037456790248496910941987847e-47
0.5000004872057411000000538508345824180833375113260267242999235169219048 3.500000000000000000000000000000000000000000000000180219331815750730204 -2.065163458556575640808647196521184453723919159843613397095372098793949e-47
10.49841389280699495822421294397640798049794320222672110258720280096236 10.49841389280699495822421294397640798049794320222672110258720280096236 2.219867410946660471367819725609765536908411364498808020471288791662735e-52
9.49841389280699495822421294397640798049794320222672110289307644789979 10.49841389280699495822421294397640798049794320222672110032373781362537 3.691990009784972149742204677452586781863419044099673802797625901478306e-52
8.49841389280699495822421294397640798049794320222672110289307644789979 10.49841389280699495822421294397640798049794320222672110742000642257377 3.972394314325602944032382401193307723516464442294736713693154345615271e-52
7.49841389280699495822421294397640798049794320222672110289307644789979 10.49841389280699495822421294397640798049794320222672110742000642257377 3.972394314325602944233424762276246179673942747538870860092058931523853e-52
6.498413892806994958224212943976407980497943202226721108551738916242261 10.49841389280699495822421294397640798049794320222672110094568089573148 -2.979295735744202203656152843464199703908801048747360893171141757895513e-52
5.498413892806994958224212943976407980497943202226721108551738916242261 10.49841389280699495822421294397640798049794320222672110614553289366781 -2.985137492088798680392475462894961546795670312017811172843275758351178e-52
4.498413892806994958224212943976407980497943202226721108714871527942224 10.49841389280699495822421294397640798049794320222672110094568089573148 -2.98513749208879868003925996873767277626401674022710888521916707782362e-52
3.498413892806994958224212943976407980497943202226721108714871527942224 10.49841389280699495822421294397640798049794320222672110094568089573148 -2.98513749208879868070188876401514571152026356962793293525512062275082e-52
2.498413892806994958224212943976407980497943202226721108714871527942224 10.49841389280699495822421294397640798049794320222672110094568089573148 -2.985137492088798679569314880482956618883617416788728251052135736459855e-52
10.49841389280699495822421294397640798049794320222672110450401098843693 9.49841389280699495822421294397640798049794320222672110258720280096236 2.21986741094666047124621374314686997519311969752062702970857334537914e-52
9.498413892806994958224212943976407980497943202226721105798876093805383 9.498413892806994958224212943976407980497943202226721098233601226219594 1.857678517581679026312973212235211313885762979402464808893409751911933e-52
8.498413892806994958224212943976407980497943202226721107338440116723785 9.498413892806994958224212943976407980497943202226721110417568162560589 2.967612223055009257034178372251372607417124249124563796861243464037343e-52
7.498413892806994958224212943976407980497943202226721106614539152305199 9.498413892806994958224212943976407980497943202226721108878004139642187 4.26448213155542668940028139370933323888100631818682738721437463402426e-52
6.498413892806994958224212943976407980497943202226721106940804375705125 9.498413892806994958224212943976407980497943202226721094450963792426699 4.369633745758163235714494082623846828626619358380084495165068340491275e-52
5.498413892806994958224212943976407980497943202226721118625177688714983 9.498413892806994958224212943976407980497943202226721111997915338403982 4.369633745758163235545742942680596693383931958402239422542486281857455e-52
4.498413892806994958224212943976407980497943202226721118625177688714983 9.498413892806994958224212943976407980497943202226721095735633109563909 4.36963374575816323621927477049269820440988128060376932005822997544916e-52
3.498413892806994958224212943976407980497943202226721111467734350379102 9.498413892806994958224212943976407980497943202226721101577819766068838 -2.342544294183186439116679829662706588100067473403751986183055644933568e-52
10.4984138928069949582242129439764079804979432022267211024240701892624 8.498413892806994958224212943976407980497943202226721102424070189262397 1.285186395811224480027592519201202196840609517900139861317210033255974e-52
9.498413892806994958224212943976407980497943202226721102424070189262397 8.498413892806994958224212943976407980497943202226721098712803273088236 1.586549148108894835928570278136761595890337379172252320977009947045241e-52
8.498413892806994958224212943976407980497943202226721102424070189262397 8.498413892806994958224212943976407980497943202226721098325363320300823 1.565590700351855277753241673393910058736285917914277871583049787537391e-52
7.498413892806994958224212943976407980497943202226721102424070189262397 8.498413892806994958224212943976407980497943202226721103627173200549624 1.565590700351855277271288767438647076967207365709719508904233955532922e-52
6.498413892806994958224212943976407980497943202226721104697730964830632 8.498413892806994958224212943976407980497943202226721095694849956638918 4.566149061689118196831441988028967074611858939716978488041617948408024e-52
5.498413892806994958224212943976407980497943202226721104646752023674394 8.498413892806994958224212943976407980497943202226721109357206186510829 4.346266720379777335931306166470668942795933847433694366208271129288556e-52
4.498413892806994958224212943976407980497943202226721103749522659324597 8.4984138928069949582242129439764079804979432022267210957764162624889 3.620224956952088526125281761108599596753569144642384444925247162182137e-52
10.49691746903220100000019140186992647782843152931155570452175661188684 7.49841389280699495822421294397640798049794320222672110077235249580027 -1.876457637252481651012916284731258305597584270829150601752210806136317e-55
9.496470209627045000000051857442916594337449585595318833527911193901058 7.498413892806994958224212943976407980497943202226721102995034330212267 3.406455374435679907807278685756800228832354192802536149014521164751469e-52
8.495973557031030000000029088152419669838051787571506120637206186262391 7.498413892806994958224212943976407980497943202226721101078226142737701 2.249115748939762304059512423177280712396048288896734129871143754161935e-53
7.49544630795909799999989393310533183518152520885738526851083077044277 7.498413892806994958224212943976407980497943202226720894868409165753078 -2.379530313819176191222918823346391341284255287284489478929712768913107e-50
6.494518548909901999999714728156975498793059369612253323610884951769227 7.498413892806994958224212943976407980497943202226721105023996188230559 2.801344842608027851123804854916825113755408482904373704063652094433243e-52
5.493320295224463000000137620892387484348285421768589380856338530933818 7.498413892806994958224212943976407980497943202226721102536223859806121 -1.251503923673090025171667163381009838703537419250185376569017790658888e-52
4.4932797173146609999999230602475597062530399690015887825857958014932 7.498413892806994958224212943976407980497943202226721106961195952167621 3.481110641791460219929254013527511573383226267073589709432572714660854e-52
10.49841389280699495822421294397640798049794320222672110127194611913141 6.49841389280699495822421294397640798049794320222672109551132576847646 4.474785359960899779882354525331680881497051440787394568075367234012387e-52
9.498413892806994958224212943976407980497943202226721095735633109563909 6.498413892806994958224212943976407980497943202226721101149596660356435 1.720454142726610992250133495006406268712710273933333741630426134081076e-52
8.498413892806994958224212943976407980497943202226721095735633109563909 6.498413892806994958224212943976407980497943202226721097774790755813448 1.720454142726610992763490157259047813876060281735846036316236967494964e-52
7.498413892806994958224212943976407980497943202226430311131376960896101 6.498413892806994958224212943976407980497943202227009747717452292845186 -3.332152186101346257215185709647693687015246537013093696205980887317046e-47
6.498413892806994958224212943976407980497943202226414708251556188536656 6.471584241840746499999263339399621248264493667933971278990971802840891 -3.332152186101346257215185119787781751129554699826804951921680965727835e-47
5.498413892806994958224212943976407980497943202226139529494095187521372 6.498413892806994958224212943976407980497943202226721100558240942944068 -3.335642872764587175369357430818896892286543022235960340751884269674486e-52
10.49841389280699495822421294397640798049794320222613948296051770010689 5.498413892806994958224212943976407980497943202227302720480603902505717 -6.664878098247476816008550620336342938942835524441956634757523617740114e-47
9.498413892806994958224212943976407980497943202225557862875022128845283 5.498413892806994958224212943976407980497943202226721101149596660356435 1.720454142726610990993538342889818797654696381825463503749033189150599e-52
8.49841389280699495822421294397640798049794320222555790883763547530989 5.498413892806994958224212943976407980497943202226721051812177409348841 5.44451691316391461954142685592564859764012174157932947926173421614233e-51
7.498413892806994958224212943976407980497943202225848742524416169204099 5.498413892806994958224212943976407980497943202227009747717452292845186 -3.33215218610134625721518910109059570696707643988542033032515482061042e-47
6.482766457769380999995207826397614070401687058620154857635498046875 5.4655148398880024466312108105758849063704474247060716152191162109375 -0.7132343984991917676377488624078718340355631248338628133024928713426576
5.465325301962559000000069411540436515651142368779489727613747555224659 5.498413892806994958224212943976407980497943202226721103158166941912231 -3.248016527595640051623764369570571192794915459701808221682733060079392e-52
10.49559776322911000000012494871878733494069155012776595126100855487947 4.498413892806994958224212943976407980497943202226722530537931951895728 2.113533675701481936331166546816753405566282074406110064276164720019542e-49
9.495280520957443999999951727110629364726390055689651922331929882488425 4.498413892806994958224212943976407980497943202226721100986464048656472 1.210190566445637356078621113759338942812754802779547870623225436589457e-52
8.495272429296130999999976838942848515124416670471174099665962421764721 4.498413892806994958224212943976407980497943202226755163442835377279418 3.938818715104750119612979390052569568095636033610421423220826939461034e-48
7.492507049972994017259421959963550108341223676688969135284423828125 4.495665850742233756489633518413473467489893664605915546417236328125 -0.3176564409746917676377488624078718340355631248338628133024928713426576
10.49841389280699495822421294397640798049794320222672117699606531260803 3.49841389280699495822421294397640798049794320222672062459845473183919 -8.416802541294601055486390570077424248486027674238069535755033110113091e-51
9.498413892806994958224212943976407980497943202226721176996065312608035 3.498413892806994958224212943976407980497943202226720758102105831796503 -8.377861317035294833977942157650980885615060690305014430379358956062064e-51
10.4984138928069949582242129439764079804979432022267214356530169511308 2.49841389280699495822421294397640798049794320222672117520160658390844 3.807600789333202797727017973222558598540096409080030666236951238439195e-50
4.498413892806994958224212943976407980497943202226139529973297234390014 6.498413892806994958224212943976407980497943202226721106380036022986502 -1.850514113483309480346011445684146782011859591945529554332437513318843e-52
4.461289945351018370381861302139283874757823517754775565554624390010682 5.494363150046286480235726665894653675592606988833948519944483918775224 0.4639093490730648426290621499690967404848060170404376485745195443694983
6.468481793426362418659620755066719468889404459433464782355812682847761 4.463484134440407338561368043274479931505505545982303205987811451511268 -0.4794513175991261685797303778910664951212972443971048097040094807304632
5.464572486516364037511562017995420349479117852352503113721709003471957 4.498413892806994958224212943976407980497943202226721106675713881692685 -1.420391798727591835240286440843230185899784434799538606303045619834515e-52
1.574157636969189458912824931206229914490305480936451194479422059016515 9.729694419647419655370217076939296984256062501579934636087656974380687 26.98633690578310586464757514867132237185171717525487759000002386335318
0.6724463861159994166803914827616772240760667626195189799729717007791857 9.296725457415580489335975355501452725955673192274600151693139881663978 26.98633690578310586464757514867132237185171717525486333027278670335791
2.437900529241260999123093147049327142181574775308194166845815789922585 9.02311492284256067505190329054979099175849230543254566421252062879767 24.45548632762781827553441407336309171991581870552892338579304546037196
1.536238996495378018690756148103787020899838971595850901023688355195208 8.590171278319402509121114182151159875971539248877770478983876860476867 24.45548632762781827553441407336309171991581870552898026463787025840961
0.6621346675210869483804388714059507344076690502209613113786008724220313 8.096634161312669832428135560739905750042342359062624535200023370685396 24.45548632762781827553441407336309171991581870552909416953977973831606
1.545353390169978619809128287356151439268064981792269242636730779260446 7.399919621930702735997010029065493154607685336076404612177777271488708 27.32206281567060016612323487883108153259006456552018251429115208911993
2.420192118321822161347759124069399185799904089033301750757671696423081 7.893895593241012023170748469903620284934059791220176087865034834241359 26.86495360855560851473288604477069595670715189104610208609303898169323
3.33139261744434014385202901359768260989190232894847702022245328775892 8.331392617444340143852029013597682609891902328948476560841018740662794 25.61516378560730889815872767833240617504606904946625894385749751941712
0.6737161271888078588152378352464565037042809235581182977927315917899196 6.908402876497069005319277902116146862616973773028128939254591394000231 27.32206281567060016612323487883108153259006456553488361893398187780426
2.426569375415316152285429700670674143448108099332766796982531183321936 6.728586769086927836077231715489655395458231251927688437792757505998861 28.93730223541037849932022880607183316669094923045227879735425632695786
3.331392617444340143852029013597682609891902328948203277623330963831399 7.222398625003727989738438893655026726399395987536849550634523800221979 25.61516378560730889815872767833240617504606904946003293474395424801775
0.6805935916619494792598940909965158445971158378792501821334935175707042 5.74686353412874500000006617445137082492965282097912092761473083676072 29.26044158578162917294157902302297398470148491377813013697297486704752
1.55311857453801495697415693276742046886018034800353144029833040353233 6.235783855309328347782981806463442258283617301924149182419849487163393 29.26796751045384096118893569958326062030952595384854499765662299670255
3.277197601698519873300522413554940552475392245999544149596090876972158 6.056219952158178019171357961386487522329117632388416780804673678681964 28.93730223541037849932022880607183316669094923041307573324711497331108
0.5 4.499999999999999999999999999999999999999999999999999999997705281769886 0.0
1.530229716064895217138542396451738787374138923402614305610373386103476 5.076617621300912068280617757338490757308137185704288430328872654299383 29.26796751045384096118893569958326062030952595376523766858305937669664
2.402572452421730553955387200913129286899756809449196452281311779216492 5.565512446723997187511621756063193216307095671638526203447935896953569 29.2679675104538409611889356995832606203095259538007657118142455420383
1.680618780889960228023924401593046479262288185991019355632278024589704 3.953447156595065385163583675738385398704758490948579390333100423999754 29.26796751045384096118893569958326062030952595396125557351177299441107
2.526896562796507287499639876772908325321422590225010059736810012178858 4.488850090727429355784348573382462977392050219366423743851103133615914 29.26796751045384096118893569958326062030952595391715116834319845773655
3.399239299153342624316484681234298824847040476276130579482602687294814 4.977744916150514475015352572107165436391008705298459152976276385859009 29.26796751045384096118893569958326062030952595380566584713716920035361
9.741696475459886784537924102067355759862904034595438468023539404887147 1.569017535761483376704082023911400852407340503208347648375412692266511 -28.93935861027382112750489152762513599275291279432788085591079711139963
9.283814842368127803726255260189605922973587158238675450135667363848456 0.6795079971035361219165112970798443356346485274464560647154528546127237 -28.93935861027382112750489152762513599275291279494533382639058971393387
9.029118179918142263295756082551074363770856063227802624946913749131262 2.439699620047586923110169281421565976339730391206742697288060740256285 -23.52995070448699782136780024407680778515939200802093745431449258260557
8.570433357861952688597538536921151994886547696408528837294591766235483 1.548737466443434314147491973352064107300910229625086681674042037016396 -23.52995070448699782136780024407680778515939200811404544192652480044804
8.111140775720713234785810358130080914985887027266581481699073953964394 0.6580399522955713928500124662386096323387780211401056857914622284572421 -23.52995070448699782136780024407680778515939200819398354971185509274041
7.408830226769248532914995588665321961001743113827219749766116509158072 1.546974847599264292738654750455496698699805650174189855958603865718049 -27.2781189646485253350684466372822863340707290182661460789112250099306
7.867140388351035028557448356453173874418956245941343876695642018895896 2.435767171930925447803090646073057436061470034624669349774515369085285 -27.27811896464852533506844663728228633407072901956965790547967605972509
8.324862649850271132870768612273701655108504443926053873860005697449106 3.324862649850271132870768612273701655108504443926053873860005697449106 -27.27811896464852533506844663728228633407072901950595244027144348962235
6.920715794543862628465341286610175445603803872623261291258464437625729 0.6735512429567238253534443317026905424443002499459580787665894698200847 -27.27811896464852533506844663728228633407072901827104649931185828455388
6.742571957968185934239792627791973522362596962007348491150290393038073 2.43684114089622372865353536511228319563355019884808361083140247580892 -27.27811896464852533506844663728228633407072901824654439730869191143744
7.200048495451762333308237297157102379414771905324223795144060593416963 3.326705559926228522567388926900691214320471234335869560169614960098436 -27.34356649728052310166756582007702800448187337543125691225807440310679
5.79520063783772721822048884238922982257551997057850043741071148215437 0.6726397881526147004855049295585992359611428249171349719375188073756768 -27.02562955833238884612200318946858123483851045823826077547007310353944
6.254457525742800029790138325736827006964657720808543123003696074711489 1.563417536253683261268324946359477039378044798653435122221696518204711 -27.27811896464852533506844663728228633407072901824654439730869191143744
6.0733812880640504730848540686390688105119236142861122372543868824063 3.325817705085123511755591464042013751318769374675729785825002740605815 -27.02562955833238884612200318946858123483851045825828217558245276956219
4.672596187721871446468621479934430881755904580611385464478379673151114 0.6725961877218714464686214799344308817559045806114116236898951265861073 -27.02562955833238884612200318946858123483851045822355373092939212915941
5.126985207225086369167244500685041986966889248023337003234440864015562 1.563399543662399416707241419052681540056729074422199716358661867844498 -27.02562955833238884612200318946858123483851045823938167999396158595293
5.585194678820868548410160368047359966657973674065797538095646693087473 2.452254128901937191365317344617519098155666899730399874365114331191917 -27.02562955833238884612200318946858123483851045825828217558245276956219
3.999121301505850558994536030758118289195630378196633260507270733332704 1.563034588849851428237573362250029279391955564232715549207234971917506 -27.28212644815171945145388434741284241354331944413427832006535750211405
4.457493627462972414183506397975573817051343459033104196765583486231655 2.451794855061532402450109544825566183539738553295599876254249034580332 -27.28212644815171945145388434741284241354331944341881843706252362381164
4.932165452445855046935561624522069909583890910901118271886608055905882 3.372239956206293674870322222222729089633089882557492510496200377619987 -31.52618385060668218428453019655701141322706851200317853507301975130111
4.25772894628037631947742900709383885990685728067016359684347065028515 4.265864131247705010365993340843445531430001312575013482419265960345736 43.43654520604928149344665795607061121797367169272821364885932127960662
3.400569391761365682649775521930569622544755224783498123157377849448255 3.712825678029868059031272699802064071128265048932132551605300634892043 42.95233548695575634867487869561064895845106965450094846993925357435775
2.49975977626156832503102154617894971802947205293747134218581946499198 3.201485387070960329411390878998914021555599496474267857696657734729626 43.846669578853410691024937395655601568225049580548899072042538226247
3.307638956532546643846186804081655301824025859619173870818505001116339 2.403918615161912292245065635897382683205959804828275153911717318861434 -27.28212644815171945145388434741284241354331944341881813796459878047212
