110 10.99796436368636113344767101054807943387592642357561947109662342180872
0.5 10.49796436368636113344767101054807943387592642357561947109662342180872 -1.400800776258689844673598763684318648934782736433649744034496715580976e-79
10.49796436368636113344767101054807943387592642357561947109662342180872 0.5 0.0
0.5 0.5 0.0
1.5 0.5 0.0
2.5 0.5 0.0
3.5 0.5 0.0
0.5 1.5 0.0
1.5 1.5 0.0
2.5 1.5 0.0
0.5 2.5 -2.983875788986253901721418010636757709325514149263856078034481237520176e-80
1.5 2.5 0.0
0.5 3.5 0.0
10.49796436368636113344767101054807943387592642357561947109662342180872 10.49796436368636113344767101054807943387592642357561947109662342180872 8.843845746818834435483311842649501462488627740268966362251822865204588e-80
9.497964363686361133447671010548079433875926423575619471096623421808718 10.49796436368636113344767101054807943387592642357561947109662342180872 0.0
8.497964363686361133447671010548079433875926423575619471096623421808718 10.49796436368636113344767101054807943387592642357561947109662342180872 1.104793730925754324667442405885951714745835631395186963273142550051133e-79
7.497964363686361133447671010548079433875926423575619471096623421808718 10.49194783687747105559812896046214620434145933223042491129752954086271 1.130190944370074776723564807540826651396344239958378577236684316421329e-79
6.497964363686361133447671010548079433875926423575619471096623421808718 10.49796436368636113344767101054807943387592642357561947109662342180872 9.680933983750043050924183276817882080019242943871434956142268175964461e-79
5.497964363686361133447671010548079433875926423575619471096623421808718 10.49796436368636113344767101054807943387592642357561947109662342180872 1.441821285771384169604787421794806323049463750586465261526606706696274e-79
4.497964363686361133447671010548079433875926423575619471096623421808718 10.49796436368636113344767101054807943387592642357561947109662342180872 3.769603358189554464897895598707848329457862354024956182843338737309109e-79
3.497964363686361133447671010548079433875926423575619471096623421808718 10.49796436368636113344767101054807943387592642357561947109662342180872 3.929150152263953267054854334973274691891521269783597719441857735643147e-79
2.497964363686361133447671010548079433875926423575619471096623421808718 10.49796436368636113344767101054807943387592642357561947109662342180872 2.419073096584645969768226994567558962953713556925895956934901969660219e-79
10.49796436368636113344767101054807943387592642357561947109662342180872 9.497964363686361133447671010548079433875926423575619471096623421808718 4.671260619799227518299732501802396758401571217864300563802364049394628e-80
9.497964363686361133447671010548079433875926423575619471096623421808718 9.497964363686361133447671010548079433875926423575619471096623421808718 1.708807963197962013388687764219252953665397017088652799149636697538215e-79
8.497964363686361133447671010548079433875926423575619471096623421808718 9.497964363686361133447671010548079433875926423575619471096623421808718 7.145019003645417019497586000350298677347076454487191709386395731977924e-79
7.497964363686361133447671010548079433875926423575619471096623421808718 9.491947836877471055598128960462146204341459332230424911297529540862709 7.571327315242226649887908905107120182998460863047481691558114734399683e-81
6.497964363686361133447671010548079433875926423575619471096623421808718 9.497964363686361133447671010548079433875926423575619471096623421808718 3.148871503266249757095276624005878457477302290541768473360326078861194e-79
5.497964363686361133447671010548079433875926423575619471096623421808718 9.497964363686361133447671010548079433875926423575619471096623421808718 2.85948025013206114711310416641288179239559191159924984294715024945204e-79
4.497964363686361133447671010548079433875926423575619471096623421808718 9.497964363686361133447671010548079433875926423575619471096623421808718 -2.351542799157378950532470142579607704756710523135715549501327118726428e-80
3.497964363686361133447671010548079433875926423575619471096623421808718 9.497964363686361133447671010548079433875926423575619471096623421808718 3.624159126964428271288515945481956564870221757757350201105089857229983e-79
10.49796436368636113344767101054807943387592642357561947109662342180872 8.497964363686361133447671010548079433875926423575619471096623421808718 7.446993861449136725271637120648850143613165823184825101614355557441542e-79
9.497964363686361133447671010548079433875926423575619471096623421808718 8.497964363686361133447671010548079433875926423575619471096623421808718 2.010782821001682792123923564738516565501243993442871973790582179949113e-79
8.497964363686361133447671010548079433875926423575619471096623421808718 8.497964363686361133447671010548079433875926423575619471096623421808718 1.40378007123285453183130491875255742552573164451681394719369158854955e-79
7.497964363686361133447671010548079433875926423575619471096623421808718 8.491947836877471055598128960462146204341459332230424911297529540862709 -7.375667650106209033112821246041468423554448740648940738861160274293899e-79
6.497964363686361133447671010548079433875926423575619471096623421808718 8.497964363686361133447671010548079433875926423575619471096623421808718 2.706496276052358917419695540307126340386466377867774832630479029195939e-79
5.497964363686361133447671010548079433875926423575619471096623421808718 8.497964363686361133447671010548079433875926423575619471096623421808718 -3.190822482901024444465185121306109247472140779135341127427042118994374e-79
4.497964363686361133447671010548079433875926423575619471096623421808718 8.497964363686361133447671010548079433875926423575619471096623421808718 1.29559709391066207014852644150454364497824642293387737248653171127051e-79
10.49796436368636113344767101054807943387592642357561947109662342180872 7.497964363686361133447671010548079433875926423575619471096623421808718 7.313411533546520643172517359812053315103270014591896035316587729482789e-79
9.497964363686361133447671010548079433875926423575619471096623421808718 7.497964363686361133447671010548079433875926423575619471096623421808718 4.108168180983916138045698476250521559875542486958970945543751809145481e-79
8.497964363686361133447671010548079433875926423575619471096623421808718 7.497964363686361133447671010548079433875926423575619471096623421808718 1.40378007123285506831189725886291349831061044834510683840018441702319e-79
7.497964363686361133447671010548079433875926423575619471096623421808718 7.491947836877471055598128960462146204341459332230424911297529540862709 -6.95102920149195605919091712771509582061611370711631017203172795182281e-79
6.492420041985373043365781163699632438960383877284774399748987471186453 7.497964363686361133447671010548079433875926423575619471096623421808718 2.801749711255529200450087497938090934531189413227562039269402995360853e-79
5.492420041985373043365781163699632438960383877284774399748987471186453 7.497964363686361133447671010548079433875926423575619471096623421808718 9.398268501447679893812926175662066730170697582549236109918341851388095e-79
4.492420041985373043365781163699632438960383877284774399748987471186453 7.497964363686361133447671010548079433875926423575619471096623421808718 1.321215343214618314957869975478169308208634609714864986294955573196479e-78
10.49796436368636113344767101054807943387592642357561947109662342180872 6.497964363686361133447671010548079433875926423575619471096623421808718 3.769640224855136950688940054683225730576228214570547516462515967884611e-79
9.497964363686361133447671010548079433875926423575619471096623421808718 6.497964363686361133447671010548079433875926423575619471096623421808718 7.586809343392044392212972244734956356970891664190699792765106655330273e-79
8.497964363686361133447671010548079433875926423575619471096623421808718 6.497964363686361133447671010548079433875926423575619471096623421808718 9.419396508129812122715348764643933106978511658781421461869886275537321e-79
7.497964363686361133447671010548079433875926423575619471096623421808718 6.491947836877471055598128960462146204341459332230424911297529540862709 8.497028503403961472298221443710325873631647025307566635589189233933662e-79
6.497964363686361133447671010548079433875926423575619471096623421808718 6.497964363686361133447671010548079433875926423575619471096623421808718 1.42022183946499951557889987692708242004961761304930020348685933536936e-78
5.497964363686361133447671010548079433875926423575619471096623421808718 6.497964363686361133447671010548079433875926423575619471096623421808718 1.179065077894377458297510134806085578480443123213174106142111350193189e-78
10.49796436368636113344767101054807943387592642357561947109662342180872 5.497964363686361133447671010548079433875926423575619471096623421808718 3.179092673154358821264536848756868910013447391546772415077150677019161e-79
9.497964363686361133447671010548079433875926423575619471096623421808718 5.497964363686361133447671010548079433875926423575619471096623421808718 4.172585127019641117821341022882304344123080266458337612863376631004515e-80
8.497964363686361133447671010548079433875926423575619471096623421808718 5.497964363686361133447671010548079433875926423575619471096623421808718 8.122694914062975938487986416448570293786404777427805873051667735896204e-79
7.497964363686361133447671010548079433875926423575619471096623421808718 5.491947836877471055598128960462146204341459332230424911297529540862709 1.193440426079895212687642024218966610965808702740467384200289810301045e-78
6.497964363686361133447671010548079433875926423575619471096623421808718 5.497964363686361133447671010548079433875926423575619471096623421808718 1.135951838369482203712873058145225079878092619854652642709091343252857e-78
5.497964363686361133447671010548079433875926423575619471096623421808718 5.497964363686361133447671010548079433875926423575619471096623421808718 1.121355201111776356339361893377125527793034683138637244259175961999661e-78
10.49796436368636113344767101054807943387592642357561947109662342180872 4.497964363686361133447671010548079433875926423575619471096623421808718 3.10758374181676495960898838121549901667805404280808610097848295191855e-79
9.497964363686361133447671010548079433875926423575619471096623421808718 4.497964363686361133447671010548079433875926423575619471096623421808718 -1.867280695710605461088680179508536028883157504568699568562874016378703e-80
8.497964363686361133447671010548079433875926423575619471096623421808718 4.497964363686361133447671010548079433875926423575619471096623421808718 8.122676480730187914476018229123018029936494670124767553481036091450294e-79
7.497964363686361133447671010548079433875926423575619471096623421808718 4.491947836877471055598128960462146204341459332230424911297529540862709 7.979653702413126681442273623246848064421562913348301294830309303555903e-79
10.49796436368636113344767101054807943387592642357561947109662342180872 3.497964363686361133447671010548079433875926423575619471096623421808718 6.199200701180992492075876174019709234370491771481649094233003321279029e-79
9.497964363686361133447671010548079433875926423575619471096623421808718 3.497964363686361133447671010548079433875926423575619471096623421808718 -1.430362960079742007744389080728028274010844606500926720140985297724657e-80
10.49796436368636113344767101054807943387592642357561947109662342180872 2.497964363686361133447671010548079433875926423575619471096623421808718 6.083963129614730149850967270313128054410711617449097964846481631854668e-79
4.497964363686361133447671010548079433875926423575619471096623421808718 6.497964363686361133447671010548079433875926423575619471096623421808718 1.136288508200110057341032736606139248258624230029914827630338168845845e-78
4.497964363686361133447671010548079433875926423575619471096623421808718 5.497964363686361133447671010548079433875926423575619471096623421808718 1.136287586533470320840064114670889089575579472272079854647748568827525e-78
6.497964363686361133447671010548079433875926423575619471096623421808718 4.497964363686361133447671010548079433875926423575619471096623421808718 1.128521508927126971821511685675693497120961246110248778373323303888335e-78
5.367563017442704143433054873410662812399691992976690515359952288548032 4.497964363686361133447671010548079433875926423575619471096623421808718 6.780545024023909732635018312822007268101590772455846136822695491089356e-79
1.57288579962780340265225705166581004441060438969722046418270378528618 9.731487551094437960492429433617832277309218552992551408762462013733251 27.36674164441042411816774313224096171600442018157327021159744940780898
0.67388336287079121285905409277807400924542207940936258801525458039961 9.292900106633092995731357081163020112165525357759017205468142098978436 27.36674164441042411816774313224096171600442018157327021159744940780898
2.437866809644419743925826436298290265345347673386392214732696618922482 9.023665377302699476542803205679938964525307559869695893744833249661985 24.27706694837042615700659356230039641299123901602494745573435651717524
1.538710331920994847802994421674605568945376631531175216666637708522084 8.584998198995076016751622227334879005681707030695543135430760426712031 24.27706694837042615700659356230039641299123901602494745573435651717524
0.6613587225542211324636468784761942644365266896136326770471148754346384 8.09798700726758611345300646617702430613263537822941721821911860238093 24.27706694837042615700659356230039641299123901602494745573435651717524
1.545242415231650615898793563419146767771615458052560296075214816184006 7.399945648194545785759853600605957819341005573622168010639192344237161 27.38804379795318806795906034288226768268447006115036171887728862398305
2.41989236888281551408728536612141024524413355912728326506507456178957 7.885557149781292640734769992283190783332751234502430586534943095354956 27.38804379795318806795906034288226768268447006115036171887728862398305
3.329430989983198247658343900030744173622453601644948680459083590088666 8.329430989983198247658343900030744173622453601644948680459083590088666 25.98775305934122769810137471028551150935328349972895195371048725417464
0.6739629539232023846979646812455006121933094442284219278919393773201336 6.907828485363888035723405040444547872218980849813365173744787567374915 27.38804379795318806795906034288226768268447006115036171887728862398305
2.430885094193732094881544426672599211738166732113079047087893873356108 6.732011285191190349963792912419077255716857635292108923576250114275161 28.45368153011163924637064602753975900314330823242147778643114737765561
3.329430989983198247658343900030744173622453601644948680459083590088666 7.216945003612423366173733425357476192837184909321403786777196896069143 25.98775305934122769810137471028551150935328349972895195371048725417464
0.6778253626619931881212289389367595471259025092045699925487615372832333 5.769250956953105627647054657270174421412189493830288154313783375183595 28.45368153011163924637064602753975900314330823242147778643114737765561
1.56004475431050768309977744445983760034584638152698047038039911239532 6.240132086401300280887105104566277666633346536341587368527607276912042 28.45368153011163924637064602753975900314330823242147778643114737765561
3.320139001024367945326442071611319886750023914371049478547861884525485 6.076512046407862915088528707601054378225252885312196026137248490933476 28.45368153011163924637064602753975900314330823242147778643114737765561
0.5 4.591425594291112439525825718333414874286286984625718161765021837900362 -2.341763244717658525904472412448066619452560670692822101527554894803284e-80
1.571005521216182498688465570095583818308327764047570939680706174109169 5.094183095966413060992914890325243117551241366870995623301812918237579 29.15611021003155929703717632346530799880744747855751959821152298563907
2.444301053250320461470300333424918581992516038502991929573595708976238 5.581373935093353044612766638912952960501555221318444766318059207520358 29.15611021003155929703717632346530799880744747855751959821152298563907
1.650952875231241470940569523213442980146746485211468012233865896553676 3.923297755902210087828416384406537135984510871769727776624882383587823 33.56568797323333581720663968945075028475514312298223384655135987609061
2.525124442881340447097870998611743973812974477018079856355627824283658 4.481375653014625940113178325406533390190756117670243967248107064898844 29.15611021003155929703717632346530799880744747855751959821152298563907
3.40255873666286210431908705897044448370594606380711920250494885788157 4.971298081879222623378759194274339604737798285144858644575622268112486 29.72562449150323634981067075032901540306858546781638346505987429878567
9.734454763760727724547204136308473136028718677442725704751114996764753 1.571685827208397544451270469801860549928898192386835712098528055923682 -27.84159734894521870678485388138241516517193042910296581929574553333241
9.289783012098777006748291336536771708223334059675017497780131232683876 0.6756354365239917883100180150951075958423918348422659759102036057442058 -27.84159734894521870678485388138241516517193042910296581929574553333241
9.025117008568108558969949331342199761568812718987597666393920407143197 2.438314122389094778990870907695175077541122407345325812708935554371728 -24.05033494223780336259712266851114138893766260620240949837964925423143
8.580203446965301649460886999707858468906186472281104267526882815931763 1.541805904327604874483135208746361456333755740425106118076340296912021 -24.05033494223780336259712266851114138893766260620240949837964925423143
8.101531553057248082534087072848094450480153762654981867455411833131839 0.6603634140136961113186046026807126395291735727179545478932507632531624 -24.05033494223780336259712266851114138893766260620240949837964925423143
7.404533387733360038667095121425806064784259926504597606013137519100636 1.550378048775796961891113652788729154974308412048185021827960147310133 -26.71223777779542436365189708647749715922634796407989769368565184450962
7.882064155942279379228429354296508468927725928832060746688795370250602 2.42955286993964345693853834788890682132681730695212028825169575574144 -26.71223777779542436365189708647749715922634796407989769368565184450962
8.327826559865698321641768293386455866326881563082695692727083413218657 3.327826559865698321641768293386455866326881563082695692727083413218657 -26.3909415595465733362698394881178667077875181642131105331056415836291
6.926626293462602971843837322571054164636402334784279226149403708139946 0.6713926006253837596076450748297319057724856259464151986768087916810393 -26.71223777779542436365189708647749715922634796407989769368565184450962
6.730611439586058595518399667178454919640447126417368259931903641665678 2.436526646024596086183364443535534798256296173713503853943450320287989 -27.86654638898891719478676429104717050478564019293564500335535636484999
7.211483577990359420327942028687254713716277904717600320771041600860118 3.327826559865698321641768293386455866326881563082695692727083413218657 -26.3909415595465733362698394881178667077875181642131105331056415836291
5.782020801068829661644126596834335059255479412567865320556209981933382 0.6757262087741807893802093944672148987603436090218199477081723632737214 -27.86654638898891719478676429104717050478564019293564500335535636484999
6.252908830113575777707764827914265226968797922392994571033739295678344 1.557927948335011533612101016761078081386572491481911563357917002643049 -27.86654638898891719478676429104717050478564019293564500335535636484999
6.095651900843465040274466909997391732417589338226440232880063659722006 3.374107866210805631828275257718741448683454935545240027559634037815515 -28.74481173457996228416359901945636044770396246260708611886675805546319
4.675726208774180789380209394467214898760343609021819947708172363273721 0.7227782617725593972194471738235720740938195950080174797412875506078265 -27.86654638898891719478676429104717050478564019293564500335535636484999
5.143139934063400368018224331266028552205681768596177014713789654691295 1.606816954031701397341851025959188218169168653477300308152014985737696 -27.86654638898891719478676429104717050478564019293564500335535636484999
5.616164272862488076945624231994656341876289026616118459820630083186743 2.492585282967560624415706119173701298502821679309361485598884999142537 -28.3442753945873139523353127586214275965033509308332823916191465481404
3.99231599518787302723641765749943483065464451035820340977742166534896 1.569648832934516649201561965365824371785635099372737236177581491468488 -27.86654638898891719478676429104717050478564019293564500335535636484999
4.459729720477092605874432594298248484099982669932560476783038956766533 2.453687525193658649323965817501440515860984157842020064588308926598357 -27.86654638898891719478676429104717050478564019293564500335535636484999
4.935873399521357424893939046945128799545153737579821005480737468256667 3.337773481145155537966087091710237232776139277975878821953322008991788 -28.3442753945873139523353127586214275965033509308332823916191465481404
4.174490446028201048862933918267321041802329396734130445379529724732545 4.244546140985486771265075257020153204170522365735409527165513221767016 33.56568797323333581720663968945075028475514312298223384655135987609061
3.314369529450008999777496409519528264056058456557860303668110142148042 3.732146307764318498336169864383870404402502534071020848681992545581482 33.56568797323333581720663968945075028475514312298223384655135987609061
2.437456064458306432139241555613524305486806010950799169140643046514099 3.245054159288714828103456729450133900156050241471052644453358605179942 33.56568797323333581720663968945075028475514312298223384655135987609061
3.303013530788640526498169911034679143645648672614739326480991647667977 2.405375149186334675911624914299583494884917323858912797883030899472708 -27.86654638898891719478676429104717050478564019293564500335535636484999
