110 10.99796787986905580211798863594385880771724296390838524192695281892231
0.5 10.49796787986905580211798863594385880771724296390838524192695281892231 0.0
10.49796787986905580211798863594385880771724296390838524192695281892231 0.5 9.048491471824978112653767683938817313012183582456647579121923135922137e-80
0.5 0.5 0.0
1.5 0.5 0.0
2.5 0.5 0.0
3.5 0.5 0.0
0.5 1.5 4.073430406968577911401514897564679880286417326406047827146917240283529e-80
1.5 1.5 -2.560404382907361401560537498666893718788501663031245181651355027164773e-80
2.5 1.5 -1.657941481897112965069254202895544538004353558677339063811706569478121e-80
0.5 2.5 0.0
1.5 2.5 0.0
0.5 3.5 3.81722441922228614594801654351859340620862166617842825930141123615109e-80
10.49796787986905580211798863594385880771724296390838524192695281892231 10.49796787986905580211798863594385880771724296390838524192695281892231 0.0
9.497967879869055802117988635943858807717242963908385241926952818922309 10.49796787986905580211798863594385880771724296390838524192695281892231 0.0
8.497967879869055802117988635943858807717242963908385241926952818922309 10.49796787986905580211798863594385880771724296390838524192695281892231 0.0
7.497967879869055802117988635943858807717242963908385241926952818922309 10.49374911247261000000000000045528908764282053001949354886825968826697 -3.512918636888097108967492013594930647262470153688912363985019618373758e-80
6.497967879869055802117988635943858807717242963908385241926952818922309 10.49796787986905580211798863594385880771724296390838524192695281892231 -7.06583595663365275135635096024131320610655833734152966339753856279478e-80
5.497967879869055802117988635943858807717242963908385241926952818922309 10.49796787986905580211798863594385880771724296390838524192695281892231 -1.310607044601970194746418588682345128164445096048895309240520796831357e-79
4.497967879869055802117988635943858807717242963908385241926952818922309 10.49796787986905580211798863594385880771724296390838524192695281892231 0.0
3.497967879869055802117988635943858807717242963908385241926952818922309 10.49796787986905580211798863594385880771724296390838524192695281892231 -2.33187057290974563614122246765829285113751468798789434758963066062376e-79
2.497967879869055802117988635943858807717242963908385241926952818922309 10.49796787986905580211798863594385880771724296390838524192695281892231 -2.216642218009880793046147868331802276204401812490766170830628178501015e-79
10.49796787986905580211798863594385880771724296390838524192695281892231 9.497967879869055802117988635943858807717242963908385241926952818922309 0.0
9.497967879869055802117988635943858807717242963908385241926952818922309 9.497967879869055802117988635943858807717242963908385241926952818922309 0.0
8.497967879869055802117988635943858807717242963908385241926952818922309 9.497967879869055802117988635943858807717242963908385241926952818922309 0.0
7.497967879869055802117988635943858807717242963908385241926952818922309 9.492057581465857999999999999934088371580031997248953024238209839048858 -2.448128016882937334231830063045011380570530271158549612111462193801533e-79
6.497967879869055802117988635943858807717242963908385241926952818922309 9.497967879869055802117988635943858807717242963908385241926952818922309 -2.633900730711840277683173037168211582847130156117573745460965196016321e-79
5.497967879869055802117988635943858807717242963908385241926952818922309 9.497967879869055802117988635943858807717242963908385241926952818922309 -3.25108159691444151026146902793746115533604715289184993708569220692472e-79
4.497967879869055802117988635943858807717242963908385241926952818922309 9.497967879869055802117988635943858807717242963908385241926952818922309 -5.919219746952595979920240205745729681143526550699899787732344844884469e-79
3.497967879869055802117988635943858807717242963908385241926952818922309 9.497967879869055802117988635943858807717242963908385241926952818922309 -5.719047348846996876313473147858730330203380742687936007083328587869358e-79
10.49796787986905580211798863594385880771724296390838524192695281892231 8.497967879869055802117988635943858807717242963908385241926952818922309 5.147882926607720980418694448087939903555765625346709809252040020683026e-80
9.497967879869055802117988635943858807717242963908385241926952818922309 8.497967879869055802117988635943858807717242963908385241926952818922309 0.0
8.497967879869055802117988635943858807717242963908385241926952818922309 8.497967879869055802117988635943858807717242963908385241926952818922309 0.0
7.497967879869055802117988635943858807717242963908385241926952818922309 8.491952112715768504166780182282878660700645137496217658528640140859335 -7.592826800739504992564528683273077571859395393921353099450852807682206e-80
6.497967879869055802117988635943858807717242963908385241926952818922309 8.497967879869055802117988635943858807717242963908385241926952818922309 -2.633909947378237106212266916410357096892698929867630584080368367725886e-79
5.497967879869055802117988635943858807717242963908385241926952818922309 8.497967879869055802117988635943858807717242963908385241926952818922309 5.937692775994092422532129373742098937092421470051544970127606159972659e-79
4.497967879869055802117988635943858807717242963908385241926952818922309 8.497967879869055802117988635943858807717242963908385241926952818922309 6.426432570034457831520234987917632940662011159351259576229242322709669e-79
10.49796787986905580211798863594385880771724296390838524192695281892231 7.497967879869055802117988635943858807717242963908385241926952818922309 -3.713412716575054481675321581760489373767132603123388794716212724895871e-79
9.497967879869055802117988635943858807717242963908385241926952818922309 7.497967879869055802117988635943858807717242963908385241926952818922309 0.0
8.497967879869055802117988635943858807717242963908385241926952818922309 7.497967879869055802117988635943858807717242963908385241926952818922309 1.33415078658865434256423597292133109230226424862144928449734743380941e-79
7.497967879869055802117988635943858807717242963908385241926952818922309 7.491952112715768504166780182282878660700645137496217658528640140859335 1.239571036311304558689176457201730358243604022353799169481060671408809e-79
6.492527406414289999999999999707519891392057180979331984096388232111616 7.497967879869055802117988635943858807717242963908385241926952818922309 1.762553481638795095093933917535635298004292044270355102976327707670915e-80
5.492421937664186483164483809363014582520903859604161970870835576612606 7.497967879869055802117988635943858807717242963908385241926952818922309 6.480657691105073584912233127964167356773839020747113305250072792152274e-79
4.492421937664186483164483809363014582520903859604161970870835576612606 7.497967879869055802117988635943858807717242963908385241926952818922309 7.042751439483617001475986801582380117895748545740103174881548166737695e-79
10.49796787986905580211798863594385880771724296390838524192695281892231 6.497967879869055802117988635943858807717242963908385241926952818922309 0.0
9.497967879869055802117988635943858807717242963908385241926952818922309 6.497967879869055802117988635943858807717242963908385241926952818922309 0.0
8.497967879869055802117988635943858807717242963908385241926952818922309 6.497967879869055802117988635943858807717242963908385241926952818922309 1.334173828254644643736774021468232396047134172806313445338885007414074e-79
7.497967879869055802117988635943858807717242963908385241926952818922309 6.491952112715768504166780182282878660700645137496217658528640140859335 1.354799391211170742985731906804111115138913907421659574256295224715655e-79
6.497967879869055802117988635943858807717242963908385241926952818922309 6.497967879869055802117988635943858807717242963908385241926952818922309 4.748217319137151928444685765617534597123060459511880719130118143070841e-80
5.497967879869055802117988635943858807717242963908385241926952818922309 6.497967879869055802117988635943858807717242963908385241926952818922309 -1.292189982743844005640508329280823958344407840713744988566434061228764e-80
10.49796787986905580211798863594385880771724296390838524192695281892231 5.497967879869055802117988635943858807717242963908385241926952818922309 4.172585127019606917183579340847104704087056522404665798449458815809959e-80
9.497967879869055802117988635943858807717242963908385241926952818922309 5.497967879869055802117988635943858807717242963908385241926952818922309 4.172585127019606917183579340847104704087056522404665798449458815809959e-80
8.497967879869055802117988635943858807717242963908385241926952818922309 5.497967879869055802117988635943858807717242963908385241926952818922309 2.081347345484588108731532738812792232851234019667964434779132263402709e-79
7.497967879869055802117988635943858807717242963908385241926952818922309 5.491952112715768504166780182282878660700645137496217658528640140859335 7.52159119971789706840003467164793920911903300306360689271018315139702e-81
6.497967879869055802117988635943858807717242963908385241926952818922309 5.497967879869055802117988635943858807717242963908385241926952818922309 -5.720785870991509477517239679625772202953051801043547570625861159878441e-79
5.497967879869055802117988635943858807717242963908385241926952818922309 5.497967879869055802117988635943858807717242963908385241926952818922309 4.304576783233822826923182583847469593635400163616630508917145418864422e-79
10.49796787986905580211798863594385880771724296390838524192695281892231 4.497967879869055802117988635943858807717242963908385241926952818922309 1.669034050807842766873431736338841881634822608961866319379783526323984e-79
9.497967879869055802117988635943858807717242963908385241926952818922309 4.497967879869055802117988635943858807717242963908385241926952818922309 -7.050425761601326944028442213103488483121381411389494491655697355230497e-79
8.497967879869055802117988635943858807717242963908385241926952818922309 4.497967879869055802117988635943858807717242963908385241926952818922309 1.477420671543144691520496683378031867672403469642231513819199349962882e-79
7.497967879869055802117988635943858807717242963908385241926952818922309 4.491952112715768504166780182282878660700645137496217658528640140859335 1.906645916199781006144490750643249996119337083785927673917830312984173e-79
10.49796787986905580211798863594385880771724296390838524192695281892231 3.497967879869055802117988635943858807717242963908385241926952818922309 -1.063083781500429294356926187890835371507985911539579297743250369759919e-78
9.497967879869055802117988635943858807717242963908385241926952818922309 3.497967879869055802117988635943858807717242963908385241926952818922309 -7.841214146776577835093576369693862864371110396220464494033387047292588e-79
10.49796787986905580211798863594385880771724296390838524192695281892231 2.497967879869055802117988635943858807717242963908385241926952818922309 -1.063083781500429884485577762012227051571352595750701478070392481080923e-78
4.497967879869055802117988635943858807717242963908385241926952818922309 6.497967879869055802117988635943858807717242963908385241926952818922309 6.472764560951273343249470970052937905753619960350129610137554789126168e-79
4.497967879869055802117988635943858807717242963908385241926952818922309 5.497967879869055802117988635943858807717242963908385241926952818922309 6.099228352019836187687396002933403258644432420717620982839420693919511e-79
6.497967879869055802117988635943858807717242963908385241926952818922309 4.497967879869055802117988635943858807717242963908385241926952818922309 -1.19059157061917221737077147482542670839750973832920518155014240639972e-79
5.36757401022237871097934111466264363081670947228710542973592131097116 4.497967879869055802117988635943858807717242963908385241926952818922309 2.84654610535067438782947150149313826123177871397536186219786394629925e-79
1.572938366120943631411629974285590158168970656753848622502461966188638 9.731364389909759579342284255966300755386250300247262381312358660107397 27.34647443338422536936789382160289966532993717300389878312948264707134
0.6738075521927390720174807314354412719316348301017117937084325982437811 9.293043333781755121368595656999978233197922876970506282137245334220316 27.34647443338422536936789382160289966532993717300389878312948264707134
2.437867873325255014050888879373806028516500538548492985920903085900307 9.023595378537316409904937709186060180414940393890647392012526089736773 24.2843986551819223892947818535472456139885746010531034397828068176135
1.538593058805254309064462175966640068826653629007634831219976938752211 8.585199850179876797791861414106566549926833704394027838825035287571525 24.2843986551819223892947818535472456139885746010531034397828068176135
0.6613907345141788115811127986854596841676743283152839673996125753572782 8.09788366218722150239615097880672670842389333611966249885376799485764 24.2843986551819223892947818535472456139885746010531034397828068176135
1.545258789445329224361734361836471363638686420788413218425223451730303 7.399901796481907843083964547131279004032236543118489377788311223004998 27.39074605754098238758282419585047875453155637060958290898714276915506
2.430551973280936372787179386182527764976327368002547788279128007782225 7.891227264310676871894412490121149999651338629311908477704339751007924 25.98918500198966431119980944275193336330804745251468764364785409543629
3.329428749332431212229392287047848845015537981282806687459343349158692 8.329428749332431212229392287047848845015537981282806687459343349158692 25.98918500198966431119980944275193336330804745251468764364785409543629
0.6739730436940657310531491619232098597386355914723162352995992189054917 6.907800466452767543891588318361732594165558849375502718024761161679054 27.39074605754098238758282419585047875453155637060958290898714276915506
2.430894048372353021550272789362643118992224512086767353754048318656591 6.731989371766864180137350054648104217280145424801294155254188972231243 28.45428100133654088215107675836893578181484047447186730674056747177022
3.329428749332431212229392287047848845015537981282806687459343349158692 7.216929209192224035710967758120201455666426211576909810068164684278338 25.98918500198966431119980944275193336330804745251468764364785409543629
0.6778274695835438106706588836503375919937564290406833873234217475066828 5.769241924779556610898390260994301873425344897702496191237480652105821 28.45428100133654088215107675836893578181484047447186730674056747177022
1.560045808396779990688657597459881949363347118460736404309517585985033 6.240125136164580158013511255474124457899168330034891695834382166026031 28.45428100133654088215107675836893578181484047447186730674056747177022
3.320140410285511991447329752293521215723486534867701854603531071415626 6.076491631637639834448161360845951146571291862264585023660019794490229 28.45428100133654088215107675836893578181484047447186730674056747177022
0.5 4.591414455196012800227731377343964281431588468661812803914058904599138 2.686871892480119468119456258806015567859051022671896869893793036569901e-80
1.571003313212546552723062018164414397865187164439620044990168445887454 5.094177306706028486166372247130991874869982790546672758900611253304272 29.15625110430407754265398599086207795736038290818407241272302652629582
2.444297647208177588498333954404941186415757759962681215207673353478139 5.581370293325424750444832755892675834541495782285858616926789670303401 29.15625110430407754265398599086207795736038290818407241272302652629582
1.650958538864819522390803775399735470341823752443554630146040726796145 3.923293116146567319661152676746058327314787891770833162512166480569664 33.56597915820303421091628025596585837787326649184826363769616159175709
2.52512894594500338070889307974415827032085345217013701569595414006195 4.481375113280105632130540195665188609329765217382745942577677282231126 29.15625110430407754265398599086207795736038290818407241272302652629582
3.402547036824473380756226735891229568285609653275839784944919044588318 4.971289758233769906876601228242182172183028492380629080379028571359142 29.72368876261327784813072754205327907339973393168833575890602573578102
9.734457610397058412773221372122338874964286442160480090925622731699764 1.571689467104252379416983254862584618477567263981915379280597996432313 -27.84125397910054620403098604845642714359663057057870196371878581018847
9.289795441829146237214699683214356096353009722208854738614397136011252 0.67563418634557927977739141080408834852832651647694759763828308862871 -27.84125397910054620403098604845642714359663057057870196371878581018847
9.025120644893394187693830859239669217252044691084168932634242193645325 2.43831709417513362900554863689279076732075438073666153312730568707942 -24.05043648805026989156445919579649918377389981314760065751291461949583
8.580216965304988158755578389733945187949955777981833541029722047939797 1.541804545360135453640833002676019088551414034621633253782624483657251 -24.05043648805026989156445919579649918377389981314760065751291461949583
8.101541361039749472515072075683541423836211204432334631132833961473129 0.6603638620955047700030670494483741197760573644836350109186280626509688 -24.05043648805026989156445919579649918377389981314760065751291461949583
7.404543528240440062314758263420928028910980787110828151658855289031007 1.55037731250832872702853371521232159284570289628611960286786938510742 -26.71208480436114994839506750993328840727514923875776416394482099486953
7.88207802639858337824545568622021447257280428685414817307784200858271 2.429550350478623922323036620530988385039160335044391311012139637636127 -26.71208480436114994839506750993328840727514923875776416394482099486953
8.327832545513893800078023323584907450331860546421952495001616387365965 3.327832545513893800078023323584907450331860546421952495001616387365965 -26.39031452093767912347784541608253119813260722038180571025068046587998
6.926635959253432347760698008009701209771827886461396162582466809862851 0.6713920082203072615171379265067953903347592818911462007669356911702299 -26.71208480436114994839506750993328840727514923875776416394482099486953
6.730618674519793019935597560832753658824492949707221047088746727081046 2.436523676036031740394250828831305648439232528890189965544460601296463 -27.86712569533210204291882848999497031447949748264659009769742698000576
7.211495625768905473279986303014839278927910097728194449931461225305724 3.327832545513893800078023323584907450331860546421952495001616387365965 -26.39031452093767912347784541608253119813260722038180571025068046587998
5.782018772031245009330307866025935537575889611189433285912708534224129 0.6757283149461383304198558145667907418702003006881631655890060804960425 -27.86712569533210204291882848999497031447949748264659009769742698000576
6.252915693492690472541896507658667747909041448813149372929066931027502 1.557925307854731814345780839311886846008543632125465900546371268694262 -27.86712569533210204291882848999497031447949748264659009769742698000576
6.095667080961576959416344958328065501431263136985739363569409961979266 3.374109559603555958793145107753099280837052442174272394464636236486216 -28.74421584473397965861932495437063010049345763704394870822971785951929
4.675728314946138330419855814566790741870200300688163165589006080496042 0.7227984745082252709758824656145095592098927255762840971259324773240301 -27.86712569533210204291882848999497031447949748264659009769742698000576
5.143150978552586682053046800195228190880265685803636092805099575393616 1.606832440794053580182403109119653593940227941837137501087851143418542 -27.86712569533210204291882848999497031447949748264659009769742698000576
5.616184322447389077987207223293660733649881517816550376084275157040054 2.492596002223482624348295800305848537732457714040892155226097798982104 -28.3448589156386119870310353167065784343361829743624363213288892369597
3.992314415959715492569555404365063660569700390345823073133554097538587 1.569652790920771136354381854108123840078031153618993130775860360273056 -27.86712569533210204291882848999497031447949748264659009769742698000576
4.45973707956616384420274638999350110957976577546129600034964759243616 2.453686757206599445560902497613267874808366369879846534737779026367568 -27.86712569533210204291882848999497031447949748264659009769742698000576
4.935889581537992675644266210293350644386294359367955053872853158849935 3.337768002920418977168831932182692031858383594407871711738535608795389 -28.3448589156386119870310353167065784343361829743624363213288892369597
4.174500726403330338715777173744697041360886071217422650702647537139347 4.244532166730727853181647995794238678920088910419164370267464736038161 33.56597915820303421091628025596585837787326649184826363769616159175709
3.314367923189398572935825202390097492892665437404234345443376418747255 3.732149800691743142141602112915110576384802034614077757605162746752873 33.56597915820303421091628025596585837787326649184826363769616159175709
2.437459305112189287303973428025633149742461327672831740940187257031383 3.245049621730717053134670606465791508878034850464222301212834274885019 33.56597915820303421091628025596585837787326649184826363769616159175709
3.303014014460835236102453905661828355214798916303104727799785037982146 2.405373996834377482543208369777267796720232884859724225778814292983945 -27.86712569533210204291882848999497031447949748264659009769742698000576
