110 10.99763020497943474525089039712131926992409543379225493006776297950534
0.5 10.49763020497943474525089039712131926992409543379225493006776297950534 0.0
10.49763020497943474525089039712131926992409543379225493006776297950534 0.5 0.0
0.5 0.5 -2.133165253187962268357698280452516314395775053751619982970688640315914e-80
1.5 0.5 3.020117244693029962859840864394629765617734349856640626568762987495794e-80
2.5 0.5 3.020117244693029962859840864394629765617734349856640626568762987495794e-80
3.5 0.5 3.020117244693029962859840864394629765617734349856640626568762987495794e-80
0.5 1.5 3.020117244693029962859840864394629765617734349856640626568762987495794e-80
1.5 1.5 3.020117244693029962859840864394629765617734349856640626568762987495794e-80
2.5 1.5 3.020117244693029962859840864394629765617734349856640626568762987495794e-80
0.5 2.5 3.020117244693029962859840864394629765617734349856640626568762987495794e-80
1.5 2.5 3.020117244693029962859840864394629765617734349856640626568762987495794e-80
0.5 3.5 2.06550736146029206839054685800438411123310948228367092159310299752458e-80
10.49763020497943474525089039712131926992409543379225493006776297950534 10.49763020497943474525089039712131926992409543379225493006776297950534 1.475287027213812526763498178153343605666372352971373545392030166937633e-78
9.497630204979434745250890397121319269924095433792254930067762979505341 10.49763020497943474525089039712131926992409543379225493006776297950534 1.252786963446817102080342179239795911966377220923510242058946865515951e-78
8.497630204979434745250890397121319269924095433792254930067762979505341 10.49763020497943474525089039712131926992409543379225493006776297950534 -1.207973164546042721717108712924248521731331588225130453737208106058193e-79
7.497630204979434745250890397121319269924095433792254930067762979505341 10.49763020497943474525089039712131926992409543379225493006776297950534 6.083963129614730149850967270313128054410711617449097964846481631854668e-79
6.497630204979434745250890397121319269924095433792254930067762979505341 10.49763020497943474525089039712131926992409543379225493006776297950534 5.903227027999721776776192650710369602176772486962625480027355098968361e-79
5.497630204979434745250890397121319269924095433792254930067762979505341 10.49763020497943474525089039712131926992409543379225493006776297950534 1.407842578724020918725744924570948303534217574365082514468224617252055e-78
4.497630204979434745250890397121319269924095433792254930067762979505341 10.49763020497943474525089039712131926992409543379225493006776297950534 9.110453956353948180413133427359530695032234453027609230839256623075994e-79
3.497630204979434745250890397121319269924095433792254930067762979505341 10.49763020497943474525089039712131926992409543379225493006776297950534 1.028245037867927962810888916539268868368057487273005242924776612073478e-78
2.497630204979434745250890397121319269924095433792254930067762979505341 10.49763020497943474525089039712131926992409543379225493006776297950534 8.772391756332764646678968733195373800871707697801732115963384626986883e-79
10.49763020497943474525089039712131926992409543379225493006776297950534 9.497630204979434745250890397121319269924095433792254930067762979505341 1.249761689147732503857570292208175623775136341260586171716507371273306e-78
9.497630204979434745250890397121319269924095433792254930067762979505341 9.497630204979434745250890397121319269924095433792254930067762979505341 7.251334421424664246731984690653282118027608276070632538748205495540893e-79
8.497630204979434745250890397121319269924095433792254930067762979505341 9.497630204979434745250890397121319269924095433792254930067762979505341 7.424751926000053850514989285797808102136712206535063344970306187492158e-79
7.497630204979434745250890397121319269924095433792254930067762979505341 9.497630204979434745250890397121319269924095433792254930067762979505341 5.436211040447453933147713555910333578111921829741953127823773377492428e-79
6.497630204979434745250890397121319269924095433792254930067762979505341 9.497630204979434745250890397121319269924095433792254930067762979505341 9.966386907486998877437474852502278226538523354526914067676917858736119e-79
5.497630204979434745250890397121319269924095433792254930067762979505341 9.497630204979434745250890397121319269924095433792254930067762979505341 1.010174134286922197818559172550142314949756781006786206628240136604184e-78
4.497630204979434745250890397121319269924095433792254930067762979505341 9.497630204979434745250890397121319269924095433792254930067762979505341 3.3362544492164815863998598304497118256301844312621834586493868238555e-79
3.497630204979434745250890397121319269924095433792254930067762979505341 9.497630204979434745250890397121319269924095433792254930067762979505341 1.028261051825791340859462277056352710721062459981984666057537293925025e-78
10.49763020497943474525089039712131926992409543379225493006776297950534 8.497630204979434745250890397121319269924095433792254930067762979505341 3.135216566263345912555005405710534053723869440706634202737281421605121e-79
9.497630204979434745250890397121319269924095433792254930067762979505341 8.497630204979434745250890397121319269924095433792254930067762979505341 3.928984252268812767693830039111257766603237959509892634721818373002345e-79
8.497630204979434745250890397121319269924095433792254930067762979505341 8.497630204979434745250890397121319269924095433792254930067762979505341 8.078943565071291506328919927199396029485993486267718368427104307948237e-80
7.497630204979434745250890397121319269924095433792254930067762979505341 8.497630204979434745250890397121319269924095433792254930067762979505341 3.626972527799508161966068932340726571686828113039349898445463588831846e-79
6.497630204979434745250890397121319269924095433792254930067762979505341 8.497630204979434745250890397121319269924095433792254930067762979505341 1.548972671070477612220858524941950765022403468694476160111980607604319e-78
5.497630204979434745250890397121319269924095433792254930067762979505341 8.497630204979434745250890397121319269924095433792254930067762979505341 5.085341357568223237134030559689246368812315998386416887915907268961193e-79
4.497630204979434745250890397121319269924095433792254930067762979505341 8.497630204979434745250890397121319269924095433792254930067762979505341 4.846239338231818988953771358102904195757667995134438161342832387321851e-79
10.49763020497943474525089039712131926992409543379225493006776297950534 7.497630204979434745250890397121319269924095433792254930067762979505341 3.627119994461857418431571000215054796415928493040259316355914336184896e-79
9.497630204979434745250890397121319269924095433792254930067762979505341 7.497630204979434745250890397121319269924095433792254930067762979505341 9.089038742413647541444412905816493293189906663705504505657397876084135e-80
8.497630204979434745250890397121319269924095433792254930067762979505341 7.497630204979434745250890397121319269924095433792254930067762979505341 9.05873881745964959019327670177403997574635717680753791936754616245774e-80
7.497630204979434745250890397121319269924095433792254930067762979505341 7.497630204979434745250890397121319269924095433792254930067762979505341 2.135067524705618783808502812220850843562264628396998609568567490551382e-79
6.497630204979434745250890397121319269924095433792254930067762979505341 7.497630204979434745250890397121319269924095433792254930067762979505341 -1.790992726731357515664571090229451475526329729113141176444967375070714e-79
5.497630204979434745250890397121319269924095433792254930067762979505341 7.497630204979434745250890397121319269924095433792254930067762979505341 -1.791177060059273431743643580823652954219871256725001637383056913026884e-79
4.497549131247714000000000000500137813910110274243321311862914868007396 7.497630204979434745250890397121319269924095433792254930067762979505341 5.069024598359755005000720131187392401747774756535221382655023768709844e-79
10.49763020497943474525089039712131926992409543379225493006776297950534 6.497630204979434745250890397121319269924095433792254930067762979505341 1.509984889015345718003092799363711498293105023210794516394084404807772e-79
9.497630204979434745250890397121319269924095433792254930067762979505341 6.497630204979434745250890397121319269924095433792254930067762979505341 -3.621235126132581073455913006613879661658002079191739528266949780376932e-79
8.497630204979434745250890397121319269924095433792254930067762979505341 6.497630204979434745250890397121319269924095433792254930067762979505341 3.929057985599995979616058514814119043525849010763033602980929002257112e-79
7.497630204979434745250890397121319269924095433792254930067762979505341 6.497630204979434745250890397121319269924095433792254930067762979505341 3.627119994461862246756902061208259451479837727494895337214349792447657e-79
6.497630204979434745250890397121319269924095433792254930067762979505341 6.497630204979434745250890397121319269924095433792254930067762979505341 2.135159691369581436053222033483567219776724925700491638094424508673817e-79
5.497630204979434745250890397121319269924095433792254930067762979505341 6.497630204979434745250890397121319269924095433792254930067762979505341 2.135159691369580899572629693373211146991846121872198746887931680200177e-79
10.49763020497943474525089039712131926992409543379225493006776297950534 5.497630204979434745250890397121319269924095433792254930067762979505341 3.325108269992553885664994573665235747069276254226302362492545208961677e-79
9.497630204979434745250890397121319269924095433792254930067762979505341 5.497630204979434745250890397121319269924095433792254930067762979505341 1.211026198707432911663105968588994911136862209326653923894411117714621e-79
8.497630204979434745250890397121319269924095433792254930067762979505341 5.497630204979434745250890397121319269924095433792254930067762979505341 3.020117244693029962859840864394629765617734349856640626568762987495794e-80
7.497630204979434745250890397121319269924095433792254930067762979505341 5.497630204979434745250890397121319269924095433792254930067762979505341 2.135085958038411099665209720429251689691205166326380058791141762786413e-79
6.497630204979434745250890397121319269924095433792254930067762979505341 5.497630204979434745250890397121319269924095433792254930067762979505341 2.484590026485227389858322466332887153500187623180286514308920499602489e-79
5.497630204979434745250890397121319269924095433792254930067762979505341 5.497630204979434745250890397121319269924095433792254930067762979505341 6.72508736143609486999342813412470164982726724707424744526416702162134e-79
10.49763020497943474525089039712131926992409543379225493006776297950534 4.497630204979434745250890397121319269924095433792254930067762979505341 0.0
9.497630204979434745250890397121319269924095433792254930067762979505341 4.497630204979434745250890397121319269924095433792254930067762979505341 0.0
8.497630204979434745250890397121319269924095433792254930067762979505341 4.497630204979434745250890397121319269924095433792254930067762979505341 -1.867649362366458373342025789045715554997200215591544366752995443918029e-80
7.497630204979434745250890397121319269924095433792254930067762979505341 4.497630204979434745250890397121319269924095433792254930067762979505341 3.049910252995249957663383894913181270212995120262475183367678784131635e-80
10.49763020497943474525089039712131926992409543379225493006776297950534 3.497630204979434745250890397121319269924095433792254930067762979505341 4.172585127019606917183579340847104704087056522404665798449458815809959e-80
9.497630204979434745250890397121319269924095433792254930067762979505341 3.497630204979434745250890397121319269924095433792254930067762979505341 -3.206882180929675263713451103188845248332575567587502172037569703413956e-79
10.49763020497943474525089039712131926992409543379225493006776297950534 2.497630204979434745250890397121319269924095433792254930067762979505341 0.0
4.497630204979434745250890397121319269924095433792254930067762979505341 6.497630204979434745250890397121319269924095433792254930067762979505341 2.135136649703587822348784357560929725406276430319007479327249697538188e-79
4.497630204979434745250890397121319269924095433792254930067762979505341 5.497630204979434745250890397121319269924095433792254930067762979505341 4.976513468455758517874382926628161938577635181006614508667465894885404e-79
6.485207284663327877350973802463896191864082747287134923066453963243037 4.497630204979434745250890397121319269924095433792254930067762979505341 1.621444698317184463384475788542831841236507788273480319102296951583108e-79
5.365801748628558654141667061643282854579377307246536217743446504423538 4.497630204979434745250890397121319269924095433792254930067762979505341 5.001236274275511784714028784830416925713127561128246963893395603134751e-79
1.573441553493221866571436276833698808430012373022521509566522171734062 9.728849844696393529791195037180236192338660268500736703969095957713508 27.02622033949759616582021727495075107625118512772381044532527982721991
0.6725984376369192914167551573951117745250732479413823383912761352002103 9.294142691544208277164413680977529353404167139884102748075931769276831 27.02622033949759616582021727495075107625118512772381044532527982721991
2.437253738693391080451783875747486647699242936247561663635442600289896 9.022165471052883721433236366175634641851119951890129183666000702607737 24.44286941605674521961511270276380774977584983461643497834047067959024
1.536392823232899447433987462987690972680933739382224318743441941868602 8.587449238286580349274941804666269315752461017916313317002985686683713 24.44286941605674521961511270276380774977584983461643497834047067959024
0.6620800075164942982227813938032534213506910222439382005565148117146779 8.094324248992901896848369466750280654821636648750702612704279739139835 24.44286941605674521961511270276380774977584983461643497834047067959024
1.545021590464155001335771226402518637028303086238942399632895635931491 7.397326268448440526991704708556759123842508254735420756059979890876028 27.43511261883428938435094460519351371567571878044902317725454125534821
2.429395138929874097127499621966943301718717147055784613614712485038684 7.895416670261356348921665281184647349709532313796252131239866588592521 25.75993207135303215062515635886265744008863775684214550463651849451775
3.330018054787524984137736424348557297819110082109136651247526258160472 8.330018054787524984137736424348557297819110082109136651247526258160472 25.75993207135303215062515635886265744008863775684214550463651849451775
0.6741384863931110313033326984727115817205696419879082213950440604117143 6.904509332961479975810654853519994265225269972141051707114084649655653 27.43511261883428938435094460519351371567571878044902317725454125534821
2.429826520440908302749564398628819089947111281544388494771200886580814 6.729226596253034444642442281307283529832836361272126708832064448074413 28.71650376954603713538062336457361892269088372968038617933070181284817
3.330018054787524984137736424348557297819110082109136651247526258160472 7.219675443698494815818922459587282911111804683801258988762550726591123 25.75993207135303215062515635886265744008863775684214550463651849451775
0.6787419682363964302066090600082488499894776295245983986483512838785612 5.762924311904867079466378197998428624059239976873025358744423609761594 28.71650376954603713538062336457361892269088372968038617933070181284817
1.559432833025124763953405454711941145212593380439728765008049527302716 6.236677791816528951552075493035243820389443798891106655787464757954909 28.71650376954603713538062336457361892269088372968038617933070181284817
3.31888823674303831504428133711307041993461780426765653141941169562678 6.076065858379904954337354619481658556619654140787946861692624539292945 28.71650376954603713538062336457361892269088372968038617933070181284817
0.5 4.584182343668470649259769137990179774069762347348426960096072325883032 0.0
1.568903002864838704048587232541541605761912228423819262769364140564234 5.093959983667662014864171721390332612386989412730257929838851461252643 29.49213319075110779039723819132233068484604831071984642534722255127709
2.442975365374538447289985749799884623626582889862029038922392669803842 5.579812271969648336357015088418458469860736953666865823422695696036375 29.49213319075110779039723819132233068484604831071984642534722255127709
1.657545689706025180657918481561047299708633235097126059441985825354301 3.93863585969486043579489654587918181946007162619027474032831331072408 35.45802672722890860186870261972490296308132982228517522733099759006559
2.550244277551759244127715932493505755195707625112728249211717235002097 4.491616354579890599380271257907892959843532817749287930529557663168422 29.49213319075110779039723819132233068484604831071984642534722255127709
3.420667575890834399923575143089898708034290764480202945427520209350793 4.983920408705514640162449603972857106856906988714222730970501080153001 29.49213319075110779039723819132233068484604831071984642534722255127709
9.734887896158994954763847490733745508320596528908141498975850094461058 1.57104065585786933982472679849707209980530435448254084233795851719494 -27.98871253702281098683928155924732165241142148170837648508710696308215
9.287853162358400113341634383065648523673721789686893435983644708860932 0.6761688366102565129039126697503573922155518534891117163477800377732397 -27.98871253702281098683928155924732165241142148170837648508710696308215
9.025124700978350248459705574749155449541469701897702018563850430406089 2.438133302122079824174411384547408099101175592092230029950447982493641 -23.98703511311337366201148846722930787401979644848092253343462409533887
8.577770732007340869976947218129412207734442836003638459661014530924143 1.542660803392932038649234024489351798528160224420812621604653949009611 -23.98703511311337366201148846722930787401979644848092253343462409533887
8.101435599196010693922674876237372355197362308767420705374126212055014 0.6600836931192284031833451039780477902274962336415389073559669711008753 -23.98703511311337366201148846722930787401979644848092253343462409533887
7.404705711522097638322995640506792198587821558538893000209673480592876 1.551854478499384521698348160787603267260403020558697822875525296636411 -26.55005753499205703447837026473589440172687372308217355748157908502949
7.879960818618394898401790620339938048401560416420668619425227440260724 2.43227012345187070035705530200103512006651933373858836415209087697038 -26.55005753499205703447837026473589440172687372308217355748157908502949
8.326886461779937503407615859149412830443598013154846076203626556588454 3.326886461779937503407615859149412830443598013154846076203626556588454 -26.54542087655174867285757657235676435452228889831269544781215183679068
6.930805447827635748089373657300804412544851744467443999964079940329689 0.670761854971548967808102461353990388854563097274314501389267244944258 -26.55005753499205703447837026473589440172687372308217355748157908502949
6.730236632785836792202889648901665502561119949678508781720091777865169 2.440095405117251099372750695785531453420334281461102186057529077283029 -28.09469631177355083141567811238573944639594391568181419741596730252704
7.211525081256897529261937276442482724578407424315276177010066947049317 3.331853074984767664323135713900736993283981796359363647426535682889876 -26.54542087655174867285757657235676435452228889831269544781215183679068
5.786246645530022720242859326592752058784404489159025967906086255507801 0.6763553192633282548661379631404928210066303628256305581011372214319016 -28.04043774729981302067618575975392953296304883085983768979251528473488
6.256341250879621617806822146283819025106971745380304832200369257346032 1.558971352440385867034451069730411496697323832255612810009128662457474 -28.04043774729981302067618575975392953296304883085983768979251528473488
6.092995539581885380051267060934500115074634674455983333119938790116513 3.369520620651765143929634452985428545535978322063702024187104216948594 -28.58146734574086194753671553684387221329526989131092619723898362649317
4.676355319263328254866137963140492821006630362825630558101137221431902 0.7197340777532317005891018507076201878604620893032948600387152604074712 -28.04043774729981302067618575975392953296304883085983768979251528473488
5.146449924612927152430100782831559787329197619046909422395420223270132 1.602350110930289312757414957297538863551155558733277111946706701433044 -28.04043774729981302067618575975392953296304883085983768979251528473488
5.616544529962526049994063602522626753651764875268188286689703225108363 2.484966144107346924925728063887457539241849028163259363854698142458616 -28.04043774729981302067618575975392953296304883085983768979251528473488
3.995605529689096685679539767571216189546103084858195120534696076061744 1.568838314639824211095836847560036364933750549532139003188983642118886 -28.04043774729981302067618575975392953296304883085983768979251528473488
4.465700135038695583243502587262283155868670341079473984828979077899975 2.451454347816881823264149954149955040624444018962121255096975083144458 -28.04043774729981302067618575975392953296304883085983768979251528473488
4.935794740388294480807465406953350122191237597300752849123262079738206 3.334070380993939435432463060739873716315137488392103507004966524170031 -28.04043774729981302067618575975392953296304883085983768979251528473488
4.17361485687902541455936333617628220599549609249874341051256305717119 4.244117751926079094873038080998244446232843082338087403858479629188338 33.2091657569572956499894772089114915473968365419501081197617227292594
3.31054565603475750884475913380142253374540359942564604262120111316898 3.736738554869801110839941732100340634043918448089049400300491991831487 33.2091657569572956499894772089114915473968365419501081197617227292594
2.438283245034378322979076281708767451116505685452128346134646151391059 3.243381747558665428804639727373147589433402186532060903881282140918052 33.2105091233196333473198432095375581704440283598607922362953627747566
3.306913594324841322496957860941927128792027443339976654400246993262932 2.403030946219030586794563433105163988583742057538730103820184607727008 -28.04043774729981302067618575975392953296304883085983768979251528473488
