110 10.99719765402827360197956626752835990245104188400600721760435981504166
0.5 10.49719765402827360197956626752835990245104188400600721760435981504166 7.362468515013973354913550756946726075212017731156973215950128963742327e-79
10.49719765402827360197956626752835990245104188400600721760435981504166 0.5 0.0
0.5 0.5 -1.164318257648541761012650804233983383071850822206839538918549538135237e-79
1.5 0.5 -1.164318257648541761012650804233983383071850822206839538918549538135237e-79
2.5 0.5 4.372864022867022413128554152386852317524291773581671170895565686308038e-81
3.5 0.5 1.152467882326576954323738476452474938469322172548025171880695828314166e-80
0.5 1.5 -4.58560784380687483105881611444633342406965735774340694352929445185002e-80
1.5 1.5 -1.164318257648541761012650804233983383071850822206839538918549538135237e-79
2.5 1.5 4.372864022867022413128554152386852317524291773581671170895565686308038e-81
0.5 2.5 -8.548241000895213686814084382050108696135885916701885887152110300916098e-80
1.5 2.5 -1.062584233319293308027664678039073022785237979549327291164653033786148e-79
0.516713999970334800000000000420348966415349050476129087179171163564746 3.5 -6.176993214003941721239950103707594437544279567868617125824191495177964e-80
10.49719765402827360197956626752835990245104188400600721760435981504166 10.49719765402827360197956626752835990245104188400600721760435981504166 7.598827665704992466294121081444764398407195109496758973233408707363613e-80
9.497197654028273601979566267528359902451041884006007217604359815041659 10.49719765402827360197956626752835990245104188400600721760435981504166 0.0
8.497197654028273601979566267528359902451041884006007217604359815041659 10.49719765402827360197956626752835990245104188400600721760435981504166 -4.809178769457937924315518653957756796365367390130979668045894686510835e-79
7.497197654028273601979566267528359902451041884006007217604359815041659 10.49719765402827360197956626752835990245104188400600721760435981504166 -2.485716030301594535435126869247826475066840488221713302692946151063001e-79
6.497197654028273601979566267528359902451041884006007217604359815041659 10.49719765402827360197956626752835990245104188400600721760435981504166 -5.845038270047292250148253065585083863133305099491638219873263592634463e-80
5.497197654028273601979566267528359902451041884006007217604359815041659 10.49719765402827360197956626752835990245104188400600721760435981504166 1.488297823199396621682011627123932701730778141397367272746066900620784e-80
4.497197654028273601979566267528359902451041884006007217604359815041659 10.49719765402827360197956626752835990245104188400600721760435981504166 5.65963540162316782625804499943786495002245641540770785925515223422385e-79
3.497197654028273601979566267528359902451041884006007217604359815041659 10.49719765402827360197956626752835990245104188400600721760435981504166 -8.80440902362112425726385691527069668877567849808349985020438361801969e-79
2.497197654028273601979566267528359902451041884006007217604359815041659 10.49719765402827360197956626752835990245104188400600721760435981504166 -9.359384157718170885385152376571497122955450407515002486683273681573376e-79
10.49719765402827360197956626752835990245104188400600721760435981504166 9.497197654028273601979566267528359902451041884006007217604359815041659 1.513037923176736980910274735249170033268393251968903768964273073411481e-79
9.497197654028273601979566267528359902451041884006007217604359815041659 9.497197654028273601979566267528359902451041884006007217604359815041659 -4.520092838521978920796372692757787945132501314859764616164151818334997e-79
8.497197654028273601979566267528359902451041884006007217604359815041659 9.497197654028273601979566267528359902451041884006007217604359815041659 -4.357921799283730519746955030741982626291968559904317928365172050505771e-79
7.497197654028273601979566267528359902451041884006007217604359815041659 9.496648500368332000000000000442774712705397347724616917525980572701294 -4.345344843650829913725750746335981488801407394747652439674370612307145e-79
6.497197654028273601979566267528359902451041884006007217604359815041659 9.497197654028273601979566267528359902451041884006007217604359815041659 5.830136274248107340652628835511141721005622320503340278150719927740197e-79
5.497197654028273601979566267528359902451041884006007217604359815041659 9.497197654028273601979566267528359902451041884006007217604359815041659 -9.150936862754951001777465593995565016253201213535940396570563896161025e-79
4.497197654028273601979566267528359902451041884006007217604359815041659 9.497197654028273601979566267528359902451041884006007217604359815041659 -9.960195717913917999130769011730509416359474177040122855810793270428588e-79
3.497197654028273601979566267528359902451041884006007217604359815041659 9.497197654028273601979566267528359902451041884006007217604359815041659 -8.22108395726130301726353434420100180968394703037858247711650033941292e-79
10.49719765402827360197956626752835990245104188400600721760435981504166 8.497197654028273601979566267528359902451041884006007217604359815041659 9.292173979388398880699086548551961236101852221964842669795083333319898e-80
9.497197654028273601979566267528359902451041884006007217604359815041659 8.497197654028273601979566267528359902451041884006007217604359815041659 -4.520083621855583835829203918874299667637788653551659673965850339164762e-79
8.497197654028273601979566267528359902451041884006007217604359815041659 8.497197654028273601979566267528359902451041884006007217604359815041659 -2.818641007669731732818535683926891353482439612684371989713796710397641e-80
7.497197654028273601979566267528359902451041884006007217604359815041659 8.496647420374171999999999999645956924026015744857903492630193426558998 -2.631487319786399267132128170043729566149423402880183369950029297223653e-79
6.497197654028273601979566267528359902451041884006007217604359815041659 8.497197654028273601979566267528359902451041884006007217604359815041659 8.40857275687491224483912166158463634957485475582520427322836000446627e-80
5.497197654028273601979566267528359902451041884006007217604359815041659 8.497197654028273601979566267528359902451041884006007217604359815041659 -3.381878819625211922076408968130217830123553546139604593617384986906382e-79
4.497197654028273601979566267528359902451041884006007217604359815041659 8.497197654028273601979566267528359902451041884006007217604359815041659 -6.988050313146610490135442073178876401084554060470969213615274658743526e-79
10.49719765402827360197956626752835990245104188400600721760435981504166 7.497197654028273601979566267528359902451041884006007217604359815041659 1.656609799254297325939561819499114972383439427847703603890370630302966e-80
9.497197654028273601979566267528359902451041884006007217604359815041659 7.497197654028273601979566267528359902451041884006007217604359815041659 -3.30193526212801975659107881698350177307415765425940110048173237520569e-79
8.497197654028273601979566267528359902451041884006007217604359815041659 7.497197654028273601979566267528359902451041884006007217604359815041659 -3.30192604546162494444839096215515795349226299792549881755665466598433e-79
7.497197654028273601979566267528359902451041884006007217604359815041659 7.49641750174128099999999999987180101715340330337151923531214633779149 -9.298705856381919102875185030097021829486182274591170383943957492704093e-80
6.497197654028273601979566267528359902451041884006007217604359815041659 7.497197654028273601979566267528359902451041884006007217604359815041659 -5.179456460234121999503942348301542675641497403747192554702949504379358e-80
5.497197654028273601979566267528359902451041884006007217604359815041659 7.497197654028273601979566267528359902451041884006007217604359815041659 5.350068558640797353624661864765616558525896322517037644585609388348832e-80
4.497197654028273601979566267528359902451041884006007217604359815041659 7.497197654028273601979566267528359902451041884006007217604359815041659 -3.18780952029436229807584817594018515775740851768478191412129580367951e-79
10.49719765402827360197956626752835990245104188400600721760435981504166 6.497197654028273601979566267528359902451041884006007217604359815041659 1.539851630648713517009769858301623476008975792202439221823584151438134e-80
9.497197654028273601979566267528359902451041884006007217604359815041659 6.497197654028273601979566267528359902451041884006007217604359815041659 3.171113890261283559512554348151503594283294685942830036864812308213737e-79
8.497197654028273601979566267528359902451041884006007217604359815041659 6.497197654028273601979566267528359902451041884006007217604359815041659 1.152657162153546038861311695590840188575692117518765838036308040608656e-79
7.497197654028273601979566267528359902451041884006007217604359815041659 6.496416394051971000000000000809444776364110084652876046247896792928375 1.320593441280552427746441593878998700559251421430448087175391142925652e-79
6.497197654028273601979566267528359902451041884006007217604359815041659 6.497197654028273601979566267528359902451041884006007217604359815041659 3.804519783645738922097493544939242718074811097420893271252153912134774e-80
5.497197654028273601979566267528359902451041884006007217604359815041659 6.497197654028273601979566267528359902451041884006007217604359815041659 -3.471519145019111502519520380249939474858152643639639049719014331715676e-79
10.49719765402827360197956626752835990245104188400600721760435981504166 5.497197654028273601979566267528359902451041884006007217604359815041659 4.530360200367449326036098474813490562245248770088524239851638207016598e-80
9.497197654028273601979566267528359902451041884006007217604359815041659 5.497197654028273601979566267528359902451041884006007217604359815041659 4.530175867039528849871991093281262464880237409936174203658359627034488e-80
8.497197654028273601979566267528359902451041884006007217604359815041659 5.497197654028273601979566267528359902451041884006007217604359815041659 1.943459372328385768483015610977057222024283542274574709565594350331017e-79
7.497197654028273601979566267528359902451041884006007217604359815041659 5.491910802444086999999999990516019445952824636898583254613232923336853 1.67040681428877375232331884976906673991327721610848443489857983972523e-79
6.495781232899284000000000000150433245120276816091482879573275079908669 5.497197654028273601979566267528359902451041884006007217604359815041659 2.726366035034144165882653547308634811928347748233158451797444177572874e-79
5.495447165168172999999999999932091797791320422295782887220043812832251 5.497197654028273601979566267528359902451041884006007217604359815041659 -3.697001924988685372794074117561842510258780828250941211233715152868035e-79
10.49719765402827360197956626752835990245104188400600721760435981504166 4.497197654028273601979566267528359902451041884006007217604359815041659 0.0
9.497197654028273601979566267528359902451041884006007217604359815041659 4.497197654028273601979566267528359902451041884006007217604359815041659 1.947252857969232507733696639134890245068695247544449250981063473277816e-80
8.497197654028273601979566267528359902451041884006007217604359815041659 4.497197654028273601979566267528359902451041884006007217604359815041659 1.50996645568254401373601993922407937842878541828628747105788563428404e-80
7.497197654028273601979566267528359902451041884006007217604359815041659 4.491555553006243999999999999651258786185677002884571305938799676218154 2.819403543898107774340938138659037301542664977781221525636723653083961e-80
10.49719765402827360197956626752835990245104188400600721760435981504166 3.497197654028273601979566267528359902451041884006007217604359815041659 3.457403646979732204172696279633314997370163527214807743658319556126597e-80
9.497197654028273601979566267528359902451041884006007217604359815041659 3.497197654028273601979566267528359902451041884006007217604359815041659 7.896033476430548127566871788949905913781352227363082340787739424352144e-79
10.49719765402827360197956626752835990245104188400600721760435981504166 2.497197654028273601979566267528359902451041884006007217604359815041659 -5.165661684812655443093970898311889067730610344996947018958412837729979e-80
4.487292997674135067041620285481715156816965047885532608613398744070901 6.487292997674135067041620285481715156816965047885532608613398744070901 1.146537750262976543481221659927002737142147917821260105815479928274967
4.484785025176666241692719519603685246882801924935559528854310682034542 5.48704255364587329290809652851767240586844018925906766820977714975785 1.146537750262976543481221659927002737142147917821260105815479928274967
6.497197654028273601979566267528359902451041884006007217604359815041659 4.497197654028273601979566267528359902451041884006007217604359815041659 3.425525569721806350486116577127848112617865591859077903762531827417152e-79
5.360017594548274967966898630187562365713502020079698029354815628578257 4.495812971839175583478978252513853587582401474194929341345698489001539 0.1588934169980397176651946479890443573606259802167164045454762517569061
1.574187252338111020519543725604334016534293998131181200320175705907482 9.725150116225661383605418076638166646582424060160737505405933666796156 26.54881726376472561515790719008895316842569859889553266335160150193756
0.6694902082190347519344511877079195727446858654730021953582763671875 9.2924031784960613823176196362101375569864103454165160655975341796875 26.22694556706509823236225113759212816596443687516613718669750712865734
2.436504583965274108744361291903388849460390655898140119775802077104436 9.020053944631068935269384226020857713263722293214403921185322619676851 24.6647890746966301946619838302524948213433273331146286160652732062886
1.534228473146732471223585566821915173477846735814619179839877230719905 8.588614970538430364402055360146800216232889806524052380138378817937852 24.6647890746966301946619838302524948213433273331146286160652732062886
0.6630367395352280848765244962268079616152628773138713669370513039629762 8.089484166105144534757958073687205255630727634168674792139573925406563 24.6647890746966301946619838302524948213433273331146286160652732062886
1.546048210663430637796011955520789020780523810118897144170513937423824 7.394619167515311298111795309669623510593646742948007951348105190280359 27.31155004519782667232291117630725540177644261411519086617345953130923
2.421168997870613385485799761436980739431314039651408432130676709956668 7.895819715209544880620366534082463771396079579795623012027455468880145 26.44185035812809798488915832532166827209272941340601289387165628210532
3.330558613545791021691532554831742856577903506354163529846820902563795 8.330558613545791021691532554831742856577903506354163529846820902563795 25.52206495608958391643628065616079192577999886710886859846973505596397
0.6736767176825374949731218400727730209655791313115114564755886944847142 6.904509586878928403781638441101441257300844317474325703383025320502576 27.31155004519782667232291117630725540177644261411519086617345953130923
2.424481509206715943849626335980630250933089046813176402180739327937054 6.721300624407261449830956411383262794456309716639630599276794154027854 29.32784026671011322610362908585591148465125184080603693232855911971294
3.334661236150093564770472781685412500447565920080059933121408253298373 7.224385229055174222739591775226028775120499798803914796783653420907893 25.52206495608958391643628065616079192577999886710886859846973505596397
0.6808187563155594720615313284300708253516831855019773726863423985865077 5.74168835203618003337292610521353891863098283594292013802582148903237 29.32784026671011322610362908585591148465125184080603693232855911971294
1.552650132761137707955578832205350538142386116157576887433540863261781 6.231494488221720741601941258298400856543646276291275368651307821530112 29.32784026671011322610362908585591148465125184080603693232855911971294
3.276087829789395789190678993831239476300050472168787709213349575799495 6.052733268021691755284225447528049036625485188731585291091428001452709 29.32784026671011322610362908585591148465125184080603693232855911971294
0.5 4.5 -9.107361717492402640443592716524583386610842776954302968904867937776767e-81
1.532425076898239317402583986280680050718644610857588679718952646448948 5.073120995650610338826195141358325160800158308034874829840455336457225 29.32784026671011322610362908585591148465125184080603693232855911971294
2.404256453343817553296631490055959763509347541513188194466151111124221 5.562927131836151047055210294443187098712821748383230060465941668954967 29.32784026671011322610362908585591148465125184080603693232855911971294
1.680818756315559472061531328430070825351683185501977372686342398586508 3.992013087978055036724553186032457631239899351549995844559162742324893 29.32784026671011322610362908585591148465125184080603693232855911971294
2.545191399214493331116927886813621900265026864482078323456564495143287 4.495095411320321162966668420746120677874540616476496040063904530736865 29.32784026671011322610362908585591148465125184080603693232855911971294
3.41702277566007156701097539058890161305572979513767783820376295981856 4.984901547505861871195683573830982615787204056824851270689390863234607 29.32784026671011322610362908585591148465125184080603693232855911971294
9.735727309640219257368366448373534153185036666478134604422056671508378 1.570070536409957527475221841122620755990636524202802035506831069960585 -28.22693082230154295848109131342829744275873991814107651705544157142546
9.285054056843031168101605429630171507957062710068923821569374307021516 0.6770230970101769226462054640983652221632092893179378557365112232985601 -28.22693082230154295848109131342829744275873991814107651705544157142546
9.025383212825983618368501575286878082261825972430584024575781314184241 2.437800397161520942909361909751014191152389022842915539880961745152207 -23.90272674168497458321955705214252319902178329267749078386817349788053
8.57426458724037778426967803740143843365783483918204154124574471321535 1.543923277662659795577343418323162532976153693347365253978614987081103 -23.90272674168497458321955705214252319902178329267749078386817349788053
8.101341324719454917651247568103428133487257462556071328431034086222595 0.6597098847466915757771847450989491849985831957272128314482944369338309 -23.90272674168497458321955705214252319902178329267749078386817349788053
7.403773331445231561461646426084569921439781898810469431184175973241927 1.551349678413239176006371103220280520774757314894369107556935919345626 -26.61484933374188513371140575074627609115626891682452755023409851566644
7.875627781250789253160471100897097999311073482901731986074608700315911 2.43343008258877279435529688758975858764897357876600783552833272427029 -26.61484933374188513371140575074627609115626891682452755023409851566644
8.326183168160536559279634521381868533993588871144382850526638595894369 3.326183168160536559279634521381868533993588871144382850526638595894369 -26.61484933374188513371140575074627609115626891682452755023409851566644
6.928436029402777694119351091862272441408437430273061795985262173332906 0.6710144858677370426999317461464913684574530128616243670777212191472897 -26.61484933374188513371140575074627609115626891682452755023409851566644
6.72823531170282255342530999405120011893449261099255758567983985375875 2.436216630315284176646083265759500957147995561020399194411782231945739 -27.86084323579209897836246841328296510951878448643286608558116924627024
7.203774412560602868277560820906679443030694776040744814121998668927727 3.32489715028727656254335628675640432023698733135775220988655061464324 -26.94815173802699922394595156711312914895519615855003069236653553823846
5.779094082344499705994157159644507806591942733234215769943694554651951 0.6757054702518308476959069501661296864651421324077915133470623751902078 -27.86084323579209897836246841328296510951878448643286608558116924627024
6.253098341439539121302878861657454940387867979580678075607164418913508 1.556260424745310571573819468255447898946390184489715652909485476534429 -27.86084323579209897836246841328296510951878448643286608558116924627024
6.094456498253190919162964287053499956699642059554263092959402195615274 3.376449956817951777123219972665147328756636132994448887660652230683175 -28.3670609958234925029026103133349653377709262296418287341304613593717
4.675705470251830847695906950166129686465142132407791513347062375190208 0.7281537770701805488815774640807811111612545623647085960451068154294719 -27.86084323579209897836246841328296510951878448643286608558116924627024
5.144711667792471018075549648006865509103699184347741430316356773612105 1.614973590283930873226772683311616573478402117747613970463578478351778 -28.22905955333629661931871549714310735076378237023655674358371366818286
5.619338072505524740657766636101260212602665510472679196650358557376489 2.496528095789906048682173774946353966696191088449462445207825674121394 -28.3670609958234925029026103133349653377709262296418287341304613593717
3.98775939380223633674725222766790008191008336468336086603569479217524 1.574067228886868437681637859562957527809576472472136200421791245248668 -28.22905955333629661931871549714310735076378237023655674358371366818286
4.460757081663351574317371125316573034576144530201349526164849964856622 2.455130897005148638416374582319912696746474253568890825340953985754134 -28.22905955333629661931871549714310735076378237023655674358371366818286
4.936264123620522953189681366296719966829179528213505085270567882392646 3.336209905750299303676987469408527774155880592599235267046669070029623 -28.3670609958234925029026103133349653377709262296418287341304613593717
4.170404567674876159381172744752401614819422096125077394082788183633035 4.246587425959473205862278354188055732132622529530850312371320369255976 32.64171397763992218982231454422814480011105289907976306948623316234442
3.305417330821248118100488500706590149825433851270799746171179706681525 3.742996440450249044565377478136659334228519067264176199041680685248757 32.64171397763992218982231454422814480011105289907976306948623316234442
2.432125678587981450321942384350516403804671468566677348116018341610648 3.252369902452320002878615117987836450806517746790719214342149632880121 32.64171397763992218982231454422814480011105289907976306948623316234442
3.299709990840374662300251991461869103737511421739781951779076589504718 2.406597026147643147036494410298573491471548016680441755756662473884258 -28.22905955333629661931871549714310735076378237023655674358371366818286
