110 10.99819368031444198718793569261204210388830620606504563112359074416009
0.5 10.49819368031444198718793569261204210388830620606504563112359074416009 0.0
10.49819368031444198718793569261204210388830620606504563112359074416009 0.5 0.0
0.5 0.5 1.591933690265894765302787470929427769936361845445147711381258426714959e-161
1.5 0.5 1.591933690265894765302787470929427769936361845445147711381258426714959e-161
2.5 0.5 3.020117244693029962859840864394629765617734349856640626568762987495794e-80
3.5 0.5 -3.020117244693029962859840864394629765617734349856640626568762987495794e-80
0.5 1.5 3.183867380531789530605574941858855539872723690890295422762516853429919e-161
1.5 1.5 3.183867380531789530605574941858855539872723690890295422762516853429919e-161
2.5 1.5 3.020117244693029962859840864394629765617734349856640626568762987495794e-80
0.5 2.5 0.0
1.5 2.5 -6.040234489386059925719681728789259531235468699713281253137525974991587e-80
0.5 3.5 0.0
10.49819368031444198718793569261204210388830620606504563112359074416009 10.49819368031444198718793569261204210388830620606504563112359074416009 0.0
9.498193680314441987187935692612042103888306206065045631123590744160093 10.49819368031444198718793569261204210388830620606504563112359074416009 -4.983030211259333861412787551275504029866668016718672671719775097786536e-83
8.498193680314441987187935692612042103888306206065045631123590744160093 10.49819368031444198718793569261204210388830620606504563112359074416009 -6.746805988869115220728056222506738722463345638200579885974551038259275e-72
7.498193680314441987187935692612042103888306206065045631123590744160093 10.49735724966935599999999999989478860352171105065888523633226614109073 -9.385865727561532896285422421992880846671284240859866735266740027653565e-72
6.498193680314441987187935692612042103888306206065045631123590744160093 10.48779972773561000000000000054917221683872998767477771755018699084006 -9.859055392455654235179583682962085935137533653827067093919727406262034e-71
5.498193680314441987187935692612042103888306206065045631123590744160093 10.49819368031444198718793569261204210388830620606504563112359074416009 -8.2124674816341494165503382255686044210702133219086100545418929258609e-72
4.498193680314441987187935692612042103888306206065045631123590744160093 10.49819368031444198718793569261204210388830620606504563112359074416009 -1.305767954240092979562503247076066741202979511394967592663881114097663e-72
3.498193680314441987187935692612042103888306206065045631123590744160093 10.49819368031444198718793569261204210388830620606504563112359074416009 -2.073202667629433928883349930766099430638784500245538898651002643542668e-79
2.498193680314441987187935692612042103888306206065045631123590744160093 10.49819368031444198718793569261204210388830620606504563112359074416009 -7.042660545241258802563822603916125227610066941601658212117237077013768e-80
10.49819368031444198718793569261204210388830620606504563112359074416009 9.498193680314441987187935692612042103888306206065045631123590744160093 3.218207011438320112937526412577316937411165575520462586750149939260147e-83
9.498193680314441987187935692612042103888306206065045631123590744160093 9.498193680314441987187935692612042103888306206065045631123590744160093 -6.436414022876640225875052825154633874822334854115875109085891141313688e-83
8.498193680314441987187935692612042103888306206065045631123590744160093 9.498193680314441987187935692612042103888306206065045631123590744160093 1.360259508592891420062621841368449333678070975242918817526134106443947e-72
7.498193680314441987187935692612042103888306206065045631123590744160093 9.497133484157400000000000000111554740403455708466676196862932456709491 -2.594260959208438649926222228867861136271262854050018755907557145293938e-70
6.498193680314441987187935692612042103888306206065045631123590744160093 9.483332206207888999999999999866050147028849833495676137662117772431 1.945695719406328987444666671650895852203447140537514066930667858970454e-70
5.498193680314441987187935692612042103888306206065045631123590744160093 9.498193680314441987187935692612042103888306206065045631123590744160093 1.932638039863928057649041639180135184791417345423564391004029047829477e-70
4.498193680314441987187935692612042103888306206065045631123590744160093 9.498193680314441987187935692612042103888306206065045631123590744160093 5.544369052844450248757360800940839561473089542094919269281393143920723e-71
3.498193680314441987187935692612042103888306206065045631123590744160093 9.498193680314441987187935692612042103888306206065045631123590744160093 5.175078719633837981980268143781012006843777939410398605114028526447236e-79
10.49819368031444198718793569261204210388830620606504563112359074416009 8.498193680314441987187935692612042103888306206065045631123590744160093 0.0
9.498193680314441987187935692612042103888306206065045631123590744160093 8.498193680314441987187935692612042103888306206065045631123590744160093 0.0
8.498193680314441987187935692612042103888306206065045631123590744160093 8.498193680314441987187935692612042103888306206065045631123590744160093 2.568145600123636790334972163926339801447203263822119404054279523011985e-71
7.498193680314441987187935692612042103888306206065045631123590744160093 8.49693655591260799999999999999756565645442098629078882029458043005022 8.293921669105755527483806861821735630040135736597258301741293535915873e-72
6.498193680314441987187935692612042103888306206065045631123590744160093 8.48242480417304000000000000013374180067589809092668828478762280903563 3.130774254562585849377569323038487825021203578379581444015130245468845e-70
5.498193680314441987187935692612042103888306206065045631123590744160093 8.498193680314441987187935692612042103888306206065045631123590744160093 3.554051139369202213852930532222548394960956629204826113446252263638188e-70
4.498193680314441987187935692612042103888306206065045631123590744160093 8.498193680314441987187935692612042103888306206065045631123590744160093 1.570886220227284878517346450958401440700865322367074974058792248645654e-70
10.49819368031444198718793569261204210388830620606504563112359074416009 7.498193680314441987187935692612042103888306206065045631123590744160093 -2.329824048098407676703889070696249719352578404784577926739996172286658e-71
9.498193680314441987187935692612042103888306206065045631123590744160093 7.498193680314441987187935692612042103888306206065045631123590744160093 2.280111387736151534615249582235882378171057821554540732537256241342978e-72
8.498193680314441987187935692612042103888306206065045631123590744160093 7.498193680314441987187935692612042103888306206065045631123590744160093 1.32675119581491126449136973019074218741114974967709089780945237340844e-71
7.498193680314441987187935692612042103888306206065045631123590744160093 7.49673689578531399999999999988137562990154109718842139069047409333625 1.001345140655266166618332696487484266765476572453476939292964901346465e-70
6.498193680314441987187935692612042103888306206065045631123590744160093 7.481188956778547400000000000056389736491398907326888807982095538493564 1.608625097204424232030103180088463783455920393940556237492922223951047e-70
5.498193680314441987187935692612042103888306206065045631123590744160093 7.498193680314441987187935692612042103888306206065045631123590744160093 1.608355419962873226408263860571652542757509488667312046515584404667735e-70
4.498193680314441987187935692612042103888306206065045631123590744160093 7.498193680314441987187935692612042103888306206065045631123590744160093 1.785219985130390539938393263684909398126205274555236972549271802741111e-70
10.49819368031444198718793569261204210388830620606504563112359074416009 6.498193680314441987187935692612042103888306206065045631123590744160093 -4.053532748763185390509722232606033025423848209453154306105558039521778e-72
9.498193680314441987187935692612042103888306206065045631123590744160093 6.498193680314441987187935692612042103888306206065045631123590744160093 2.280111417745617320505464301082445654748555736750289765536590592258177e-72
8.498193680314441987187935692612042103888306206065045631123590744160093 6.498193680314441987187935692612042103888306206065045631123590744160093 -2.296093698392185678276694515200899829061414587521665763272390124414149e-71
7.498193680314441987187935692612042103888306206065045631123590744160093 6.49653509580492699999999999990019406514445547402540921062862868727416 1.246461245088249672318360442164066988325966189978330077773928325206823e-70
6.498193680314441987187935692612042103888306206065045631123590744160093 6.480242158517145000000000000272062915544616955318046940376958735870846 2.592283415542881308204998372978320915127307477488570963809115320817709e-70
5.498185490125492499999999999851714112881753976052404851607231173840332 6.498193680314441987187935692612042103888306206065045631123590744160093 2.256920659764982888889819417788617826825325202179816735492473690991219e-70
10.49819368031444198718793569261204210388830620606504563112359074416009 5.498193680314441987187935692612042103888306206065045631123590744160093 2.837472924134229773356805562824223117796693746617208014273890627665245e-71
9.498193680314441987187935692612042103888306206065045631123590744160093 5.498193680314441987187935692612042103888306206065045631123590744160093 2.685304144414827071262044066293368632600757257263416379102257753987594e-71
8.498193680314441987187935692612042103888306206065045631123590744160093 5.498193680314441987187935692612042103888306206065045631123590744160093 -1.013383187190796347627430558151508256355962052363288576526389509880445e-71
7.498193680314441987187935692612042103888306206065045631123590744160093 5.496334171165804999999999999497126664770588363947369404156361810848429 -3.57989682121245306782234127764725848908660531415948127432219206663683e-70
6.498193680314441987187935692612042103888306206065045631123590744160093 5.478454828286284000000000000036180080145559246715363898199099960520096 -2.67098897301353819496893623835126152649779815670181226368921665083668e-70
5.498193680314441987187935692612042103888306206065045631123590744160093 5.498193680314441987187935692612042103888306206065045631123590744160093 6.355075602597087326859305247462046166557859183985550130502504751825079e-71
10.49819368031444198718793569261204210388830620606504563112359074416009 4.498193680314441987187935692612042103888306206065045631123590744160093 2.132127567116878937832327198401311592864355906227434347861200519603385e-71
9.498193680314441987187935692612042103888306206065045631123590744160093 4.498193680314441987187935692612042103888306206065045631123590744160093 -2.432119649257911234305833339563619815254308925671892583663334823713067e-71
8.498193680314441987187935692612042103888306206065045631123590744160093 4.498193680314441987187935692612042103888306206065045631123590744160093 -3.040149561572389042882291674454524769067886157089865729579168529641334e-71
7.498193680314441987187935692612042103888306206065045631123590744160093 4.496189000589780000000000000008962152443733693511410135896188787467769 -3.387882151545496388387575227372617198610616672627349559721780426971654e-71
10.49819368031444198718793569261204210388830620606504563112359074416009 3.498193680314441987187935692612042103888306206065045631123590744160093 1.8240897369434334257293750046727148614407316942539194377475011177848e-71
9.498193680314441987187935692612042103888306206065045631123590744160093 3.498193680314441987187935692612042103888306206065045631123590744160093 1.722751418224353790966631948857564035805135489017590580094862166796756e-71
10.49819368031444198718793569261204210388830620606504563112359074416009 2.498193680314441987187935692612042103888306206065045631123590744160093 1.8240897369434334257293750046727148614407316942539194377475011177848e-71
4.495082352266469400230389312746220472144477437040223151740723030851235 6.487547287904937850821860323429817675003441267917495062156646204626737 0.3576505099055637078325588793187383867679506982051191937373899208105692
4.495129386267326071567355029906544333030083011363197743417436881338922 5.487528098787951627375002639091088597842293715170347877459264061736285 0.3576505099055637078325588793187383867679506982051191937373899208105692
6.47079081548578 4.470817849208191 -0.42659562511825
5.463294493989279756029133888327184501078713530106266102070573442703239 4.494289372815855960134669172088763934272917892293844610405354518681665 0.4491658755894462966437349758684604949193162352803675696048390003249006
1.573905801516336701069842697179035801052869421263775620276197526924641 9.729594909389252198018515981302921099021797321125881520207342564616236 27.01897858098799513996964503634501723909689607214019279571553869906682
0.6725708533851725447314461266334959815135371114989836366125788686724564 9.29585837401960544720026964542540781015752159169179842519093899914646 27.01897858098799513996964503634501723909689607214019279571553869906682
2.437725800307954033421042944795031854845767986008734382294077989500001 9.022923922495654375391744919525479069175255924109903791027464776794076 24.44344194136909723392782294024340166745516504491306566297416588082495
1.536414377804728216906265933918566788079089627536376540371428092078894 8.589199383849498657313098601983866385110206279187462982254983858223986 24.44344194136909723392782294024340166745516504491306566297416588082495
0.6620824885523383552209657161500912184086732910253172069828593732093041 8.096118461742483537901000561144015251431043138241548661829337373728329 24.44344194136909723392782294024340166745516504491306566297416588082495
1.547821103349815494075681601790794340291770179372586752481308502002754 7.400627151779739617860515737269074635065076742698969187095925946475287 26.98596529028576006521746513604443942714220089663304132118160298843115
2.419587414979283308358785288316242541680829530121871075924795827145928 7.892401638293549001362741671279487926167495525229404680785488110928653 26.98596529028576006521746513604443942714220089663304132118160298843115
3.330994020341395471593696763819527905126407417590737774595067684162553 8.330994020341395471593696763819527905126407417590737774595067684162553 25.65875937985102030161890783835129195433073740885177563908399244639547
0.6724449678375913878670021547090958875422435750259274649545503853950506 6.915941635762794726308954192427192347545864729162680055519040204330152 26.98596529028576006521746513604443942714220089663304132118160298843115
2.434045660156175483934095077018263137488075768549100849077443878712373 6.72879504852174527375345369153494646911734457406337286982216315666221 28.97278553276785939978458602617585330533029656992098508411691339376995
3.335204675442727392076990299441204559608025530068895471911887689613872 7.223617714216495731337032524675906455367260918168562390132707003288526 25.65875937985102030161890783835129195433073740885177563908399244639547
0.6796220106233019010356770093157187208349544425256094379290635380405534 5.768538435812824980015366409084499570821105366388508760122677198790457 28.97278553276785939978458602617585330533029656992098508411691339376995
1.559195775815157449047483499021607360136345691070921727363391116813997 6.24440091161615950656871125090016480479916576649033311567808884247948 28.97278553276785939978458602617585330533029656992098508411691339376995
3.313065096713102879730872798732417079092573521099026462254718505461254 6.07244457173303771683251218228427703435484734642514125884069839403371 28.97278553276785939978458602617585330533029656992098508411691339376995
0.5 4.588916425189523078979689399768780849986150923862899322193613660749904 -1.456239570398302733092566635178379163867228113725402661644047168624717e-80
1.563365328031066809957649642739105524389113366142668218826612981664501 5.103656297921866182463027301014713705718489731279061750552549765668249 28.97278553276785939978458602617585330533029656992098508411691339376995
2.438215212372084844844261220735761301740843443620847340540665743562877 5.588050434827451949647769741649495370036668538852101504696624079850979 28.97278553276785939978458602617585330533029656992098508411691339376995
1.649211139349228020343923048375009459986739260904851137826236702556613 3.905830914906805783699949177320252527691610117636584461201075743335736 32.08916312291774656017165236677312270132674130198656232147354018744789
2.500907779374262812050764030462830741465639337713749784472937386053221 4.47970932914511972083366806076358207633739945535964447777304548973187 28.97278553276785939978458602617585330533029656992098508411691339376995
3.375757663715280846937375608459486518817369415191928906186990147951597 4.964103466050705488018410501398363740655578262932684231917119803914601 28.97278553276785939978458602617585330533029656992098508411691339376995
9.740741914187305771647555586212980345411434794309315291124262954190618 1.569163735973790428129612792968350091339601630948914610186471875672785 -28.83006656050836919731528056407364988370805692566097740992056336210613
9.283919816541998973622136599304234533793654718648577162378627698620084 0.6791336064860907991668516946247246100351127000342030870329463123878113 -28.83006656050836919731528056407364988370805692566097740992056336210613
9.028392433909131526142115397012753231594891728938946168589911232337465 2.439521576087504494467708766446661143261697376651459459178026854139517 -23.56721208700932520126242358617361803012864393489463130240807948099761
8.570816309330044211763479203743993747761731442294692507524415330977463 1.548121579969366174740804178939958907821665141082466952098619841501435 -23.56721208700932520126242358617361803012864393489463130240807948099761
8.109832307366212430649287215156097194989393372017113294122522191777403 0.6582081270345245743621345755381546885785307346564238335664458197365306 -23.56721208700932520126242358617361803012864393489463130240807948099761
7.407615153533336561318477150800710305612085599040051494484252737468645 1.546659221101421692941996236655160895936905099072986325425047689452637 -27.38460503648301430391275049625381972819878409795323671230914142276608
7.867576372104675740106379558485539738988627507946403926462404332203841 2.434598226557522121446506651586349698857857213852514710295158791101417 -27.38460503648301430391275049625381972819878409795323671230914142276608
8.324243568300722183541729281304032985739559194222105222699459395968105 3.324243568300722183541729281304032985739559194222105222699459395968105 -27.38460503648301430391275049625381972819878409795323671230914142276608
6.918253154007987784786262606562466479974560185789392375412868647969314 0.673950112013719803646206411308009118148747011842940408424131348191988 -27.38460503648301430391275049625381972819878409795323671230914142276608
6.743424922370062264988234160402239506520001013863625351238042072106664 2.438559603445498248812166975437874150937606076312380273170650230204847 -27.38460503648301430391275049625381972819878409795323671230914142276608
7.199621085968914 3.3285338492255683 -27.393082357855505
5.791605834389668597393938240717090975566595337574355487722143966966685 0.6726785660710814209514737947249514157329976686597563516508339775734042 -26.71991958910478045676921705528647997214331033025188864365818322568767
6.254062922844713488456019616163995680882475600612966232166657982607333 1.565850494357796359516377150090722373149447989082334356169733888944198 -27.38460503648301430391275049625381972819878409795323671230914142276608
6.07036362900391233455620829070785049042839245969563137983334254491441 3.325872071576090492636447962087006795517754673501485697844202675051821 -26.71991958910478045676921705528647997214331033025188864365818322568767
4.67142234306106228187382549732842175875718487503459510952152404251581 0.6714223430610622818738254973284217587571848750345951095215240425158099 -26.71991958910478045676921705528647997214331033025188864365818322568767
5.121051906171123475559456111137997521638699889617190811827169240330139 1.564637466073125651935845878175689513390039610521189626258926929733101 -26.71991958910478045676921705528647997214331033025188864365818322568767
5.580793987299662007067294042857384257714220898732553671401778703718805 2.45276211654229503107222445515213314169034499518862993719691863627459 -26.71991958910478045676921705528647997214331033025188864365818322568767
3.99924475244116711703544727437279748501774950622241290002995851992769 1.560155743828758039708047682382052315082218010349167208105137819097649 -26.71991958910478045676921705528647997214331033025188864365818322568767
4.448874315551228310721077888182373247899264520805008602335603717742019 2.45337086684082140977006806322932006971507274583576172484254070631494 -26.71991958910478045676921705528647997214331033025188864365818322568767
4.929222069525475241908114535065587790274937789819705708544471419542438 3.379920442205828687589139884620149223261521454423625363663318770423253 -31.96147718594354422695582734564091789549829361297264766590422647232711
4.258030077420247407499056081277715652634036994302291234157442368059335 4.267022092462982803679224534351270809119994289627218013270804279125468 44.49634406338112049867255888980836519764388349942619969475533103793552
3.402889754697858380737582024317415814946298831055950046781303764222709 3.707120536962167235442002938009976720200091274383881322651056669801452 44.04442101448389371837485580840380183510621098308920714590014510245516
2.496874275538346140159413270409086531709635791793899723741845126842134 3.205470375139089359436079620160353309521376540678734132172637514567737 44.04442101448389371837485580840380183510621098308920714590014510245516
3.30547881092977286458711511032961495013497533396132037101742355737858 2.406002637393061112075249337610045804101428184235126504334553226250598 -26.71991958910478045676921705528647997214331033025188864365818322568767
