110 10.99756726622101311218441044053634653054986077841548978488226479574484
0.5 10.49756726622101311218441044053634653054986077841548978488226479574484 0.0
10.49756726622101311218441044053634653054986077841548978488226479574484 0.5 0.0
0.5 0.5 0.0
1.5 0.5 2.991571595216360856987080479572336702363560362567536732332360629393066e-81
2.5 0.5 0.0
3.5 0.5 0.0
0.5 1.5 0.0
1.5 1.5 -5.430513033864410948804901889661101926324999189736757546587922745953234e-80
2.5 1.5 0.0
0.5 2.5 0.0
1.5 2.5 -2.672237907865094614514530225204328136030378572608404514496832733898877e-80
0.5 3.5 1.545399393770867927026255775400642390516687643145773256215578554490957e-81
10.49756726622101311218441044053634653054986077841548978488226479574484 10.49756726622101311218441044053634653054986077841548978488226479574484 -4.412274678884793765491592666936975312012231845699229734614379696567795e-79
9.497567266221013112184410440536346530549860778415489784882264795744839 10.49756726622101311218441044053634653054986077841548978488226479574484 1.179011881547511787981686296549693364143696790857312052387647846758953e-80
8.497567266221013112184410440536346530549860778415489784882264795744839 10.49756726622101311218441044053634653054986077841548978488226479574484 -4.110262954415490769205608580497512335450458410713565671957503397818216e-79
7.497567266221013112184410440536346530549860778415489784882264795744839 10.49756726622101311218441044053634653054986077841548978488226479574484 -4.527521467117451460923966514582222805859164062954032251802449279399212e-79
6.497567266221013112184410440536346530549860778415489784882264795744839 10.49756726622101311218441044053634653054986077841548978488226479574484 -3.568580925666313624389823956579706942522693747741004625224576990457552e-79
5.497567266221013112184410440536346530549860778415489784882264795744839 10.49756726622101311218441044053634653054986077841548978488226479574484 -3.266681504123046862171445059964347586326369693262905427722228403271817e-79
4.497567266221013112184410440536346530549860778415489784882264795744839 10.49756726622101311218441044053634653054986077841548978488226479574484 -3.02191109453401316608209383197834833901693371408004675442394075726225e-79
3.497567266221013112184410440536346530549860778415489784882264795744839 10.49756726622101311218441044053634653054986077841548978488226479574484 -3.266681504123046862171445059964347586326369693262905427722228403271817e-79
2.497567266221013112184410440536346530549860778415489784882264795744839 10.49756726622101311218441044053634653054986077841548978488226479574484 -3.266681504123046862171445059964347586326369693262905427722228403271817e-79
10.49756726622101311218441044053634653054986077841548978488226479574484 9.497567266221013112184410440536346530549860778415489784882264795744839 -4.829533191586754457209950601021685782420937497939696314459325578148791e-79
9.497567266221013112184410440536346530549860778415489784882264795744839 9.497567266221013112184410440536346530549860778415489784882264795744839 -6.831170341223649745998915406129607736105381090850522517700679466289158e-79
8.497567266221013112184410440536346530549860778415489784882264795744839 9.497567266221013112184410440536346530549860778415489784882264795744839 -4.530323333701883471143416562259151417458125828220012533633738659123939e-79
7.497567266221013112184410440536346530549860778415489784882264795744839 9.497567266221013112184410440536346530549860778415489784882264795744839 -4.527521467117451460923966514582222805859164062954032251802449279399212e-79
6.497567266221013112184410440536346530549860778415489784882264795744839 9.497567266221013112184410440536346530549860778415489784882264795744839 -4.527521467117451460923966514582222805859164062954032251802449279399212e-79
5.497567266221013112184410440536346530549860778415489784882264795744839 9.497567266221013112184410440536346530549860778415489784882264795744839 -4.527521467117451460923966514582222805859164062954032251802449279399212e-79
4.497567266221013112184410440536346530549860778415489784882264795744839 9.497567266221013112184410440536346530549860778415489784882264795744839 -3.267271370772400969586066122633174662452466907003111802844605114792813e-79
3.497567266221013112184410440536346530549860778415489784882264795744839 9.497567266221013112184410440536346530549860778415489784882264795744839 -3.631403247682021932024920709997195547206585879427053198718416608677476e-79
10.49756726622101311218441044053634653054986077841548978488226479574484 8.497567266221013112184410440536346530549860778415489784882264795744839 -9.244462270393641706067338049968382937000606805469854737124400476561065e-79
9.497567266221013112184410440536346530549860778415489784882264795744839 8.497567266221013112184410440536346530549860778415489784882264795744839 -9.244462270393641706067338049968382937000606805469854737124400476561065e-79
8.497567266221013112184410440536346530549860778415489784882264795744839 8.497567266221013112184410440536346530549860778415489784882264795744839 -4.530470800364221997997071827926358186489650131655064127414332837004188e-79
7.497567266221013112184410440536346530549860778415489784882264795744839 8.497567266221013112184410440536346530549860778415489784882264795744839 -4.525309467182373558119137529574121270386299511428258345093536611195479e-79
6.497567266221013112184410440536346530549860778415489784882264795744839 8.497567266221013112184410440536346530549860778415489784882264795744839 -5.883402102373937657556522962991703170498682913773929289821898229930004e-79
5.497567266221013112184410440536346530549860778415489784882264795744839 8.497567266221013112184410440536346530549860778415489784882264795744839 -3.582260161527494328993713587786833313788379044273316118193769067004288e-79
4.497567266221013112184410440536346530549860778415489784882264795744839 8.497567266221013112184410440536346530549860778415489784882264795744839 -3.165001648825533637275355653702122843379673392032849538348823185423292e-79
10.49756726622101311218441044053634653054986077841548978488226479574484 7.497567266221013112184410440536346530549860778415489784882264795744839 -4.414929078806887248857387448946697154579669307530158422665074898412274e-79
9.497567266221013112184410440536346530549860778415489784882264795744839 7.497567266221013112184410440536346530549860778415489784882264795744839 -1.407930426182458313000887821500951240455641922707140842768511645839881e-78
8.497567266221013112184410440536346530549860778415489784882264795744839 7.497567266221013112184410440536346530549860778415489784882264795744839 -5.13411521389728599576550420077004174108685719045348620308890196167052e-79
7.497567266221013112184410440536346530549860778415489784882264795744839 7.497567266221013112184410440536346530549860778415489784882264795744839 -6.517508750429603128274165331980810006053187684495782546376863114999922e-79
6.497567266221013112184410440536346530549860778415489784882264795744839 7.497567266221013112184410440536346530549860778415489784882264795744839 -6.218593825869409195914941824552689179153424621646201953112464551735567e-79
5.497567266221013112184410440536346530549860778415489784882264795744839 7.497567266221013112184410440536346530549860778415489784882264795744839 -6.524734616884190944103273349673941688597878552813310641625977831132114e-79
4.497567266221013112184410440536346530549860778415489784882264795744839 7.497567266221013112184410440536346530549860778415489784882264795744839 -3.164411782176179529860734591033295767253576178292643163226446473902297e-79
10.49756726622101311218441044053634653054986077841548978488226479574484 6.497567266221013112184410440536346530549860778415489784882264795744839 -4.225184841740019948523422907100626521405302012758713421516376602830527e-79
9.497567266221013112184410440536346530549860778415489784882264795744839 6.497567266221013112184410440536346530549860778415489784882264795744839 -6.481821818143679629689591040516771900424306253213296851473072067979708e-79
8.497567266221013112184410440536346530549860778415489784882264795744839 6.497567266221013112184410440536346530549860778415489784882264795744839 -4.180974810621913354834092196646315581777050990582786867406131260814489e-79
7.497567266221013112184410440536346530549860778415489784882264795744839 6.497567266221013112184410440536346530549860778415489784882264795744839 -6.222575425752549420963633997567271943004580814392594985188507354502285e-79
6.497567266221013112184410440536346530549860778415489784882264795744839 6.497567266221013112184410440536346530549860778415489784882264795744839 -5.960379700114648675164571641273636604954369306870861243292059083419887e-79
5.497567266221013112184410440536346530549860778415489784882264795744839 6.497567266221013112184410440536346530549860778415489784882264795744839 -5.773614763878003374310961402479421122239528089139999697823252367501724e-79
10.49756726622101311218441044053634653054986077841548978488226479574484 5.497567266221013112184410440536346530549860778415489784882264795744839 -4.414928502765237488986865358065184628138139915719865252376869452404929e-79
9.497567266221013112184410440536346530549860778415489784882264795744839 5.497567266221013112184410440536346530549860778415489784882264795744839 -1.97376595045491371344811959400584260672635024368607497870905426877334e-79
8.497567266221013112184410440536346530549860778415489784882264795744839 5.497567266221013112184410440536346530549860778415489784882264795744839 -7.423691390499850643985772856966405704770032292887826328128086189128908e-79
7.497567266221013112184410440536346530549860778415489784882264795744839 5.497567266221013112184410440536346530549860778415489784882264795744839 -6.211662892739498433793144338193971034671782360198777045424538191363873e-79
6.497567266221013112184410440536346530549860778415489784882264795744839 5.497567266221013112184410440536346530549860778415489784882264795744839 -5.942683700634025452725939761208824321171452894664669989620757737790029e-79
5.497567266221013112184410440536346530549860778415489784882264795744839 5.497567266221013112184410440536346530549860778415489784882264795744839 -3.94384841758156217415642500377783097908597106701982406821069322937439e-79
10.49756726622101311218441044053634653054986077841548978488226479574484 4.497567266221013112184410440536346530549860778415489784882264795744839 -1.998834995031638398634253711990237078864717131739699336265961785411967e-79
9.497567266221013112184410440536346530549860778415489784882264795744839 4.497567266221013112184410440536346530549860778415489784882264795744839 -6.831022586540486339209999095021644703853092091510324338775982565405236e-79
8.497567266221013112184410440536346530549860778415489784882264795744839 4.497567266221013112184410440536346530549860778415489784882264795744839 -6.83104098387067554507479837254995101707943704338180011215281730901339e-79
7.497567266221013112184410440536346530549860778415489784882264795744839 4.497567266221013112184410440536346530549860778415489784882264795744839 -6.831043468050290134516424889476473787358532546288116168381340209793784e-79
10.49756726622101311218441044053634653054986077841548978488226479574484 3.497567266221013112184410440536346530549860778415489784882264795744839 -1.696823270562335402348269625550774102302943696754035273609085486662387e-79
9.497567266221013112184410440536346530549860778415489784882264795744839 3.497567266221013112184410440536346530549860778415489784882264795744839 -1.696816070041713403966743489531867521783826299025494150787025503714556e-79
10.49756726622101311218441044053634653054986077841548978488226479574484 2.497567266221013112184410440536346530549860778415489784882264795744839 -1.69682355858316028228353067099153036552370839265918185875318820966606e-79
4.497567266221013112184410440536346530549860778415489784882264795744839 6.486885149966433791852282277729436820606121644793673116464959815426903 -3.977791239255914517178042155087387817941795365071494678286529735437536e-79
4.497567266221013112184410440536346530549860778415489784882264795744839 5.486885149966433791852282277729436820606121644793673116464959815426903 -4.075220702157826977284024220901516578907003793806786026088481726346712e-79
6.485139779825963116602613997867129032491100993373183989261935585903377 4.497567266221013112184410440536346530549860778415489784882264795744839 -9.91343045955647814396739719074347318711440759372357212390641230555714e-80
5.359537511772148667065253188752240743746479709871328196505542928668266 4.491364893588522910620249578927382504718700694452067413485228653651069 0.7152221184016998071642048239878162101248551103320281624838748106347227
1.573762690863070648870587645822303302573256550465876047759660825310753 9.727737750138604795515181374946677113096844241355312188435583341738209 26.8671505236160726215118691455382907885973150486982723213966142055951
0.6719900587231867006951444693510426718428318006687477864050925878065853 9.294992648994986948482598840239502473204919471527705956985468297481656 26.8671505236160726215118691455382907885973150486982723213966142055951
2.437005812836375290850330041031443502284917658821365413673787082705855 9.021624801951267446381436670792383921857591878033476561335320861310856 24.52537928655375844523626311443103584051789733650797121960169078859618
1.535271858527598755898677828811140334258675850893925655527062307470425 8.588899295316678470131291396144290037377203732171472150342799373886007 24.52537928655375844523626311443103584051789733650797121960169078859618
0.6624368817959196330488095147288629105962114079793508700515640955573856 8.092835134074899474727591465455458790368554543823458791107480961383142 24.52537928655375844523626311443103584051789733650797121960169078859618
1.545062657996165314279094361611602625420317415634076736312267458565257 7.396448491033127592269324189696641789690457952907649746137462652585181 27.40439635892665462836819960382597730028165864443855017755105209635649
2.419976731863019651951472726592979660200717158893877748508222430026743 7.893666691385830916566463025650777934782368881534930837619231451811051 26.76079037501846458683448043907555598608059317063860287088285951392148
3.330616986835865453677247256060620560089729354002180871289621730587257 8.330616986835865453677247256060620560089729354002180871289621730587257 25.59783921305006922769003753647705781778525024697077643788107803980175
0.6740239886490926848043965498555897646481019743406459398362993812573788 6.903889211544735689603751689014516922871943256104506744858305622277199 27.40439635892665462836819960382597730028165864443855017755105209635649
2.433297300945609241303757222344314517138983964641655095262457764391543 6.7298202645169679255430578255178110626753638649829871639315653272535 28.89585200774273102848836255709475124276715833790163470365868783788448
3.334779223766294780150382229856352437239858972948816387526153597950719 7.223777708327570505445055478438341315198176219870447012827728247743267 25.59783921305006922769003753647705781778525024697077643788107803980175
0.6788327211342497714266234315459032419680390652818522860628518366080178 5.766976356216679373970869265409767884446030471011657729860100207954347 28.74275054408569547366657256518460009453012605688724466550458814265119
1.562790877255812989530655500164821593746495350503463919244092702368314 6.237554750143839552521429298819228283325374391570049933300355310172818 28.89585200774273102848836255709475124276715833790163470365868783788448
3.318208009107064947918092748295916065994287170404325970229837670278649 6.076028545839792943223344396768531437835128933759882724420535337641315 28.89585200774273102848836255709475124276715833790163470365868783788448
0.5 4.588143635082429602544245833863864642477991405729805443797248371346329 1.387225602833889075879413552459429496225048669699320898804221135458407e-80
1.570471480678875499869481392171498017561038105216830214426968483501511 5.094416692654122013241564329869889351828469913473629016649302943573784 29.41712687701099806020212064976031815843665738830894109533054575066326
2.443997237564014443869803278854607313343440113455639533471696976041351 5.581220360717032802832234307659744506005317869167501444249259623717606 29.41712687701099806020212064976031815843665738830894109533054575066326
1.655337778561574131927843801130269125713160349470965621801761052637055 3.938955835421241245262618071451871088306270429312975068887498846670256 35.24260005625130806952898736145365549485485104234787556916599158361292
2.54678019465823924161203347373289354584605337590831301402045589985404 4.489941130133014451461240051544787012812125031422153525357453642946182 29.53879926999744578687488557615717809144999033319513485737377034027437
3.417270776432501765569494258628891376672129365442979606060850723046326 4.982127121640842589064142260926292149261073167576042842857046928236892 29.53879926999744578687488557615717809144999033319513485737377034027437
9.734771390560639086441597761859522176414561012589561645813005927585576 1.57100336003638109058182653351306313610431289158188395674133544062424 -27.98423023996568260425263475344333503802128959030731413829571645010606
9.28770112498760186591000681145574395929321781623309643937021634606218 0.6761526508309938448359311793525898641435602405572665212135757159996621 -27.98423023996568260425263475344333503802128959030731413829571645010606
9.025026882943520879999939634780950034026047615527680308047938276325474 2.438070330304286384019427262972333756628228387804903515564096768366723 -23.99025879159654439990563747980599189000713230121184224109581341361086
8.577636336179192572061646440124462595277755814930013959905046116484426 1.542616859620088077121722675592947618833041488558342039588121414458546 -23.99025879159654439990563747980599189000713230121184224109581341361086
8.101180973849466879711918677837224477484867031659974060037793236193827 0.6600979579743629491230843957838548110358926308069061746665612003152905 -23.99025879159654439990563747980599189000713230121184224109581341361086
7.404473805117292474591731689502184501365649258558981600986396601488974 1.551852893976322494311183155227155812544863802155408392041415726250177 -26.55358311530363586006890653465561366848560890121031588806451720742358
7.879847389906271818188890490497688708873075763447128888097003063645744 2.432207157488702169236366755414279539887034787259962407347315879136851 -26.55358311530363586006890653465561366848560890121031588806451720742358
8.326814361396036457721100638016023534540472311945399800466243482005571 3.326814361396036457721100638016023534540472311945399800466243482005571 -26.54776613478606166396271815528764270812120408154918624365004540337134
6.930546957721265043223616027225521287227799390137885838174232528724261 0.6707756236966941437903543281628011221236490816648044306698940490946161 -26.55358311530363586006890653465561366848560890121031588806451720742358
6.730104334321804318032967008918449591805599839111923358703185254866689 2.44020605755786076784704021381673624664998894142587945414065179409613 -28.08027123172436357910940814656662734002492034660342155777813198783107
7.21143143974662385692028986016893483051678342309370703989977959325164 3.331783105568195647345241522245244028036595014985220056081726493798825 -26.54776613478606166396271815528764270812120408154918624365004540337134
5.78636311163067575301130951566495538189920338533566887196945416369834 0.6762865576434208733103672245105379116065929000284696311965070232869191 -28.02134734684421477285703059342493207241323569522686969323820448055238
6.256163611752500325298930218340952725478411536169690254987819211216141 1.559059172808438047643480970855616391240570549251387510571156022342956 -28.02134734684421477285703059342493207241323569522686969323820448055238
6.092606505243277726944049277586029558236497088132373954245216055702154 3.369404710343223006054009623126119132746987501512922413222165508023463 -28.61052584890361307757871964043114340764937936786924978181404979327146
4.676286557643420873310367224510537911606592900028469631196507023286919 0.7189745015645112008695056171355466365477514233023158956709099228291826 -28.02134734684421477285703059342493207241323569522686969323820448055238
5.14608705776524544559798792718653525518580105086249101421487207080472 1.60174711672952837520261936348062511618172907252523377504555892188522 -28.02134734684421477285703059342493207241323569522686969323820448055238
5.615887557887070017885608629862532598765009201696512397233237118322521 2.484519731894545549535733109825703595815706721748151654420207920941257 -28.02134734684421477285703059342493207241323569522686969323820448055238
3.995698155393962086500242263521801044123523468997916897155366808594842 1.568686658515703865248605929731708420422219595888142893913730542342689 -28.02134734684421477285703059342493207241323569522686969323820448055238
4.465498655515786658787862966197798387702731619831938280173731856112643 2.451459273680721039581719676076786900056197245111060773288379541398726 -28.02134734684421477285703059342493207241323569522686969323820448055238
4.935299155637611231075483668873795731281939770665959663192096903630444 3.334231888845738213914833422421865379690174894333978652663028540454763 -28.02134734684421477285703059342493207241323569522686969323820448055238
4.172603871711605086146682007771546980566217601179620005134078143544371 4.245105443282037898958201745545902295687861443843975604110827216014462 33.0551058419089291629397051886671131163111290631584871871724846988293
3.309745062868113969915336599807851576604530645441225830719757407940248 3.737633874662341217215143144041277241549489882231672505286216231811721 33.0551058419089291629397051886671131163111290631584871871724846988293
2.437529966153980363411543233584849694234633187255862611720578497826925 3.244372785040332416491658831462794338718111606510952931522601001733425 33.06552295864852372667483886227776349183275720930627553351142646105349
3.306940046412604469486253202011053100585624366012407615270141419004679 2.403047632624435900295378095037112223683792223586796173179236973428523 -28.02134734684421477285703059342493207241323569522686969323820448055238
