110 11.019274665594878
0.500000000045719 10.519274665549162 1.6e-14
10.519274665549151 0.5000000000457323 89.99999999999967
0.5000000000457385 0.5000000000457225 1.5e-14
1.5000000001372502 0.5000000000457323 1.279e-12
2.500000000228786 0.5000000000457279 89.99999999999949
3.500000000320273 0.5000000000457341 89.99999999999868
0.5000000000457305 1.5000000001371685 89.99999999999999
1.5000000001372475 1.5000000001371827 1.904e-12
2.500000000228734 1.50000000013718 89.99999999999939
0.500000000045727 2.500000000228614 1.8e-14
1.5000000001372094 2.5000000002286376 3.141e-12
0.5227646515558773 3.5000000003200595 89.99999999999999
10.519274665548942 10.519274665548803 2.4713e-11
9.518649008746667 10.519274665549158 1.51e-13
8.517951022844539 10.519274665549144 5.08e-13
7.516952409322922 10.519274665549155 89.9999999999995
6.515323914000886 10.519274665549123 89.99999999999834
5.511334202624345 10.519274665549105 89.99999999999659
4.509997828163345 10.519274665549116 89.99999999999918
3.50844139819338 10.512035236879305 0.004334783298408
2.506735001671928 10.51826527990838 89.9536256327201
10.519274665549158 9.519274665456788 2.98e-13
9.519274665457718 9.519274665457718 4.12e-13
8.519274665366275 9.519274665457683 1.031e-12
7.5172819310485846 9.519274665457715 89.99999999999898
6.51583087838221 9.519274665457612 89.99999999999666
5.513814595872241 9.519274665457576 89.99999999999321
4.509831817062993 9.519274665457594 89.99999999999837
3.4846548034958773 9.51107803834584 89.96691562316113
10.519274665549158 8.5192746653649 6e-15
9.519274665457715 8.519274665366272 89.99999999999942
8.519274665366275 8.51927466536622 89.999999999999
7.519274665274834 8.519274665366272 89.9999999999985
6.519274665183394 8.51927466536608 89.99999999999783
5.519274665091958 8.519274665365975 89.99999999999766
4.5192746650005216 8.519274665366073 89.99999999999763
10.519274665549155 7.51927466527315 89.99999999999991
9.519274665457704 7.519274665274827 89.99999999999896
8.519274665366238 7.519274665274754 89.99999999999675
7.519274665274791 7.519274665274816 89.99999999999646
6.51927466518331 7.519274665274544 89.99999999999217
5.519274665091696 7.519274665274372 8.418e-12
4.519274665000217 7.519274665274489 8.601e-12
10.519274665549144 6.519274665181462 2.7e-13
9.519274665457665 6.519274665183387 89.99999999999899
8.519274665366135 6.519274665183309 89.99999999999643
7.519274665274628 6.519274665183334 89.99999999999174
6.493192648198081 6.519274665182972 3.157e-12
5.4841822220612855 6.510955166814012 0.947649129381802
10.519274665549133 5.519274665089807 2.361e-12
9.519274665457594 5.519274665091946 89.999999999999
8.519274665366 5.519274665091855 89.99999999999469
7.518572183082707 5.519274665091892 89.9999999999916
6.517998059126626 5.519274665091505 3.609e-12
5.505613335987933 5.5078611467117184 1.315782611159718
10.519274665549155 4.519274664998168 5.24e-13
9.519274665457683 4.519274665000505 89.99999999999906
8.519274665366188 4.5192746650004025 89.99999999999325
7.519274665274727 4.51927466500045 89.99999999999153
10.519274665549155 3.5192746649065327 89.99999999999953
9.519274665457708 3.5192746649090636 89.99999999999913
10.519274665548949 2.519274664814877 89.99999999999493
4.479689988025589 6.48363429212706 1.44293309031643
4.50443420939108 5.483442179502187 1.433778811931045
6.5102456669687605 4.519274665000037 3.953e-12
5.510245666877307 4.495523645430463 4.666e-12
1.522455844603031 9.810985642763843 41.00898649507547
0.6941630914926735 9.145475485096185 33.60413163436726
2.3388082720354486 9.080118680799197 29.86802840750413
1.5382444197610061 8.466125083435745 29.868028407504035
0.6825893502520817 7.948061882313596 29.8680284075039
1.5577581910723763 7.296752688193681 30.406011672899037
2.4142703344833127 7.813013357782687 30.406011672898345
0.6801251042037375 6.794578873643249 29.12110264032493
2.4800391161825206 6.678508482255992 30.406011672898696
3.342499685894748 7.1846327415784295 30.4060116728943
0.7344157721072939 5.680125104660948 29.12110264032309
1.6175785464703778 6.1723842229334815 30.406011672898792
3.310802290030296 6.006558222154048 30.40601167289823
0.5000000000457252 4.500000000411501 89.99999999999982
1.5845232348225688 4.993512827517583 30.406011672896113
2.4476785242696013 5.500044774477164 30.406011672903443
1.6842924146087648 3.892587833025595 30.406011672902295
2.546752984320925 4.398712092348085 30.406011672902256
3.4092135540330912 4.904836351670606 30.4060116729051
9.763189842201612 1.5889629259866522 62.372640290767244
9.330251659458797 0.6787390832666285 61.737717077177074
9.052664424444055 2.458307885269253 66.24738254293747
8.620455044971518 1.5559619051804807 66.24738254293732
8.175918246044425 0.6590407916727745 66.24738254293734
7.47946709376269 1.5574689146488971 65.22470047778205
7.923729491806551 2.453795497244529 65.22470047778218
8.355765206203259 3.3557652057460015 65.22470047778246
7.0300759576106575 0.6635094592087327 65.22470047778205
6.79388005047519 2.4568493394501196 63.634780964286136
7.237971412843692 3.352830847101148 63.63478096428863
5.895306661822146 0.6700364350097514 63.634780964285625
6.344729550721827 1.5633753826742867 63.63478096428561
6.1080312032961706 3.324896207127795 63.63478096428668
4.696370942333277 0.6716732604266173 63.293527403502615
5.207497273738208 1.5345611186717232 63.29384718313995
5.657158089820185 2.4283730053524657 63.29384718314376
4.0183888330360285 1.5504567903958284 63.29384718314364
4.52980202468108 2.4125897044243425 63.293847183143086
4.979216957142169 3.305912836702858 63.29384718314275
4.303209704148394 4.233210573263591 44.18909057893682
3.6965111557182357 3.36710452786429 50.86277790002752
2.4668568380491855 3.192352735670789 30.406011672904473
3.2978309642673436 2.402269738581139 50.862777900029535
3.4733602963504535 8.37585573341832 84.46261055817465
