110 11.023442306351653
0.5000000852772892 10.523442221074411 2.63e-12
10.523442221074447 0.5000000852772173 89.99999999999936
0.5000000852772004 0.5000000852773274 4.3e-14
1.500000255831603 0.5000000852773319 1.71e-13
2.500000426386007 0.5000000852772422 2.84e-13
3.50000059694041 0.5000000852772706 1.14e-13
0.5000000852772377 1.5000002558322292 2.231e-12
1.5000002558317345 1.5000002558323162 8.171e-12
2.500000426386226 1.5000002558318304 1.35e-11
0.5000000852772288 2.500000426405811 2.291e-12
1.5000002558316776 2.5000004263869227 4.579e-12
0.5023279968821868 3.5000005969698242 89.99999999999943
10.523442221074312 10.523442221074454 8.5e-14
9.52344205014684 10.523442221074447 1.236e-12
8.523441879415925 10.52344222107443 89.99999999999682
7.523441708733172 10.523442221074454 89.99999999999969
6.523441538074035 10.523442221074447 89.99999999999861
5.523441367429124 10.523442221074443 5.68e-13
4.523441196793575 10.523442221074411 89.99999999999676
3.523441026164539 10.523442221074404 3.287e-12
2.5234408555322676 10.523442220995442 2.137135e-09
10.523442221074387 9.523442050520059 2.98e-13
9.523442050519739 9.523442050519991 7.745e-12
8.52344187996515 9.523442050520003 89.99999999999599
7.523441709410623 9.523442050520034 89.99999999999937
6.523441538856104 9.52344205052004 89.99999999999774
5.523441368301594 9.523442050519996 3.823e-12
4.523441197747126 9.5234420505198 6.436e-12
3.523441027192696 9.523442050519911 6.672e-12
10.52344222107443 8.523441879965661 4.26e-13
9.523442050519812 8.523441879965496 1.8474e-11
8.52344187996533 8.523441879965402 1.5561e-11
7.523441709410812 8.523441879965555 5.738e-12
6.523441538856302 8.523441879965633 89.99999999999879
5.52344136830176 8.523441879965576 6.139e-12
4.5234411977459965 8.523441879964533 9.9396e-11
10.523442221074326 7.523441709411263 4.69e-13
9.52344205051936 7.52344170941075 2.7626e-11
8.523441879964665 7.523441709410942 1.8645e-11
7.523441709409742 7.523441709411121 8.768e-12
6.523441538619479 7.523441709411204 2.938e-12
5.523441367907977 7.523441709411042 2.1615e-11
4.520419538938281 7.523441709409936 1.06935e-10
10.523442221074362 6.523441538856873 1.71e-13
9.523442050519485 6.523441538856127 2.2524e-11
8.523441879964896 6.523441538856501 1.8275e-11
7.523441709410185 6.523441538856712 9.346e-12
6.523441538855268 6.523441538856805 3.936e-12
5.523441368301057 5.523441368302208 2.6333e-11
10.523442221074365 5.523441368302482 89.99999999999994
9.523442050519478 5.523441368301495 1.0106e-11
8.523441879964855 5.523441368302044 1.5784e-11
7.523441709410276 5.523441368302301 9.384e-12
6.523441538855706 5.523441368302409 4.657e-12
5.523441368294872 4.523441197747801 2.6631e-11
10.523442221074284 4.523441197748092 89.99999999999973
9.523442050516055 4.523441197746966 5.386e-12
8.52344187996036 4.523441197747588 1.2905e-11
7.523441709405122 4.523441197747888 9.3e-12
10.523442221074337 3.5234410271937024 89.99999999999955
9.523442050519682 3.523441027192453 8.53e-13
10.523442221074454 2.523440856639312 89.99999999999937
4.523441197268057 6.5234415388553515 1.14468e-10
4.419401926601823 5.419402097156352 13.675931009644966
6.523441538849998 4.523441197748014 5.136e-12
4.421192589705754 4.213384502286298 76.60205122089101
1.5989055310991733 9.750621359395947 24.95072342910971
0.6732498807581573 9.326054927551972 26.782430434235792
2.460327598460223 9.048471246835746 24.950722727737958
1.5536565626771628 8.626632509230573 24.950722727739585
0.66425486278089 8.167676320439988 24.950722727739333
1.5431869635628503 7.473380444275267 27.332758541480047
2.450172825417263 7.940810368715403 24.95072272781822
3.360117667623344 8.3601185203969 24.731719947868108
0.6737562798014434 6.97760915502383 27.33275854148097
2.429614388723517 6.805865301240394 27.33275854147659
3.3601176671136765 7.259132241391304 24.731719947909
0.6834891113396573 5.782358662205022 30.14986312338722
1.540936680061923 6.297133900578218 30.149863123536306
3.285266685286022 6.110573853542792 26.11132670303487
0.5000000852772297 4.500000767531421 89.99999999999703
1.515757173390218 5.10754919963316 30.14986312344454
2.372433624414217 5.62365201236364 30.149863123519093
3.8782844200082325 1.5000002558319263 89.99999999998766
4.0981364514415874 3.050393252259882 34.51142542192563
5.523441367909191 6.523441538856626 2.3988e-11
9.782408517370246 1.585290226002627 60.20508910029866
9.298347859471795 0.5000000852771942 89.99999999999969
9.086506225175553 2.394357983521423 57.98910663764345
8.540958622327661 1.5441982630188749 59.155527480649376
8.028249108369707 0.6856359256118498 59.15552748065348
7.337430769168328 1.4792426788976636 59.155527480698254
7.8501402831263025 2.3378050163045887 59.15552748069771
8.39010775556439 3.523441027193104 8.378e-12
6.715949278064819 0.6856359256117059 59.15552748069875
6.685402092555449 2.3378050163047313 59.15552748070123
7.39010758500998 3.5234410271934546 8.643e-12
5.500000938049218 0.500000085277196 89.99999999999979
6.0639206014519225 1.5441982630188038 59.15552748070142
5.362495751065528 3.503328427646645 86.7415714214053
4.5000007674948135 0.5000000852772555 89.99999999999993
4.8782845905629575 1.5000002558319574 89.99999999996467
5.270626750318942 2.5069392264082095 86.74157142140194
1.675155448756255 3.964295910482238 27.710179910694773
2.5194448666647284 4.50739648494376 27.71017991069404
3.376450280602913 5.0262872496614905 27.710179910692805
6.39010741445555 3.5234410271936056 5.724e-12
3.288913271531477 3.769103701814015 28.798856736277813
3.250151786556002 2.5186861471219566 34.511425421926184
2.4419606027782894 3.2339522875488815 28.79885673627925
