110 11.004653430970599
1.5780718168811125 9.741130621721254 27.40173520020465
0.6742887306673042 9.308955024765998 27.378868136316665
2.4443335412520604 9.032520487342715 24.122567933109075
1.542703006709 8.599170223947436 24.122567933109835
0.6606816257188965 8.122029431814621 24.12256793310955
1.5506143638999847 7.425614801934713 26.342591490574247
2.43070476878564 7.901799459544082 26.342591490538968
3.3375112595878873 8.33751125959095 25.644699372507883
0.6699471513045996 6.950595045160656 26.34259149057443
2.4387095530371585 6.748974026730004 28.34181172787022
3.3417107010753115 7.230259028303421 25.64469937251774
0.67749141600651 5.799736377364971 28.335947885393097
1.5582423831496222 6.274062170235431 28.34181172793574
3.2685338246789635 6.060375499956454 28.34181172787101
1.5082715204240706 5.110914273664934 28.341811727952123
2.3884026725511953 5.585644886810804 28.341811727948453
1.6774308826359392 4.032966370093931 28.341811727917992
2.543775545363241 4.533256571061401 28.341811727917744
3.4239066974894725 5.007987184206889 28.341811727917875
4.181869620483581 4.247597074408683 35.674539423114396
3.3125060647022013 3.7438440842362057 35.67453942311556
2.425117583990906 3.265198968075637 35.67453942312048
9.745815173046125 1.5760740449987 61.850413027733175
9.306948541004964 0.6767470211677225 61.85041302773879
9.035026082200563 2.44484564634557 66.21246826503193
8.596132050724918 1.54546741464736 66.21246826503156
8.127501500216644 0.6591968214693065 66.21246826503179
7.429711936551898 1.5528623240676516 63.98775506591114
7.897458428167259 2.4373213106466736 63.98775506591607
8.33602165018881 3.336021650187422 63.98775506592401
6.96149732072038 0.6686317807811788 63.98775506591122
6.751270327649816 2.4431299664942374 62.24329041318208
7.225499867263833 3.340522019847849 63.98775506593071
5.81591615567484 0.6753256294785217 62.24329041318926
6.283307631397057 1.5593781075231976 62.24329041318229
6.101901930228349 3.3564177479224924 62.034787147559996
4.665424158848619 0.6219684317198126 73.40630944612262
5.158039505380962 1.5931339527373307 62.03478714770414
5.633940457289351 2.4726681930437926 62.03478714756159
3.978518296590982 1.6509008742443267 62.16093667554026
4.500753301894365 2.505987931212095 62.16093667553943
4.983301186180407 3.3820342254764943 62.16093667553893
3.250999655989073 2.432471487507947 59.217406490210855
3.621968431720493 0.6219684317195684 73.40630944613984
0.5000000000002043 10.50465343097044 2.565e-12
10.50465343097039 0.5000000000002833 89.99999999999555
0.5000000000002105 0.5000000000003197 89.99999999998998
1.500000000000595 0.5000000000004023 89.99999999997597
2.5000000000008917 0.5000000000003881 89.99999999997134
0.5000000000002593 1.5000000000011235 89.99999999998575
1.500000000000668 1.5000000000011244 89.99999999997803
2.5000000000012204 1.5000000000007851 89.99999999996186
0.5000000000001785 2.500000000007297 89.99999999999953
1.5000000000005356 2.5000000000018017 89.99999999999804
0.5278419972652131 3.500000000010371 4.6943e-11
10.504653430970368 10.50465343097047 89.99999999999795
9.504653430969885 10.50465343097041 89.99999999999048
8.504653430969515 10.504653430970404 89.99999999999204
5.50465343096858 10.504653430970436 89.9999999999964
6.504653430968874 10.504653430970425 89.99999999999456
7.504653430969183 10.504653430970427 89.99999999999325
4.504653430968227 10.504653430970396 7.503e-12
3.5046534309634527 10.504653430970478 1.932e-12
2.5046534309607846 10.504653430968718 6.2696e-11
10.504653430970436 9.504653430970219 89.99999999999596
9.504653430970018 9.504653430970105 89.99999999998073
8.5046534309697 9.50465343096998 89.99999999997789
5.504653430968793 9.504653430969956 89.99999999998123
6.504653430969087 9.50465343097004 89.99999999998255
7.504653430969385 9.504653430970084 89.99999999998178
4.504653430968332 9.50465343097006 3.723e-12
3.5046534309680717 9.504653430970247 3.916e-12
10.504653430970425 8.504653430969963 89.99999999999427
9.504653430970015 8.50465343096986 89.99999999997821
8.504653430969718 8.504653430969626 89.99999999997868
7.504653430969403 8.504653430969825 89.99999999998191
6.5046534309690545 8.50465343096974 89.99999999998441
5.504653430968411 8.504653430969494 89.9999999999634
4.504653430966281 8.504653430968592 1.42931e-10
10.504653430970384 7.504653430969704 89.99999999999287
9.504653430969839 7.5046534309696185 89.99999999997547
8.504653430969213 7.504653430969277 89.99999999998379
7.504653430968726 7.504653430969231 89.99999999998875
6.5046534309682125 7.5046534309688315 89.99999999996618
5.504653430967662 7.504653430969147 89.99999999996885
4.504653430918002 7.504653430967997 1.82286e-10
10.504653430970377 6.504653430969437 89.99999999999156
9.504653430969869 6.5046534309693875 89.99999999997428
8.504653430969476 6.5046534309689585 89.99999999997323
7.5046534309690935 6.50465343096887 89.9999999999763
6.5046534309684425 6.5011925974624845 1.3768e-11
5.504653430967849 6.50465343096819 4.5312e-11
10.504653430970379 5.504653430969162 89.99999999999034
9.504653430969919 5.504653430969162 89.9999999999736
8.50465343096954 5.504653430968677 89.999999999967
7.504653430969196 5.504653430968559 89.99999999996881
6.504653430968326 5.498901243093639 3.4686e-11
5.5046534309677 5.504653430967678 7.3353e-11
10.50465343097038 4.504653430968868 89.9999999999893
9.504653430969961 4.504653430968939 89.9999999999733
8.504653430969586 4.5046534309684105 89.99999999996257
7.504653430969284 4.504653430968262 89.99999999996263
10.504653430970398 3.504653430968537 89.99999999998904
9.504653430970045 3.5046534309687183 89.99999999997321
10.50465343097035 2.504653430968207 89.9999999999886
4.494504626548256 6.4945046265496025 1.17509954516779
4.494504627455411 5.4942942728568305 1.175099545169092
6.487538633951596 4.496014873128254 89.95393516627071
5.3786658739376065 4.503349598003364 0.149603735489179
0.5000000000001332 4.500000000012815 89.9999999999982
