110 11.02821669775049
1.5641641965701814 7.39769329680873 24.958542563159707
2.471141022367644 7.8188747133765535 24.958542563159924
0.66428786067328 6.961256023425382 24.95854256315934
2.4198214962490963 6.691983166842177 24.958542563159117
3.330610070790938 7.115888809474738 24.958542563160538
1.5098016735787212 6.251147658997139 25.8407410944801
3.3322445107098506 6.013643470295693 24.95854256315823
1.6225504370412893 4.8996436166798105 26.257810801565338
2.4083796110421334 5.575225822687511 25.840741094387294
4.313147092560113 2.7392095887608994 34.86662094729837
1.500000003945165 3.5314721103648257 9.09e-13
2.4749382599885505 4.196984729583396 25.423908652148942
3.260850035117008 4.872947338019356 25.42390865214911
3.3664141799608833 8.265202216244795 24.95854256315218
3.518244345622272 3.624396739176368 46.32979152383695
3.4420103769445736 2.2402392793299666 34.866620947298365
2.691197248174749 3.031415813727779 46.32979152388131
1.5000000039479948 2.5000000065812573 89.99999999999636
4.312540462567321 4.317107978852727 52.3294845390044
4.471841118810455 1.5000000039473376 2.4221e-10
9.778297138518074 1.5948201838649925 61.988343093225566
9.358831370061239 0.6693853250591566 63.799192361360156
9.051167804790413 2.4853695737272785 69.38327414143758
8.637225596409564 1.5726727475540074 69.38327414143794
6.53776731527248 2.5282166753940136 5.5612e-11
6.485891850708898 1.5141083383547427 1.640401196724217
8.221178792737105 3.5282166780246467 89.99999999999855
7.221178790107007 3.528216678024595 89.99999999999878
5.221178784846816 3.5282166780241493 89.99999999999893
6.221178787476912 3.528216678024333 89.99999999999889
2.51060335357841 9.100392069955392 8.981146949838772
1.5382007143182537 9.83135249291919 40.657139757865544
7.486301843325115 1.5141083383547684 1.640401196724122
7.655506427616832 2.528216675394394 1.4793e-11
5.485949455848156 1.4977805904055526 1.640401196724782
5.526818459319566 2.513092168671253 0.793160631226702
0.5000000013150547 3.517977107333847 4.53e-13
1.5719246148571995 8.633862435683996 8.981146949839001
0.5008524221524722 8.18833461081409 0.012103509741862
0.5008556708549214 5.6501027232953325 0.094960935083265
8.072252982367578 0.5033458775574173 89.99412187264213
7.071120542667142 0.500000001315061 2.7e-13
4.500000011835432 0.5000000013150814 2.794e-12
6.07060583468761 0.5000000013150494 8.5e-14
0.5000000013150601 10.528216696435432 7.5e-14
10.528216696435445 0.5000000013150458 89.99999999999993
0.5000000013150476 0.500000001316609 3.6e-13
1.500000003945142 0.5000000013150663 7.25e-13
2.5000000065752372 0.5000000013150672 1.167e-12
3.500000009205334 0.5000000013150707 1.869e-12
0.5000000013150494 1.5052783042339453 1.4e-14
1.50000000394515 1.5000000039498262 3e-15
2.5000000065752506 1.5000000039451997 7.1e-14
0.500000001315998 2.512936719342011 89.99999999999818
10.528216696435432 10.528216696435441 89.9999999999999
9.528216693805282 10.528216696435443 1.25e-13
8.528216691175139 10.528216696435429 1.844e-12
7.528216688545015 10.528216696435424 2.404e-12
6.528216685914888 10.528216696435415 3.098e-12
5.528216683284758 10.528216696435406 3.626e-12
4.528216680654626 10.528216696435383 3.752e-12
3.5282166780244886 10.52821669643539 3.345e-12
2.528216675394349 10.52821669643541 2.312e-12
10.528216696435432 9.528216693805344 89.99999999999969
9.528216693805295 9.528216693805348 2.98e-13
7.528216688545026 9.528216693805286 6.622e-12
8.528216691175148 9.528216693805312 4.576e-12
6.528216685914856 9.528216693805213 1.4287e-11
5.528216683284693 9.528216693805131 2.1231e-11
4.528216680654534 9.528216693804989 2.7835e-11
3.5282166780244166 9.528216693804998 2.9772e-11
10.528216696435425 8.528216691175246 89.99999999999953
6.52821668591335 8.528216691175098 1.5242e-11
7.528216688543676 8.52821669117518 6.652e-12
8.528216691174165 8.528216691175212 4.889e-12
9.528216693804689 8.52821669117525 3.27e-13
5.5282166832831185 8.528216691174999 2.2268e-11
4.528216680652828 8.528216691174705 3.6948e-11
10.528216696435326 7.52821668854515 89.99999999999956
6.5282166859113335 7.528216688544987 1.5809e-11
7.528216688543804 7.528216688545076 6.619e-12
8.528216691174286 7.528216688545113 5.144e-12
9.528216693804808 7.528216688545157 2.99e-13
5.528216683280015 7.528216688544866 2.2297e-11
4.522273864539308 7.522202384512285 0.685108850932649
10.528216696278125 6.528216685915053 89.99999999999955
9.528216692869727 6.528216685915057 89.9999999999998
7.528216686630543 6.528216685914968 6.352e-12
8.528216689701571 6.5282166859149875 2.911e-12
6.528216683616588 6.528216685914876 1.6111e-11
5.521181577526144 5.528216683284593 2.0018e-11
10.528216696325845 5.528216683284958 89.99999999999947
9.528216692999516 5.52821668328496 89.99999999999928
8.528216689741614 5.528216683284872 1.441e-12
7.528216686568493 5.528216683284864 6.068e-12
6.528216683574982 5.528216683284767 1.6357e-11
5.519939622211788 4.528216680654457 1.89e-11
10.52821669627752 4.528216680654864 89.99999999999943
9.52821669285845 4.528216680654863 89.99999999999879
8.528216689660677 4.528216680654755 0.0
7.528216686500995 4.528216680654757 5.715e-12
10.528216696435438 3.5282166780247675 89.9999999999994
9.528216693805328 3.5282166780247657 89.99999999999832
10.528216696435438 2.5282166753946718 89.99999999999933
4.51193972502373 6.522007313181401 0.685108850890719
4.510468510520129 5.521918225090869 0.685108850855372
6.523966075120361 4.528216680654656 1.6575e-11
0.5035170284559118 4.5279798257033965 0.404452495435032
5.528216680819579 6.52821668591473 2.1169e-11
0.5000000013150503 9.189533416376275 89.9999999999998
