110 11.03254868869566
0.5000000000002895 10.532548688695455 4.874e-12
10.53254868869555 0.5000000000001092 8.5e-14
0.5000000000001439 0.5000000000001332 89.99999999999771
1.5000000000004272 0.5000000000001634 89.99999999999476
2.500000000000697 0.5015746061931496 89.9999999999908
3.500000000000926 0.500000000000199 89.99999999999088
0.5000000000001696 1.5000000000004112 89.99999999999449
1.5000000000005373 1.5000000000004308 89.99999999999396
2.504171644580126 1.504767966820916 89.98173565306972
0.500000000000111 2.5000000000007416 89.99999999999983
1.5000000000003348 2.500000000000716 89.99999999999964
0.5000000000001945 3.5000000000010862 6.992e-12
10.5325486886955 10.532548688695469 3.304e-12
9.532548688695131 10.532548688695556 89.99999999999977
8.5325486886946 10.532548688695556 3.69e-13
7.532548688694151 10.5325486886955 6.409e-12
6.532548688693794 10.532548688695481 5.224e-12
5.532548688693315 10.532548688695538 1.277e-12
4.532548688671475 10.532548688695552 89.99999999999943
3.5325486886644644 10.532548688695494 1.464e-12
2.5325486886597623 10.532548688691021 2.15176e-10
10.532548688695485 9.5325486886951 5.586e-12
9.532548688695115 9.532548688695346 89.99999999999933
8.532548688694618 9.53254868869535 6.39e-13
7.532548688694012 9.53254868869523 1.3031e-11
6.532548688693584 9.532548688695053 89.99999999999986
5.532548688693298 9.532548688695295 6.38e-13
4.532548688692848 9.53254868869534 89.99999999999902
3.532548688692525 9.532548688695163 2.838e-12
10.532548688695464 8.532548688694789 5.949e-12
9.532548688695082 8.532548688695137 89.9999999999989
8.532548688694721 8.532548688695144 9.25e-13
7.532548688694302 8.532548688694995 1.5782e-11
6.532548688693926 8.532548688693488 4.98e-12
5.5325486886934465 8.532548688694902 89.99999999998231
4.532548688693002 8.532548688695126 89.99999999999844
10.532548688695211 7.532548688694501 7.441e-12
9.53254868869364 7.5325486886949236 89.99999999999837
8.532548688692383 7.532548688694812 89.99999999998724
7.53254868869147 7.532548688692048 2.4272e-11
6.532548688690895 7.532548688692508 2.4713e-11
5.532548688689908 7.532548688694641 89.99999999997777
4.526892769742221 7.532548688694879 89.99999999999439
10.532548688695298 6.532548688694228 6.963e-12
9.532548688693808 6.532548688694719 89.99999999999787
8.532548688692355 6.5325486886945106 89.99999999997591
7.53254868869119 6.532548688690214 89.9999999999297
6.532548688690232 6.532548688691228 89.99999999997047
5.532548688689664 6.532548688694353 89.99999999996936
10.532548688695417 5.532548688693955 6.366e-12
9.532548688693472 5.532548688694514 89.99999999999737
8.53254868869206 5.532548688694265 89.99999999997095
7.532548688691085 5.527854973128369 89.99999999996463
6.53254868869023 5.53254868869037 89.99999999997377
5.532548688685211 5.532548688689843 89.99999999947696
10.532548688695503 4.532548688693677 4.647e-12
9.53254868869493 4.532548688694309 89.99999999999689
8.532548688694316 4.532548688694019 89.99999999996595
7.364934133148011 4.500777060475993 86.23271813894381
10.532548688695531 3.532548688693381 1.99e-13
9.532548688695252 3.532548688694104 89.9999999999964
10.532548688695533 2.5325486886931152 5.06e-13
4.532548688689046 6.532548688694632 89.99999999999041
4.400827765384845 5.4687169943383225 81.09155550629212
6.335876049463661 4.519782208883925 89.6785556573229
5.335922342740522 4.530838796247529 89.67855565734554
1.6042475750375509 9.769850559587766 25.86679864660832
0.6833941952574811 9.351400462066785 26.228405218454498
2.4715758980174223 9.062146538155618 24.09763547782545
1.564867972377113 8.640119152256373 24.097635477827364
0.6605719081392873 8.21269938563995 24.09763547782685
1.5575380204626388 7.518942088066819 24.959632741247404
2.461650904680645 7.946276593506256 24.959632741245454
0.6642924698001913 7.068259577747496 24.959632741247123
2.4409712547815525 6.8271703315386665 25.30487143923107
3.3572754510984693 7.260129402812497 24.959632741243944
0.6730020418927918 5.8435746250478475 25.709745708914348
1.5396216757798045 6.37265622155499 25.304871439138488
3.294427949956204 6.124548097674241 25.304871439137106
0.6657404703165017 4.665740470317751 25.30487143913328
1.54494006077116 5.1457270675599815 25.30487143913648
2.401338449103675 5.673939367995204 25.304871439138648
1.570000450279967 3.9803818275480136 26.785161800812016
2.4467945249440053 4.46254190941763 26.785161800816898
3.2993208055154417 4.992774988948179 26.7851618008209
9.840486511432317 1.502462628378236 42.560625697611194
9.123058298914135 0.5000000000001021 0.0
9.148981062288993 2.481819578905402 74.59200528147873
8.515375240273316 1.500000000000309 0.0
8.12305829891388 0.5000000000001039 89.9999999999996
7.345428899696906 1.5661047514511424 63.65761385460061
7.995018420314645 2.5317716282142575 86.2327181389501
8.302105293605262 3.5137165949831957 86.23271813894766
6.901694629419231 0.6699463405762547 63.65761385460965
6.673978193517576 2.4636549945744597 63.65761385458961
7.118005029832204 3.3604042669901153 63.65761385467709
5.7859056362946815 0.6701183107298556 63.657613854736766
6.2299297566521545 1.5668620980435128 63.657613854599774
6.0011491514105 3.358421573200378 63.65761385462354
4.669946340577198 0.6699463405761579 63.657613854631975
5.110952519855017 1.5674555700722852 63.65761385462771
5.557414881132477 2.4622631623257876 63.65761385462345
3.9894630702300073 1.563154449837584 63.65761385459681
4.433343884172773 2.459240299382293 63.65761385459377
4.882458985696512 3.3527343830606275 63.657613854590714
4.143301640393466 4.288628351132923 32.519139153793375
3.302172589190216 3.7477800072360736 32.5191391537931
2.419092275238647 3.2727334394774568 32.51913915379288
3.2949223948536694 2.421582123517592 63.60397290741581
3.368256218892698 8.368256218894825 24.959632741238586
