110 11.017101141836545
1.5992381074227429 9.704689127023649 20.18584159403477
0.6128737347284634 9.36642624363224 15.081338628307014
2.521882218056985 8.933171240493955 15.081338628299607
1.5784311650847371 8.590945098053774 15.081338628295892
0.6128737347283613 8.330755058970254 15.08133862829218
9.75363160361556 1.498537542598723 55.3918198146668
9.156649830429428 0.6955082766134213 55.3918198146648
9.106607653496969 2.32159283421852 55.39181981463293
8.50962588031101 1.5185635682329157 55.39181981462401
7.941664618702509 0.6955082766135652 55.39181981461337
7.241166575379903 1.4410721293795632 55.39181981430203
7.827583831184932 2.3154728698408062 52.13688116800038
6.460417465105187 2.232171404108955 40.90918942447765
10.32159286522311 2.3215928342185395 55.391819814673795
7.517101128273941 3.5171011127675347 4.2757e-11
1.4479117414122165 7.452730469314887 7.036730153608707
2.43335774428675 7.711647087486019 6.164698614662592
2.540744558456599 6.717429767183785 6.164698610719656
3.507760961204104 7.076650324476701 6.164698610721389
1.5574867180030036 6.458666547393061 7.036730153608447
3.3968970596531474 5.802521947559637 7.036730153567976
2.41955371811571 5.557486733504584 7.036730153615667
3.4662990476060553 8.077988286149687 6.164698610738112
4.515963243621716 3.920767827745146 7.967528832597852
5.471700824648655 4.306653733118804 7.967528832596664
4.378549475071351 6.173147664108871 7.967528832616565
4.489576019623657 5.178939953965156 7.967528832608484
5.498818806381412 3.0432605273399997 7.967528832607969
6.453825629673854 3.4343675122724546 7.967528832604881
3.5330330010899402 4.798808696359683 7.967528832604446
0.5000000019375337 6.500000025190047 1.0197e-11
0.5024021137559602 5.500000021314824 1.4922e-11
1.500000005812777 4.500000017438815 4.2964e-11
3.500000013563068 2.5000000096898276 6.528e-11
3.5000000135638567 1.5000000058134892 89.9999999999607
6.500000025206511 0.5000000019380346 89.99999999998055
5.500000021329983 0.5000000019377477 89.99999999998464
5.500000021314267 1.5000000058131633 89.99999999997299
8.517101132149158 3.5171011127695335 1.1013e-11
4.500000017453255 0.5000000019379014 89.99999999996282
4.500000017439058 1.5000000058136802 89.99999999996663
4.500000017438156 2.500000009690207 8.2259e-11
3.500000013562763 3.500000013565688 5.6637e-11
2.5000000096875485 2.500000009688825 89.99999999999879
2.5000000096876422 3.500000013564398 3.6498e-11
0.5000000019377628 10.517101139898948 9.749e-12
10.51710113989865 0.5000000019380746 89.99999999998937
0.5000000019402648 0.5000000019375577 89.9999999999942
1.5000000058207998 0.5000000019376181 89.99999999998847
2.500000009698931 0.500000001937698 89.99999999998568
3.500000013576279 0.5000000019377531 89.99999999998478
0.5000000019377584 1.50000000581272 89.99999999998653
1.500000005813285 1.5000000058128906 89.99999999997155
2.500000009688623 1.5000000058132343 89.99999999996162
0.500000001937515 2.50000000968801 89.99999999999544
1.5000000058125202 2.5000000096881854 89.99999999999531
0.5000000019374911 3.5000000135640454 4.334e-12
10.517101139899061 10.517101139898912 1.606e-12
9.517101136024088 10.517101139898859 3.965e-12
8.51710113214911 10.517101139898944 5.841e-12
7.517101128274129 10.51710113989888 8.47e-12
6.517101124399138 10.517101139898713 1.2729e-11
5.517101120524143 10.517101139898802 1.6739e-11
4.517101116649143 10.517101139898749 2.0327e-11
3.517101112774137 10.51710113989883 2.3638e-11
2.517101108899134 10.517101139898795 2.6448e-11
10.517101139898891 9.517101136023296 2.2254e-11
9.517101136023793 9.517101136022902 4.016e-11
8.517101132148735 9.517101136023228 5.3234e-11
8.514594368278178 8.517101132147745 3.196e-11
8.517101132149001 7.517101128272401 1.4717e-11
5.517101120523737 9.517101136022973 7.4422e-11
4.517101116648734 9.517101136022756 8.2622e-11
3.5171011127737533 9.517101136023179 8.8249e-11
10.517101139898987 8.517101132147623 3.297e-12
9.517101136023854 8.517101132147285 1.2037e-11
7.5171011282737386 9.517101136022646 5.9813e-11
7.513248507293426 8.517101132146545 89.99999999998913
7.517101128274012 7.517101128270493 9.295e-12
7.440023444510469 6.517101124394788 89.99999999998342
4.507644337276647 8.517101132146935 5.2583e-11
10.517101139899054 7.517101128271948 2.367e-12
9.51710113602406 7.517101128271836 7.909e-12
6.517101124398748 9.517101136022468 6.581e-11
6.511970674219004 8.51710113214658 3.403e-12
6.517101124399037 7.517101128270699 1.8211e-11
6.433318469982479 6.517101124394847 89.99999999998902
4.517101116649114 7.517101128271358 3.3211e-11
10.517101139899054 6.517101124396293 3.169e-12
9.517101136024078 6.517101124396364 6.963e-12
8.517101132149108 6.517101124396975 1.0118e-11
5.51045344440761 8.517101132146943 89.99999999999055
5.517101120524067 7.517101128270603 2.6681e-11
5.517101120523669 5.517101120518825 5.3062e-11
10.517101139899026 5.517101120520631 89.99999999999478
9.517101136024024 5.517101120520724 89.99999999999216
8.517101132149032 5.517101120520897 89.99999999999251
7.517101128274032 5.517101120519124 89.99999999999552
6.517101124398792 5.51710112051878 3.0993e-11
10.517101139899054 4.517101116644887 7.96e-13
9.517101136024067 4.517101116644995 89.99999999999986
8.517101132149083 4.51710111664503 2.8e-14
7.51710112827398 4.517101116643124 5.688e-12
10.517101139899058 3.517101112769555 3.823e-12
9.51710113602411 3.5111307607561484 7.333e-12
6.517101124398856 4.517101116642899 2.6231e-11
0.5000000019376376 4.500000017439529 2.0341e-11
5.424110555711847 6.517101124394433 6.5056e-11
1.5000000058124403 3.5000000135634246 7.027e-12
2.500000009687972 4.500000017440938 7.2711e-11
