110 10.997679927163682
1.570178454273071 9.737005065830175 28.325262292069223
0.6773723083733705 9.285789531221537 28.325262292065723
2.4384686136260463 9.026236435140378 23.830003357337095
1.5447749821292773 8.57454253390389 23.830003357337336
0.6593862969723236 8.104045472417756 23.83000335733721
1.5501921557638059 7.40541345085801 26.81311347214524
2.433415086269319 7.874815888713357 26.81311347213185
3.3258976906611926 8.325897708204813 26.8131134721044
0.6717822119416645 6.92648833506635 26.813113472145343
2.438464350904203 6.7335205686599 28.041791606735345
3.3308190930084858 7.207915075285907 26.813113472105215
0.6763618263170539 5.787390152196617 28.041155361395703
1.5604295555093275 6.254795273955671 28.041791606740748
3.3213185779575727 6.07075904852572 28.041791606727944
1.5619643755166708 5.1195345928194085 28.04179160672745
2.443296133458979 5.592040332469535 28.041791606728495
1.635831222075936 3.9043868380928415 30.404198308165604
2.4778255663396465 4.466294973804131 29.178571259997046
3.3558510412103235 4.945015303974177 29.178571259996144
9.73573216238442 1.570744141462138 61.88468571152322
9.287166614092847 0.676624294208791 61.88468571152711
9.025583622806021 2.4382896885282657 66.07279905320569
8.576643737892528 1.5434692218510335 66.07279905320544
8.102530053758247 0.6598185485259034 66.07279905320556
7.405094964235968 1.5512604825549885 63.3566469594365
7.8781190384333035 2.432739361158959 63.35664695943824
8.326554564357041 3.326554546813556 63.35664695944056
6.929392543366112 0.6711253557891883 63.35664695943645
6.730118807208591 2.4371409413761325 61.60931298779644
7.2102173866643255 3.3314624659191496 63.35664695944489
5.779180845095161 0.677607919417679 61.60996789074288
6.254624276853019 1.5573904494914452 61.60931298779293
6.046800413702409 3.2760113658211405 61.609312987798376
5.095837964992682 1.5165596190458461 61.60931298779684
5.57131918934753 2.3962854924335 61.609312987788456
4.502502346691751 2.521914378621048 61.609312987801026
4.977983571045727 3.401640252006845 61.60931298779017
3.2110081634591126 2.4988264981176798 44.463161504774284
5.497675213799527 5.4848105437173755 89.99946209709304
4.495006110475021 6.482866301224287 0.019003745087801
4.497675177870688 5.481361998087295 89.99946209709049
5.484540212109119 4.466035036999281 88.56738521438858
4.27370256874756 4.272424663336928 47.285228745878634
3.7264380209174295 3.4166609804894468 47.28522874586134
2.5011007905542813 3.203246189665053 44.46316150477257
0.5000000017544464 10.497679925409285 2.821e-12
10.497679925409278 0.5000000017544615 89.99999999999675
0.5000000017601778 0.5000000017543682 89.9999999999994
1.5000000052805342 0.5000000017545698 89.9999999999904
2.50000000879622 0.5000000017544943 89.99999999998889
3.500000012310341 0.5000000017544126 89.99999999999619
0.5000000017544401 1.500000005263106 89.99999999999879
1.5000000052634612 1.5000000052651115 89.99999999997715
2.5000000087722807 1.5000000052634275 89.99999999997776
0.500000001754505 2.500000008771846 89.99999999999942
1.500000005264317 2.500000008774936 89.99999999994705
0.5000000017543531 3.500000012280589 7.6e-13
10.49767992540932 10.497679925409336 89.99999999999902
9.497679921900595 10.49767992540933 89.99999999999744
8.497679918391896 10.497679925409333 89.99999999999869
7.497679914883186 10.497679925407862 2.117e-12
6.4976799113744885 10.497679925408288 4.642e-12
5.497679907865791 10.49767992540826 7.089e-12
4.497679904357095 10.497679925407722 9.432e-12
3.497679900848276 10.497679925409342 1.202e-12
2.4976798973395042 10.497679925409274 6.17e-13
10.497679925409335 9.49767992190064 89.99999999999807
9.497679921900618 9.497679921900623 89.99999999999322
8.497679918391942 9.497679921900609 89.99999999999326
7.49767991488325 9.49767992189251 89.99999999999532
6.497679911374567 9.497679921893862 89.99999999999697
5.497679907865882 9.497679921893313 89.99999999999869
4.497679904357198 9.497679921891804 4.07e-13
3.4976799008485138 9.497679921900668 2.038e-12
10.497679925409322 8.497679918391935 89.99999999999702
9.497679921900568 8.497679918391913 89.99999999998846
8.497679918391874 8.497679918391889 89.99999999998765
7.497679914883158 8.497679918377848 89.9999999999909
6.49767991137445 8.497679918380548 89.99999999999444
5.497679907865734 8.497679918380506 89.99999999999883
4.497679904357026 8.497588381152585 2.531e-12
10.497679925409301 7.497679914883216 89.99999999999639
9.497679921900476 7.497679914883235 89.99999999998697
8.49767991839079 7.497679914882295 89.99999999988191
7.497513740781799 7.4976799129330995 89.99999977829088
6.497437064886661 7.49767991486901 89.99999999978132
5.497400743013922 7.493770495523199 0.000757771816978
4.497383255935954 7.497552159951666 0.001139476803473
10.497679925409221 6.497679911374498 89.99999999999557
9.497679921898783 6.497679911374564 89.99999999998671
8.497585840406519 6.49767991137358 89.99999999987679
7.497518291065586 6.49767990725652 89.99999953010791
6.497434130284413 6.49767991135885 89.99999999966523
5.496098073865986 6.4905563827905 89.99782502498142
10.497679925409326 5.497679907865719 89.99999999999739
9.497679921900554 5.497679907865893 89.99999999998647
8.49767991839088 5.497679907864863 89.99999999987168
7.4976799148800755 5.497572582133996 89.99999999962758
6.497679911370876 5.497679907848845 89.99999999956711
10.497679925409333 4.497679904356927 1.606e-12
9.497679921899978 4.497679904357225 89.9999999999866
8.49767991839009 4.497679904356162 89.99999999986817
7.4976799148799955 4.4975191342354615 89.99999999972506
10.49767992540932 3.497679900848132 89.9999999999969
9.497679921900552 3.497679900848558 89.99999999998678
10.49767992540926 2.497679897339357 89.99999999999709
6.485335581435027 4.485335574405162 88.56738521437819
0.5000000017543424 4.611010133466793 9.49e-13
4.500000015823616 0.5000000017543789 2.251e-12
3.916571660333836 1.500000005263169 89.99999999999238
