110 11.019364256891786
4.346147083468753 4.340133025269479 27.189406697678436
1.5582834641286891 9.804372025929354 35.63487313677292
0.6721784134332385 9.203918723371112 26.916254135826296
2.404869636386398 9.106777373840016 28.238826456694138
1.5638475567733838 8.535114194824823 26.916254135855937
0.6721784134327642 8.082426511297681 26.9162541357129
1.5638475567735832 7.413621982750373 26.916254135590293
2.455516700114239 7.866309666275926 26.916254135579305
0.6721784134322606 6.960934299225706 26.91625413555159
2.455516700114106 6.744817454202023 26.91625413549672
3.3471858434567263 7.197505137723336 26.91625413545269
0.672178413431987 5.839442087154651 26.91625413550934
1.563847556773179 6.292129770677979 26.91625413550913
3.3079336196040203 6.056085132456832 26.91625413544602
1.504994500471435 5.140758702840311 26.91625413561639
2.4050720783842596 5.597715228452373 26.916254135544392
4.139588134547342 3.1097984234730927 27.18940669784512
1.6721784134496764 4.1041433745928515 26.91625413563663
2.5638475568055163 4.556831058124378 26.91625413555227
3.4555167001637175 5.009518741655695 26.916254135598624
3.4555324838523873 3.8853676177580923 27.189406697682255
3.1722510113488256 2.549380181785973 42.86871213115086
2.385658177008318 3.3448746439765342 26.916254135657685
9.760188776873198 1.576027883903591 61.891336427083225
9.29706790655655 0.6810727667399066 62.172739564600725
9.077930308176688 2.4212238489446287 61.891336427226705
8.606785047817057 1.539168213714298 61.8913364272214
8.099155530073501 0.6766004477946828 61.89133642722649
7.39467644828687 1.4801960431756704 61.89133642721566
7.902305966030661 2.342763809094904 61.89133642721706
8.330566113587906 3.5193642568423904 6.3309e-11
6.77664205179001 0.6766004477946721 61.891336427216274
6.721697033336873 2.3427638090925256 61.89133642720731
6.103662636840244 1.5391682137111835 61.891336427210646
3.510491607462055 8.368757535410062 1.025971127021922
4.509344707643545 0.5037119783666801 0.014099941824855
4.934536083966108 1.5207155126318912 87.57410398047529
5.296847820262451 2.5062631089898195 87.57410398048636
0.5000000000001616 10.519364256891645 1.163e-12
10.51936425689163 0.500000000000207 89.99999999999717
0.5010397949324537 0.5000000000006475 89.99999999999872
1.5031436725588572 0.5000000000008491 89.9999999999234
2.5049234449568285 0.5000000000002132 89.9999999999972
3.5068488177864148 0.5000000000001545 89.99999999999685
0.5000000000001705 1.5000000000027436 89.99999999999687
1.5000000000004947 1.5000000000034026 89.99999999999513
2.5000000000008176 1.500000000000635 89.99999999999429
0.5000000000002967 2.5032945208710373 1.1663e-11
1.5000000000008429 2.5000000000048463 2.3474e-11
0.5077559885006364 3.505956189506199 89.999203830284
10.51936425689161 10.519364256891043 6.59e-13
9.519364256891137 10.519364256891507 89.9999999999986
8.51936425689064 10.519364256883785 89.99999999999056
7.5193642568899985 10.51936425689167 89.99999999999929
6.519364256889373 10.519364256891583 89.99999999999407
5.5193642568889345 10.519364256891546 89.99999999999788
4.5193642568884425 10.518631461627669 1.6328e-11
3.5193642568879286 10.519364256891548 8.92e-12
2.5193642568874357 10.51936425689156 6.669e-12
10.519364256891556 9.519364256889546 1.0772e-11
9.519364256891134 9.519364256890814 9.805e-12
8.519364256890599 9.519364256867775 89.99999999999348
7.519364256890146 9.519364256891436 89.99999999999892
6.519364256889526 9.519364256890963 89.9999999999629
5.5193642568891885 9.519364256890835 89.99999999996383
4.519364256888655 9.517155680771117 89.99999999999187
3.5193642568882066 9.519364256891134 1.3952e-11
10.519364256891595 8.51936425688857 2.132e-12
9.519364256891109 8.519364256889999 2.061e-12
8.519364256890567 8.519364256860687 89.99999999999106
7.519364256889961 8.519364256891201 89.99999999999952
6.51936425688899 8.519364256890386 89.99999999993436
5.519364256888121 8.51936425688987 89.99999999989383
4.517568177695871 8.516241450863287 0.016804353701863
10.519364256891562 7.519364256887812 3.551e-12
9.519364256891095 4.519364256885732 89.99999999999152
8.519364256890645 4.519364256845287 3.54e-13
7.519364256890254 4.519364256890189 9.838e-12
6.51936425688915 7.519364256890013 89.99999999993169
5.519364256888487 7.519364256889467 89.99999999988992
4.51936425688793 7.515433337387243 89.9999999998604
10.519364256891556 5.519364256883949 1.0285e-11
9.519364256891066 5.519364256886505 8.839e-12
8.51936425689053 5.519364256848259 6.75e-12
7.51936425688946 5.519364256890462 4.647e-12
6.519364256889974 4.5193642568883625 8.669e-12
5.519364256877022 5.519364256888444 89.99999999992838
10.519364256891617 6.519364256885475 89.99999999999666
9.519364256891148 6.51936425688729 89.99999999998134
8.519364256890634 6.519364256851661 89.99999999998266
7.519364256890121 6.5193642568907215 9.52e-13
6.519364256887762 5.519364256889258 89.999999999942
5.519364256889694 4.519364256887435 7.934e-12
10.519364256891542 4.519364256882782 89.99999999999356
9.519364256891091 7.519364256888876 1.2864e-11
8.519364256890604 7.519364256855681 1.3907e-11
7.519364256890054 7.519364256890961 3.13e-13
10.519364256890839 3.5154058996031896 89.99999999990985
9.519364256889673 3.519364256883655 89.99999999981982
10.516990504885307 2.511834199314622 89.965035321311
4.51936425688178 6.514701567098802 89.99999999914895
4.516295325903234 5.513980974998258 0.008761142176823
6.51936425688921 6.5193642568896495 89.99999999993301
0.5000000000072591 4.509444254456674 89.99999999979481
5.519364256888537 6.519364256889093 89.99999999989039
7.330566113586004 3.519364256888791 1.4046e-10
5.309850600951262 3.5066092461123843 87.57410398050419
6.330566113584265 3.5193642568872123 8.4896e-11
3.7342316597754266 1.7066176291238428 42.86871213114901
5.512489308022936 0.500000000000183 2.142e-12
