110 11.047760543967605
1.506058491784887 9.590152517250306 5.003382474869076
0.5000000000001918 9.137509083331999 1.0523e-11
3.3080616541993373 8.342228565766515 30.300816986152192
1.61096380735327 8.424686025862309 31.403723243524162
0.5000000000001581 7.965886172798248 3.588e-12
1.6088123322840993 7.2517496574296905 31.40372324355498
2.4659137853863666 7.775003070962512 31.403723243544295
2.5477605439636144 9.515998454357598 2.39275e-10
0.672142409737825 6.791590833885259 26.595751114936245
2.4953622588593785 6.621358212166685 31.40372324354782
3.3539784905156407 7.145536385593813 31.40372324355396
0.6809630963530653 5.6739939298082245 26.63588322428689
1.637349499849683 6.0975484538450395 31.403723243529022
3.339782084586782 5.965246685574556 31.40372324354174
1.6327482070293802 4.923116491750162 31.40372324341846
2.4862651458085856 5.444181588662536 31.403723243555465
1.68729101784569 3.7847915202624716 31.403723243508807
2.540807956624864 4.305856617173876 31.40372324352305
3.394324895402558 4.826921714088539 31.403723243598424
4.3396917166652695 4.230340256257838 35.812445947145356
3.504279605957223 3.679126827670731 35.81244594714374
2.51389379279623 3.117802830172875 31.403723243478293
3.4872170773693223 2.383896858670441 64.87540330713165
9.758512030681578 1.5723314590930735 65.57810984128643
9.34465590595113 0.6619890484080395 65.5781098412869
9.074157053154464 2.4838183335695683 65.55270071733102
8.6601049713562 1.5730448841269506 65.55270071725194
8.246206669157026 0.6621709344842301 65.5625495059308
7.557949173299102 1.5649766990274583 65.55270071730119
7.971805257333029 2.475319020195023 65.55270071730199
8.385661341366204 3.385661341363 65.55270071731267
7.127673019236829 0.6620992026005084 65.55270071730203
6.873317384401057 2.475319020151371 65.55270071722704
7.287173468437322 3.3856613413243033 65.55270071732042
5.994622642246323 0.6649873744181667 64.87540319031685
6.439888560306797 1.5640976127829633 64.50590542128205
6.185067837944446 3.3777035077653976 65.55270071726719
4.890122100023607 0.6649873739268983 64.87540330710424
5.314710239045022 1.5703739831735564 64.87540330710233
5.758814963595582 2.466608136854073 64.87540330710044
4.165347073072223 1.4747094661210562 64.87540330710564
4.589935211620859 2.3800960755893774 64.87540330710672
5.0340399366443105 3.2763302290480807 64.87540330710829
2.664987373928295 1.6649873739271084 64.8754033071295
9.547760543966877 3.545459105661883 89.9999999999791
10.385771495559556 2.3857714955570386 65.57810984129183
4.509040715081812 6.4791592815560515 4.888224364302097
4.536508703304748 5.451047329906404 1.524128219083917
5.505251011197173 4.503237112874336 5.105287025475348
0.5000000000004112 10.5477605439674 1.1792e-11
10.547760543967161 0.5000000000007514 89.99999999998228
0.50000000000031 0.5000000000007114 89.99999999999923
1.5000000000009326 0.5000000000006635 5.4e-13
2.5000000000015765 0.5000000000002096 89.999999999992
0.5000000000004876 1.5000000000027924 89.99999999997102
1.5000000000012683 1.5000000000038973 89.9999999999466
3.500000000002198 0.5000000000002318 89.99999999999149
0.5000000000003837 2.5000000000044125 89.9999999999991
1.5000000000015774 2.5000000000054863 5.471e-12
0.5000000000009202 3.5000000000063123 6.9119e-11
10.547760543967222 10.547760543967449 89.99999999999723
9.547760543966437 10.54776054396735 6.992e-12
8.547760543964547 10.547760543967232 2.6006e-11
7.547760543963403 10.547760543962163 3.6621e-11
6.547760543961916 10.54776054396174 1.27343e-10
5.494118690767446 10.54776054396649 1.07093e-10
4.488497216440681 10.54776054390549 5.37327e-10
3.4824323685689187 10.540257455518798 0.03560082416775
2.476293393732716 10.519881298431635 0.052697003304691
10.547760543967446 9.547760543967101 89.999999999998
9.547760543967062 9.54776054396688 7.404e-12
8.547760543966426 9.547760543966675 5.1614e-11
7.547760543965511 9.546256463108833 1.29134e-10
6.54776054396484 9.547760543950279 1.81146e-10
5.547760543964271 9.54776054396525 2.21906e-10
4.547760543964006 9.547760543784516 2.27991e-10
3.547760543963789 9.535961708495828 2.34078e-10
10.547760543967481 8.547760543966657 89.99999999999937
9.547760543967183 8.547760543966493 3.595e-12
8.54776054396682 8.547760543965747 89.99999999999174
7.547760543564751 8.545617097043381 5.22796e-09
6.5416617501986325 8.547760543850746 1.1086911e-08
5.501560045685159 8.547760543842454 1.4222124e-08
4.495435309621598 8.53496931705098 0.327992984684623
10.547760543966312 7.547760543966209 89.99999999999646
9.547760543836194 7.547760543965383 2.7498e-11
8.54776054379122 7.547760543965065 89.99999999998293
7.547760543706762 7.545152420304889 6.607664e-09
6.547760543607536 7.547760543827815 1.3385844e-08
5.53293032671423 7.547760543841914 1.5186537e-08
4.521385743340559 7.527944567767509 0.52994068625172
10.547760543966287 6.547760543965925 89.99999999999267
9.547760543963609 6.547760543964513 89.99999999998553
8.547760543962472 6.547760543964385 89.99999999997402
7.547760543900713 6.544731973945465 7.00544e-09
6.547760543832775 6.547760543812283 1.4669e-08
5.547760543826384 6.54776054384425 1.5322542e-08
10.547760543967275 5.5477605439656354 89.99999999998876
9.547760543966344 5.547760543963375 89.9999999999429
8.54776054396562 5.547760543963875 89.99999999996983
7.547760543908639 5.544353654241007 6.487651e-09
6.547760543815627 5.5477605437871835 1.7051888e-08
5.534638478305998 5.534638478312501 1.52412821907793
10.547760543967339 4.547760543965352 89.99999999998552
9.547760543966898 4.546142756209127 89.99999999997318
8.547760543966572 4.54776054396345 89.99999999997219
7.547760543867314 4.543996114749313 1.139757e-08
10.547760543967303 3.5477605439650652 89.99999999998171
6.547760543807218 4.547760543773173 1.8163649e-08
0.5000000000005471 4.500000000007368 3.7643e-11
