110 11.025509504993781
1.5958401579494295 9.767337244234099 26.925415963561232
0.6738642558984509 9.333719764960954 25.652425979594447
2.4635127552730527 9.058513906728333 23.996783437445814
1.5598939096956888 8.629478354208857 23.996783437453193
0.6601268235130267 8.191790301244998 23.996783437448627
1.5619967473772824 7.498659075330122 23.99678343749071
2.4617638335596475 7.936347128294127 23.99678343748938
3.365382679137673 8.36538268081165 23.996783437483437
0.660126823513167 7.065694786793387 23.996783437489988
2.4591081773528374 6.804354758770077 25.64445098099073
3.358368347033932 7.24179945430927 25.644450980983915
0.6671411556159041 5.915814726652449 25.64445098099504
1.557611141042793 6.3715694838477575 25.64445098099561
3.335390567044192 6.11576914974668 25.644450981102988
1.5202211904003713 5.214662105096098 27.398110898805374
2.43057032264699 5.681388489165201 25.644450980986477
2.306234934312716 4.495719005631977 27.39811089878304
3.208154395382245 4.928707075689158 27.398110898785596
4.115353443401712 5.351508967974531 27.398110898790705
9.675820024201716 1.576951631224817 73.3928777551709
9.378670654688104 0.6220472727977624 73.39287775517201
8.92068695466742 2.534386800737613 72.60574455941169
8.623557981300502 1.5795475493706665 72.60574455939664
8.320365840899004 0.6266077118238833 72.60574455940855
7.559821312667802 1.5532796447915866 72.92625101528175
7.86302557295064 2.506258170527432 72.92625101528155
8.15899405832463 3.46145908280831 72.92625101528395
7.176966105839163 0.6247650081428651 72.92625101528301
6.763532360677882 2.3642796596538207 71.84446144743002
7.105357352271203 3.4453650299993206 72.92625101527769
5.630905894118442 0.6309058924456323 71.84446144742346
6.381170885193249 1.4372706520543606 71.84446144741182
5.66412618105288 2.3987625190358357 65.0796503880508
10.403462232195984 2.4034622295216077 73.39287775517069
5.525509503150884 5.525509503154614 1.606e-12
5.084603949489857 4.504162903296143 81.43991453007014
4.9465000465960784 3.5136855785885395 81.439914530072
1.5000000005019363 3.5000000011719488 3.3715e-11
3.93637260857205 3.9838240912290446 9.0343e-11
2.936372608238281 3.500000001171889 8.8386e-11
5.997588349224578 3.5151226402994578 87.50485811242054
0.5000000001675096 10.525509504826434 9.358e-12
10.525509504826434 0.5000000001676108 89.99999999998487
0.5000000001672751 0.5000000001675788 89.99999999999855
1.5000000005018226 0.500000000167435 89.99999999999964
2.5000000008363825 0.5000000001672751 4.547e-12
3.500000001170938 0.5000000001672786 2.56e-13
0.5000013489066593 1.5000002344934966 89.99997318918105
1.5025012869786032 1.5000000005021743 89.99999999999446
2.504480318590588 1.500000000501963 8.71e-12
0.5000000001672102 2.504395875881485 89.99999999999753
1.5000000005016645 2.5000000008369994 89.99999999999243
0.5000000001672875 3.6018759795832582 1.0266e-11
10.525509504812232 10.525509504826575 89.99999999999271
9.525509504449126 10.525509504826418 89.9999999999797
8.525509504097553 10.525509504826438 89.99999999997766
7.5255095037498325 10.525509504826031 89.9999999999747
6.52550950340119 10.525509504821228 89.99999999938947
5.525509503053452 10.525509504826541 89.99999999999143
4.5255095027089975 10.525509504826587 89.99999999999577
3.525509502365395 10.525509504826529 8.333e-12
2.5255095020216842 10.525509504818125 2.36779e-10
10.525509504826404 9.52550950449221 89.99999999998442
9.525509504491538 9.525509504491687 89.99999999994584
8.525509504156998 9.52550950449185 89.9999999999457
7.525509503822466 9.525509504490639 89.99999999995417
6.52550950348789 9.523900663190046 89.99999999997164
5.525509503153263 9.525509504492078 89.99999999999356
4.525509502818693 9.525509504492181 89.99999999999474
3.5255095024839953 9.525509504492074 1.6519e-11
10.525509504826386 8.525509504157853 89.9999999999771
9.525509504491453 8.525509504157046 89.99999999992247
8.525509504156917 8.525509504157304 89.99999999991783
7.525509503822373 8.525509504155496 89.99999999992276
6.525509503487598 8.52261135277816 89.99999999995599
5.525509503152647 8.525509504157657 89.99999999999964
4.525509502818073 8.525509504157757 89.99999999999008
10.525509504826319 7.525509503823494 89.99999999996955
9.525509504491318 7.525509503822474 89.99999999990813
8.525509504156757 7.525509503822845 89.99999999990015
7.525509503822203 7.525509503820576 89.99999999990693
6.525509503487353 7.5213894971389355 89.99999999994971
5.5255095031524375 7.525509503823312 89.99999999999939
4.521986392993242 7.52550950382331 89.99999999997502
10.525509504826223 6.52550950348913 89.99999999996159
9.525509504491133 6.52550950348794 89.9999999998999
8.525509504156432 6.525509503488431 89.99999999988762
7.525509503821762 6.525509503485719 89.99999999988975
6.525509503486733 6.51970227253245 89.99999999993913
5.525509503151559 6.525509503488966 89.99999999999989
10.52550950482613 5.525509503154759 89.9999999999529
9.52550950449098 5.525509503153396 89.99999999989231
8.525509504156215 5.5255095031540735 89.99999999988147
7.525509503821402 5.525509503150865 89.9999999998664
6.525509503486135 5.518082957109678 89.99999999993402
10.525509504826115 4.525509502820377 89.99999999994291
9.525509504491229 4.52550950281883 89.99999999988492
8.525509504156789 4.5255095028197445 89.9999999998786
7.400744495846506 4.400744494841949 72.92625101534064
10.525509504825925 3.5255095024859786 89.99999999993094
9.525509504490639 3.5255095024841765 89.99999999986343
4.525509502816665 6.525509503488861 89.99999999995995
6.269651421022969 4.504216205626072 87.50485811245612
0.50293477717232 4.605911942902338 89.97132004569846
4.500000001505517 0.5000000001672369 89.99999999999153
4.525687090010532 1.5000000005018546 89.99999999995948
3.507222082150618 1.500000000502177 6.954e-12
3.5000000011706245 2.5000000008371988 89.99999999997529
4.5000000015054376 2.500000000836508 89.99999999992743
2.500000000836149 2.5000000008366774 89.99999999998332
