110 11.03763850809257
0.5000000000300551 10.537638508062518 1.9e-13
10.537638508062523 0.500000000030048 89.99999999999999
0.5014599328829936 0.5000000000300533 89.99999999999999
1.5055425105195805 0.5000000000300497 89.99999999999993
2.509728371100835 0.5000000000300489 89.99999999999993
3.525177488905472 0.5000000000301421 89.99999999999689
0.500000000030048 1.5000000000901696 89.99999999999994
1.500000000090144 1.500000000090175 89.99999999999989
2.5000000001502403 1.5000000000901457 89.99999999999984
0.5000000000300524 2.5000000001503455 89.99999999999994
1.5000000000901572 2.500000000150288 89.99999999999963
0.5000000000300595 3.5000000002104814 7.62e-13
10.537638508062496 10.534632531894484 2.53e-13
9.537638508002338 10.537638508062503 5.95e-13
8.53763850794217 10.537638508062518 1.35e-13
7.53763850788199 10.53763850806252 89.99999999999991
6.537638507821792 10.537638508062518 3.99e-13
5.537638507761565 10.537638508062521 89.99999999999994
4.537638507701267 10.53763850806252 3.93e-13
3.5376385076398735 10.537638508062521 1.17e-13
2.5376385075790844 10.537638508061974 2.0265e-11
10.537638508062392 9.533020989618908 4.49e-13
9.537638508002034 9.537638508002368 1.052e-12
8.537638507941784 9.537638508002411 1.59e-13
7.537638507881574 9.537638508002418 89.99999999999945
6.537638507821395 9.537638508002413 2.98e-13
5.537638507761233 9.537638508002418 89.99999999999942
4.537638507701083 9.537638508002418 5.12e-13
3.537638507640943 9.537638508002424 1.66e-13
10.537638508062523 8.530524318794225 89.99999999999997
9.537638508002425 8.530223935719128 89.99999999999987
8.537638507942326 8.537638507942248 89.99999999999959
7.537638507882225 8.537638507942319 89.99999999999902
6.537638507822127 8.53763850794229 89.99999999999906
5.53763850776203 8.537638507942315 89.99999999999913
4.537638507701922 8.537638507942317 6.19e-13
10.537638508062518 7.528583809544738 89.99999999999982
9.537638508002416 7.528867018392457 89.99999999999969
8.5376385079423 7.537638507882127 89.9999999999981
7.537638507882193 7.537638507882209 89.99999999999713
6.537638507822078 7.537638507882164 89.99999999999692
5.537638507761962 7.537638507882209 89.99999999999807
4.537638507701841 7.537638507882207 2.72e-13
10.537638508062512 6.526809642367855 89.99999999999963
9.5376385080024 6.526842592425854 89.99999999999922
8.537638507942273 6.537638507822007 89.99999999999737
7.53763850788213 6.537638507822075 89.99999999999307
6.537638507821909 6.537638507821914 89.99999999997975
5.512977209512611 5.522686336342505 88.22714252321674
10.537638508062487 5.524834228054193 89.99999999999831
9.53763850800233 5.52484703354638 89.99999999999669
8.53763850794217 5.537638507761879 89.99999999999505
7.537638507881965 5.537638507761978 89.99999999999284
6.53763850782164 5.537638507761761 89.99999999997382
5.441443514097262 4.524421551942287 88.2271425232166
10.537638508062505 4.522743045036078 89.99999999999811
9.53763850800239 4.523333364722775 89.99999999999626
8.537638507942274 4.523827139207755 89.99999999999442
7.537638507882161 4.537638507701881 89.9999999999926
10.537013456242496 3.5210944714028245 89.9840783784135
9.534749175407118 3.5212450911752873 89.86384658802884
10.535912317126735 2.519152750015603 89.98349726520617
4.529072670224126 6.520459987455187 89.00982219608723
4.489904160144636 5.4928511003497995 85.68796739177334
6.461900940138044 4.505296269572672 85.81979138373323
4.227172456127811 4.3038827725780795 44.71944251572091
1.6101756124157394 9.771546882201683 25.12601492055164
0.6705614054593267 9.344425877818383 26.20462920991966
2.475809478286491 9.06595136809434 24.389410971857664
1.5676538464248622 8.64727114901272 24.38941097185727
0.6618480543954304 8.223408190945921 24.389410971855902
1.561905499963732 7.533326803998392 24.370529510340553
2.467714942318621 7.957191417112934 24.370529510340553
3.375872516566855 8.37587251686735 24.37052951034043
0.6617659911050229 7.096945783218786 24.37052951034054
2.470444438829884 6.847637326361156 25.07678127809547
3.376185067441979 7.271469738762112 25.076781278092536
0.664786520506536 5.987527878443356 25.076781278096853
1.5705271491185502 6.4113602908444305 25.076781278096934
3.3556681984816223 6.1578002374477006 25.076781278093115
0.5000000000300533 4.793365157086395 3.69e-13
1.550010280158205 5.297690789529963 25.076781278098306
2.455750908770218 5.721523201931046 25.076781278098284
3.691774356544359 1.5000000000904006 89.99999999999376
4.198417498606009 2.940694891431694 25.411448484111297
5.537638507761788 6.537638507821938 89.99999999997807
9.828631969920721 1.5445977691773236 51.99757163712149
9.203716273015015 0.700310365639 53.5419330483424
9.164615588764631 2.318950941625223 51.99757163712154
8.513338745634123 1.485427415761385 51.9975716371214
7.819770553891377 0.5006203181153301 0.004081359307517
7.269094541759724 1.7035151891349618 51.992539273949326
7.9758175021180175 2.4216728376154766 51.997571637121325
8.531181169865222 3.519737468796964 89.6139034964559
6.818527738489486 0.500677600842387 0.004154420069739
6.364303172215285 2.4948993251110765 88.22714252321612
7.310380969244444 3.4539828533984176 75.95255814605233
5.817322925108284 0.5000000000300533 89.99999999999953
5.3629662423247755 2.5216545350215878 88.24259821779758
5.21688979683338 3.5308930553182445 88.22714252321637
4.698496380599452 0.5080188276630366 0.922936331033213
5.691774356664889 1.5000000000901972 89.99999999999434
4.6917743566046255 1.5191951328376865 89.99999999999426
1.557208631851838 4.052795095976862 32.117974681589715
2.4523617768916246 4.615868456604122 25.076781278097943
3.3693481025873453 5.045958762674607 26.567464632176662
6.216411125211379 3.4999557923871403 88.22714252321623
3.347755020855923 3.77076541524975 44.719442515721205
3.091368301333938 2.6112071633605374 45.502417822519035
2.3815970251687273 3.3252422819025425 44.719442515723436
