110 11.042846807936073
4.253236440341472 4.351541161061472 32.864665449962196
1.604329160072886 9.768829860383157 24.50577601754107
0.6596776343193609 9.365542979463918 23.701125100243917
2.4777563091672166 9.067981516665752 24.505776017582154
1.5668311187573214 8.652738082609133 24.505776017541223
0.6629481375510968 8.22195746882457 24.50501732185198
1.5684713366651315 7.533779194671416 24.505776017217446
2.4705750907754536 7.965709602264857 24.50577601721753
3.3804945557093853 8.380494578360786 24.505776017216412
0.6623522205146992 7.1106573415240675 24.505776017217293
2.4791426403521926 6.847916481528249 24.505776017228886
3.3804945557091957 7.28149620806686 24.50577601722829
0.6623522205147516 6.011658971229619 24.505776017229323
1.5722716854484395 6.42644394732607 24.505776017229408
3.3733494092255536 6.15536044019019 24.555204380487368
1.5524357888673666 5.318403423068811 24.50577601734585
2.4623552540714875 5.733188399288516 24.505776017301418
4.11024691506865 3.0995627632960505 26.43268319623692
1.5427732388664004 4.069382487832506 31.254394462419267
2.4404778014801445 4.624217235788713 24.505776017292916
3.350406116919589 5.0390066847916035 24.50691146703264
3.3704912911666294 3.8751181220879096 32.86466544996175
10.354605290319723 0.6882415176163486 58.26468450297059
3.717400584384997 1.5840238923825787 76.23377378320085
9.714448909117117 1.556722003381422 57.55029012620349
9.1794695829208 0.684682713203685 59.4679434374233
9.081846169869086 2.425536092682418 57.550290126203016
8.545287034526364 1.5816733649747254 57.550290126203926
8.021852953551967 0.6845119863659921 61.63350668737755
7.356727916141084 1.5574447134279588 61.63350668734571
7.9032540147132675 2.4356561667450998 57.55029012619971
8.369830811519229 3.369830788867123 62.863813431826046
6.881618206486813 0.6775181410273552 61.63350668736441
6.5752394960948015 2.431161785462077 75.111219502043
5.634917897328779 0.6116849862316229 75.11121950204557
6.086675040561273 1.5263163613443886 75.11121950204183
9.542846801140431 3.542846773905758 1.2434e-11
8.5413976031047 4.54284677848821 89.99999999998502
10.536802669619526 2.4887758758173417 0.376423387454878
4.5545507034320405 0.5545506853102227 83.34834848984904
4.776976513361631 1.5353887949840095 83.34834848984552
5.238910065168579 2.488296086383472 83.34834848984617
3.0778744747114586 2.624366210238458 45.513137887141696
2.3733385830362397 3.3341475849729236 45.51313788714005
0.5000000022651765 10.542846805670917 1.309e-12
0.5000000022651756 0.5000000022915341 4.899e-12
1.500000006795477 0.5000000022652182 6.779e-12
2.500000011326086 0.5000000022651339 2.42e-13
3.5000000158567546 0.5000000022654474 89.99999999996896
0.5000000022651401 1.5000000068746413 4.45e-13
1.5000000067954247 1.500000006795612 9.2e-13
2.500000011325699 1.5000000067954025 6.09e-13
0.5000000022652022 2.500000011437261 3.6e-12
1.500000006795596 2.500000011326008 7.159e-12
0.5000000022734019 3.500000015994004 3.987e-10
10.542846805670912 10.542846805666928 89.99999999999986
9.542846801140593 10.542846805670779 89.99999999999973
8.54284679661027 10.542846805670775 9.52e-13
7.542846792079867 10.542846805670937 8.5e-14
6.542846787549459 10.542846805670909 2.785e-12
5.541916210144878 10.542846805670898 4.803e-12
4.540939076350331 10.542846805670903 3.951e-12
3.539369327870518 10.542846805670925 3.41e-13
2.5374701487077798 10.541962042438328 0.01123948593757
10.54284680567092 9.542846801122025 1.459e-12
9.54284680114062 9.542846801119039 3.001e-12
8.542846796610306 9.542846801140168 5.102e-12
7.542846792079984 9.542846801140602 6.551e-12
6.542846787549655 9.54284680114059 6.736e-12
5.542846783019245 9.54284680114059 9.706e-12
4.541032330277948 9.542846801140596 7.898e-12
3.5398634605539163 9.542846801140634 7.18e-13
10.542846805670917 8.542846796575848 2.095e-12
9.542846801140616 8.542846796574917 4.312e-12
8.542846796610299 8.542846796609773 7.873e-12
7.542846792080004 8.542846796610299 8.725e-12
6.542846787549713 8.542846796610295 9.322e-12
5.542846783019423 8.542846796610316 1.0245e-11
4.542846778489133 8.542846796610288 1.1853e-11
10.54284680567092 7.5420647505729645 1.727e-12
9.542846801140609 7.542846792038351 4.013e-12
8.542846796610277 7.542846792079405 7.903e-12
7.542846792079963 7.542846792080017 8.725e-12
6.542846787549642 7.542846792080018 9.635e-12
5.542846783019299 7.542846792080043 1.0153e-11
4.541424521280308 7.542846792079991 9.487e-12
10.5428468056709 6.541492981046156 3.695e-12
9.542846801140572 6.542846787504972 7.319e-12
8.542846796610277 6.542846787549051 7.83e-12
7.542846792079987 6.542846787549735 8.285e-12
6.542846787549701 6.542846787549738 8.882e-12
5.5390575806333615 5.542846783019484 8.13e-12
10.542648148593358 5.540885978168342 0.00369148577974
9.542067855952073 5.542846782971783 2.2584e-11
8.541397254294788 5.542846783018608 89.99999999999423
7.540701372682735 5.542846783019445 6.473e-12
6.539930154525812 5.542846783019454 7.777e-12
5.538909267745043 4.542846778489206 7.038e-12
10.542846805670782 4.540112499787336 6.21e-12
9.542088341116584 4.542846778438772 1.762e-11
7.540657201182926 4.542846778489162 5.159e-12
10.542846805670854 3.51823734909733 5.653e-12
4.542846778489138 6.542846787549694 7.105e-12
4.538018265049651 5.542846783019396 6.381e-12
6.539854203380402 4.542846778489175 6.957e-12
0.5000000025468987 4.824845477934245 2.9409489e-08
5.542846783019423 6.542846787549761 8.69e-12
7.196814821897915 3.542846773958856 3.88e-12
5.196814812837382 3.542846773958889 4.391e-12
6.196814817367647 3.5428467739588516 4.164e-12
