110 10.99993970343189
1.5733810078426118 9.716913777731097 25.16789357279139
0.6664516706088941 9.292218778254448 25.166284165386177
2.4387140798165663 9.018624089602485 25.167893572755236
1.5336485784678602 8.593351896315808 25.167893572755336
0.6651688473176236 8.090217761971985 25.167893572755354
1.5438148081326095 7.397639335986808 27.791133320074618
2.4297053543646294 7.909498662713085 25.16789357277767
3.3347708557134337 8.334770855999755 25.16789357276797
0.6754514413644443 6.900481696932653 27.79113332007466
2.4228007729925696 6.729441502194577 29.15539814484841
3.328865946308954 7.227103850248105 25.167893572768435
0.6814210131661449 5.739247911156515 29.466173109200255
1.5525366765372275 6.230915272601407 29.466661597457538
3.2755933995891313 6.060100567553365 29.155398144848423
1.533761304884604 5.071729474854042 29.46666159745812
2.4044033775029363 5.563646522232381 29.466661597458543
1.6812795600555601 3.994774307754289 29.466661597459463
2.5468995417397635 4.4955799343820315 29.466661597459037
3.419568644463124 4.98924683822921 29.768328959390633
4.163651276395501 4.2542515495508955 31.6433267364342
3.3001013691666023 3.7494505441931256 31.643326736434172
2.4280458606753674 3.258451799067456 31.643326736434148
9.707720192573152 1.5817877108114713 66.49589913895745
8.520034771060896 1.55755255500384 62.262656693066475
8.989335109993632 2.4406020565761364 62.26265669306655
9.291763421955428 0.5000000000286153 89.99999999999964
8.049304939982719 0.6752547424932445 62.262656693066454
7.383753462841586 1.5584472051831995 62.011403179048074
7.8544754578525655 2.4407302731162805 62.011403179048344
8.323771284472471 3.3237712841863174 62.01140317904871
6.913023411454155 0.6761684188449699 62.01140317904813
6.721651011500759 2.443569804153492 61.918344133361494
7.193053079888806 3.3270303234038563 62.01140317904917
5.780434845396694 0.6757842809063161 62.11747382907235
6.250689791670014 1.560857743982384 61.9183441333605
6.085803295531302 3.3761772862375454 61.91834413336119
4.675784281073474 0.7262273129803978 62.11747382906666
5.144344434530239 1.611622040989901 61.91834413336354
5.615073865030771 2.4938996636137114 61.918344133360804
3.9898453737539894 1.572132930387558 61.918344133362055
4.460574804252701 2.4544105530080187 61.91834413336177
4.931304234751473 3.3366881756284497 61.91834413336129
3.3012955972226936 2.4059621214044973 61.91834413335924
10.49993970340327 2.4999397029454156 89.99999999999983
0.5000000000286198 10.499939703403273 1.95e-13
10.499939703403259 0.5000000000286482 89.99999999999898
0.5000000000286215 0.5000000000287894 6.68e-13
1.5000000000858709 0.500000000028618 89.99999999999999
2.5000000001431246 0.5000000000286313 89.99999999999872
3.5000000002003637 0.500000000028618 89.9999999999993
0.5000000000286189 1.5000000000863674 1.78e-13
1.5000000000858718 1.5000000000858558 7.1e-14
2.500000000143175 1.500000000085925 89.99999999999297
0.5000000000286215 2.5000000001438014 7.36e-13
1.5000000000858593 2.5000000001431015 1.401e-12
0.500365214333585 3.500000000201187 9.5e-14
10.499939703403275 10.499939703403266 2.84e-13
9.499939703346044 10.499939703403271 4.97e-13
8.499939703288803 10.499939703403266 1.393e-12
7.499478008771653 10.499939703403273 3.27e-13
6.499066889093143 10.499939703403257 89.99999999999869
5.498608019170634 10.499939703403262 89.9999999999999
4.4980357630949275 10.49993970340325 89.99999999999685
3.49706010628117 10.49993970340327 6.11e-13
2.4959559086166796 10.499356794150788 89.99667678506202
10.499939703403271 9.499939703346023 6.68e-13
9.499939703346044 9.499939703346044 1.08e-12
8.499939703288817 9.49993970334604 1.492e-12
7.499939703231592 9.499939703346033 1.435e-12
6.49993970317437 9.499939703345962 1.407e-12
5.499939703117147 9.499939703345994 1.336e-12
4.4999397030599235 9.499939703345905 1.279e-12
3.499939703002701 9.49993970334604 1.208e-12
10.499939703403266 8.49993970328879 6.11e-13
9.499939703346008 8.49993970328882 1.094e-12
8.499939703288746 8.499939703288812 2.331e-12
7.499939703231454 8.49993970328875 7.319e-12
6.499939703174203 8.499939703288637 7.446e-12
5.499939703116939 8.499939703288703 7.134e-12
4.499939703059679 8.499939703288314 6.309e-12
10.499939703403262 7.49993970323156 6.39e-13
9.499939703346016 7.499939703231598 1.052e-12
8.499939703288769 7.499939703231585 2.387e-12
7.499939703231492 7.499939703231503 7.958e-12
6.49993970317426 7.499498578510459 7.759e-12
4.49072233289698 6.49071019080421 1.066214636692004
5.499939703117028 7.499939703231463 7.499e-12
10.499939703402715 6.499939703174331 6.82e-13
9.499939703343106 6.499939703174374 8.67e-13
8.49993970328424 6.499939703174356 1.876e-12
7.499939703226174 6.499035722593553 89.99999999997728
6.4999397031684785 6.499093250930734 89.99999999999035
5.499939703110663 6.49993970317421 9.618e-12
10.49993970340286 5.499939703117103 6.68e-13
9.499939703343387 5.4999397031171515 6.68e-13
8.499939703284067 5.49993970311713 1.393e-12
7.499939703225041 5.497987765560524 89.99999999994297
6.4999397031669615 5.498604054190081 89.9999999999767
5.499939703108873 5.49993970311696 1.1421e-11
10.499939703403271 4.499939703059876 7.25e-13
9.499939703342871 4.499939703059928 4.83e-13
8.499939703282791 4.499939703059903 8.67e-13
7.499236214771806 4.497294504240923 89.99698707234298
10.499939703403275 3.499939703002645 1.71e-13
9.499939703346051 3.499939703002705 2.98e-13
4.488117830956954 7.499045747261775 0.102531603785712
4.490722559354202 5.4905370233537205 1.066214636695881
6.483044216875979 4.498273838398799 89.9976717913557
5.3504839185502 4.498531734420646 0.1615693414599
0.500000000028626 4.500000000258547 89.9999999999996
