110 10.998566493397584
0.6725204627509029 9.297048248872226 27.00574630875999
1.5742325623171136 9.730033222885647 27.005746308762614
1.536430323413835 8.590394127793363 24.439564378779373
2.438091363772851 9.023353079390573 24.439564378779178
2.4299447834725254 7.898542688351145 25.6493538603075
3.3314048351841623 8.331405129363722 25.64935386030646
3.3314048351842103 7.222093501218553 25.649353860308842
0.662065722811235 8.097370791515933 24.43956437877929
0.6671612463620322 6.949231179907212 25.64935386030754
1.5570368747265642 7.406218825324684 25.649353860308047
0.6671612463620349 5.839919551762147 25.649353860308114
1.568621298073718 6.272781992774623 25.649353860308896
2.4584969264382375 6.72976963819212 25.649353860309215
1.5435077888490984 5.141976902747979 24.666293886752122
2.4451005448789296 5.574903065624493 24.66629388675225
3.335522849573283 6.032153213689308 24.666293886752207
2.443923785541888 4.43113697741965 22.116190524945488
3.3471118708711316 4.864795773001526 22.116190524945246
0.6630432319730568 4.663043467316647 24.666293886751543
1.5652129630529261 3.937246778217344 22.11619052494461
2.500745049625934 3.2068935044532134 45.10338808365985
3.2073254241243827 2.499256023955421 45.10338808366323
3.698189028436653 3.5924175582344375 52.9031151929523
3.9252927491947815 1.5700709332947138 67.88381028248956
4.431136976683395 2.443923783833086 67.88381028248877
4.864795758575559 3.3471118726067943 67.88381028248895
4.6630434607547135 0.6630432254111192 65.33370757538295
5.141976909424705 1.5435077825806212 65.33370757538245
5.574903058863779 2.445100543503436 65.33370757538233
6.032153185726342 3.3355228561351304 65.33370757538238
5.839919573390766 0.6671612425084108 64.35064695383566
6.272782001273562 1.5686212996527842 64.35064695383484
6.729769625760075 2.4584969365058176 64.35064695383441
7.222093511384612 3.3314048390377455 64.35064695383497
6.949231195223585 0.6671612425084197 64.35064695383362
7.406218819710076 1.557036879361461 64.35064695383335
7.8985427053346395 2.429944781893374 64.35064695383372
8.331405133217327 3.3314048390377997 64.3506469538346
8.09737077550754 0.6620657257075395 65.56043469038573
8.590394131732356 1.5364303136377369 65.56043469038569
9.023353071946609 2.4380913632448658 65.56043469038586
9.730033203304945 1.5742325562333939 62.994255480953996
9.29704825523769 0.6725204426457969 62.99425548095599
1.500000088254072 2.5000001470903563 2.842e-12
6.498566228636039 5.498566169800055 89.99999999999459
6.498566228636033 4.498566110964145 89.99999999999562
4.498566110964236 4.4985661109641635 89.99999999999464
4.4985661109641475 6.498566228635961 89.99999999999413
4.498566110964258 5.498566169800061 89.99999999999413
0.500000029417996 10.498566463979607 1.316e-12
10.498566463979618 0.5000000294179854 89.99999999999892
0.5000000294179507 3.500000205925637 2.35e-13
0.5000000294179943 2.500000147089741 89.99999999999993
0.5000000294179578 1.5000000882538438 89.99999999999979
1.5000000882541182 1.5000000882543163 5.543e-12
2.500000147090141 1.5000000882540632 9.285e-12
0.5000000294179516 0.500000029417949 89.99999999999974
1.5000000882538567 0.5000000294180991 89.99999999999865
2.500000147089751 0.5000000294179943 89.99999999999874
3.500000205925645 0.500000029417957 89.99999999999872
2.498565993291467 10.498566463979579 2.174e-12
3.4985660521274187 10.498566463979632 4.87e-13
4.498566110963372 10.498566463979639 89.99999999999979
5.49856616979933 10.498566463979635 89.99999999999972
6.498566228635301 10.498566463979632 89.9999999999993
7.498566287471284 10.498566463979628 89.99999999999928
8.49856634630729 10.498566463979632 89.9999999999995
9.498566405143334 10.498566463979635 89.99999999999953
10.4985664639795 10.498566463979632 89.99999999999937
3.4985660521284117 9.498566405143727 9.47e-13
4.498566110964303 9.49856640514373 7.77e-13
5.498566169800193 9.49856640514373 6.24e-13
6.498566228636083 9.498566405143714 5.39e-13
7.498566287471974 9.498566405143709 4.62e-13
8.498566346307863 9.498566405143722 3.72e-13
9.49856640514375 9.498566405143729 2.54e-13
10.498566463979639 9.49856640514372 1.42e-13
4.498566110964125 8.498566346307824 2.147e-12
5.498566169800031 8.498566346307832 1.193e-12
6.498566228635935 8.498566346307808 1.429e-12
7.498566287471845 8.498566346307788 2.176e-12
8.498566346307756 8.498566346307804 2.434e-12
9.498566405143677 8.498566346307822 1.56e-12
10.498566463979614 8.49856634630781 3.9e-13
4.493756900283416 7.498566287471896 89.9999999999986
5.494234211981371 7.498566287471915 89.99999999999794
6.494728468533203 7.498566287471884 89.9999999999983
7.495254961875089 7.49856628747185 89.99999999999885
8.495845955820123 7.4985662874718555 89.99999999999757
9.496583588189681 7.498566287471909 89.99999999999936
10.497915664163349 7.498566287471898 89.99999999999856
5.4985661698000525 6.498566228636002 89.99999999999504
6.498566228635955 6.498566228635961 89.99999999999537
7.4985662874718635 6.498566228635912 89.99999999999609
8.498566346307774 6.498566228635944 89.99999999999675
9.498566405143702 6.498566228636011 89.99999999999885
10.498566463979618 6.498566228635996 89.9999999999986
5.498566169800149 5.49856616980011 89.99999999999464
7.498566287471929 5.498566169799975 89.99999999999464
8.498566346307825 5.498566169800035 89.99999999999557
9.498566405143729 5.498566169800107 89.9999999999974
10.498566463979621 5.49856616980007 89.99999999999768
5.498566169800136 4.4985661109642185 89.99999999999515
7.498566287471927 4.495150568093599 89.9999999999956
8.498566346307822 4.498566110964133 89.99999999999561
9.498566405143736 4.498566110964208 89.99999999999834
10.498566463979635 4.498566110964026 89.99999999999957
9.498566405143714 3.4985660521283157 89.99999999999885
10.498566463979628 3.498566052128058 89.99999999999945
10.498566463979582 2.4985659932921056 89.99999999999777
