110 11.00321364723333
1.5844548884084415 9.71266892565752 23.568536724305396
2.443741009342917 8.995293825901083 27.480673190528933
1.5590244851057848 8.529134130791606 27.48067319052918
0.6743079608687301 8.062974435681983 27.48067319052921
1.558376948328136 7.395478807883656 27.784875864051752
2.443081002925349 7.861631932703961 27.784875864050086
3.327785057522658 8.327785057524121 27.784875864046523
0.6754285897086794 6.925993577651004 27.784875864046285
2.4430810029254113 6.731310448582594 27.78487586405359
3.327785057522642 7.197463573402853 27.784875864051862
0.6754285897086865 5.7956720935298 27.78487586404779
1.5609679712273805 6.260239865651611 27.784875864050587
3.3271803442410155 6.066823464104683 27.784875864054584
1.5627892284706655 5.124781822985542 27.781634328844525
2.445885262127783 5.594094934784204 27.78333766523455
1.6284473398452635 3.8958429667005294 28.877664533045536
2.461481670641012 4.456058543470876 28.877664532992345
3.3405226625890174 4.932856355450102 28.877664532982728
2.511235396364678 3.195871384824433 45.00000000001747
9.714615016184666 1.5840876572828044 66.16735333441503
9.299458113040542 0.5000000000001057 89.99999999999956
8.999904458186586 2.4433429077071023 62.92010128779002
8.525604356016704 1.56271925060028 62.92010128778992
8.069480142512656 0.6728025664498709 62.92010128778992
7.399779002231428 1.559672279744019 62.86272326573978
7.855902987018189 2.449588517657826 62.86272326574
8.330193535882623 3.3301935358815467 62.86272326574036
6.937286686542409 0.6730201113502678 62.862723265740215
6.732201724588599 2.4495885176580456 62.862723265738076
7.189722708190395 3.342384527154969 62.49485134392459
5.813585424112726 0.6730201113502288 62.86272326575524
6.269709408899507 1.5629363492642332 62.8627232657407
6.055021944771024 3.332583194830983 63.483556375057454
4.670630452401718 0.6706304524008875 63.48355637505775
5.13631671875705 1.5558412912220998 63.483556375057546
5.592467481574471 2.4458097741508253 63.48355637505748
3.9393200550948553 1.5890558231382115 63.483556374953
4.46264651338392 2.4455076647632987 63.48355637494911
4.9268964964042485 3.351377417206492 61.40040420961516
3.218342177550972 2.488764603637267 45.00000000002166
4.262979925735472 4.272553980200841 44.99999999994308
3.660873301268852 3.46044704229378 44.99999999994439
6.470086706922497 4.503213647231227 1.1768e-11
0.5000000000002087 10.503213647233173 2.936e-12
10.503213647233208 0.5000000000001439 89.99999999999876
0.500000000000103 0.5000000000001465 6e-15
1.5000000000003109 0.5000000000001377 2e-14
2.500000000000518 0.5000000000001652 89.99999999999999
3.5000000000007248 0.5000000000001252 89.99999999999996
0.5000000000001616 1.5000000000004565 89.99999999999902
1.5000000000005285 1.5000000000010099 89.99999999999093
2.500000000000815 1.5000000000005738 89.99999999999152
0.5000000000001599 2.5000000000007168 89.99999999999937
1.5000000000005933 2.5000000000014344 89.99999999999153
0.5000000000001155 3.50000000000098 4.45e-13
10.503213647233224 10.503213647233219 2.51e-13
9.50321364723301 10.503213647233226 4.25e-13
8.503213647232787 10.503213647233215 1.603e-12
7.503213647232571 10.50321364723321 1.908e-12
6.503213647232353 10.503213647233194 2.255e-12
5.5032136472321325 10.503213647233206 2.608e-12
4.503213647231912 10.503213647233197 2.887e-12
3.5032136472316884 10.5032136472332 3.16e-12
2.5032136472314646 10.503213647233189 3.441e-12
10.50321364723321 9.50321364723299 1.549e-12
9.503213647232965 9.503213647233018 6.43e-13
8.503213647232718 9.503213647232993 3.502e-12
7.503213647232479 9.503213647232954 6.931e-12
6.503213647232263 9.50321364723288 7.585e-12
5.50321364723205 9.503213647232958 7.984e-12
4.503213647231839 9.503213647232922 8.144e-12
3.503213647231629 9.503213647232943 8.192e-12
10.503213647233208 8.503213647232771 1.634e-12
9.503213647232972 8.503213647232812 5.68e-13
8.503213647232535 8.503213647232785 3.743e-12
7.50321364723217 8.503213647232721 8.565e-12
6.503213647231872 8.50321364723249 1.1115e-11
5.503213647231626 8.503213647232725 1.1385e-11
4.503213647231385 8.503213647232666 1.1533e-11
10.5032136472332 7.503213647232559 1.675e-12
9.50321364723293 7.503213647232608 5.97e-13
8.503213647232641 7.50321364723258 3.894e-12
7.503213647232315 7.503213647232505 8.749e-12
6.503213647231864 7.5032136472321564 1.4097e-11
5.503213647231588 7.5032136472325135 1.2547e-11
4.498812474919172 7.503213647232426 1.1014e-11
10.503213647233165 6.5032136472323465 1.607e-12
9.503213647232851 6.503213647232401 5.68e-13
8.503213647232588 6.503213647232372 3.943e-12
7.503213647232318 6.503213647232275 9.139e-12
6.503213647232044 6.503213647231849 1.249e-11
5.5032136472317905 6.503213647232307 1.2854e-11
10.503213647233173 5.503213647232136 1.365e-12
9.502934626130422 5.5032136472321955 4.69e-13
8.502837741012097 5.503213647232137 8.78e-13
7.502773926121463 5.503213647231671 4.475e-12
6.502720899043341 5.503213647231534 1.0996e-11
5.502677623835074 5.503213647232101 1.3218e-11
10.503213647233217 4.503213647231926 1.154e-12
9.503213647232087 4.503213647231992 3.69e-13
8.503213647231604 4.503213647231899 89.99999999999713
7.503213647231231 4.503213647231346 2.8e-14
10.503213647233226 3.5032136472317097 1.85e-13
9.503213647233014 3.503213647231788 2.98e-13
10.50321364723322 2.5032136472314974 89.99999999999979
4.503213647231542 6.503213647232187 1.0507e-11
4.50263737610933 5.5032136472319175 1.257e-11
5.47008670692224 4.503213647231887 1.3771e-11
0.5000000000001155 9.301956070665572 1.119e-12
0.500000000001088 4.6202435038210625 1.11297e-10
