110 11.046538332221644
0.689711995750617 9.233250724239102 32.264997972706155
2.3615286433471665 9.148978895885454 32.26499795918385
1.5353001081385789 8.584477733761263 32.26499795918114
0.6897119957137576 8.050641854735284 32.264997959178274
1.536801437138902 7.402816681921998 32.26499795918073
2.3823895495765877 7.936652560928113 32.26499795917456
0.6890047318366506 6.868280701274882 32.00758487908985
2.3838833717527677 6.754986769915805 32.264997959181436
3.229471484217632 7.288822648878625 32.2649979591692
0.6890047318366674 5.689004735860893 32.00758487906635
1.5391783683982396 6.219752059223888 32.264997959183034
3.2567128439612434 6.123411768731198 32.26499795916441
1.5598227341210644 5.049648749364744 31.894253562452036
2.410093826259381 5.5867424409602355 32.372515620194676
1.6900032893040184 3.889427617936655 32.37251562018889
2.5117125944570193 4.460933690809101 32.37251562018876
3.353486534236379 5.000789410039407 32.372515620188594
0.5003342185959649 3.500000002817106 3.57e-13
9.15783822395127 2.493526330042872 73.79950707900409
7.403460536089145 1.5731975028477323 65.82016871024315
6.993858603076545 0.6609331452868181 65.82016871024624
6.7168889824116444 2.4854618604086687 65.82016871023136
7.1516917231373816 3.3898709742783604 65.43982218033175
5.897685116385899 0.6609331452867906 65.82016871025559
6.307287049398591 1.5731975028477088 65.82016871025557
6.006732050739831 3.3451969255551903 65.82016871025779
4.660933148506072 0.6609331452867586 65.82016871025809
5.187528184714187 1.520668210433679 65.82016871025765
5.597130117726883 2.4329325679944915 65.82016871025768
3.9924149206358166 1.5975965939166419 57.51183026933384
4.537898829947572 2.5152101371525197 65.82016871025864
4.947500762960379 3.427474494713621 65.82016871023525
3.313475390724664 2.393151701204304 57.51183026932795
4.442564697565073 6.530521384626193 87.83829643257779
4.433194467910234 5.530162924330444 87.8382964325668
6.389185205205306 4.486149188378368 87.08782525198961
5.389887345057019 4.525370596809369 87.08782525199025
7.392621838441866 4.528286221244527 87.08782525198349
1.5524865350860844 9.85744880533009 40.00332772463504
9.862347247621269 1.5309292797543583 46.29414950122122
8.015444368839315 2.543186076537241 84.80916578288618
8.324634653419416 3.5192154319701903 84.80916578288492
4.170353329924351 4.300943141809521 39.82832910895154
3.3512922551689663 3.721717122806364 39.82832910895447
2.4986648768404405 3.1827381519780413 39.82832910897372
3.471133753679945 8.471133757702939 80.53654622982192
0.5000000004023981 10.546538331819248 9.4e-14
10.546538331819255 0.5000000004023892 0.0
0.5000000004024017 0.5000000004024621 4.41e-13
1.5000000012072094 0.5000000004024141 7.67e-13
2.500000002012034 0.5000000004023972 1.71e-13
3.500000002816912 0.5000000004025074 89.99999999999248
0.5000000004024274 1.5000000012073915 3.186e-12
1.5000000012072663 1.5000000012072814 5.421e-12
2.5000000020121096 1.5000000012071961 9.44e-13
0.5000000004024283 2.5000000020122575 2.472e-12
1.5000000012073036 2.5000000020121314 8.783e-12
10.546538331819216 10.546538331819239 1.208e-12
9.54653833101231 10.546538331819256 89.99999999999966
8.546538330206479 10.546538331819244 89.99999999999834
7.546538329400926 10.546538331819193 89.99999999999878
6.54653832859551 10.546538331819205 89.9999999999977
5.546538327790182 10.546538331819237 89.99999999999842
4.546538326984853 10.546538331819239 89.9999999999977
3.5465383261795753 10.546538331818885 89.99999999998674
2.546538325374371 10.546538331819123 2e-12
10.546538331819237 9.546538331014442 1.286e-12
9.546538331014375 9.546538331014485 89.9999999999993
8.546538330209557 9.546538331014453 89.99999999999619
7.546538329404756 9.546538331014297 89.99999999999757
6.54653832859935 9.545856418658001 6.8912e-11
5.54653832779283 9.546538331014418 89.9999999999953
4.54653832698567 9.54653833101445 89.99999999999561
3.528002217765394 9.546538331010037 89.99999999956205
10.546538331819242 8.546538330209646 9.38e-13
9.546538331014421 8.546538330209712 89.99999999999908
8.546538330209549 8.546538330209627 89.99999999998968
7.546538329404748 8.546538330209396 89.99999999998978
6.546538328599933 8.545082010653495 89.9999999999924
5.5465383277951235 8.546538330209605 89.999999999995
4.546538326990345 8.54653833020967 89.99999999999504
10.546538331819217 7.546538329404846 1.691e-12
9.546538331014354 7.546538329404939 89.99999999999886
8.546538330209328 7.5465383294047355 89.99999999997603
7.546538329403458 7.546538329403418 89.99999999985708
6.546538328597867 7.5253833615128585 89.99999999990087
5.546538327792525 7.546538329404369 89.99999999994509
4.500050908017307 7.529063622667966 87.83829643258505
10.546538331819116 6.546538328600054 1.889e-12
9.546538331014002 6.5465383286001675 89.99999999999866
8.546538330207508 6.546538328599954 89.99999999997482
7.546538329399205 6.546538328596643 89.99999999963309
6.496262988936847 6.514413026248305 88.63938515882211
5.476985341904543 6.52926018512888 87.75253520335947
10.546538331819201 5.546538327795266 1.685e-12
9.546538331012695 5.546538327795394 89.99999999999844
8.54653833020532 5.546538327795174 89.99999999997382
7.546538329396267 5.546538327791587 89.99999999960566
6.4401563587974575 5.503302471058581 87.17627834890503
5.435431791406153 5.5301211666078425 87.75253520335664
10.54653833181924 4.5465383269904756 1.293e-12
9.546538331014297 4.546538326990621 89.99999999999822
8.546538330209264 4.546538326990394 89.99999999997287
10.54653833181925 3.546538326185682 1.42e-13
9.546538331014442 3.54653832618585 89.99999999999807
10.546538331819251 2.5465383253808938 1.5e-13
0.5000000004023972 4.50000000362194 89.99999999999866
9.194184595264561 0.5000000004023857 8.5e-14
8.56439368177836 1.5000000012071597 89.99999999999959
8.194184594459774 0.5000000004023883 89.99999999999979
