110 11.012957506203488
0.5000000016839499 10.512957504523417 2.22229e-10
10.512957504528174 0.5000000016753292 89.99999999999909
0.500000001675323 0.5012853905967871 1.128e-12
1.5000000050259654 0.5012850027926623 2.254e-12
2.5000000083766274 0.5000000016753781 3.197e-12
3.5000000117272894 0.5000000016755113 2.248e-12
0.5000000016753647 1.5034236142689652 7.19e-12
1.5000000050260498 1.503169004659954 1.4375e-11
2.5000000083767375 1.5000000050262408 2.1799e-11
0.5010300584236171 2.5055092930336045 89.99394839481826
1.5028945167895715 2.5052198879865317 89.9698605037468
0.5000000021020954 3.506030815953008 1.5237204e-08
10.51295750452189 10.512957504527272 89.99999999998829
9.512957501145651 10.512957504528142 3.098e-12
5.512771184555193 10.512957504528163 8.89e-13
6.512957491009863 10.512957504528185 1.05e-12
7.512957494390664 10.5129575045281 6.466e-12
8.512957497768706 10.51295750452761 6.4708e-11
4.512674577247096 10.51295750452742 8.2632e-11
3.512603940375041 10.51295750452547 3.5163e-11
2.512205307434883 10.512558883890827 0.04569675294375
10.512957504523595 9.512957501174846 89.99999999997605
9.512957501146566 9.512957501177462 6.153e-12
5.512957487643777 9.51295750117742 1.0636e-11
6.5129574910140535 9.51295750117758 2.163e-12
7.512957494393165 9.512957501177357 1.2899e-11
8.512957497770072 9.51295750117647 1.1991e-10
4.512957484284635 9.51295750117515 2.55036e-10
3.5129574809292805 9.51295750116947 7.0273e-11
10.512957504522788 8.512957497822432 89.99999999997694
9.512957501144452 8.512957497826783 9.241e-12
6.512957491020066 8.512957497826976 3.283e-12
7.512957494399378 8.512957497826617 1.9254e-11
8.512957497774234 8.512957497825441 1.6203e-10
5.512957487644352 8.512957497826685 1.9398e-11
4.512957484268183 8.51295749781405 1.451525e-09
10.512957504519772 7.512957494470001 89.99999999999237
9.512957501116833 7.512957494476103 1.2284e-11
8.512957497739134 7.5129574944744775 1.89246e-10
7.512957494369957 7.512957494475868 2.5656e-11
6.5129574910055155 7.512957494476369 4.441e-12
5.497825280349026 7.5129574944759305 2.9556e-11
4.49613650130345 7.512667429705586 0.030290325065972
10.512119616867361 6.512957491117501 2.612e-11
9.510474645744656 6.512957491125459 1.2723e-11
8.508663625098269 6.512957491123026 1.67901e-10
7.506470140431267 6.512957491125165 2.6906e-11
6.500152513903491 6.512957491125755 5.855e-12
5.4983251758599705 5.512957487774691 2.8425e-11
10.51212313969418 5.512957487765414 1.5809e-11
9.510387832096262 5.5129574877748375 1.1966e-11
8.508112003140079 5.512957487771624 1.35924e-10
7.504725645788861 5.512957487774483 2.6347e-11
6.50140036562431 5.512957487775143 7.262e-12
5.497454464850308 4.512957484424071 2.7867e-11
10.512957504528032 4.5129574844133264 5.528e-12
9.510546528107742 4.512957484424217 1.1192e-11
8.508321775483257 4.512957484420227 1.03994e-10
7.5048585863667325 4.512957484423803 2.5817e-11
10.512957504528092 3.5129574810612487 4.973e-12
9.51295750117732 3.512957481073597 1.0445e-11
10.512957504527215 2.5129574777091332 89.99999999998471
4.4745059286095294 6.4949344008084156 2.093258842971553
4.479510774811057 5.494285354295495 2.106881286523272
6.499859120178482 4.512957484424531 8.669e-12
4.207163553492237 4.312179054010301 28.35382130337196
1.5877179554634813 9.74248936605907 25.897492581039558
0.6734229542967345 9.31038960934741 26.76944661795794
2.4489568330622014 9.03989523266116 24.950637369416338
1.5456049007087427 8.61092294846512 24.950637369526476
0.6642544206513126 8.134662069748913 24.95063736950987
1.5443925835763377 7.440986453321236 27.341322083536003
2.435831036415888 7.922392422378457 25.83656004771864
3.3484742578038076 8.348474274699864 25.004785608965914
0.673788268539977 6.9474986054075805 27.341322083569054
2.4193680267496473 6.7670478852134766 28.167853986131167
3.3383545825397367 7.240333459035165 25.00478560990529
0.68225264081509 5.748083690558907 29.76386207642059
1.5380976920655174 6.265964094422465 29.767533711894085
3.2905557355927195 6.091854329327592 27.42053026484821
0.5000000017097932 4.520851122028391 1.723466e-09
1.5387832680619224 5.085930698160231 29.767533709019602
2.3945845944038555 5.603823010535383 29.76753371095902
3.8940152450604266 1.5000000053143943 89.9999999910332
4.096362440060129 3.097598878088125 30.247316907104715
5.497609930226551 6.51295749112531 2.8995e-11
9.793186478826314 1.5561555915800187 54.829848286967994
9.267703345498159 0.696241076532214 55.36887272762036
9.099571252109627 2.389557276279981 60.51060093285769
8.578558204931786 1.535369728193095 60.51060093285569
8.057240176207456 0.6813546559093622 60.51060093285564
7.366866048884769 1.4920319799761002 60.51060093285586
7.900520566714656 2.3889324237548637 55.29240265469592
8.377704215517007 3.512957481068664 7.2092e-11
6.768915730210488 0.6813546559093879 60.510600932879306
6.679213610625629 2.3375946795901736 62.23312769759346
7.224516641013405 3.5129574810729967 2.5231e-11
5.5000000184286195 0.5000000016753061 89.99999999999879
6.079243310697929 1.5233455088942915 62.233127697594284
5.224516634312122 3.5129574810732613 2.9686e-11
4.500000015077955 0.5000000017014345 5.12e-13
4.894015248529607 1.5000000051260978 89.99999998866002
5.271628280293177 2.5026568042269375 88.80712648699198
1.688581671760312 3.8885308633377846 34.608809831974455
2.526715853722841 4.499546225047765 30.211521015062406
3.4026018872092854 5.014314651804245 28.353821303426162
6.224516637662756 3.5129574810737187 2.8834e-11
3.323341160363349 3.8053213875057974 30.321252527035956
3.280043162567288 2.5123387053090527 30.247316907113024
2.4712487200298967 3.2136399013136674 34.60880982010555
