110 11.00894288893823
1.5672909471320091 9.77240338252469 31.80473624715635
0.6519477657587434 9.2062550375242 22.219261371372955
2.439966282564151 9.060395740448373 23.764173787860628
1.5776912778730838 8.50419424753214 22.2192613713788
0.6519477657587336 8.126042228128918 22.219261371371022
1.5776912778729986 7.423981438136695 22.219261371357685
2.503434789987294 7.8021334575398615 22.21926137135769
3.3569951231781463 8.356995123179143 22.21926137135766
0.6519477657586688 7.045829418733613 22.21926137135767
2.5038431557907344 6.722087459308907 22.219261371362936
3.4297629267378804 7.100311477740554 22.21926137136008
0.6519950094010669 5.965635907641395 22.219261371360535
1.5779199218979314 6.343862026317115 22.219261371363306
3.323588088389429 5.976727876105474 22.219261371361466
1.4620712195747485 5.216326799691391 22.219261371363412
2.3927008791031152 5.596474735336392 22.219261371363192
1.59776098363663 3.597298657281152 11.337451185637446
2.41000794757832 4.523331597840811 22.219261371362425
3.3420484608481473 4.90405584559 22.219261371362016
3.8469799100783044 4.030099785162328 22.219261371361362
2.9212363979639484 3.651947765759296 22.219261371361483
9.757118194721606 1.57685722930391 60.98752981388065
9.266334320908017 0.500000000000103 89.99999999999986
9.071518400594067 2.4024928856779746 60.98752981388081
8.515205090289719 1.5277215292597357 56.62940804262991
7.965152922696263 0.6925912322843626 56.62940804262957
7.295051853373944 1.4932031031559223 56.62940804260453
7.845104020967659 2.3283334001315366 56.629408042631454
8.325386925351067 3.2806395418753835 62.07092494440898
6.692591232288601 0.6925912322844585 56.62940804260889
5.5227514661267865 1.5000000000016094 89.99999999984607
7.198434943552292 3.3151516904410414 61.26806756907287
5.500000000003827 0.500000000000556 89.99999999994856
6.6957574979842125 2.4013190173127827 56.62940804260349
5.994629473417377 3.5001733522914487 88.98606080988095
5.500000000011204 2.5000000000027898 89.999999999743
0.5000000000001048 10.50894288893813 4.3e-14
10.508942888938122 0.5000000000001128 89.99999999999973
0.5000000000003162 0.500908018484866 5.144e-12
1.5000000000009406 0.5009069576568201 1.0374e-11
2.5000000000017097 0.5000000000001013 89.99999999999996
3.5000000000028377 0.5010511112014706 89.99999999994196
0.5000000000004974 1.503145170645996 6.949e-12
1.5000000000014824 1.503108176176898 1.3898e-11
2.500000000002662 1.5000000000003038 89.99999999999993
0.5000000000011084 2.5054796610505536 4.3e-14
1.5000000000033253 2.505345243051696 2.8e-14
0.5024996275432878 3.507637998751716 0.008598204678236
10.508942888938119 10.508942888938126 89.99999999999993
9.508942888937892 10.508942888938119 89.99999999999932
8.508942888937678 10.508942888938087 89.99999999999942
7.508942888937464 10.508942888938112 89.99999999999949
6.508942888937251 10.508942888938119 89.99999999999956
5.508942888937038 10.508942888938119 89.99999999999946
4.508942888936827 10.508942888938122 89.99999999999933
3.508942888936615 10.508942888938126 89.99999999999974
2.508942888936405 10.508942888938126 6e-15
10.508942888938126 9.50894288893792 89.9999999999998
9.508942888937916 9.508942888937906 89.99999999999898
8.508942888937707 9.50736826231848 89.99999999999868
7.508942888937502 9.508942888937817 89.99999999999858
6.5089428889372964 9.508942888937867 89.99999999999856
5.50894288893709 9.508942888937884 89.99999999999866
4.508942888936883 9.508942888937874 89.99999999999889
3.5089428889366734 9.50894288893792 89.99999999999953
10.50894288893813 8.508942888937707 89.99999999999999
9.508942888937927 8.508942888937689 89.99999999999993
8.508942888937725 8.505852841211567 5.7e-14
7.50894288893752 8.506250699141942 1.63e-13
6.508942888937318 8.508942888937604 2.76e-13
5.508942888937115 8.508942888937632 4.34e-13
4.50894288893691 8.508942888937636 7.98e-13
10.50894288893813 7.508942888937491 89.99999999999997
9.508942888937923 7.508942888937479 89.99999999999947
8.50827436379835 7.503747340575477 89.97293342476252
7.508051976797311 7.50402711137183 89.9788034885532
6.507823165473685 7.5051594070635765 89.98619422013658
5.507547972744071 7.508942888937397 89.99999999999883
4.507346763009618 7.508942888937127 3.4163e-11
10.508722491307882 6.508942888937269 1.009e-12
9.508274987287653 6.50894288893727 89.99999999999956
8.504439833471093 6.501093704750988 89.97963329584098
7.502029159048423 6.501385171176414 89.95078385830932
6.498437477188991 6.503548006069815 89.95179946316091
5.49082706927837 6.508942888937188 89.99999999999903
10.508063330093119 5.50894288893706 8.53e-13
9.505955145709144 5.50894288893704 89.99999999999828
8.50345563785407 5.497734607690496 89.98627520177203
7.50082466719553 5.498535158866547 89.93920637598241
6.497499363861049 5.501893684234333 89.9510706782715
5.483815295885232 5.508942888936981 89.99999999999906
10.508062986675803 4.508942888936852 5.83e-13
9.50581227371373 4.508942888936811 89.999999999997
8.503545445569845 4.491198699280225 89.956599909083
7.500298257413478 4.496086197442987 89.92426452970395
10.508942888938108 3.5089428889366445 2.56e-13
9.508942888937835 3.508942888936581 89.99999999999568
10.508942888938126 2.508942888936437 1.4e-14
4.474149374793367 6.220222695833039 0.431210151211999
4.47859592024739 5.190032940608167 89.97408251007789
6.497147589990875 4.500574330359201 89.94033818724135
0.5018416041072271 4.509839591114961 0.010442634545256
4.500000000003329 0.5000000000017941 89.99999999994459
4.503496818738506 1.5000000002267067 89.99999997429573
3.501803117494139 1.5031156399560155 89.98517586178664
3.5000000000076508 2.60373914744687 89.99999999989984
4.50000000000943 2.5051347016773766 89.99999999979838
2.5000000000055382 2.500000000000507 89.99999999999989
5.494992319969859 4.508942888936775 89.99999999999909
4.99462590238304 3.508820100560732 88.9860608098808
