110 10.997640481811029
1.5731581259095808 9.729649464074132 27.148990903056678
0.6730644445724581 9.293372028675588 27.148990903053754
2.4373557141416504 9.022572236659933 24.38708678976166
1.5371934174941244 8.58625961496732 24.387086789761952
0.6618379594463013 8.095227843384324 24.387086789761817
1.545132730488731 7.397898742727475 27.41283966378264
2.417705966468851 7.887487556276749 27.412839663327063
3.329728962199572 8.329728982268655 25.83367341208312
0.6740554838621744 6.905425455557218 27.412839663782837
2.430074678735481 6.729701953909262 28.64921986803796
3.32972896219913 7.218695423537953 25.83367341208237
0.6785086743492625 5.76426307844053 28.649219868036898
1.5594772938966712 6.237490830894766 28.649219868038507
3.319131779364158 6.075914477140044 28.64921986803991
1.5705318122348717 5.0917707996970165 29.40180536127553
2.4431773400942487 5.580133861621069 29.401805361280296
1.6553351842654647 3.9300008731707043 34.557536586966435
2.5384807660995765 4.485055968656058 29.495556974405133
3.409586898692784 4.977001876775374 29.543475616230797
4.17378125088976 4.244455090900517 33.33590893933199
3.3117276903807915 3.735333409392261 33.33590893933318
2.4388786367435222 3.242623867729504 33.335908939348535
0.5000000020069066 4.585754402084346 1.643e-12
0.5000000020070017 3.5000000140508063 4.686e-12
1.5000000060207346 2.500000010034577 7.532e-12
9.734573662418489 1.5711890673763835 62.06483090705658
9.288233299503872 0.6759752209478673 62.064830907058735
9.02497296207034 2.438095581997889 65.9880817857276
8.578337038420571 1.5423243460881793 65.98808178572746
8.101080879957046 0.6601937498939607 65.98808178572746
7.404485718589871 1.5517691116934622 63.446002745424366
7.880655224865387 2.4317253548831563 63.446002745576195
8.327073084021858 3.3270730639527137 63.49966808583553
6.930388461486586 0.6707772435919548 63.446002745424316
6.730236398281889 2.4403346470565226 61.92702165381219
7.212125407650869 3.3319988468155293 63.49966808583446
5.786611145483053 0.6762067923194053 62.00077270700234
6.256070802411663 1.5591607200299897 62.0007727069951
6.092478275858454 3.369155404758119 61.328067852447006
4.67620680837454 0.7178805266406219 62.00077270703795
5.145666465303226 1.6008344543514523 62.00077270701475
5.615126122232665 2.4837883820620252 62.00077270697686
3.995893588609997 1.5684643262490954 62.00077270701639
4.465353245538946 2.4514182539594973 62.0007727070135
4.934812902468598 3.334372181669876 62.00077270697437
3.307058538522228 2.4030203722368744 62.00077270701089
3.5000000140483274 0.5000000020069031 4.34e-13
4.497640455720528 6.4976404637479055 89.99999999996778
4.497640455720391 5.497640459733729 2.784e-12
5.366286077146949 4.497640455720502 9.3752e-11
0.5000000020069999 10.497640479804078 3.032e-12
10.497640479804092 0.5000000020069733 89.99999999999764
0.5000000020068995 0.5000000020074298 7.53e-13
1.5000000060207044 0.500000002006912 1.464e-12
2.500000010034515 0.5000000020069022 1.293e-12
0.5000000020069786 1.5000000060222898 9.322e-12
1.500000006020882 1.5000000060207697 7.404e-12
2.5000000100347504 1.5000000060207217 4.178e-12
0.5000000020069217 2.500000010036643 3.979e-12
10.497640479804137 10.497640479804137 2.69e-13
9.497640475790302 10.497640479804144 89.99999999999953
8.497640471776496 10.497640479804076 1.336e-12
7.497640467762689 10.49764047980411 3.07e-12
6.497640463748651 10.49764047980413 89.99999999999912
5.497640459734749 10.497640479804126 89.99999999999942
4.49764045572088 10.497640479804126 89.9999999999978
3.4976404517070168 10.49764047980413 1.532e-12
2.497640447693181 10.497640479804074 2.337e-12
10.497640479804133 9.497640475790348 89.9999999999989
9.497640475790336 9.497640475790375 89.99999999999893
8.497640471776535 9.497640475790181 1.483e-12
7.497640467762733 9.497640475790291 5.072e-12
6.497640463748961 9.497640475790266 5.372e-12
5.497640459735193 9.497640475790268 5.23e-12
4.497640455721425 9.49764047579018 5.059e-12
3.497640451707655 9.497640475790325 4.827e-12
10.497640479804137 8.497640471776325 2.27e-13
9.497640475790329 8.497640471776595 89.99999999999753
8.497640471776453 8.497640471776357 89.99999999999984
7.4976404677625315 8.497640471776396 1.4974e-11
6.497640463748723 8.49764047177634 1.6826e-11
5.497640459734924 8.497640471776375 1.728e-11
4.497640455721086 8.497640471776176 2.3533e-11
10.497640479804115 7.497640467762432 1.787e-12
9.49764047579025 7.4976404677628326 89.99999999999751
8.497640471776297 7.497640467762525 89.99999999999466
7.497640467762214 7.49764046776256 1.6985e-11
6.497640463748222 7.497640467762419 2.7743e-11
5.495730119290332 7.49764046776258 1.6684e-11
4.494338605517083 7.497640467762019 89.9999999999931
10.49764047980411 6.497640463748574 2.129e-12
9.497640475790236 6.497640463749069 89.99999999999758
8.497640471776382 6.49764046374873 89.99999999999291
7.497640467762374 6.497640463748746 1.6791e-11
6.497640463748552 6.497640463748507 1.9294e-11
5.497640459734731 6.497640463748792 1.621e-11
10.497640479804097 5.497640459734733 3.011e-12
9.49764047579017 5.497640459735304 89.99999999999761
8.49764047177612 5.497640459734921 89.99999999998961
7.49764046776208 5.497640459734847 6.864e-12
6.497640463748193 5.497640459734255 1.2032e-11
5.497640459734338 5.497640459734999 1.618e-11
10.497640479804124 4.497640455720903 2.526e-12
9.49764047579022 4.497640455721539 89.99999999999768
8.497640471776307 4.497640455721122 89.9999999999868
7.497640467762473 4.497640455720883 89.99999999998711
10.497640479804137 3.497640451707065 89.99999999999922
9.497640475790353 3.497640451707774 89.99999999999774
10.497640479804092 2.4976404476932474 89.99999999999842
6.485305074723634 4.49764045572004 89.99999999998688
