110 10.998412640568036
1.574155533077553 9.729695550193219 26.986790955583174
0.6724481226841945 9.29671862627837 26.986790955431808
2.4378937545182735 9.023119135347603 24.456097937965446
1.5362360771606713 8.590167537235729 24.456097937968863
0.662137320031972 8.096620408908219 24.456097937967918
1.545263963149326 7.3998619372638625 27.33292388568341
2.4201696061259885 7.893887597659938 26.86549691941889
3.3314144712698495 8.331414498911927 25.60951342290303
0.6737568216127778 6.908108506459479 27.332923885684778
2.431548362223174 6.731437729304037 28.935488163150563
3.335585952584917 7.224472418206285 25.609513422920354
0.6813942066880267 5.750622289065231 29.293197647197903
1.556903496785587 6.2376847166615645 29.278009516563536
3.277281500308819 6.056349553314142 28.935488163151796
1.5304038215633966 5.076376100027621 29.27800951642776
2.4026608623793013 5.565423812532845 29.27800951655466
1.680652382188569 3.9539749746085926 29.27800951629053
2.5272339361945524 4.488817043437308 29.27800951629107
3.399490977006789 4.9778647559409315 29.278009516289462
9.74169405293247 1.5690168397007422 61.06074518637656
9.283811894933852 0.6795076464656935 61.0607451863833
9.029116083764695 2.4396983841229183 66.4699867442459
8.57043071921863 1.548736537927299 66.46998674424563
8.111135512750913 0.6580402384828021 66.46998674424569
7.408825222498617 1.5469745249862576 62.721715850962546
7.867137949009743 2.4357655329121326 62.721715850967996
8.324860762296808 3.3248607346655623 62.7217158509708
6.920709152904966 0.6735518672184 62.72171585096449
6.742953758419698 2.4375878938362368 62.721715850962894
7.200260060886694 3.327650689029434 62.75903262060228
5.795224052521314 0.6727021153734043 62.975079246007695
6.254638014956551 1.563778015008881 62.72171585086254
6.073371761874199 3.3258191099350682 62.97507924599815
4.672593514054287 0.6725934919491996 62.975079246001094
5.12697151593089 1.563402473971435 62.97507924599952
5.585183251567344 2.4522559702422475 62.97507924599851
4.000240443234397 1.5626248472615707 62.68480653385117
4.457537034942608 2.4519408952477204 62.68480653383603
4.932097632965952 3.3721618529757182 58.47181743925068
3.3072981132439443 2.404037430089966 62.684806533847954
5.477094501585908 4.498412604646733 9.8809e-11
0.5000000027635911 10.498412637804657 1.2235e-11
10.49841263780481 0.5000000027633114 89.99999999999498
0.5000000027631657 0.5000000027656002 89.99999999999459
1.5000000082894651 0.5000000027723752 89.9999999999893
2.500000013815714 0.5000000027640006 89.99999999998911
3.5000000193419627 0.5000000027633238 89.99999999998882
0.5000000027632199 1.5000000082979943 89.99999999999473
1.5000000082958782 1.5000000083171545 3.766e-12
2.5000000138254674 1.5000000082923726 5.4172e-11
0.500000002766769 2.5000000138330454 89.9999999997083
1.5000000083018805 2.5000000138523073 89.99999999972789
0.5000000027707392 3.5000000193671585 89.99999999958746
10.498412637804568 10.498412637804867 89.99999999999373
9.498412632277645 10.498412637804913 89.99999999999868
8.498412626750978 10.49841263780483 1.0061e-11
7.498412621212337 10.498412637804805 1.1521e-11
6.4984126156797215 10.498412637804593 89.99999999996199
5.49841261014867 10.498412637804881 5.186e-12
4.498412604618483 10.498412637804826 89.99999999999486
3.498412599088765 10.498412637804618 2.7171e-11
2.4984125935591956 10.498412637801863 1.04217e-10
10.498412637804833 9.49841263227853 89.99999999999372
9.498412632278423 9.498412632278628 89.99999999999994
8.498412626751904 9.498412632278521 1.583e-11
7.498412621225137 9.498412632278097 5.97e-11
6.498412615698801 9.49841263227632 5.8648e-11
5.498412610172463 9.49841263227819 5.7244e-11
4.498412604646122 9.498412632277708 5.6094e-11
3.498412599119779 9.498412632277956 5.4578e-11
10.498412637804142 8.498412626752165 89.99999999998721
9.498412632274443 8.498412626752364 3.27e-13
8.498412626745452 8.498412626752256 1.8275e-11
7.4984126212166675 8.498412626751124 1.33269e-10
6.498412615689133 8.496499278373815 6.916e-11
5.498412610162498 8.49841262675175 8.3585e-11
4.498412604632868 8.498412626747854 4.46021e-10
10.498412637804359 7.498412621225867 89.99999999998266
9.498412632275125 7.498412621226123 89.99999999999959
8.498412626746134 7.498412621226006 1.9251e-11
7.498412621217666 7.498412621224709 1.45334e-10
6.498412615607204 7.495326379792661 89.9999999970554
5.498412610035064 7.498412621225487 8.9017e-11
4.498412604484168 7.498412621216151 1.035914e-09
10.498412637804162 6.498412615699571 89.99999999997831
9.49841263227526 6.498412615699884 89.99999999999883
8.498412626746413 6.498412615699757 2.0138e-11
7.498412621146823 6.498412615692574 8.13446e-10
6.48841056676155 6.4941098407618485 89.98934293624487
5.485438250087461 6.498412615699215 9.3708e-11
10.497617476989848 5.498412610173279 89.99999999997439
9.49564987478039 5.498412610173613 89.99999999999514
8.493273165929065 5.498412610173416 1.3813e-11
7.490507742984774 5.497732029817146 89.9702969925589
6.487251453049838 5.492863896013165 89.99409438472055
5.483772268989562 5.49841261017298 9.6239e-11
10.497616165738227 4.498412604647008 89.99999999997095
9.495648662919397 4.498412604647362 89.99999999999172
8.493977315440222 4.498412604647113 6.708e-12
7.492527893865626 4.497183806829217 89.9610000877893
10.498412637804856 3.4984125991204587 89.99999999999216
9.498412632278587 3.4984125991211097 89.9999999999882
10.498412637804769 2.498412593594043 89.99999999999434
6.478925586932219 4.491506029617113 89.97609987579953
0.5000000027633629 4.500000024903054 89.99999999997985
3.4064120930490054 3.70480535140399 43.5312022300347
4.48157615907955 6.478918595479432 0.077464296192181
4.258497563191497 4.266715479683758 43.408289029767786
4.47503399111595 5.476577839952028 0.060688334151973
2.497754397232349 3.202143904652958 43.55982942921202
