110 11.038119389377936
2.406510219186053 9.113619757751874 31.36708348771181
1.555024370418662 8.589222487055114 31.367083487931236
0.6788859683070303 8.062536370298817 28.758167503424357
1.5555441589047065 7.402954653443833 28.75816750367399
2.426548790331032 7.948136813321785 32.00989874396642
0.6788859682980597 6.92184090739723 28.75816750074994
2.4510384557885 6.753710272347028 28.758167503158962
3.5381193130491977 7.24078253804219 2.42656e-10
0.6862552686878871 5.785189748220119 28.758167500757867
1.5686222145036806 6.269436483496635 28.758167500845847
3.2689653400944274 6.061896564657912 28.75816750046461
1.5156489588872644 5.099669072659693 28.758167500581205
2.3923071494886443 5.580782818662232 28.75816750056087
4.1073906338845285 3.0999415456963275 28.75816750063561
1.6847596064286594 4.0517822527335925 28.758167500556233
2.565846195250588 4.53532632335246 28.758167500506012
3.447363102269163 5.019106555189807 28.758167500519185
3.53811931304249 8.413074733631214 4.52058e-10
1.5956582808206763 9.804498538080136 29.978365343283283
9.845300376188947 1.4917138353149797 40.20861055298011
9.201219321444182 0.7046357494824749 40.20861055294808
9.292083940579982 2.333483558487987 40.20861055303101
8.555646849263068 1.46833477626872 40.208610553011184
7.891802934520868 0.7046357494823594 40.20861055303528
7.345198539272677 1.684628386923222 53.458968892605476
8.0021139599739 2.4424705972592746 53.458968892625826
6.6517266671085205 0.5000000050874016 3.801e-12
5.6477030631678735 0.5052788575303513 0.021056295129585
8.538119363937216 3.538119313060922 89.99999999986473
4.170922300893683 4.2755034589486165 28.758167500714954
3.2907173312312152 3.7924432257645497 28.758167500443964
4.64239486040542 1.5000000152619046 89.99999999991749
5.230735047399038 2.4923571482915525 81.52538961532973
3.2307324432824878 2.618827799695889 28.758167500660115
2.4110009186601413 3.3096511142529956 28.75816750073264
0.5017369067358466 3.500000035623332 1.68285e-10
3.642394850228615 1.5000000152628656 1.6463e-11
4.644849197132176 0.5000000050873901 89.9999999999591
0.5000000050879461 10.538119384290374 2.2338e-11
10.538119384290164 0.5000000050876396 7.328e-12
0.5018817230564698 0.5000000050887365 89.99999999992781
1.5056719187254695 0.5000000050895013 89.99999999977243
2.56631127794528 0.5000000050880269 1.9853e-11
3.5708848457808164 0.5000000050876148 2.487e-12
0.5000000050873119 1.500000015267399 1.5262e-11
1.500000015261878 1.5000000152718709 2.8422e-11
2.5000000254364343 1.5000000152640096 3.9762e-11
0.5017366468385402 2.5000000254469583 2.40178e-10
1.5052638943287384 2.5039781482184775 0.006545970650992
10.538119384290697 10.538119384288732 1.6968e-11
9.538119374116073 10.538119384290507 4.476e-12
8.538119363941345 10.538119384289859 89.99999999998718
7.538119353766998 10.538119384290006 7.546e-12
6.538119343592662 10.538119384290395 2.4215e-11
5.538119333418354 10.538119384290495 3.4589e-11
4.538119323244054 10.53811938429025 4.0615e-11
3.5381193130697466 10.538119384290233 4.4182e-11
2.5381193028954434 10.538119384290402 4.5103e-11
10.538119384290573 9.538119374110362 1.5504e-11
9.53811937411575 9.538119374115482 9.948e-12
7.53811935376106 9.538119374111345 2.10264e-10
8.538119363936858 9.53811937411325 8.8335e-11
6.538119343586123 9.538119374113995 2.05787e-10
5.538119333411203 9.538119374114707 1.89317e-10
4.5381193232359776 9.538119374113249 2.57018e-10
3.5381193130612 9.538119374113341 2.67832e-10
10.538119384289933 8.538119363933674 7.06e-11
6.538119343576765 8.538119363939071 2.26197e-10
7.538119353754425 8.537970424536077 5.3078e-11
8.538119363931091 8.53811936393791 7.8799e-11
9.538119374114142 8.53811936393971 1.08386e-10
5.538119333397203 8.538119363940101 1.78867e-10
4.5381193232186074 8.538119363937241 2.93754e-10
10.538119384289551 7.538119353757709 9.3664e-11
6.538119343578724 7.538119353764307 2.08306e-10
8.538119363934317 7.5381193537631095 7.239e-11
7.538119353755484 7.537921333645818 1.05601e-10
9.53811937411258 7.53811935376377 2.0594e-10
5.5381193334027525 7.5381193537649285 2.22723e-10
4.538119323226364 7.538119353761353 2.1129e-10
10.538119384289473 6.5381193435821245 8.0732e-11
6.538119343577803 6.538119343589429 1.5946e-10
8.538119363932172 6.538119343587379 89.99999999996142
7.538119353753903 6.537888814186192 8.427e-11
9.538119374111233 6.538119343587974 2.55014e-10
5.532198595759832 5.538119333414658 2.21701e-10
10.5381193842894 5.538119333406762 6.6947e-11
7.538119349294993 5.537865033964233 5.08819028e-07
8.53811936393107 5.538119333412334 89.99999999994358
9.538119374111535 5.538119333412579 2.27857e-10
6.534600788663434 5.538119333413771 1.0275e-11
5.538119333375633 4.538119323238772 3.6782e-11
10.538119384289528 4.5381193232315455 4.7265e-11
9.538119374096837 4.538119323236892 1.8634e-10
7.538119353733341 4.5378382243656405 2.99e-11
8.538119363915083 4.538119323236602 89.99999999989925
10.538119384290061 3.538119313056482 3.115e-11
9.538119374114041 3.5381193130602484 9.4923e-11
10.538119384290537 2.5381193028814257 1.7366e-11
4.538119323226696 6.538119343586103 1.94397e-10
4.528938490081028 5.531980675329531 89.94912324073822
6.538119343553158 4.538119323237679 1.03246e-10
0.500000005088129 4.500000045799707 9.5997e-11
5.5381193334020065 6.538119343589614 2.44834e-10
7.320871803433357 3.537436549961776 89.92170759650008
5.255663481059261 3.5019288450947594 81.86279717967928
6.320870859542811 3.5374365499627727 89.92170759646461
0.5000000050871396 9.336454659421461 1.1629e-11
6.472981384130128 2.510348787938946 86.75235642311223
6.141967305137168 1.5275228795062183 86.75235642223431
