110 11.030558780511438
1.5941268493931986 9.786548019268462 28.792768845467794
0.6647574973049082 9.339096693368507 25.06986622241473
2.4704935977012417 9.071522556298307 22.89620465668303
1.5683735587586454 8.637255970499597 22.89620465665146
0.6551371164167508 8.229310460982472 22.896204656607427
1.5621270220219143 7.521150380522345 22.292433739043314
2.4756136024896427 7.929201532995595 22.29243373904912
3.3782611557143523 8.363690908374235 22.29243373904647
0.5000000474755684 7.074173297089664 1.5504e-11
2.4464685313912544 6.804983347126125 25.736999773478505
3.376605595792712 7.219588951840227 23.939523620776367
0.6754655039694724 5.8378887389732945 27.794967593261948
1.5600875242670638 6.304197726671216 27.79496761045252
3.3599085687428145 6.118053249574278 23.939523620852345
1.5600875233786429 5.173771207356525 27.79496761018434
2.4447095427854486 5.640080195886316 27.794967610463026
1.5462189368898285 4.0360341687793655 27.79496761014714
2.430840956289317 4.502343157302025 27.794967610152206
3.3154629756924985 4.9686521458183135 27.794967610079425
9.83685231048741 1.5311744385966084 47.86503752652315
9.251655906805869 0.7057379471933904 48.56841713359635
9.095277185466287 2.35027490331296 60.83205324915669
8.512283737245358 1.530451193906036 60.83205324915838
7.983656533538859 0.6802831175913315 60.832053249161
7.334221995387111 1.5685529944626682 60.83205324863056
7.885824274578956 2.472483245165795 59.19252533499235
8.524893347344905 3.5305580683794124 4.8303e-11
6.843620476811739 0.6895706257027605 60.832053249675766
6.675258891296268 2.4397510879230087 60.83205324786431
7.212175061637995 3.3060625349726256 59.187684142655485
5.694970906417195 0.6834257967137214 60.83205324972837
6.185285914309609 1.5618948409457234 60.83205324968763
6.009851887224207 3.299404019138724 60.83205324767105
5.035109314992641 1.5530141209435815 60.83205324964762
5.522480601092317 2.426209070041957 60.83205324965704
3.9147732600812475 1.6802832125442984 60.832053249613566
4.437333332286709 2.533837641456843 60.832053249642954
4.9247046183973175 3.4070325905702052 60.832053246370606
6.517449107264024 4.469328365841293 0.43449237634421
4.215793572145964 4.254142194191181 49.30437765787498
3.6759644969345664 3.3800113706783534 51.71732585804101
2.3825768083303736 3.3464752572594536 27.794967610356654
3.18769950081719 2.4866518145183414 52.36417710927408
0.6754655039610222 4.7074622188473345 27.794967609912526
0.5000000474769948 3.500000332357297 9.4104e-11
4.524925577561194 6.463860723849182 0.710334189289171
4.524781750437836 5.463781989631881 0.71033418855032
5.512447236616166 4.475950418194585 0.710334193028331
0.5000000474758224 10.530558733035797 1.0388e-11
10.530558733035921 0.5000000474755346 89.99999999999905
0.5000000474782169 0.5000000474811062 5.2839e-11
1.500000142438342 0.500000047476818 1.17922e-10
2.500000237463912 0.5000000474768589 89.99999999994982
3.5000003324520637 0.5027971371603401 5.8947e-11
0.5000000474776414 1.5000001424433398 1.37774e-10
1.5000001424395357 1.5000001424294336 1.8684e-10
2.50000023739821 1.5000001424303937 89.99999999991219
0.5000000474766733 2.5000002374011054 1.13605e-10
1.5000001424292657 2.5000002373819576 2.27658e-10
10.53055873303523 10.5305587330351 89.99999999996506
9.530558638083004 10.530558733035546 89.99999999994684
8.530558543130596 10.530558733035933 89.99999999999817
7.530558448178727 10.52758486394109 2.0407e-11
6.530558353227225 10.527547997148726 3.2671e-11
5.5305582582757244 10.52750029017589 4.485e-11
4.530558163324224 10.527650722179278 5.7142e-11
3.530558068372595 10.530558733034894 6.8908e-11
2.5305579734209895 10.530558733035027 7.3243e-11
10.53055873303546 9.530506310876746 89.99999999994917
9.530558638083836 9.530558638084095 89.99999999989834
8.530558543131733 9.530558638084926 89.99999999999683
7.530558448179484 9.522346628529185 9.0694e-11
6.530558353227776 9.522034427222753 1.38318e-10
5.530558258276068 9.522096231435697 1.85999e-10
4.5305581633243595 9.522410228002535 2.33655e-10
3.5305580683725823 9.530558638080915 2.85393e-10
10.530558733035875 8.530457930952249 7.191e-12
9.53055863808477 8.53044916094717 1.4325e-11
8.53055854313349 8.530558543133994 1.62e-12
7.530558448182138 8.517245179778673 89.99999999999459
6.5305583532308775 8.516982283713904 3.3313e-11
5.530558258279619 8.517279408351365 7.1893e-11
4.530558163328357 8.517341460675517 1.10783e-10
10.530558733035791 7.530394884180318 2.46e-12
9.5305586380845 7.530390220859384 4.917e-12
8.530558543133207 7.530558448183108 7.358e-12
7.527806785242728 7.512049308695755 89.96425040106068
6.525721173703962 7.513342030769668 89.92830241153085
5.52343517555509 7.513808800480602 89.9902420932482
4.521032605207685 7.507641366756368 89.96862630315927
10.530558733018962 6.53033810720341 1.136193e-09
9.53055863804067 6.53033510014833 2.206322e-09
8.530558543014756 6.530558353232184 1.7701e-11
7.530558446539549 6.508479813987418 1.79286516e-07
6.530558351416542 6.5081103657634385 1.97750138e-07
5.53055825617674 6.512657521103478 2.27692098e-07
10.530558733028524 5.530284890815999 1.0871e-11
9.530558638062818 5.530282765790493 1.9341e-11
8.530558543078872 5.530558258281262 2.7768e-11
7.530558447618832 5.501974077402135 5.8100435e-08
6.530558352494135 5.507177150265697 7.6698507e-08
5.524704995273811 5.476179343619837 0.710334189464419
10.53055873302599 4.530238148970925 4.9108e-11
9.530558638055787 4.530227374417283 4.9013e-11
8.53055854308543 4.530558163330341 3.7787e-11
7.522672912735641 4.497953953065464 0.039265219904836
10.529360871480485 3.5302118263493303 0.000800058596754
9.526951761669801 3.5244344107736874 89.98224917244454
10.530550583643564 2.5301977352485827 0.000378312745887
4.500000427430409 0.5000000474774282 1.30509e-10
