110 10.998639749820661
1.5776463586626703 9.71966194051538 25.43088206788766
0.6681103961176511 9.294862821454103 25.613891939108285
2.4375172588655913 9.017936956611075 25.08859621001545
1.533075399550818 8.591330481494174 25.08859621002159
0.6648361933495073 8.087399557570881 25.088596210022896
1.545719008979344 7.395361569895445 27.490091156618664
2.427424470787234 7.905991605176261 25.40544205767053
3.3331494421277426 8.33314944213281 25.244812836434086
0.674342940284947 6.903566135126679 27.490091156620892
2.4267965845086894 6.725155188086663 29.43992303629214
3.3331494316599053 7.227558615171914 25.244812836409118
0.6814834359546236 5.743027280411457 29.425552652685262
1.5547804591351349 6.232998512097552 29.439923037918092
3.2749389615289126 6.055562797972268 29.439923036295582
1.5331958743376553 5.0725414257117425 29.439923037746265
2.4040674179277763 5.56405211183939 29.43992303790724
1.6811911148554612 3.975226049867161 29.439923037811962
2.538122443485332 4.4914363750014745 29.439923037803936
3.408993987070614 4.982947061127144 29.439923037795506
3.6111310433830432 3.538527426050274 41.46911503968262
2.506957340807817 3.2788628269117495 34.314356256202046
1.6948450454771478 2.694845045486484 34.31435625614501
9.742122897664366 1.569138424944097 61.04270722475886
9.2843298276228 0.679569196233845 61.04270722477163
9.029487766633085 2.439914433451636 66.48082367458848
8.570894519801667 1.5488991065882125 66.48082367458765
8.112054284754663 0.6579912715648941 66.48082367458814
7.409698533327401 1.5470322378207904 62.750378738602045
7.8675665718222145 2.4360524059416275 62.750378738609726
8.325195646512071 3.325195646510706 62.75037873861493
6.921866863482786 0.6734441033076175 62.75037873860491
6.743334196425118 2.437220307112909 62.750378738584814
7.201156691221456 3.3267391021270383 62.750378738620235
5.796915329792561 0.6731577732314928 62.85235531988913
6.255312935202946 1.5632640522158594 62.75037873843585
6.07502829208855 3.325580401094459 62.85235532001017
4.673059348725264 0.6730593487240943 62.852355320015675
5.129344360651924 1.5628930342471747 62.85235532001271
5.587168430648205 2.45193752832799 62.852355320010744
4.003983612181253 1.55986005655244 62.852355313172076
4.460268624185124 2.449693742036692 62.85235531314788
4.93430989762 3.3702311454887295 58.634150111721326
3.311971688364283 2.4019312825220447 62.85235531318257
4.498639739456709 6.498639749811034 6.86555e-10
4.478993127819917 5.498639749806433 5.95373e-10
4.2790211948117065 4.2928752372118035 41.46911503976881
5.484785707402816 4.498639749817368 2.02064e-10
0.5000000000009361 10.498639749820109 2.2069e-11
10.49863974982032 0.5000000000005045 89.99999999999055
0.5000000000001439 0.5000000000123155 89.99999999999956
1.5000000000004312 0.5000000000025588 89.99999999999909
2.50000000000072 0.5000000000009441 89.99999999999845
3.500000000001009 0.5000000000004023 89.9999999999976
0.5000000000031681 1.500000000037116 1.66492e-10
1.500000000008292 1.5000000000095426 2.39651e-10
2.50000000001246 1.5000000000036628 1.0382e-10
0.5000000000024034 2.5000000000520717 1.63283e-10
0.5095021357359188 3.500000000063621 6.6251e-11
10.498639749820224 10.49863974982034 89.9999999999978
9.498639749818535 10.49863974982053 6.65e-13
8.498639749816636 10.498639749820478 7.49e-12
7.4986397498146 10.498639749820358 1.512e-11
6.498639749813172 10.498639749820216 89.99999999996271
5.498639749812019 10.498639749820441 1.1539e-11
4.498639749810155 10.498639749819102 1.44028e-10
3.498639749411699 10.49863974981995 6.2805e-11
2.4986397491838033 10.498639749643926 6.125774e-09
10.498639749820331 9.498639749819695 89.99999999999386
9.498639749818791 9.498639749820272 1.194e-12
8.498639749817077 9.498639749820166 1.4523e-11
7.498639749815444 9.498639749819633 5.4129e-11
6.498639749814548 9.498639749792327 4.7816e-11
5.4986397498138615 9.498639749819715 6.4714e-11
4.498639749812665 9.498639749818096 1.29168e-10
3.4986397498119017 9.498639749819013 1.2632e-10
10.498639749820267 8.498639749819057 89.99999999999562
9.498639749819024 8.498639749820017 1.478e-12
8.49863974981798 8.498639749819867 1.9909e-11
7.498639749816655 8.49863974981883 1.01999e-10
6.4986397498154185 8.498639749782663 1.40943e-10
5.498639749814235 8.498639749818551 1.72625e-10
4.498639749810391 8.49863974981391 5.36417e-10
10.498639749073524 7.498639749818305 1.8154e-11
9.498639745063896 7.498639749819755 1.307e-12
8.498639742616719 7.498639749819376 4.69e-12
7.498639741750562 7.497031255598781 89.99999998438142
6.498639741014366 7.498639749776067 2.27374e-10
5.498639739720192 7.498639749818251 1.81625e-10
4.495363383771313 7.498639749812438 6.11408e-10
10.49863974930036 6.498639749817756 1.998e-11
9.49863974568703 6.49863974981952 2.84e-13
8.498639742576561 6.498639749818977 89.9999999999905
7.498639740859082 6.496338526396983 89.9999999709815
6.498639740336704 6.498639749770378 2.1249e-10
5.4986397397847835 6.498639749817969 1.88634e-10
10.498639749230257 5.498639749817209 2.1757e-11
9.498639744192213 5.498639749819286 89.99999999999928
8.498639740923585 5.498639749818582 89.99999999997658
7.493062232821908 5.49578216771596 89.98796018659414
6.489641660540283 5.498639749764649 1.96792e-10
5.482623038417986 5.498639749817622 1.97232e-10
10.4986397498203 4.498639749816661 2.3473e-11
9.498639741611113 4.49863974981905 89.99999999999832
8.496644720329432 4.498639749818188 89.9999999999628
7.495629803320905 4.495277318786516 89.97905781037863
10.498639749820482 3.498639749815978 89.99999999999947
9.498639749820123 3.498639749818816 89.99999999999736
10.498639749820255 2.498639749815407 89.99999999999125
6.484785707405811 4.498639749759323 1.34946e-10
0.5000000000005951 4.500000000075166 89.99999999996898
