110 11.046115660822167
0.5012800075636461 10.54529988203442 0.026780367139636
10.352433137128171 0.6936825236940107 56.1823421090251
0.5000001334779389 0.5000001334820334 89.99999999996106
1.5000004004335938 0.5000001334778466 89.99999999993476
2.500000667389492 0.5000001334773128 89.99999999999766
3.500000934345165 0.5000001334798609 89.99999999996815
0.5000001334772239 1.5000004004551846 89.99999999999987
1.5000004004316692 1.5000004004556322 89.99999999999966
2.5000006673861144 1.5000004004319365 89.99999999999943
0.5000001334790385 2.501859428970455 89.99999999993146
1.5000004004369192 2.5000006674177864 89.99999999986255
0.5003549139191836 3.5029820925292734 0.015115900423112
10.545105968400065 10.546115527341506 89.99999999985855
9.542160865401828 10.546115527342723 89.99999999985847
8.539264935930749 10.545614393098223 89.97837443336847
7.5363897856961195 10.546115527344835 89.99999999999694
6.5335046024510985 10.546115527344863 89.99999999999785
5.529651354377486 10.546115527344885 3.56e-13
4.5212723538647985 10.546115527344789 89.99999999998525
3.5127405530080424 10.546093563632596 0.000442244693403
2.5059061385506993 10.542501685153098 0.10488719828551
10.54524693002099 9.546115260380617 89.99999999971598
9.542083202713691 9.5461152603845 89.99999999971665
8.539116884315623 9.544715256061401 89.96337929857437
7.536384652657905 9.546115260390176 89.99999999999383
6.5336423138149815 9.546115260390259 89.99999999999577
5.531564440102331 9.546115260390321 7.66e-13
4.5274806249532045 9.546115260390104 89.99999999996993
3.5261993241957352 9.54605027750727 0.000877293265773
10.545184521678587 8.546114993419732 89.99999999957367
9.541679936281149 8.546114993426277 89.99999999957464
8.538956855007587 8.543839159962479 89.9550701056682
7.536254822228014 8.546114993435516 89.99999999999068
6.533748566153345 8.546114993435655 89.99999999999366
5.53149530095368 8.546114993435758 1.094e-12
4.530763315959681 8.54611499343542 89.99999999995435
10.545085356595445 7.546114726458846 89.99999999943165
9.541544592060259 7.546114726468062 89.99999999943338
8.538886805930254 7.542962798210494 89.94729671649509
7.536120529591917 7.546114726480857 89.99999999998758
6.533098107812018 7.546114726481051 89.99999999999162
5.531225940244386 7.546114726481193 1.475e-12
4.5156781043327925 7.546114726480749 89.99999999993882
10.544964293497138 6.546114459497962 89.99999999928971
9.541167540595143 6.546114459509847 89.99999999929238
8.537891276968152 6.542152261899786 89.94737112852232
7.5351809412606245 6.546114459526198 89.99999999998451
6.532090849567785 6.5461144595264456 89.9999999999896
5.517796226714367 5.546114192572065 2.584e-12
10.544815779357126 5.546114192537082 89.99999999914836
9.540540816024006 5.5461141925516415 89.99999999915181
8.536684696720172 5.5414136375572065 89.94405827781291
7.533726018121088 5.54611419257154 89.99999999998145
6.525595375633033 5.546114192571843 89.99999999998775
5.519089495990486 4.546113925617501 3.311e-12
10.544526626093413 4.5461139255762015 89.99999999900706
9.540337489678901 4.546113925593433 89.99999999901192
8.536236367708515 4.540687637108222 89.93481558089694
7.53061914882015 4.546113925616881 89.99999999997846
10.546115527339241 3.487253212399984 89.99999999943302
9.546115260378796 3.5461136586350754 89.99999999886614
10.489057241823568 2.4812336264037156 89.96296199521014
4.500177513399317 6.546114459526096 89.99999999992471
4.510985397834058 5.546114192571409 89.99999999991093
6.524877377687744 4.546113925617239 89.99999999998597
4.312638524360724 4.3437675482292075 51.65215849156603
0.6724258928435427 9.321445766479549 26.462502245945988
1.5723687145021428 9.77064550480274 26.549696049533374
2.4467189590815104 9.087173243984877 26.41131464943883
1.5524871169104002 8.639244086907741 26.411919803728814
0.6702491761770917 8.167169745246913 26.411453849497974
1.5463384409312622 7.484477515499885 28.347722233212522
2.4389697644635175 7.961550513404678 26.944061830780093
3.36793898725579 8.383372167449519 24.577014047715345
0.6774578595440515 6.988853561777013 28.348780712863448
2.3990246541333726 6.807046024413428 28.22664370807832
3.3286730378756335 7.265740881192497 24.578995644398304
0.6826909839260047 5.749110908476173 29.85229194979116
1.5182229650668102 6.303414080324503 29.874846220492916
3.3141856932448754 6.143852933559114 26.227838936061083
0.5003886686963543 4.5659388586300045 0.0223032363953
1.5662704721274237 5.084053815887733 29.656270462652667
2.3952146653145703 5.6539350897654135 29.874972680003033
3.964684267698308 1.5000004004384397 89.99999999969437
4.177737466611035 2.92988358113695 36.69769520586064
5.520027475865138 6.5461144595266285 1.88e-12
9.72043139092929 1.5515567253160176 55.17313348082152
9.152408205406829 0.6880184024542082 58.343311152106565
9.094724233315317 2.403194032177377 55.17313348081759
8.523625530627887 1.5823123058498405 55.17313348066685
7.978595207547845 0.6761915709663526 62.0050398344067
7.319415448714617 1.5665991158163388 62.00503983444735
7.906016153165266 2.4455891422058103 55.173133480564005
8.427827882259255 3.540047945351012 89.91012722480578
6.8438916068036235 0.67020458006178 63.64352621787027
6.601272534892601 2.376111442031068 63.643526218103744
7.214707615465527 3.546113658662292 89.99999999999109
5.500001468255852 0.5000001334774824 89.9999999999816
6.134686751287961 1.4912746488262973 63.64352621810445
5.214707081556615 3.5461136586628346 89.999999999993
4.500001201300516 0.5000001334786761 89.99999999997878
4.964684534657127 1.5000004004509586 89.99999999943444
5.354769462148463 2.5097630440387007 85.66663686563014
1.6607356514242153 3.8852234457770463 31.65132862306955
2.4905230037218216 4.449426622704783 31.428609941497538
3.3442459900571815 5.02709270621121 27.979934414197334
6.214707348511071 3.546113658662332 89.99999999999258
3.434792148273742 3.763149908954632 51.65215849157674
3.268050664823202 2.477044087016467 36.697695205879505
2.501248177752924 3.188382419854338 41.57110870035596
