110 11.047678754612296
1.6083839994289106 9.774905591294937 24.43425943609763
0.6624364192199357 9.358347971713009 23.959479234291624
2.483676768913054 9.074212977896368 24.434259436095786
1.5729922041987803 8.660451375569554 24.434259436087665
0.6620905385895419 8.247129085664028 24.428903296813733
1.564763059784192 7.5583382737359885 24.434259436086993
2.475199549408774 7.971987165306587 24.43425943608708
0.662042690597584 7.127706289140799 24.434259436086855
2.475199549408598 6.873612903583016 24.43425943608741
3.3856360390331837 7.287261795153617 24.434259436086954
0.662042690597584 6.029332027416824 24.434259436086702
1.5724791802219884 6.442980918987823 24.43425943608723
3.426002022620463 6.207227466592215 24.434259436087736
1.4298045371644719 5.266856919321315 23.069244046762922
2.340499462317777 5.6806232288245715 23.069244046762833
4.31238611927265 2.961515415468443 88.33122043780465
1.6194425177706604 4.221866756014665 16.166398491195242
2.552007795890042 4.596509640114858 16.166398491195448
3.5354527951683394 5.080807389703619 6.142262768510882
0.5005872478639954 3.500000012490687 2.44e-13
3.737340188760731 1.5270555165187392 84.60037813961463
9.843614810031553 1.5801511125837724 54.9872647430283
9.353501206495524 0.6941775445479488 55.97350985291579
9.139874213000935 2.4488746876942753 64.36907333988691
8.64911207376087 1.5751939642386485 64.36907333988744
8.15563404366733 0.54641593629505 84.39862325197751
7.24844299962595 1.5416409947035685 84.39862325197572
7.822544487944589 2.490133782093617 84.39862325198119
7.150836185444676 0.546415936295058 84.39862325197674
6.3371185225148725 2.4947204696384313 84.3986232519998
5.712177306566921 0.5464159362948671 84.39862325200072
6.239511708333668 1.4994954112299208 84.39862325199833
3.3856360390333595 8.385636056877187 24.43425943608635
4.33586128850357 4.1887315251867 42.196313118873306
8.37329180083811 3.536688634376018 88.72636792475318
4.677690549351884 0.5143487302735315 88.3312204378047
4.768817772338041 1.512118142179796 88.33122043780318
5.299279827208808 2.497088000955807 88.3312204378033
3.3723103001338206 3.7626977398907044 42.196313118874194
3.0953482690763514 2.597628161981887 46.64466164299501
2.3876764745820998 3.3198795418955207 45.36734884270317
0.5000000017843815 10.547678752827917 1.71e-13
10.54767875282791 0.5000000017843877 89.99999999999982
0.5000000017843975 0.5000000017843833 2.8e-14
1.500000005353229 0.5000000017843913 1.138e-12
2.5000000089240304 0.5000000017843877 8.55e-13
3.5000000124937776 0.500000001784592 89.99999999997746
0.5000000017843904 1.5000000053531508 89.99999999999997
1.5000000053532148 1.5000000053531677 2.248e-12
2.5000000089219934 1.5000000053531588 1.847e-12
0.5000000017843895 2.5000000089219188 2.8e-14
1.500000005353221 2.500000008921958 4.917e-12
10.547678752827881 10.547678752827906 1.14e-13
9.547678749258964 10.547678752827903 1.29e-12
8.547150019448972 10.547678752827903 89.99999999999962
7.546807123307187 10.547678752827903 89.99999999999952
6.546493204852544 10.54767875282791 89.99999999999953
5.546175815808404 10.547678752827906 1.194e-12
4.54562041181513 10.547678752827863 4.093e-12
3.5438824423783215 10.547678752827913 1.99e-13
2.5363535682661875 10.546934552052 0.03095889275842
10.547678752827903 9.547678749259127 8.1e-14
9.547678749259031 9.547678749259127 2.111e-12
8.547678745690206 9.547678749259038 6.639e-12
7.547678742121423 9.547678749259038 7.126e-12
6.547678738552622 9.547678749259056 8.091e-12
5.546666250388954 9.54767874925913 2.245e-12
4.5456638381868455 9.547678749259031 7.945e-12
3.545149848940766 9.547678749259152 3.01e-13
10.54767875282791 8.54767874569035 3.1e-14
9.54767874925912 8.547678745690343 2.885e-12
8.547678745690302 8.547678745690217 8.494e-12
7.547678742121528 8.547678745690233 1.023e-11
6.547678738552763 8.547678745690265 1.071e-11
5.547678734984001 8.547678745690293 1.1156e-11
4.547678731415237 8.547678745690195 1.1838e-11
10.547678752827913 7.547678742121551 1.85e-13
9.547678749259148 7.547678742121537 4.41e-13
8.547678745690279 7.547678742121429 9.757e-12
7.547678742121477 7.547678742121439 1.1184e-11
6.5476787385526745 7.547678742121491 1.1236e-11
5.547678734983854 7.547678742121532 1.141e-11
4.546335954594569 7.547678742121395 1.1371e-11
10.54767875282791 6.547678738552755 89.99999999999989
9.547678749259141 6.547678738552707 1.4e-14
8.54767874569029 6.547678738552632 1.026e-11
7.547678742121525 6.54767873855265 1.1084e-11
6.547678738552763 6.547678738552716 1.1377e-11
5.547678734983971 5.547678734983952 1.8295e-11
10.547678752827917 5.547678734983978 4.3e-14
9.547678749259152 5.547678734983928 2.84e-13
8.547678745690265 5.547678734983806 1.5377e-11
7.547678742121496 5.54767873498382 1.6811e-11
6.547678738552732 5.547678734983893 1.7682e-11
5.526352811753017 4.526352808184238 2.499054744445095
10.547678752827917 4.547678731415187 89.99999999999984
9.547678749259159 4.5476787314151546 89.99999999999983
8.547678745690119 4.5476787314148845 3.1775e-11
7.547678742121336 4.547678731414888 3.4327e-11
10.547678752827906 3.5476787278463084 1.85e-13
9.54767874925913 3.5476787278463835 89.99999999999993
10.547678752827888 2.5476787242774983 89.99999999999946
4.5476787314152425 6.5476787385525945 1.0902e-11
4.501200661381272 5.452743357780497 6.142262768510979
6.547678738552551 4.547678731414955 3.7275e-11
0.5000000017843789 4.50000001605945 1.49e-13
5.547678734984004 6.54767873855277 1.144e-11
7.37304468054332 3.536688634376113 88.72636792475328
5.368197559817928 3.4955044624545937 88.33122043780433
6.372659781717533 3.5304915322990027 88.72636792475139
