110 11.047568164124739
0.5000000008172494 10.547568163307503 7.45e-13
9.207984211741156 0.5000000008172121 6.2e-14
0.5000000008172352 0.5000000008172574 89.99999999999855
1.5000000024516922 0.5000000008172485 89.99999999999864
2.5000000040861523 0.5000000008172396 89.99999999999777
3.5000000057206 0.5000000008172449 89.99999999999751
0.5000000008172201 1.5019272913022963 4.14e-13
1.5000000024516629 1.5000000024517481 9.34e-13
2.7037086586965864 1.7037086570621662 39.38061221612856
0.5000000008172361 2.5044594991852596 1.254e-12
1.5000000024517046 2.500000004086215 2.556e-12
0.5008017160806508 3.507245227702808 89.99844198257594
10.54756816330751 10.54756816330752 1.01e-13
9.547568161673006 10.54756816330751 89.99999999999795
8.547568160038532 10.547568163307488 89.99999999999565
7.5475681584040775 10.547568163307478 89.9999999999961
6.547568156769629 10.547568163307368 89.99999999999702
5.547568155135183 10.547568163307506 89.99999999999817
4.5475681535007295 10.547568163307524 1.56e-13
3.5475681518662867 10.547568163307513 9.46e-13
2.547568150231847 10.54756816330751 1.114e-12
10.54756816330751 9.547568161673091 1.7e-14
9.547568161672988 9.54756816167308 89.99999999999723
8.547568160038319 9.547568161672867 89.99999999997291
7.5475681584035765 9.547568161672547 89.99999999994229
6.547568156768693 9.547568161672299 89.99999999995069
5.547568155133855 9.547568161672807 89.9999999999673
4.547568153499172 9.54756816167287 89.99999999997588
0.5000000008172192 9.34435051957965 5.04e-13
10.547568163307496 8.547568160038661 89.99999999999996
9.547568161672853 8.547568160038653 89.9999999999968
8.547568160038134 8.547568160038423 89.99999999997048
7.547568158403324 8.54756816003801 89.99999999993327
6.54756815676881 8.547568160037558 89.99999999993103
5.547568155134306 8.547568160038061 89.9999999999305
4.5475681534998005 8.547568160038058 89.99999999993156
10.547568163307474 7.54756815840423 89.9999999999999
9.547568161672725 7.547568158404227 89.99999999999649
8.547568160037953 7.547568158403987 89.99999999996903
7.54756815840274 7.54756815840317 89.99999999988991
6.547568156768143 7.547568158402571 89.99999999988314
5.547568155133572 7.547568158403205 89.99999999988145
4.547568153498974 7.5475681584032195 89.9999999998847
10.547568163307453 6.547568156769799 89.9999999999998
9.547568161672668 6.547568156769801 89.99999999999619
8.547568160037862 6.547568156769554 89.99999999996801
7.547568158402193 6.547568156768241 89.9999999998361
6.537953394608386 6.537953394608371 88.88735644990885
5.5195910994752015 6.520484740265604 86.80580062969925
10.547568163307488 5.547568155135369 89.99999999999974
9.547568161672263 5.547568155135376 89.99999999999598
8.547568160036715 5.547568155135124 89.99999999996734
7.547568158400596 5.5475681551336855 89.99999999982506
6.467204913115059 5.522486835019718 86.80580062970643
5.45277257250085 5.522657681480497 86.80580062964447
10.547568163307478 4.547568153500937 89.99999999999952
9.547568161672931 4.54756815350095 89.99999999999575
8.547568160038225 4.547568153500695 89.99999999996666
7.416698099435481 4.5119085881157615 84.80002683655403
10.54756816330752 3.5475681518665025 89.99999999999946
9.547568161673055 3.5475681518665256 89.99999999999558
10.54756816330752 2.547568150232068 89.99999999999976
4.476022557567363 6.522879345257164 86.80580062971791
4.451219345956513 5.522707532576615 86.80580062970442
6.398638631656171 4.524757313470333 86.8058006296287
5.397052149931056 4.5242112694063366 86.80580062963212
2.398630249933152 9.141633156522392 32.06537170916778
1.5969137708446048 9.826176074132476 31.404765957671135
3.5475681518644935 9.547568161672586 89.99999999998929
1.5482061421236577 8.584543768093631 30.14942664694213
0.6834876743051073 8.082286887272433 30.149426646933488
1.550699478529995 7.429546222650016 30.14942664690636
2.4166473012766905 7.932517153067502 30.149426646944697
0.6846591418257022 6.926521557165887 30.149426646901627
2.4103436289320697 6.772410016125719 30.149426646905138
3.2750620967509496 7.274666896947052 30.14942664685256
0.6834876743050291 5.763452667358259 30.149426646910925
1.545625161113775 6.270153135304196 30.149426646910207
3.265866623318151 6.112880106621345 30.149426646891676
0.5000000008172174 4.518483239400711 89.99999999999933
1.5341803409186912 5.101117145151509 30.149426646989294
2.3989125842522103 5.6093247327954945 30.149426646916563
1.683487675939427 3.931459264892678 30.149426646908275
2.50480341324336 4.508441140499062 30.14942664690818
3.3669409000519406 5.015141608445112 30.149426646908033
9.863147784908321 1.5372924888114254 47.279462097264016
10.547568163307524 0.5000000008172147 0.0
9.15566527444312 2.4903745323010145 72.73384208242227
8.548783841824712 1.500000002451638 89.99999999999963
8.20798421010672 0.5000000008172139 89.99999999999982
7.399642102674347 1.5786671515034842 68.36095581710183
8.026811639698288 2.543258281558856 84.80002683654476
8.330537610105505 3.5197497647335356 84.80002683654381
7.0308840391850245 0.6491417383331468 68.3609558171036
6.692582346516801 2.5081925646738323 68.36095581709193
7.1645640310233745 3.4037095956674532 67.42642173722686
5.955066219537743 0.6491417383331344 68.36095581710782
6.32382428302716 1.5786671515034647 68.36095581710741
5.954232110238273 3.358844322099391 68.36095581710946
4.649141744870941 0.6491417383331113 68.36095581710958
5.216715983259253 1.4997934957589436 68.36095581710921
5.585474046748686 2.4293189089291976 68.36095581710929
3.935987124531489 1.563303877495875 68.36095581710514
4.503561362919843 2.413955634921761 68.36095581710964
4.872319426409282 3.343481048092107 68.3609558171047
4.190137132808131 4.334649255975682 30.960710786070347
3.327976077073461 3.8279346483764347 30.96071078607128
2.476390360464646 3.201904712317014 37.87381432190793
3.293118007640205 2.5617758645861786 39.380612216128796
3.547568151865187 8.458154572069017 89.99999999993429
