110 11.013088596567611
0.5000000050268927 10.513088591541901 6.7657e-11
10.51308859154322 0.5000000050243969 89.99999999999973
0.500000005024404 0.5000000050440692 89.99999999999916
1.5000000150732076 0.5000000050244262 89.99999999999832
2.5000000251220107 0.5000000050244164 89.9999999999988
3.500000035170813 0.5000000050361928 89.99999999999841
0.5000000050243916 1.5000000151594772 1.19e-13
1.5000000150731738 1.5000000151880801 2.45e-13
2.500000025121957 1.5000000150732458 3.67e-13
0.5009714627026769 2.500000025253117 1.556068e-09
1.50271365748198 2.502266604478529 0.008313337554231
0.500000005035167 3.5000000353233407 8.7033e-10
10.513088591543042 10.51308859154318 2.231e-12
9.513088581493825 10.513088591543205 2.98e-13
8.513088571444461 10.51308859154307 1.7053e-11
7.513088561395012 10.513088591543191 2.671e-12
6.513088551345399 10.513088591543212 1.469e-12
5.513088541295272 10.513088591543216 8.33e-13
4.513088531244602 10.513088591542793 4.7778e-11
3.5130885211952037 10.51308859154253 5.9613e-11
2.5130885111458197 10.513088591542314 6.8087e-11
10.513088591542488 9.513088581494324 4.231e-12
9.513088581492237 9.513088581494387 2.42e-13
8.513088571442498 9.513088581494166 2.7711e-11
7.513088561392971 9.513088581494364 5.301e-12
6.513088551343655 9.513088581494415 3.33e-12
5.513088541294433 9.513088581494422 2.089e-12
4.513088531243212 9.513088581492484 2.19295e-10
3.5130885211937826 9.51308858149177 2.24627e-10
10.512881027630556 8.513088571445497 3.247e-12
9.512224178087358 8.513088571445572 89.99999999999858
8.511641220686728 8.513088571445161 2.133e-11
7.511063757025588 8.513088571445557 5.434e-12
6.510483860220221 8.513088571445632 3.716e-12
5.509868513599661 8.51308857144561 4.539e-12
4.508607311247739 8.512783530954444 0.008433617738522
10.512919045278426 7.513088561396675 7.47e-13
9.51225740484013 7.513088561396769 89.99999999999677
8.511616234028477 7.513088561396151 8.37e-12
7.510992196714328 7.513088561396758 4.907e-12
6.5103924056234135 7.513088561396854 3.757e-12
5.509796874700391 7.513088561396824 4.784e-12
4.509482688533803 7.512585129196857 0.010019441853118
10.512916462567542 6.513088551347852 89.9999999999982
9.512235404806088 6.513088551347964 89.99999999999496
8.511558290410694 6.51308855134714 89.99999999999537
7.5108970851769 6.513088551347957 4.376e-12
6.510223271879555 6.513088551348074 3.787e-12
5.507238006159773 5.513088541299252 5.254e-12
10.512904857195187 5.513088541299029 89.99999999999562
9.512192616433811 5.513088541299161 89.99999999999315
8.511470265729653 5.513088541298129 89.99999999998238
7.5107174332401225 5.513088541299157 3.86e-12
6.510006615797158 5.513088541299295 3.82e-12
5.50571308211044 4.513088531250466 5.481e-12
10.512857050950588 4.513088531250206 89.99999999999311
9.512128680907301 4.513088531250358 89.99999999999132
8.51142715813353 4.513088531249118 89.99999999996946
7.510572218757548 4.513088531250357 3.29e-12
10.513088591543177 3.5130885212009586 89.99999999999494
9.513088581494339 3.513088521201554 89.9999999999895
10.513088591542989 2.5130885111516945 2.487e-12
4.498235667616123 6.499961939376932 88.82680791194605
4.496273926684192 5.497571550222313 88.75219852016991
6.50836126583244 4.513088531250515 3.845e-12
4.244991198772746 4.315382603725965 29.671478766347562
1.5917409932885893 9.730915325132717 24.20754482262471
0.5000000050247726 9.327751235563856 2.7677e-11
2.4471592347967848 9.017392471185424 27.49958527657752
1.560145050487923 8.555650273777056 27.49958527662494
0.6743781908580164 8.091511945590963 27.4995852766263
1.535147963812666 7.412052419742355 27.661530026070366
2.4220965592739137 7.876968188222856 27.499585276618607
3.3091107436112894 8.338710385615485 27.499585274729217
0.6749765053498011 6.89909024379679 27.661530026094848
2.447520562051325 6.761234147853309 27.661530026095253
3.3352240600515723 7.224926166542774 27.499585275083124
0.6809191372645138 5.754310052589067 29.357975697568133
1.5681199886643853 6.236590939947154 30.48129877516496
3.3297078522982155 6.093838898784896 27.584832163372905
0.5000000050485003 4.573390910295578 2.077971e-09
1.5751481676489938 5.0805088823157725 30.325258740094075
2.4382230346356915 5.588369255675367 30.48129877583208
3.904677840137217 1.5000000151062283 89.99999999929744
4.106738172532238 3.0804218608356893 30.200059072767996
5.509722291318269 6.513088551348038 5.012e-12
9.792713515923412 1.5570124619390984 55.00171979166108
9.261700935409591 0.693328784667802 56.4488877752732
9.099489540292517 2.3894287961413494 60.46106404520847
8.578817783127892 1.5350802350098927 60.461064045208026
8.056758591970787 0.6815178914204845 60.46106404520801
7.368371133214133 1.4950603504736018 60.46106404520809
7.902427941941161 2.3895651090469685 55.47864103530319
8.378200052439151 3.5130885212002085 89.99999999995657
6.775689057867021 0.6815178914204898 60.461064045213774
6.681021629024993 2.3367660271460453 61.96868145520862
7.224447288322608 3.51308852120154 3.799e-12
5.500000055268401 0.5000000050243942 89.99999999999929
6.086682377384523 1.5202991576043883 61.968681455208824
5.224447268225032 3.513088521201641 4.725e-12
4.500000045219608 0.5000000050289586 89.99999999999885
4.904677850215046 1.5000000150921586 89.99999999786057
5.282145779160847 2.502687200480673 88.79534527245235
1.6515030454614887 3.8731756718489594 30.10590549770905
2.4752143048195268 4.446157488637453 30.105905471475804
3.3422389769064798 4.951966763324212 29.67147876634968
6.224447278273818 3.5130885212017127 4.472e-12
3.3067521464839156 3.7720166652419334 30.199904362837856
3.2830223653211426 2.507714732665029 30.20005907276965
2.4775397177511573 3.195951632565981 30.200059073409463
