110 11.027560861205902
1.6012368658371359 9.759791003663391 25.429766260340106
0.6771500728753983 9.336583903355054 26.54612580256271
2.466373634128632 9.054158666270013 24.41708229956397
1.5593728249897145 8.63294175587131 24.41708229956551
0.6619681910334867 8.190586948637332 24.417082299565156
1.5593197243592627 7.500020331555142 24.910453450580885
2.4565094352865455 7.942275327175602 24.910453450578856
3.3634766182690745 8.363476621374009 24.91045345056581
0.6640842385904042 7.053557328715359 24.910453450580626
2.4587041665134244 6.81571112401637 26.3476600241529
3.3671221597573235 7.2625939067809515 24.910453450577094
0.6706515762496306 5.916277188294843 26.521843200110084
1.5624383932119472 6.368782140899535 26.521843200110094
3.2592054692982675 6.096247366792629 26.347660024137554
1.4637125603628904 5.1921134660395545 27.534210295082108
2.362401438932094 5.650396961879179 26.52184320018973
1.6701657235774925 4.144393116948934 26.398032007959625
2.55055011291236 4.619907750442304 26.39803200796014
3.4431016930984932 5.07090962286726 26.398032007960424
9.833839744860501 1.5215287825341104 46.38680953922285
9.239165863968893 0.70689966155755 46.38680953923509
8.497653100978763 1.5218497022373478 59.28690251807855
7.947989762845875 0.685237502319576 59.28690251807823
7.309369085360587 1.5692912751029664 58.81131442611303
7.866779209753179 2.4187006420568413 58.811314426110094
6.784863966594525 0.6830103596481294 60.000733403590374
6.7065938764700155 2.504578354996991 58.81131442610907
7.256080444532921 3.340898542717531 58.81131442610036
5.6830103627476305 0.7745318617287547 60.00073340357979
6.188735789066947 1.6491118141241552 58.81131442612014
6.029459316687079 3.317028815683935 58.8113144261104
4.989006218629965 1.5982706570683183 58.81131442611026
5.508768130684708 2.4568821874745193 58.81131442610821
3.7963246865399265 1.6866623147580873 58.81131442611169
4.370706423694434 2.50791217063738 58.811314426113015
4.888564511097212 3.363378711509577 58.81131442610232
6.472682954772698 4.459313946440972 89.99554486954507
4.527560857169975 6.5180179495626644 1.19755e-10
4.527560857170381 5.51801794894193 1.19016e-10
5.469502911239406 4.509450176684487 89.95183667232536
6.527560858411788 5.527560857785589 1.14353e-10
5.527560857791102 5.5136592997415965 1.16785e-10
4.2498332770181575 4.315602484942671 38.39636643285574
3.3707976454180075 3.814762259444313 38.39636643291916
2.4231778728596516 3.2861019496846424 45.873852460504025
3.1259698646169474 2.5743796698338337 45.87385246051087
0.5000000003103393 4.500000002833138 89.9999999999996
0.5014852512002781 3.5000000022054767 1.57995e-10
0.500000000310461 10.527560860895502 3.567e-12
10.527560860895555 0.5000000003103482 89.9999999999999
0.5000000003104716 0.5000000003112035 6.02e-13
1.5000000009314185 0.5000000003112257 3.643e-12
2.5000000015524932 0.5000000003105045 5.333e-12
3.500000002173606 0.5000000003103988 89.9999999999939
0.5000000003105463 1.5000000009351737 9.575e-12
1.5000000009316494 1.5000000009357208 2.5437e-11
2.500000001552708 1.5000000009316832 3.4013e-11
0.5000000003107736 2.500000001575557 7.445e-12
1.5000000009322978 2.5000000015579458 1.1039e-11
10.527560860895516 10.527560860895477 3.553e-12
9.527560860274729 10.527560860895495 8.397e-12
8.527560859653944 10.527560860895488 9.251e-12
7.5275608590331355 10.527560860895449 9.337e-12
6.52756085841227 10.527560860895438 6.409e-12
5.527560857791413 10.527560860895395 7.105e-12
4.527560857170519 10.52756086089525 1.5348e-11
3.527560856530439 10.527560860895463 1.2264e-11
2.527560855901156 10.52756086088882 5.258e-12
10.527560860895488 9.527560860274637 6.693e-12
9.52756086027463 9.527560860274718 1.9826e-11
8.52756085965381 9.527560860274633 2.9502e-11
7.527560859033041 9.527560860274416 3.4369e-11
6.527560858412301 9.52756086027416 3.5435e-11
5.527560857791566 9.527560860273624 3.4126e-11
4.527560857170817 9.527560860273727 3.0864e-11
3.5275608565500542 9.527560860274665 2.5873e-11
10.52756086089543 8.527560859653866 7.265e-12
9.527560860274274 8.527560859654026 2.1339e-11
8.52756085965288 8.527560859653931 3.1932e-11
7.527560859031933 8.527560859653473 2.8614e-11
6.527560858411102 8.52756085965282 3.0312e-11
5.527560857790266 8.527560859652196 3.9993e-11
4.527560857169433 8.52756085965241 5.1967e-11
10.52756086089548 7.527560859033116 7.189e-12
9.52756086027459 7.52756085903334 2.2055e-11
8.527560859653695 7.527560859033208 3.6494e-11
7.527560859032855 7.527560859032565 2.9445e-11
6.527560858411879 7.527560859031711 1.549e-11
5.527560857790615 7.527560859027904 89.99999999998542
4.5275608571698065 7.527560859030807 89.99999999999001
10.527560860895488 6.527560858412381 6.76e-12
9.527560860274605 6.5275608584126505 2.2624e-11
8.527560859653489 6.527560858412267 6.5994e-11
7.527560859032686 6.527560858411426 7.3499e-11
6.527560858411935 6.527560858410086 7.3783e-11
5.527560857790953 6.527560858405217 9.5795e-11
10.527560860895509 5.527560857791655 6.011e-12
9.527560860274665 5.527560857791965 2.2524e-11
8.527560859653544 5.527560857791532 7.1653e-11
7.527560859032521 5.527560857790343 1.09736e-10
10.52592695166198 4.527560857170931 4.42e-12
9.524383733828905 4.5275608571712755 2.1624e-11
8.52198560570485 4.527560857170815 7.4266e-11
7.519779159584798 4.527560857167972 2.89788e-10
10.525925620390476 3.527560856550214 2.942e-12
9.524382400311872 3.527560856550589 2.0722e-11
10.52756086089554 2.527560855929497 1.464e-12
4.500000002794686 0.5019576076297456 89.99999999999838
8.446863635353226 3.5275608565500045 7.7534e-11
9.125354508064262 2.527560855929758 2.1615e-11
