110 11.017003105085628
1.5988012031737857 9.711061019131957 20.972905385437684
0.6342757167974993 9.382727313080306 18.76665284529192
2.5169672617535093 8.947132644570193 15.937777957272619
1.5706085997685175 8.619305981748205 15.937777957272184
0.6180769207543655 8.313095758573212 15.937777957271203
1.3798689820913639 7.490664803406869 15.93777795727136
2.332400661105564 7.796875026581761 15.937777957268729
0.500000037603809 6.500000488850584 1.849e-12
2.5390065916491538 6.719017967137721 8.532062648920354
3.5013525524244993 7.102208255907826 7.544105448536052
0.5201420116798099 5.500000413642892 7.605e-12
1.5686480352638568 6.446844138116048 8.53206264892138
3.3996509999211932 5.836943618965309 8.532062648657405
1.5000001128163474 4.5000003384399365 5.68264e-10
2.429292443532158 5.564769789952386 8.53206264887552
3.50000026322752 2.500000188019926 3.3359e-11
3.5000002632275993 1.5000001128118985 3.061e-11
9.77897544705624 1.5301516885845898 54.81926251165772
9.200489417672449 0.703158204742083 54.57186232015604
9.112450648709608 2.3202543345803783 54.81926251169004
8.536293031115338 1.5029156143566738 54.819262511693
7.944287907967671 0.6967481688427473 54.81926251168908
7.238188520958708 1.4573636313014386 51.869476916403215
7.859137234785573 2.277937052473162 54.81926251174751
6.505474748035622 0.5014487398476355 89.99596319871178
6.551805018579901 2.2024973542391626 51.869476916392344
5.503052597618712 0.500000037603872 5.67e-12
5.500000413643298 1.5000001128115876 1.1497e-11
3.4556858145984046 8.104891913655363 7.544105448540632
4.52949307343256 3.771695843285725 6.548769217493288
8.517002917065076 3.517002541025552 1.70996e-10
4.500000338435435 0.5000000376039422 1.0303e-11
4.500000338435444 1.5000001128118585 2.4912e-11
4.500000338435419 2.5000001880200546 6.5346e-11
3.5000002632268985 3.5000002632278333 3.7854e-11
2.5000001880197473 2.5000001880192757 3.2419e-11
2.5000001880192735 3.5000002632268905 3.4226e-11
0.5000000376038622 10.517003067481806 2.163e-12
10.517003067481781 0.5000000376038676 89.99999999999876
1.5000001128116693 0.5000000376039111 8.565e-12
0.5000000376038889 0.5000000376039582 5.013e-12
2.500000188019491 0.5000000376038924 1.1013e-11
3.5000002632273817 0.5000000376039431 1.1269e-11
1.5000001128119198 1.5000001128118727 3.5501e-11
0.5000000376039901 1.5000001128119012 1.6678e-11
2.5000001880197598 1.5000001128116525 2.953e-11
0.5000000376039644 2.500000188019699 1.5233e-11
1.5000001128119012 2.5000001880196594 3.8932e-11
0.5000000376039173 3.5000002632274505 1.417e-11
10.51700306748182 10.51651565371193 1.1e-12
9.517002992274215 10.51651532075976 2.209e-12
8.517002917066606 10.517003067481685 3.354e-12
7.517002841858993 10.517003067481731 4.416e-12
6.517002766651384 10.517003067481753 5.383e-12
5.517002691443773 10.517003067481742 6.217e-12
4.517002616236161 10.51700306748171 6.976e-12
3.517002541028549 10.517003067481756 7.692e-12
2.5170024658209362 10.517003067481745 8.321e-12
10.517003067481774 9.514922023662258 6.939e-12
9.517002992274119 9.51477262748123 1.3992e-11
8.517002917066453 9.517002992273703 2.2379e-11
8.517002917066108 8.517002917065815 3.8038e-11
8.51700291706642 7.51700284185797 2.3652e-11
5.517002691443632 9.517002992273856 2.707e-11
4.517002616236032 9.517002992273724 2.7982e-11
3.5170025410284333 9.517002992273952 2.8724e-11
10.517003067481731 8.512749390691763 9.498e-12
9.517002992273877 8.513614912895543 3.1154e-11
7.517002841858837 9.517002992273781 2.4732e-11
7.517002841858222 8.517002917065781 5.2801e-11
7.517002841858799 7.51700284185778 2.5611e-11
7.517002841858986 6.517002766649605 1.151e-12
4.5103334182013 8.517002917065785 3.1713e-11
10.517003067481813 7.511281505555527 2.069e-12
9.517002992274051 7.51280341771294 2.0922e-11
6.517002766651234 9.517002992273873 2.5996e-11
6.514092205860479 8.517002917066158 2.7373e-11
6.517002766651178 7.517002841858464 2.5817e-11
6.517002766651378 6.517002766650565 89.99999999999962
4.517002616235969 7.517002841857925 2.6823e-11
10.517003067481816 6.510038227254778 1.307e-12
9.517002992274197 6.51184401710824 2.615e-12
8.517002917066591 6.517002766650049 2.288e-12
5.512334495431108 8.517002917066106 2.9118e-11
5.5170026914435635 7.517002841852394 2.5957e-11
5.480501756196868 5.365317517050867 5.592942601431143
10.517003067481646 5.5088142982989945 2.1273e-11
9.517002992273802 5.510619872344563 4.9977e-11
8.517002917066124 5.517002691441865 5.9272e-11
7.5170028418584955 5.517002691441229 6.3103e-11
6.517002766650879 5.517002691442312 6.5833e-11
5.476225360005511 4.292920455086337 6.548769217494216
10.517003067481383 4.507451567589274 5.1797e-11
9.517002992273309 4.508788964908357 1.06615e-10
8.517002917065328 4.517002616233409 1.49184e-10
7.517002841857554 4.517002616232461 1.69959e-10
10.517003067481667 3.4876999837780827 1.7898e-11
9.517002992273607 3.5059294686351548 6.7749e-11
10.514702144869434 2.4837439210592946 89.99915139881382
4.457892052610202 6.235828757423025 10.302403113787205
4.492409285150369 5.194873725171458 5.592942601432447
6.463240750804785 4.463240600388216 6.548769217489489
0.5000000376039013 4.500000338435174 1.228e-11
5.476501325786635 6.476501400986327 4.852252787823629
7.517002841857378 3.517002541024481 1.79741e-10
5.524694131060266 2.8577357530321326 7.943160230298234
6.457599581421079 3.4080280520167556 7.943160230299778
1.5000001128116667 3.500000263227478 3.2409e-11
3.5381478098656496 4.678956586710924 5.592942601430018
2.546350053620423 4.546350204035643 5.592942601426145
