110 11.011368212788149
0.5000000188929326 10.511368193895507 1.6797e-11
10.511368193895777 0.500000018892405 89.99999999999797
0.5000000188923659 0.501362625677336 89.9999999999998
1.500000056677103 0.500000018893136 89.9999999999995
2.5000000944618477 0.5000000188923899 89.99999999999814
3.5000001322466034 0.5000000188923943 2.103e-12
0.5000000188930036 1.504084616313377 3.5897e-11
1.500000056679606 1.5000000566798937 9.1148e-11
2.500000094466352 1.500000056677501 89.9999999999555
0.5000000188930294 2.5066169194376973 6.7106e-11
1.5000000566786742 2.50000009446591 1.39655e-10
0.5658662682576816 3.509658792123285 89.99505996137896
10.511071109232606 10.511368193895786 89.99999999999767
9.51003851938199 10.511368193895716 89.99999999999135
8.509022290484593 10.51136819389561 89.99999999997769
7.508077910305773 10.511368193895787 89.99999999999605
6.507158999418525 10.5113681938958 89.99999999999879
5.506249214804892 10.511368193895809 89.99999999999932
4.505342712019248 10.511368193895787 89.99999999999947
3.5020945795565823 10.511368193895645 5.016e-12
2.4996157885248995 10.509744689800247 0.019301710104742
10.51107036885002 9.511368156111066 89.99999999999527
9.509912673532927 9.511368156110898 89.99999999998268
8.508974961568294 9.511368156110695 89.99999999995605
7.508058200154844 9.511368156111084 89.99999999999211
6.507154567158238 9.511368156111107 89.9999999999975
5.506254703221271 9.511368156111134 89.99999999999858
4.505350950687719 9.511368156111068 89.99999999999896
3.5048212473530436 9.511368156110652 1.0118e-11
10.511368193895624 8.511368118326326 89.99999999999261
9.511368156110505 8.511368118326034 89.99999999997183
8.511368118325466 8.511368118325779 89.99999999994797
7.511368080540377 8.511368118326308 89.99999999998238
6.5113680427554925 8.511368118326263 89.99999999999147
5.5113680049706035 8.5113681183264 89.99999999999666
4.511367967185798 8.511368118326347 89.99999999999842
10.511368193895724 7.51136808054156 89.99999999999089
9.511368156110855 7.511368080541251 89.99999999997617
8.511368118325974 7.51136808053681 89.99999999999507
7.511368080541031 7.51136808054159 89.99999999998295
6.511368042755981 7.511368080541498 89.99999999999811
5.511368004970322 7.511368080541537 2.1416e-11
4.508341902911057 7.511368080541649 1.052e-12
10.511368193895722 6.5113680427567555 89.99999999998957
9.511368156110862 6.511368042756505 89.99999999997404
8.511368118325954 6.511368042750634 89.99999999999545
7.511368080541045 6.511368042756864 89.99999999998862
6.51136804275613 6.5113680427567715 3.325e-12
5.51136800497135 5.511368004972202 1.9357e-11
10.511368193895699 5.511368004971884 89.99999999998747
9.511368156110796 5.5113680049717635 89.99999999996929
8.511368118325953 5.511368004964943 89.99999999997915
7.511368080541022 5.511368004972166 89.99999999998946
6.511368042756072 5.5113680049720415 1.1454e-11
5.511368004968828 4.511367967187464 1.0161e-11
10.511368193895652 4.51136796718685 89.9999999999833
9.511368156110718 4.511367967187045 89.99999999996577
8.5113681183257 4.511367967179522 89.99999999998143
7.511368080540803 4.511367967187464 89.9999999999902
10.511368193895672 3.511367929394811 89.99999999998379
9.511368156110798 3.511367929402342 89.99999999996312
10.511368193893691 2.511367891606456 1.0502e-11
4.511367967185688 6.511368042756953 3.609e-12
4.511367967186679 5.511368004972132 2.1313e-11
6.511368042754407 4.511367967187372 1.2624e-11
4.19420519009828 4.21298147120901 24.602641470403686
1.576868295714842 9.728573127937896 24.986591714008547
0.6653515758838306 9.311515998437 24.98252615237117
2.444465417784182 9.029635556669199 24.986591714157548
1.5378327394597289 8.607124071127533 24.98659171401014
0.6644349018093267 8.11322593760595 24.97916424318508
1.5676340574479624 7.4302946323446575 24.98659171295797
2.440554816139049 7.924555529016869 24.98659171295756
3.34696151320494 8.346961702129681 24.986591712944694
0.6644064350884822 7.00106674404499 24.98659171295626
2.4742408197985655 6.7490139036296455 24.986591713114283
3.346961513204151 7.243704103957922 24.98659171310587
0.6644064350891696 5.897809145870565 24.986591713118166
1.5708131321536931 6.320215318986173 24.986591713119072
3.3423099403414915 6.048477385441582 25.72728344970926
0.5000000188923197 4.514321536046635 89.99999999999937
1.5235653429377436 5.194939174494302 24.986591713348762
2.4371485252803233 5.620480843180544 25.774946654793922
3.500000132251927 1.503845295571673 89.99999999995462
4.141509534102571 3.079092639297527 24.602641470423425
5.511368004971135 6.511368042756878 2.2322e-11
9.782769336885163 1.5633752952501823 56.76140834661912
9.270681210825266 0.6918962984070474 57.53044579397964
9.08981789509809 2.3970903403956845 61.1211936955842
8.583098961890698 1.534552054084509 61.12119369558272
8.063167862310461 0.6793009002766714 61.121193695582356
7.361017289173302 1.4768158564257226 61.12119369556311
7.880948388753518 2.332067010233601 61.12119369556647
8.357612078820411 3.5113679293942237 5.73e-13
6.73640574789129 0.6793009002767398 61.12119369556418
6.6907109504117726 2.3320670102336476 61.12119369556774
7.35761204103537 3.5113679294025646 1.8943e-11
5.500000207816114 0.5000000188923268 89.99999999999969
6.066099409129722 1.5345520540847026 61.121193695568316
5.304786962680198 3.4751544700093193 83.57316248633589
4.500000170031363 0.5000000188923863 89.99999999999778
4.500000170037502 1.500000056677492 89.99999999995393
5.266940685607788 2.473093377718415 83.57316248632301
1.658975907315111 4.150291677209083 23.738100603931816
2.5682963735586006 4.566661801482744 23.738100603932082
3.473988396921524 4.991282837119005 23.738100603931276
6.35761200325042 3.5113679294026605 1.5158e-11
3.2887403358247416 3.788464454372729 24.602641470425315
3.23229258314785 2.6627699137961596 24.602641470428736
2.3795233848699997 3.3721417288710143 24.602641470427074
