110 11.03072036029413
1.5449511847719397 9.83315983082805 39.6804055414187
1.544385444533971 8.434079515989403 28.574527699241894
0.6782485921241781 7.933637122926399 28.57452769923849
1.6917055642368628 7.349909551451265 30.01875264053487
2.5575672739799806 7.850192970728578 30.018752640529367
0.7966406029081963 6.857440876419123 27.513644753657584
2.481786086022994 6.651488766407198 30.01875264053695
3.347647795766141 7.151772185684708 30.01875264052606
0.6607111963405563 5.674832240905368 21.926627941237015
1.6159243762813218 6.151205347123441 30.01875264078725
3.347647795773551 5.9968533473232535 30.018752640533116
1.6159243762918658 4.996286508759337 30.018752640839942
2.4817860860315464 5.496569928041344 30.01875264079997
1.6740027554408914 3.852721681217978 31.226971890616973
2.539122639227157 4.374779390137963 30.018752640860928
3.404984348966889 4.875062809418958 30.01875264084861
2.540004963409759 3.2083225165544915 31.22697189068689
1.6867749591455943 2.6867749591473586 31.22697189067763
9.768319291901996 1.6024104833903743 63.989772618770125
9.346468010792197 0.6805394492256074 63.45204589172702
9.06087210295851 2.4692111754683017 65.84362949062324
8.637321710724247 1.563202650673806 65.84362949062182
8.205664232015085 0.6608301772983509 65.84362949062215
7.513306591066986 1.5602331731491188 65.50877487604613
7.944911593726888 2.4624904515948813 65.50877487604696
8.368431036562013 3.3684310365608714 65.50877487604973
7.072232789580461 0.6622893237314615 65.50877487604636
6.825772825244093 2.4618073200650095 64.43534998096487
7.257302085020745 3.3639062602911736 64.43534998097117
5.9434722399593785 0.6668141000013135 64.43534998096301
6.3848588820475305 1.5641976495950551 64.4353499809629
6.136506370246294 3.3382564897214584 64.4353499809568
4.731455464584045 0.6702773073134729 63.83372358004805
5.2492579307716145 1.5334396250712183 63.8092945663218
5.691996123873349 2.4335710141561635 63.809294566327054
4.0391556241612605 1.5379495541069401 63.80929456632562
4.559347774847705 2.396505333720555 63.80929456632156
5.000708067874027 3.2938353130149114 63.80929456631838
3.2977085969810886 2.4109107659481555 44.26399744058535
4.323671918564332 4.223716012309442 44.263997440556686
3.7612907758533316 3.367998596454878 44.2639974406
6.530720360288537 4.530720360290246 2.70724e-10
0.5000000000001323 10.530720360294003 3.11e-13
10.530720360293964 0.5000000000002212 89.99999999999677
0.5000000000003144 0.5000000000002913 89.99999999999976
1.5000000000009486 0.5000000000002318 3.707e-12
2.5000000000015925 0.5000000000002087 89.99999999999672
3.500000000002225 0.5000000000002034 89.99999999999386
0.5000000000002132 1.5000000000010028 89.99999999999572
1.5000000000007372 1.5000000000018288 89.99999999997632
2.5000000000010845 1.5000000000007843 89.99999999997551
0.5000000000002034 2.5000000000014966 2.567e-12
0.500000000000222 3.5000000000019758 5.701e-12
10.530720360294012 10.530720360293971 2.03e-13
9.530720360293776 10.530720360293994 8.37e-13
8.53072036029354 10.53072036029399 1.457e-12
7.530720360293303 10.53072036029396 2.406e-12
6.530720360293065 10.530720360293994 2.364e-12
5.530720360292826 10.530720360293962 2.094e-12
4.530720360292587 10.530720360293431 1.801e-12
3.5307203602923494 10.530720360292996 1.508e-12
2.530720360292111 10.530720360294001 1.195e-12
10.530720360293957 9.530720360293582 89.99999999999581
9.530720360293609 9.530720360293548 89.99999999998832
8.530720360293328 9.530720360293593 89.99999999998958
7.530720360293023 9.52919116946156 89.99999999999659
6.530720360292641 9.530720360293715 6.733e-12
5.5307203602923005 9.530720360290724 1.4399e-11
4.530720360292033 9.530720360290477 1.8305e-11
3.530720360291779 9.530720360282777 2.055e-11
10.530720360293975 8.530720360293257 89.99999999999469
9.530720360293646 8.530720360293236 89.99999999998361
8.530720360293405 8.530720360293307 89.99999999998367
7.530720360293067 8.528555974894426 89.99999999999616
6.530720360292762 8.53072036029348 6.142e-12
5.530720360292535 8.530720360289555 5.989e-12
4.530720360292307 8.52595228822932 5.545e-12
10.530720360293962 7.530720360292884 89.99999999999513
9.530720360293481 7.530720360292904 89.99999999997489
8.530720360292822 7.530720360292703 89.99999999994009
7.53072036013149 7.528005466743913 1.7700062e-08
6.518436932878416 7.530720360291218 2.39573e-10
5.515302349515526 7.521221118938626 89.96676355094004
4.511755266352356 7.521163348192335 89.91364840367822
10.530720360293866 6.530720360292506 89.99999999999241
9.53072036029271 6.530720360292639 89.99999999997499
8.530720360288734 6.530720360292452 89.99999999993747
7.530720360286471 6.527558189587106 8.1841e-11
6.530720360284044 6.53072036029091 2.44898e-10
5.530720360258555 6.516845912499151 89.99999999745796
10.530720360293655 5.5307203602921 89.99999999998502
9.530720360291909 5.530720360292375 89.99999999997499
8.530720360290559 5.530720360292203 89.99999999993474
7.530720360288555 5.527175424719163 9.5319e-11
6.530720360286578 5.5307203602906405 2.50627e-10
5.530720360283887 5.512385184522034 2.672e-12
10.530720360293964 4.530720360279479 5.741e-12
9.530720360293252 4.530720360292105 89.99999999997529
8.530720360292388 4.53072036029194 89.99999999993047
7.530720360290397 4.526821238910819 1.09108e-10
10.530720360293914 3.5307203602732313 89.99999999998879
9.53072036029356 3.530720360291852 89.99999999997723
10.530720360289846 2.530720360268104 89.99999999984962
4.530720360254118 6.516152314302907 89.99999999709685
4.530720360283171 5.511632080875751 89.99999999998
5.530720360287943 4.508375654841101 2.91777e-10
0.5000000000001146 9.206934000225996 8.72e-13
0.5335194389999192 4.533519439003553 3.982610283196483
3.5307203602920794 8.53072036027914 5.109e-12
2.530720360291689 9.08649963072681 1.9076e-11
