110 10.999751885392156
1.5720841486385706 9.739277063077527 28.215617449235015
0.6769827987107799 9.29244233369482 28.215617449198653
2.440325069808713 9.028662548228203 23.842251100509998
1.5446356050655008 8.581512268022943 23.842251100512335
0.659440873772847 8.110614685315017 23.84225110051119
1.5503513940859475 7.4121252734025 26.648536802203036
2.4334280172233793 7.881959941349523 26.648536800472474
3.329073807654163 8.329073861752388 26.52859855043209
0.6711455055235014 6.934577254634283 26.6485368022039
2.434017784070242 6.736167853039747 28.084425448359653
3.3290736976236133 7.2113951235967475 26.528598550426928
0.6765134798236243 5.781495058664484 28.084425448369178
1.5552529671062878 6.258855190516543 28.084425448368204
3.2836667072911654 6.056082036406565 28.084425448382383
1.518969542933787 5.095841296996582 29.1244939552939
2.4020491514740137 5.576633843607288 28.49307589475166
1.6779636797734052 4.004262216993633 28.493075894830753
2.5394303737502115 4.51338572255465 28.493075894824262
3.4183051533928395 4.9904382808198084 28.49307589480965
4.270108464177066 4.2748455065664 41.67961107620428
3.2846838998457653 3.780090223149245 28.493075894419462
2.4221447597891492 3.2703845946613175 28.493075896791503
2.6740469999524255 1.6740469891316878 62.58944233745304
9.742672572846864 1.5704990458484978 61.21832520111921
9.28863450386983 0.67896705373935 61.218325201140864
9.030470357303582 2.440764473617706 66.41432491138082
8.575816149201216 1.5481108790143407 66.41432491137945
8.114670571495516 0.6582913615414849 66.4143249113802
7.413550065273624 1.548609525051814 63.080877606762215
7.873708714775366 2.4364853088449987 63.08087760676482
8.327562456067007 3.3275624014351224 63.08087760676826
6.9308297293399725 0.6721894076867594 63.080877606762165
7.206068307111199 3.3303927522663703 63.08087760627535
5.801094346802514 0.6740721772804799 62.59521498490457
6.261113454274481 1.5622309765410654 62.58944233749035
6.07737824481442 3.3257048313446855 62.589442337488435
4.67404702158881 0.6740469783119156 62.58944233750152
5.134410397702391 1.5617775588212832 62.58944233749631
5.5947737738184 2.4495081393294162 62.589442337488386
4.006854406114866 1.5596794046706561 62.58944233748805
4.467217782231174 2.4474099851791875 62.58944233746454
4.9389234187462865 3.3579861352975957 59.587077777966975
3.3437590078363093 2.4532126006933597 62.5894423374294
6.480598541552858 4.495159808603949 0.29222470532279
0.500000005410711 10.499751879981945 2.8629e-11
10.499751879982243 0.5000000054101923 89.99999999998391
0.5000000054096141 0.500000005414595 89.99999999999588
1.5000000162288272 0.5000000054145737 89.99999999999234
2.5000000270480403 0.5000000054097935 89.99999999998873
3.5000000378672462 0.500000005409837 89.99999999998732
0.5000000054100013 1.5000000163653713 1.3769e-11
1.5000000162300617 1.5000000162445808 2.6442e-11
0.5000000054119278 2.500000027250359 1.71821e-10
1.500000016234735 2.500000027069566 3.27865e-10
0.5019162304157678 3.5000000381183196 5.8179e-11
10.499751879982522 10.499751879981734 6.387e-12
9.499751869163223 10.499751879982488 1.4249e-11
8.499751858343865 10.499751879982442 2.0517e-11
7.499751847524446 10.499751879982378 2.8866e-11
6.499751836704958 10.499751879981225 3.4875e-11
5.4997518258853395 10.499751879982286 3.9067e-11
4.499751815065691 10.49975187998171 5.0913e-11
3.4997518042453226 10.499751879982222 4.5375e-11
2.4997517934249056 10.499751879981778 2.294e-11
10.499751879982425 9.499751869160889 1.926e-11
9.499751869163063 9.499751869163173 3.7302e-11
8.499751858343744 9.499751869163028 5.4795e-11
7.499751847524011 9.499751869162484 1.21951e-10
6.4997518367048235 9.499751869153261 1.254e-10
5.49975182588565 9.49975186916243 1.27473e-10
4.499751815066489 9.499751869158302 1.26319e-10
3.4997518042473246 9.499751869162427 1.2412e-10
10.499751879982337 8.499751858340758 1.4347e-11
9.499751869162456 8.499751858344043 3.7738e-11
8.499751858342695 8.49975185834377 6.7566e-11
7.499751847518946 8.499751858339518 5.65919e-10
6.4997518366993505 8.499751858322956 5.86316e-10
5.499751825879804 8.499751858339224 6.00927e-10
4.499751815059935 8.499751858333127 6.58179e-10
10.499751879982348 7.4997518475208755 1.3957e-11
9.499751869162452 7.499751847524922 3.6e-11
8.499751858342348 7.499751847524593 6.2324e-11
7.49975179703422 7.499751797035984 5.785656436e-06
6.4995135777834045 7.499513368516682 0.027308763354087
5.4974239441324775 7.499751847519916 6.23265e-10
4.49574931472014 7.499751847511245 6.07528e-10
10.499751879982325 6.499751836701125 1.9486e-11
9.499751869162797 6.4997518367058 3.2068e-11
8.499751858343274 6.499751836705387 5.2124e-11
7.499751792487366 6.499751781675759 6.306031584e-06
6.499751730090199 6.498982413410213 3.90578582e-07
5.49975171585902 6.499751836700039 7.18918e-10
10.499039149545498 5.499751825881442 3.0852e-11
9.497641462091318 5.499751825886644 2.4597e-11
8.495045591561233 5.499751825582599 3.4442143e-08
7.492869936614698 5.498745872380137 0.013855026352772
6.490781943833287 5.49819274484489 0.026460460148093
5.48809181416395 5.49975182588004 8.07299e-10
10.49975187998221 4.499751815061833 3.9944e-11
9.497642624654144 4.499751815067518 1.8136e-11
8.496368158414512 4.49975181476442 3.4433669e-08
7.495488688759356 4.498365347712323 0.00836027113648
10.499751879982552 3.499751804242062 6.302e-12
9.499751869163386 3.499751804248392 1.1539e-11
10.499751879982146 2.49975179342242 89.99999999999073
4.499751705038449 6.499751836689465 5.56838e-10
4.48544127519405 5.499751825824413 5.695597e-09
5.477046968333142 4.499751815060545 8.36935e-10
0.5000000054099667 4.500000048977847 89.99999999997006
6.743816514561427 2.438617780904164 62.58944233748871
