110 11.011639720165267
0.6804616481789276 9.318813841178303 29.221077266793817
1.578264393978991 9.762193355156164 29.2210772667968
2.447940404520498 9.051025009249104 23.77137061839304
1.5504490849883514 8.607819695907718 23.771370618393213
0.6591246288141894 8.15061328806188 23.771370618391803
1.5646708026967455 7.453417969702036 23.41952869753905
2.4563448483582877 7.910778356267173 23.41952869753905
3.354099778376454 8.35409977837749 23.419528697538603
0.6575399417872845 7.031742800471092 23.419528697538862
2.4624257327147885 6.752497900136252 23.41952869753813
3.3540997783763262 7.209858286701429 23.41952869753758
0.65753994178728 5.887501308794662 23.41952869753738
1.5552948718052928 6.330822730905364 23.41952869753823
3.5116397201630756 5.945497964683369 6.335e-12
1.4990547821958398 5.047256204832663 9.51610221416584
2.4358577402102335 5.5074910213297175 9.516102214165139
4.744988359579781 1.5146052540900552 88.30092131629077
9.791357837940767 1.5551470681189725 54.80121489568645
9.273355718810402 0.6967860550696248 54.80121489568747
9.09615976748684 2.393190859721495 61.01051310288956
8.579239051702721 1.536362902649468 61.01051310288947
8.062058541864412 0.6796788894636165 61.0105131028895
7.359637047429265 1.4752768175138504 61.01051310288835
7.876817557267562 2.331960830699728 61.01051310288921
6.7322066191410865 0.6796788894636228 61.0105131028886
6.691061471881591 2.3319608306998236 61.01051310288932
6.063631043593396 1.536362902649616 61.01051310288943
5.255792499159225 2.4998930184758135 88.30092131627623
1.500000000000406 3.500000000000832 2.43e-12
2.4326894746276437 4.286342891399486 48.98990059995705
3.1227128719174524 3.5558973831509766 48.98990059995858
8.367204333898261 3.511639720163286 89.9999999999983
3.809826683496558 2.5230934029271435 83.91802984921362
0.5000000000001421 10.511639720165139 9.84e-13
10.511639720165153 0.500000000000119 89.99999999999972
0.5000000000001164 0.5000000000001696 7.89e-13
1.5000000000003633 0.5000000000001119 89.99999999999986
2.5000000000006324 0.5000000000001545 89.99999999999596
3.5000000000008655 0.5000000000002238 89.99999999999565
0.5000000000001181 1.5000000000005098 1.28e-13
1.5000000000003748 1.500000000000341 89.99999999999966
3.5000000000083342 1.5000000000080291 89.99999999914226
0.5000000000001261 2.500000000000794 1.023e-12
2.500000000000663 1.5000000000004334 89.99999999999325
0.5000000000001359 3.5000000000010605 1.165e-12
10.511639720165146 10.511639720165153 2.13e-13
9.511639720164908 10.511639720165157 2.27e-13
8.511639720164665 10.511639720165157 2.53e-13
5.511639720163911 10.511639720165157 4.55e-13
6.511639720164167 10.511639720165157 2.84e-13
6.51163972016356 9.511639720164922 8.67e-13
4.51163972016365 10.511639720165153 6.68e-13
3.511639720163382 10.511639720165146 1.285e-12
2.5116397201631133 10.511639720165128 1.906e-12
10.511639720164997 9.511639720164924 6.68e-13
9.511639720164451 9.511639720164926 8.1e-13
8.511639720164116 9.511639720164924 7.87e-13
7.511639720163828 9.511639720164924 7.82e-13
7.511639720164418 10.511639720165157 2.42e-13
5.511639720163304 9.511639720164922 1.35e-12
4.511639720163055 9.511639720164904 2.173e-12
3.511639720162801 9.511639720164892 4.48e-12
10.511639720165157 8.511639720164693 89.99999999999949
9.511639720164936 8.511639720164691 89.99999999999909
8.51163972016472 8.511639720164686 89.99999999999893
7.511639720164503 8.511639720164686 89.99999999999889
6.511639720164284 8.511639720164686 89.99999999999872
5.511639720164065 8.511639720164668 89.99999999999845
4.511639720163837 8.511639720164672 8.47e-13
10.511639720165157 7.511639720164444 4.26e-13
9.511639720164935 7.511639720164444 7.82e-13
8.511639720164716 7.511639720164434 9.08e-13
7.511639720164496 7.511639720164425 3.84e-13
6.511639720164264 7.511639720164462 89.9999999999986
5.508353108612692 7.511639720164441 89.99999999999781
4.505594428141377 7.511639720164414 89.99999999999838
10.511639720165128 6.511639720164207 89.99999999999915
9.511639720164851 6.511639720164189 89.99999999999685
8.511639720164604 6.511639720164133 89.9999999999964
7.511639720164366 6.511639720164169 89.9999999999965
6.511639720164133 6.511639720164233 89.99999999999707
5.511639720164039 5.511639720164008 89.99999999999672
10.51163972016515 5.511639720163981 89.99999999999844
9.511639720164915 5.5116397201639735 89.99999999999639
8.511639720164691 5.511639720163878 89.99999999999505
7.511639720164476 5.511639720163936 89.99999999999507
6.51163972016426 5.511639720163997 89.99999999999551
5.51163972016404 4.511639720163783 89.99999999999851
10.511639720165139 4.511639720163742 89.99999999999714
9.51163972016492 4.511639720163762 89.99999999999662
8.511639720164704 4.511639720163565 89.99999999999643
7.511639720164489 4.5116397201636955 89.99999999999663
10.511639720165153 3.511639720163326 89.99999999999872
9.511639720164922 3.51163972016355 89.99999999999679
10.511639720165107 2.511639720163023 89.99999999999791
4.511639720163685 6.511639720164157 89.99999999999598
4.511639720163827 5.5116397201639185 89.99999999999707
6.511639720164271 4.5116397201637675 89.99999999999696
3.5116397201635916 4.945497964683018 89.99999999999814
0.5000000000001128 4.500000000001317 1.263e-12
4.31704308305317 3.474709562600732 83.91802984922828
5.511639720163909 6.511639720164224 89.999999999997
7.367204333898027 3.5116397201634637 89.99999999999896
5.500000000001333 0.5000000000001048 89.99999999999964
4.511639720163807 4.511639720163688 89.99999999999778
4.500000000001102 0.5018390000904001 89.99999999999756
5.367204333897476 3.5116397201633482 89.99999999998786
1.5000000000004015 2.5000000000005858 1.293e-12
6.367204333897792 3.511639720163548 89.99999999999834
2.5000000000007234 2.5000000000006857 89.99999999999281
