110 11.00036173770482
1.5822079151875306 9.707919416562468 23.453061418004417
2.440969094670608 8.9889745571768 27.831715960286715
1.5566464222385306 8.522098330298885 27.831715960289568
0.6755994496549276 8.049017513259145 27.831715960289813
1.5561916347865399 7.3828215158931245 28.266894345398768
2.4404396148970022 7.85788606097284 27.83171596028368
3.3247622873321614 8.324762287848921 27.831715960085006
0.6771652619282236 6.906034456519654 28.26689434540009
2.431455302910837 6.718055790235849 28.266894345403227
3.3178860427910726 7.1903230310257085 27.831715960127873
0.6780036900536794 5.7517005086679 28.50449501227951
1.5507053071145873 6.240120510488425 28.5044950133247
3.284568803229521 6.039505277951302 28.077378037666556
1.5280374191463073 5.075375860396953 28.50449501321371
2.400739036150311 5.563795862284762 28.504495013276845
3.388140783932978 4.959606885536289 28.25592593596718
2.515382340643862 4.471156023650262 28.255925935963855
9.742481056072998 1.5714772267606656 61.39641694141863
9.29156176561313 0.6783499004945588 61.39641694142561
9.030688391278431 2.441244199771234 66.3514900485479
8.579288773749912 1.5472360224121458 66.35149004854743
8.115680274132359 0.658574088793455 66.35149004854772
7.4153464756888265 1.5493375135868583 63.2100295035541
7.877947439610329 2.4360039976834242 63.21002950355586
8.328668728200999 3.328668727698126 63.21002950355829
6.934877256201823 0.6716930093027154 63.21002950355403
6.744489007630472 2.4396890364500012 62.423697013605725
7.210307330616387 3.332392148811619 63.21002950356065
5.803056905489628 0.6746768661868483 62.429489125476394
6.26412095737586 1.5622382461509 62.4236970135924
6.079052499475104 3.3256994428235642 62.42369701360561
5.135821930078673 1.5619817278985137 62.42369701360677
5.59875139988576 2.448376846446211 62.423697013605306
4.469807485534088 2.4468855294339917 62.423697013551504
4.941563741954048 3.3514352858574994 60.06209538637001
4.494095800822321 6.500361737237841 1.532348e-09
4.468653966694183 5.490193945623561 0.070001564973757
5.472050768315089 5.500361737150822 1.18832e-10
2.520149607761824 3.192621435870767 45.97294138500209
3.222471828582263 2.480357331906861 45.97294138503563
3.431411096943708 3.720578811012257 42.69808321098231
4.2809194095283 4.274546123643355 42.698083210971696
3.97775147831401 1.5757020611307975 62.42369701355897
6.487455592516004 4.5003617370476805 1.1471e-10
5.487455592415253 4.500361737050297 1.22266e-10
5.494887846457224 6.5003617372514775 1.09406e-10
0.5000000000503846 4.500000001069827 89.9999999999927
0.500000000050421 3.500000000930568 6.758e-12
0.5000000000506839 10.500361737654345 1.1838e-11
10.500361737654433 0.5000000000504787 89.99999999999478
0.5000000000502807 0.5000000001851079 89.99999999999984
1.500000000150843 0.5000000000505382 89.99999999999967
2.5000000002514047 0.5000000000506235 89.99999999999928
3.500000000351967 0.5000000000503375 89.99999999999872
0.5000000000516307 1.5000000005532739 1.29289e-10
1.5000000001555058 1.500000000151874 4.2101e-11
2.5000000002581593 1.5000000001533476 9.5355e-11
0.5000000000505977 2.500000000766223 1.7703e-11
1.5000000001517249 2.5000000002527982 3.5252e-11
10.500361737654535 10.500361737654346 5.5e-13
9.500361737553913 10.500361737654542 1.265e-12
8.500361737453229 10.500361737654506 6.182e-12
7.500361737352647 10.500361737654472 8.396e-12
6.5003617372520575 10.500361737654325 1.0944e-11
5.500361737151465 10.500361737654444 1.3227e-11
4.5003617370508735 10.500361737654353 1.495e-11
3.500361736950277 10.500361737654405 1.6399e-11
2.500361736849683 10.500361737654364 1.7539e-11
10.500361737654512 9.500361737553394 2.572e-12
9.500361737553902 9.500361737553984 2.103e-12
8.500361737453197 9.500361737553916 1.2633e-11
7.500361737352218 9.500361737553455 5.8004e-11
6.500361737251604 9.500361737552872 6.1321e-11
5.500361737151005 9.500361737553483 6.2656e-11
4.500361737050414 9.50036173755316 6.2727e-11
3.5003617369498268 9.500361737553437 6.1787e-11
10.500361737652984 8.500361737452547 1.6939e-11
9.500361737549333 8.500361737453431 2.443e-12
8.500361737446937 8.500361737453368 1.2582e-11
7.5003617373435745 8.500361737451513 2.0914e-10
6.500361737241179 8.500361737451481 1.12919e-10
5.500361737139439 8.500361737452671 9.4843e-11
4.500361737032217 8.500361737446223 7.69319e-10
10.499944555422807 7.500361737351816 1.9256e-11
9.499161798351343 7.500361737352888 2.186e-12
8.498283243629013 7.500361737352786 8.441e-12
7.497362113309352 7.500072178748156 0.000600477687947
6.4962928546740875 7.500361737350484 1.17979e-10
5.494881047635271 7.500361737352059 1.03356e-10
4.491138193694804 7.500361737341964 1.147001e-09
10.49999212355743 6.500361737251119 1.83e-11
9.499114253242073 6.500361737252352 1.729e-12
8.498193155040001 6.500361737252214 4.228e-12
7.497205005766025 6.499890013150196 89.99973137220327
6.496156275813511 6.500361737249555 1.16742e-10
10.500052468361321 5.5003617371504205 1.7351e-11
9.499370698776735 5.500361737151816 1.279e-12
8.498269212882528 5.500361737151642 4.7e-14
7.497173152571555 5.499712021266132 0.002093042556794
6.496193482691419 5.5003617371486255 1.15534e-10
10.500361737654405 4.500361737049723 1.6364e-11
9.499475146664881 4.50036173705128 8.5e-13
8.49893581762587 4.500361737051071 89.9999999999958
7.498589870875582 4.49954620786375 0.001013152938214
10.500361737654542 3.5003617369489275 3.55e-13
9.500361737553984 3.500361736950745 4.02e-13
10.5003617376544 2.500361736848216 89.9999999999958
4.674662294579529 0.6746622941772689 62.42369701360829
0.50000000005031 9.293622544658245 4.064e-12
1.5000000001511538 3.8739260810733764 1.3515e-11
