110 11.000456289715943
1.5750440539710597 9.734503311308007 27.289087738228996
0.6735924366277812 9.300731506323498 27.28908773819568
2.440074839049237 9.02676770098757 24.278829640574227
1.538694600621847 8.59303272019409 24.278829640576152
0.6613664198728229 8.10597581421488 24.278829640576426
1.5482920904218198 7.409554933332256 26.80776647790551
2.4232113355513913 7.895394588489694 26.80776647771262
3.333227424518834 8.333227424523873 25.665905877662862
0.6717616103130704 6.9269039072306136 26.807766477906217
2.4309575730137696 6.734165526213465 28.792957499874298
3.333227424521437 7.223761912906692 25.66590587768123
0.6790059237388011 5.769454148615527 28.79295749988147
1.5549777391413668 6.251817132309508 28.79295749988055
3.273703802439688 6.056258396460837 28.79295749987269
1.5209649563868597 5.090910712963433 28.907281118442903
2.3974194169854908 5.573664720142147 28.837139408250636
1.679157910017346 4.033143120840946 28.837139408275227
2.553678648314196 4.518140864328904 28.837139408274712
3.4296728691618434 5.000462463515701 28.837139408269437
4.159680585499241 4.260843987253016 28.83713940829533
3.283686364651497 3.7785223880661256 28.83713940829833
2.4091656263340617 3.2935246445515554 28.837139411846685
9.747737108093435 1.5689572592906282 60.5190873390747
9.285870508747005 0.681326638640221 60.519087339091
9.035147878256392 2.4398711014874124 66.44237757469297
8.572414922104265 1.5507080094057852 66.44237757469247
8.117434208424873 0.6581648718574957 66.44237757469297
7.41930011143532 1.5565874954285022 64.97627439300037
7.873766286251968 2.448028392701194 64.97627439300193
8.335893176809307 3.335893176807814 64.97627439300472
6.9660838731924475 0.6645631129059337 64.97627439300041
6.737129565972069 2.4582144681679043 63.79360046145725
7.1913732323988695 3.3492032961518214 63.79360046150145
5.842517195474922 0.6694075592448039 63.79360046146522
6.2841232630077535 1.5666166102016468 63.793600461463576
6.073351390531766 3.3728020378315287 62.222510884072065
4.623130268263407 0.6155007350241783 74.87443502136028
5.167649685278093 1.5627439299597357 63.793600461472174
5.611229413016667 2.463962857433965 63.793600461488346
3.6772774579597094 1.5000000000006164 89.99999999998721
4.471351840258167 2.4125403862984593 63.79360046148379
4.912734019317551 3.30985963510545 63.79360046147847
3.2338919810429476 2.605051096528262 29.29010023847467
3.507661013498543 0.5000000000002256 89.99999999999362
0.5000000000007683 10.500456289715462 1.6531e-11
10.500456289715554 0.5000000000005773 89.99999999998909
0.5011577408371455 0.5000000000005782 89.99999999999889
1.5034849796070326 0.500000000000286 89.99999999999892
2.505488984804835 0.5000000000003251 89.99999999999864
0.5000000000001625 1.5000000000281677 89.99999999999918
1.5000000000005036 1.5000000000017586 89.99999999999763
2.500000000000843 1.5000000000009743 89.99999999999699
0.5000000000004245 2.50000000005575 2.7463e-11
1.5000000000010836 2.5000000000028826 5.2534e-11
0.5023546656962496 3.5000000000743623 2.15019e-10
10.500456289715775 10.500456289715707 3.89e-12
9.50045628971543 10.500456289715764 7.034e-12
8.500456289715057 10.50045628971575 9.351e-12
7.500456289714641 10.500456289715721 1.1994e-11
6.500456289714152 10.500456289715657 1.6826e-11
5.500456289713438 10.50045628971549 3.5897e-11
4.500456289710801 10.500456289715792 89.99999999999787
3.500456289709346 10.500456289715697 1.1639e-11
2.5004562897082336 10.500456289715085 1.5274e-11
10.500456289715668 9.500456289715213 1.2562e-11
9.500456289715146 9.500456289715316 2.7612e-11
8.50045628971474 9.500456289715377 2.2879e-11
7.500456289714322 9.500456289715256 3.3708e-11
6.500456289713979 9.500456289715135 3.5385e-11
5.500456289713656 9.500456289715068 3.5939e-11
4.5004562897133304 9.500456289715121 3.2202e-11
3.5004562897130365 9.500456289715203 3.0525e-11
10.50045628971548 8.500456289714837 9.194e-12
9.50045628971326 8.500456289715007 3.1832e-11
8.500456289712307 8.500456289715107 2.1856e-11
7.500456289711616 8.500456289714933 3.6366e-11
6.500456289711006 8.50045628971467 4.4906e-11
5.500456289710452 8.500456289714503 4.8786e-11
4.500456289709925 8.500456289714514 5.3205e-11
10.500456289715675 7.5004562897144975 6.139e-12
9.500456289715434 5.500456289713798 89.99999999998958
8.498538193929168 7.500456289714844 2.0776e-11
7.497662890109401 7.500456289714554 2.7384e-11
6.49696594192244 7.500456289714105 2.6418e-11
5.4963359372809935 7.500456289713771 1.7309e-11
4.495731946942054 7.500456289713783 1.7863e-11
10.500456289715785 5.5004562897137355 89.99999999999724
9.500456289715085 6.500456289714425 2.9777e-11
8.500456289714947 5.500456289714252 1.5536e-11
7.500456289713984 6.500456289714169 1.7977e-11
6.5004562897135925 6.500456289713577 1.1468e-11
5.500456289713015 6.500456289712923 89.9999999999822
10.500456289715707 6.500456289714164 4.059e-12
9.50045628971468 7.500456289714727 3.2824e-11
8.500456289714453 6.5004562897145535 1.9072e-11
7.500456289714402 5.500456289713653 4.8615e-11
6.500456289714135 5.500456289712668 4.9525e-11
5.500456289713859 5.500456289711509 4.988e-11
10.500456289715714 4.500456289713369 89.99999999999386
9.500456289713682 4.5004562897134885 89.99999999998285
8.500456289712723 4.500456289713923 1.0587e-11
7.500456289712025 4.500456289712905 2.7856e-11
10.500456289715746 3.5004562897127625 89.9999999999903
9.500456289715384 3.5004562897131937 89.99999999997681
10.500456289715665 2.5004562897121603 89.99999999998909
4.500456289712678 6.500456289713028 89.99999999997951
4.500456289713584 5.500456289712049 4.9667e-11
6.454636068016395 4.500456289686017 4.85813e-10
5.338838495515053 4.500456289709492 2.07093e-10
0.5000000000001403 4.500000000089298 89.99999999999694
