110 11.028097689427984
0.5000000008506804 10.528097688577438 7.733e-12
10.528097688577576 0.5000000008503998 4.69e-13
0.5000000008503971 0.5000000010047643 4.51e-13
1.5000000025511921 0.5000000008518084 8.95e-13
2.500000004251988 0.5000000008505436 1.378e-12
3.5000000059527836 0.5000000008507595 1.563e-12
0.5000000008507755 1.5000000030064422 2.1908e-11
1.50000000255233 1.5000000025555948 4.6754e-11
2.5000000042536383 1.5000000025518476 3.2514e-11
0.5000000008516521 2.5000000048222057 7.7663e-11
1.5000000025545681 2.5000000042587844 1.51567e-10
0.5026489468465547 3.50000000659017 6.294e-11
10.528097688563701 10.528097688577573 89.999999999998
9.528097686835103 10.528097688577468 89.99999999998745
8.528097685117512 10.528097688577477 89.99999999998724
7.528097683403562 10.528097688577423 89.99999999998512
6.528097681691472 10.528097688576121 89.99999999990668
5.528097679980682 10.528097688576294 89.9999999998776
4.528097678270606 10.528097688577304 89.99999999997021
3.5280976765613357 10.528097688577544 89.99999999999838
2.5280976748517117 10.528097688569138 2.16138e-10
10.528097688577466 9.528097686876759 89.99999999999585
9.528097686876258 9.528097686876439 89.99999999996716
8.528097685175297 9.528097686876471 89.99999999996611
7.528097683474371 9.528097686876372 89.99999999996821
6.528097681773442 9.528097686871721 89.99999999997505
5.528097680072526 9.528097686871675 89.99999999998242
4.528097678371597 9.52809768687574 89.99999999999064
3.5280976766706837 9.52809768687667 89.99999999999673
10.528097688577509 8.528097685175943 89.99999999999429
9.528097686876308 8.52809768517551 89.9999999999587
8.528097685175364 8.52809768517556 89.99999999995565
7.528097683474424 8.528097685175407 89.99999999995846
6.52809768177302 8.528097685167019 1.7552e-11
5.528097680071822 8.528097685166596 5.6104e-11
4.528097678370708 8.528097685173805 8.392e-11
10.528097688577486 7.528097683475128 89.99999999999332
9.528097686876215 7.528097683474613 89.99999999995487
8.528097685175197 7.528097683474687 89.99999999994967
7.528097683474172 7.528097683474494 89.99999999995305
6.528097681772665 7.52809768346312 1.4268e-11
5.528097680071271 7.528097683462374 6.7743e-11
4.528097678370177 7.528097683472614 8.6047e-11
10.52809768857747 6.52809768177431 89.99999999999281
9.528097686876169 6.528097681773723 89.99999999995457
8.528097685175116 6.5280976817738505 89.99999999994878
7.528097683474055 6.528097681773613 89.99999999995086
6.528097681772937 6.528097681760657 89.99999999996062
5.528097680071896 6.5244039736995205 89.99999999996447
10.528097688577525 5.52809768007349 89.99999999999278
9.52809768687639 5.528097680072824 89.99999999995532
8.528097685175535 5.528097680073014 89.99999999995035
7.528097683474709 5.528097680072746 89.99999999994945
6.52809768177387 5.528097680059182 89.99999999995303
5.528097680073014 5.519413807545679 89.99999999995887
10.528097688577498 4.528097678372664 89.99999999999363
9.528097686876261 4.528097678371907 89.99999999995535
8.52809768517529 4.5280976783721805 89.99999999995202
7.528097683473984 4.528097678371567 89.99999999990915
10.528097688577526 3.5280976766718295 89.99999999999547
9.528097686876375 3.5280976766709307 89.99999999996253
10.52809768857758 2.5280976749709803 89.99999999999943
4.528097678370891 6.519792698220386 89.9999999999675
4.528097678372175 5.519792696519504 89.9999999999639
6.528097681772802 4.528097678357335 89.99999999988862
5.422720879175541 4.518615067999499 0.025212818945399
1.5994410918900015 9.767012930182986 26.34702950260188
0.6785841372403159 9.339017515606425 26.008232259274237
2.4664233083586034 9.05912101269932 24.110624584157716
1.5613586300606448 8.633430210973412 24.110624584161126
0.6606290846385408 8.198052917662219 24.11062458416035
1.5608912102008312 7.505534492203757 24.323997237064027
2.461527148551885 7.940869473094542 24.323997237061512
0.6615634451633641 7.067305461027062 24.32399723706337
2.4625255883145662 6.816647158336426 25.979284789151713
3.362868714868819 7.251839456397758 25.979284789147584
0.6684993213502493 5.932595027582712 25.97928478915897
1.5635731067439989 6.378600997206152 25.979284789159365
3.29426056245358 6.106254469510215 25.771410430362845
0.5000000008503935 4.500000008349789 89.9999999999995
1.4583860902805288 5.202074019593757 27.320361124288194
2.379723674507959 5.663893163966514 25.979284789197646
1.667658819882782 4.158808560325737 25.771410430887816
2.552258125752755 4.626598676874857 25.771410430888366
3.448500966365274 5.070272282104023 25.77141043088853
9.82051914824541 1.468525260118045 36.55097516365755
9.045443818232657 0.5000000008504619 1.56e-13
9.235755108861376 2.5280976749700548 89.99999999998334
8.622547858167191 1.5140488379106412 1.633379672278537
8.045443816531773 0.5000000008511938 89.99999999999818
7.423821598007194 1.6080100183970982 36.265236443764486
8.235755107160518 2.52809767497047 89.9999999999811
8.528097685175474 3.5280976766713046 89.99999999996022
6.843454240974298 0.7019895747070306 38.10278271430433
6.743973746836761 2.528785625514117 56.98427289308157
7.336402553397667 3.3364025465943676 56.98427289308397
5.500000009354374 0.500000000850406 1.465e-12
6.242256835847358 1.501344789392161 38.10278271430569
6.105499187631422 3.3815143783067394 56.984272893149495
4.500000007653579 0.5000000008505747 1.656e-12
5.0162302209014475 1.6871545987201224 58.64322002534645
5.5606299656968305 2.542993338386217 56.98427289314575
3.8451926505073333 1.6871545987202223 58.64322002534903
4.365558274597458 2.5410981686687872 58.64322002534238
4.919089246998503 3.391003455693197 56.98427289310439
4.217444276668892 4.265375822811627 40.64483756425697
3.3319412013437057 3.7599478286204815 40.51686723841093
2.391904001884614 3.3113819338572243 41.14763039675353
3.1615871895157333 2.487052778642788 58.64322002531812
3.366534232357539 8.366534240862922 24.323997237050605
