110 11.021976063672264
1.6034081298358394 9.713662826812719 20.48670258538885
0.5000000806796807 9.400080681438114 4.6574e-11
2.530794995877446 8.926924159360752 12.910691575072544
1.5972172994413376 8.524010715112386 12.910691574998463
0.5000000806803504 8.391545805132994 1.23209e-10
1.4375577364249725 7.451836597705609 8.5694886203946
2.41911940998282 7.64911870984581 8.56948862025466
0.5000000806795635 6.500001048845318 3.6132e-11
2.5600435150217216 6.594187788014429 8.569488620365588
3.512710234745261 7.064340412548305 7.167032487504932
0.5002080556749071 5.500000886453007 6.3994e-11
1.5689225820126436 6.460341777416584 8.569488620386736
3.3695666797053203 5.517893436601288 2.8473e-10
1.5000002420428578 4.500000726118071 2.5801e-10
2.369566513991024 5.500000887435329 2.63885e-10
3.5000005648394255 2.5000004034369057 3.199959e-09
3.5000005647642873 1.5000002420502394 4.64756e-10
9.747374856931707 1.6009581251605027 50.996417356272396
9.119415503305015 0.500000080679456 3.246e-12
9.024789285887465 2.297646757976821 50.99641735635493
8.360918592702442 1.462864013710119 48.59956892890436
7.707592709827534 0.7057119153750495 48.599568928947804
7.101435072584181 1.561262559421427 50.99641735622137
7.755045068119307 2.318736861536887 50.996417356219055
6.500001048831666 0.500000080679329 3.099e-12
6.41730983500438 2.3054395471732794 50.99641735619273
5.500000887472903 0.5000000806794578 1.4817e-11
5.500000887485137 1.5000002420403877 2.75278e-10
3.46350033826901 8.066027560636908 7.167032487612833
4.5000007261483175 3.5000005647187997 4.47671e-09
8.52197566011174 3.504885854837072 89.9999999996056
4.500000726114188 0.500000080682284 1.512e-11
4.5000007261244965 1.500000242057001 4.05234e-10
4.509165977288569 2.5000004034607635 4.597998e-09
3.5000005647813794 3.500000564802518 3.373928e-09
2.5000004034524608 2.5000004034223835 2.659034e-09
2.500000403420688 3.500000564786193 3.028387e-09
0.5000000806803104 10.521975982992526 3.2805e-11
10.320695823828366 0.7012802398441567 52.36045821859502
0.5000000806793716 0.5000000806810725 7.517e-12
1.5000002420380856 0.500000080679575 1.4008e-11
2.500000403396784 0.5000000806798619 1.5167e-11
3.500000564755483 0.5000000806815699 1.3638e-11
0.5000000806810982 1.5000002420437841 1.43079e-10
1.5000002420424785 1.500000242040735 2.67435e-10
2.5000004034041696 1.5000002420435106 4.75453e-10
0.5000000806811062 2.5000004034047443 1.27644e-10
1.5000002420609233 2.500000403399876 2.8296e-10
0.5000000806798317 3.5000005647651884 1.12216e-10
10.521975982992789 10.521975982992512 6.353e-12
9.521975821633667 10.52197545951433 1.8594e-11
8.521975660276297 10.52133885672511 2.8628e-11
7.521975498917077 10.521975982992977 89.99999999999655
6.521975337557894 10.521975982992146 89.99999999998072
5.521975176199022 10.52197598299249 1.1784e-11
4.5219750148402476 10.521975982992249 2.8955e-11
3.5219748534815007 10.521975982992345 4.0718e-11
2.521974692122774 10.521975982992405 4.8826e-11
10.521975982992966 9.521975821632996 89.9999999999948
9.52197582163325 9.521337582180719 7.67e-13
8.521975660275153 9.519809615034193 89.99999999999726
8.521975660276091 8.518197388553192 4.2895e-11
8.521975660279143 7.5158360750004665 7.8451e-11
5.521975176195312 9.521975821629631 4.0629e-10
4.521975014836385 9.521975821628939 4.40814e-10
3.5219748534775843 9.521975821629354 4.61076e-10
10.521975982992945 8.521975660273492 3.652e-12
9.521975821632443 8.519808655025495 2.6589e-11
7.521975498916383 9.52197582163442 89.99999999998815
7.521975498916046 8.521975660275872 89.99999999994964
7.5219754989175645 7.521975498917293 89.99999999989954
7.521975498915227 6.5219753375587395 89.999999999806
4.5127842979764505 8.521975660248607 7.66602e-10
10.521975982992803 7.5219754989139895 4.164e-12
9.521975821632347 7.518196219592518 4.8946e-11
6.5219753375555065 9.52197582163024 2.25495e-10
6.521975337549438 8.521975660270385 2.07322e-10
6.521975337556789 7.521975498910551 1.53406e-10
6.521975337526512 6.521975337551071 1.10185e-10
4.52197501483416 7.521975498917241 8.10408e-10
10.521975982992235 6.5219753375543315 89.99999999996618
9.521975821630999 6.515833611376683 1.71383e-10
8.521975660282752 6.513481541545895 2.56989e-10
5.521975176182818 8.521975660267605 6.96065e-10
5.521975176193084 7.521975498907351 7.49973e-10
5.521975176173341 5.521975176183991 1.365784e-09
10.521975982991957 5.5219751761947915 89.99999999995055
9.521975821543009 5.513468295661748 2.391619e-09
8.521975660349717 5.511401341824463 3.599225e-09
7.5219754989076675 5.5219751762001685 89.99999999970483
6.52197533754475 5.521975176191597 5.1002e-11
5.424420788569996 4.380143928588698 13.197418482430747
10.52197598298757 4.521975014835279 89.99999999995165
9.521975821437884 4.511346252492322 1.0800465e-08
8.521975660636727 4.5069694047883 1.511299e-08
7.521975498932134 4.521975014841601 89.99999999965306
10.521975982992668 3.521974853475762 89.99999999994142
9.521975821631376 3.5066139596082766 89.99999999960261
10.521975982992782 2.521974692116268 89.9999999999459
4.371048861214958 6.187382677213996 13.197418482199922
4.470514950278114 5.183580105490192 13.197418482181094
6.521975337564862 4.521975014832222 89.99999999999716
0.5000000806809703 4.500000726125345 9.1854e-11
5.437849125437659 6.521975337521746 1.11836e-09
7.521975498919065 3.5219748534830027 89.99999999961062
5.510171392401785 3.1109895075470533 0.288211125090725
6.512131916837582 3.5121314329041438 1.139376259111059
1.5000002420390608 3.5000005647589285 2.86614e-10
3.5000005647885413 4.500000726168632 3.15082e-09
2.500000403421915 4.500000726170631 2.416594e-09
