110 11.041185949736597
4.3299442751246415 4.340593127403568 37.216281806110736
1.5604397730172717 9.844435086329039 37.98523268914411
4.129144888493091 2.9804150567221344 29.76910369599556
1.4540818250740735 4.238096524491059 14.881909897827512
2.380673534180681 4.6449410509640146 14.881909897824377
3.478970864931281 4.96781999059791 35.56655420691597
3.4508825414246216 3.744485737448157 29.769103695996062
2.9997744046905175 2.634976398060094 51.96651577268135
2.3178062228841148 3.386203371997956 51.96651577267408
3.7155479921848302 1.6511109313378225 68.87161986621298
9.84948837929463 1.549267704525536 49.98285409022392
9.225396976358113 0.693909142972001 56.59097230601087
9.143880150605515 2.3485356062159686 56.606223674616004
8.572360640130398 1.5275567672538348 56.606223674616274
8.021970493483058 0.692648971291141 56.60622367461654
7.407607063398792 1.577591268398936 56.60622367461462
7.970400500449071 2.4410568125965315 52.974223678944995
6.8304597499862645 0.6463641279101813 68.92222120463087
6.622239451477429 2.410598281912685 71.90177200066533
5.630587153237838 0.6305862955943011 71.90177200066654
6.0750438631573 1.537380644254756 71.90177200066492
2.520592460280287 7.749750709187515 2.411108537540452
2.5205924602813754 6.748864445468083 2.411108537538478
2.5205924602811525 5.747978181748609 2.411108537538206
2.520445179783364 9.094742804701834 11.3556245600646
1.5886612870066346 8.655647976467375 11.355624560064314
1.5039284665453438 5.562876378769794 0.061510505725792
4.50000077187918 0.5000000857643627 89.99999999999805
4.8042387649624985 1.543049359064188 79.83968616882767
5.262429519330022 2.4768674218243354 79.8396861688263
0.500000085764368 10.541185863972236 3.18e-13
10.541185863972252 0.5000000857643467 89.99999999999987
0.5000000857643521 0.5000000857644871 89.99999999999989
1.5000002572930553 0.5000000857644933 89.99999999999993
2.5000004288217608 0.5000000857643743 89.99999999999986
3.500000600350469 0.5000000857644222 89.99999999999912
0.5000000857644018 1.500000257293749 3.865e-12
1.500000257293177 1.5000002572937703 6.111e-12
2.500000428821947 1.500000257293177 7.276e-12
0.5000000857644613 2.500000428823191 89.99999999999851
1.5000002572934097 2.5000004288228204 89.99999999999108
0.5000000857644409 3.5000006003523083 9.329e-12
10.541185863972242 10.54118586397087 8.21e-13
9.54118569244353 10.54118586397087 1.669e-12
8.541185520914818 10.541185863972235 2.597e-12
7.541185349386099 10.541185863972215 2.771e-12
6.54118517785737 10.541185863972235 2.657e-12
5.541185006328626 10.54118586397223 2.698e-12
4.541184834799871 10.541185863972213 3.526e-12
3.541184663271104 10.541185863972192 4.093e-12
2.541184491742336 10.541185863972197 3.34e-12
10.541185863972217 9.541185692435768 3.453e-12
9.541185692443477 9.541185692434052 6.928e-12
8.541185520914734 9.541185692443488 1.0224e-11
7.541185349386019 9.54118569244341 9.578e-12
6.54118517785728 9.541185692443523 5.434e-12
5.54118500632857 9.541185692443502 6.452e-12
4.5411848347997354 9.54118569244331 2.2368e-11
3.5411846632710047 9.541185692443229 2.6517e-11
10.541185863972043 8.541185520897976 1.4969e-11
9.54118569244294 8.541185520901825 2.8517e-11
8.541185520913649 8.54118552091457 3.7309e-11
7.541185349383866 8.541185520914532 2.5992e-11
6.537971249287799 8.541185520914834 5.406e-12
5.535960749129116 8.541185520914778 3.467e-12
4.533737529770751 8.541185520914324 6.674e-12
10.54118586397207 7.541185349366024 1.4623e-11
9.541185692442966 7.541185349371102 3.9003e-11
8.541185520914008 7.541185349385856 4.1187e-11
7.541185349384859 7.541185349385776 2.8479e-11
6.5411851778550965 7.541185349386145 5.474e-12
5.5411850063261525 7.54118534938606 4.33e-13
4.541184834797255 7.541185349385437 89.99999999999737
10.541185863972085 6.541185177835354 1.4978e-11
9.541185692443054 6.541185177840008 3.9374e-11
8.541185520914178 6.541185177857147 4.4117e-11
7.541185349385229 6.541185177857022 2.9146e-11
6.541185177856181 6.541185177857448 5.939e-12
5.541185006327276 5.541185006328678 3.64e-13
10.541185863972094 5.541185006305229 1.3749e-11
9.541185692443065 5.541185006308084 4.0858e-11
8.541185520914217 5.541185006328446 4.655e-11
7.54118534938527 5.541185006328258 2.8407e-11
6.541185177856284 5.541185006328753 6.156e-12
5.541185006327294 4.541184834799989 6.61e-13
10.54118586397203 4.541184834774289 2.0786e-11
9.541185692443047 4.541184834773599 4.0854e-11
8.541185520914155 4.54118483479974 4.9408e-11
7.5411853493851435 4.541184834799469 2.3903e-11
10.53930084915092 3.5411846632441515 1.7822e-11
9.535512992299086 3.535437904876683 89.98501071398034
10.541185863971576 2.5411844917147186 1.0871e-11
4.541184834798296 6.541185177856611 89.99999999999284
4.541184834798433 5.54118500632782 89.99999999999253
6.54118517785621 4.541184834800058 6.173e-12
0.5000000857643503 9.157977084746584 89.99999999999969
0.5000000857648059 8.153448589185341 89.9999999999709
1.5000002572936797 7.565909127254002 89.99999999994127
3.530273694382225 8.179832111106489 89.99734547834693
0.5000000857643903 7.148986224222209 89.99999999999845
3.5411846632683908 7.174517650480447 4.165e-12
0.5000000857643707 6.144507829727783 89.99999999999972
1.5000002572932827 6.564541710080511 89.99999999997861
3.5411846632693935 6.1697441524712 89.99999999998602
0.5014595896556164 5.139915314698491 0.024702749909622
5.541185006327196 6.541185177857367 2.07e-13
8.531638303091857 3.541184663270986 5.6671e-11
7.296772324079403 3.541184663270542 7.176e-12
5.23011337868375 3.508508426743249 81.73827236398128
6.296772152550661 3.541184663271334 6.745e-12
