110 11.03257128160838
1.5691923408772186 9.82209259141062 35.18459600380436
0.6688443623338456 9.237114770799332 26.06525687108259
2.4188731915238155 9.124215499839334 27.819340127817522
1.5671385452269293 8.56328825269768 26.065256871098406
0.6688443623337195 8.123893710922845 26.065256871054526
1.567138545226756 7.450067192820483 26.065256870972114
2.4654327281198904 7.8894617345948035 26.065256870969595
0.6688443623333971 7.010672651046626 26.065256870969968
2.465432728119699 6.776240674717858 26.065256870951654
3.3637269110132095 7.215635216491232 26.06525687094976
0.6688443623333082 5.897451591169871 26.06525687095243
1.567138545226375 6.3368461329441255 26.065256870952464
3.348164889647974 6.0948020988226235 26.065256870990176
1.4772446820471705 5.179654096092689 26.06525687115335
2.408904092104485 5.635369013744687 26.065256871004568
4.164729655938618 2.998049935873454 29.64018730319999
1.6688443635142671 4.115162728968602 26.065256871009307
2.549380743515191 4.590861160580202 26.065256871013787
3.4476749264090696 5.030255702353971 26.0652568710261
0.5007945529080668 3.5038598294471734 89.9996500433284
3.7898617194705464 1.6015153367613477 70.9521598836784
9.791540750640614 1.5944936134395165 60.861389488909985
9.337535089593075 0.6644777396154078 64.99651367417061
9.078247405535862 2.4688117769934284 66.76150479977689
8.639257001608101 1.5690198370981658 66.76150479977686
8.229407502579905 0.6567149072990501 66.76150479977699
7.487567240979132 1.4635514350676848 66.7615047997722
7.897416740007279 2.3758563648668556 66.7615047997734
6.832097414731145 0.6567149072990786 66.76150479977208
6.7908687676273 2.375945073414791 66.78088442266362
5.7257048333593845 0.6566261987513906 66.78088442266505
6.135361024629291 1.5690202434761864 66.78088442266407
3.5171636271873723 8.382343977545712 1.793961893560454
4.329099895921328 4.329163129756649 39.13719452974138
8.276177168110035 3.532571272755221 3.325e-12
4.585580415027673 0.5578929961897625 82.90972203710132
4.881973621316749 1.5287323760150486 82.90972203710038
5.309694895029403 2.483236609577089 82.90972203710305
3.4607226958766044 3.8119494306487454 39.137194529744
3.147764100496856 2.6112834298832253 39.07093061091348
2.404067187601442 3.2955754173761336 39.0709306109106
0.500000000590151 10.532571281018237 5.26e-13
10.532571281018232 0.5000000005901653 89.99999999999896
0.500000000590215 0.500511853410873 7.815e-12
1.500000001770732 0.5000000005901741 89.99999999999999
2.500000002951226 0.5000000005901972 89.99999999999685
3.5000000041316373 0.5000000005901732 89.9999999999954
0.5000000005901626 1.501494126852088 2.08e-13
1.5000000017705029 1.5000000017706538 9e-14
2.500000002950818 1.500000001770574 89.99999999999781
0.500000000590263 2.502516772566049 9.525e-12
1.5000000017707444 2.5000000029512526 1.9356e-11
10.532571281018157 10.532571281018237 89.99999999999909
9.532571279837708 10.532571281018209 89.99999999999602
8.532571278657336 10.532571281018228 89.99999999999781
7.5325712774769995 10.532571281018233 89.99999999999822
6.532571276296677 10.53257128101823 89.9999999999973
5.532571275116365 10.532571281018233 89.99999999999918
4.532571273935989 10.532571281018235 1.817e-12
3.5325712727554475 10.532571281018217 3.369e-12
2.532571271575044 10.532571281018177 6.66e-13
10.532571281018223 9.532571279837951 89.99999999999814
9.532571279837867 9.532571279837873 89.9999999999915
8.53257127865756 9.53257127983789 89.99999999999211
7.532571277477198 9.532571279837942 89.99999999999656
6.532571276296792 9.532571279837946 89.99999999999486
5.532571275116417 9.53257127983794 89.99999999999807
4.532571273936075 9.532571279837958 3.255e-12
3.532571272755752 9.5325712798379 8.638e-12
10.532571281018221 8.532571278657658 89.99999999999767
9.53257127983786 8.532571278657548 89.99999999998977
8.532571278657548 8.532571278657601 89.99999999999129
7.532571277477123 8.53257127865767 89.99999999999724
6.532571276296676 8.532571278657683 89.99999999999487
5.531382001925217 8.532571278657667 89.99999999999811
4.530406044160229 8.532571278657647 89.99999999999916
10.53257128101819 7.532571277477356 89.99999999999781
9.532571279837695 7.5325712774771905 89.99999999999484
8.532571278657299 7.53257127747726 89.99999999999301
7.532571277476941 7.5325712774773566 89.99999999999295
6.532571276296555 7.532571277477418 89.99999999999541
5.532571275116226 7.532571277477398 89.99999999999787
4.532571273935928 7.532571277477356 89.99999999999629
10.532571281018233 6.532571276297035 89.99999999999822
9.53257127983796 6.532571276296889 89.99999999999716
8.532571278657691 6.532571276296928 89.99999999999814
7.532571277477426 6.532571276296987 89.99999999999824
6.53257127629716 6.532571276297131 89.99999999999827
5.5305861666505045 5.532571275116811 1.952e-12
10.532571281018186 5.532571275116692 89.99999999999376
9.532571279835024 5.532571275116602 89.99999999999581
8.53257127865334 5.532571275116223 1.7224e-11
7.53257127747223 5.532571275116644 4.426e-12
6.532571276290767 5.532571275116836 2.598e-12
5.532571275109561 4.53257127393655 1.433e-12
10.532571281017658 4.53257127393637 89.99999999999412
9.532571279835008 4.5325712739363375 89.99999999999486
8.532571278652393 4.53257127393573 1.4268e-11
7.53257127747118 4.532571273936347 5.164e-12
10.532571281018221 3.532571272755966 89.99999999999709
9.532571279837917 3.5325712727560727 89.99999999999399
10.532571281018173 2.532571271575562 5.7e-14
4.532571273936614 6.532571276297089 89.99999999999636
4.521799179758789 5.5325712751167675 89.99999999999571
6.5325712762902794 4.532571273936577 2.893e-12
0.500000000590342 4.506246581540596 89.99999999999176
5.532571275116892 6.532571276297123 89.99999999999811
7.27617716692971 3.53257127275603 6.369e-12
5.242526354199071 3.5166738466809164 86.00116733628126
6.276177165749395 3.532571272756293 4.872e-12
