110 11.043630430258348
1.5713334665788627 9.749562362432492 23.854004913038263
1.4978952706041486 4.091340093387092 19.375180752243736
2.3890489173028837 4.5715641651620915 19.375180752243583
3.565931575082659 3.6029788696615492 40.98382895284076
2.384137214638102 10.384137220297763 23.854004913037908
9.853849724719577 1.5486943858394855 49.62817006420277
9.235029757628675 0.6946008900026914 56.10696917393987
9.146464307316066 2.351640843309466 56.868821400633855
8.576630425077392 1.5294110026087058 56.86882140063393
8.030072683818316 0.691989581289274 56.868821400633955
7.414434031752066 1.5783570587258886 56.86882140063371
7.974615447292704 2.4465149876716885 52.927419531098614
6.84060199498282 0.6449079100079143 69.21154314291987
6.635157431877475 2.406725199067419 70.74712903844973
5.636905229068583 0.636905225531307 70.74712903844983
6.095150131413976 1.5360938644494868 70.74712903844966
3.083582267111695 2.5895470410287857 49.040432427858676
2.3937305293621023 3.3203232870898445 49.04043242785825
2.5218152130065583 7.714559746702363 2.557770421451851
2.5218152130067475 6.713562485478071 2.55777042145131
4.322823427068688 4.302164274456416 42.16554356987387
2.53950418481144 8.998780978595391 14.001168197103603
1.6061162372552946 8.60884292127917 14.001168197103471
1.519001040374409 5.396985081139943 11.024444757295967
2.535617119296729 5.698685430704692 4.242277084796627
3.740184412079193 1.5087101975312507 88.99298386010823
4.294269289566374 2.62974519031907 80.50320775255848
5.263909035727022 3.526158452857771 85.8112392516151
4.800681939890768 1.5346596313253738 81.64019663224109
5.282758529359185 2.4778705241712977 80.50320775255838
3.496478366266331 4.902933555478751 42.16554356987288
0.5000000003537348 10.543630429904617 2.28e-13
10.543630429904624 0.5000000003537259 89.99999999999997
0.5000000003537286 0.5000000003537375 89.99999999999993
1.500000001061184 0.5000000003537322 89.99999999999986
2.50000000176864 0.5000000003537313 89.99999999999969
3.5000000024760975 0.5011469884358881 89.99999999999929
0.5000000003537322 1.5000000010612284 89.99999999999943
1.5000000010611911 1.500000001061231 89.99999999999912
2.5000000017686514 1.5000000010612018 89.99999999999861
0.5000000003537366 2.5000000017687274 6.34e-13
1.5000000010612045 2.5000000017687136 8.1e-13
0.5000000003537304 3.500000002476202 4.49e-13
10.54363042990462 10.543630429904372 1.56e-13
9.543630429197163 10.543630429904368 3.69e-13
8.543630428489703 10.543630429904624 5.7e-14
7.543630427782244 10.543630429904596 4.02e-13
6.5436304270747865 10.54363042990462 2.51e-13
5.543630426367323 10.54363042990462 89.99999999999994
4.543630425659861 10.54363042990461 6.68e-13
3.543630424952404 10.543630429904614 1.079e-12
10.54363042990462 9.543630429195987 1.56e-13
9.543630429197163 9.543630429195828 3.32e-13
8.543630428489706 9.543630429197172 7.3e-14
7.543630427782243 9.543630429197087 4.37e-13
6.5436304270747865 9.543630429197169 3.22e-13
5.543630426367324 9.543630429197169 89.99999999999982
4.543630425659853 9.543630429197144 1.697e-12
3.5436304249524007 9.54363042919715 1.847e-12
10.54363042990462 8.543630428487635 1.57e-13
9.543630429197165 8.543630428487557 3.57e-13
8.543630428489706 8.54363042848972 1.56e-13
7.543630427782241 8.543630428489614 3.13e-13
6.543630427074784 8.543630428489717 3.67e-13
5.543630426367318 8.543630428489717 89.99999999999972
4.543630425659598 8.543630428489678 2.403e-12
10.54363042990462 7.543630427779389 2.27e-13
9.543630429197162 7.543630427779338 4.26e-13
8.543630428489703 7.543630427782271 2.25e-13
7.543630427782237 7.543630427782148 89.99999999999997
6.543630427074775 7.543630427782265 5.22e-13
5.543630426367238 7.543630427782262 89.99999999999996
4.5436304256596936 7.54363042778222 2.499e-12
10.54363042990462 6.543630427071195 1.77e-13
9.543630429197162 6.543630427071157 3.22e-13
8.5436304284897 6.543630427074819 4.31e-13
7.543630427782234 6.543630427074684 2.13e-13
6.543630427074764 6.543630427074811 7.87e-13
5.543630426367323 5.543630426367341 2.017e-12
10.54363042990462 5.543630426363032 3.84e-13
9.543630429197162 5.5436304263630065 6.73e-13
8.543630428489703 5.543630426367365 8.95e-13
7.543630427782245 5.543630426367221 8.24e-13
6.543630427074786 5.543630426367359 9.19e-13
5.5436304263632685 4.5436304256598845 2.302e-12
10.54363042990413 4.543630425655231 89.9999999999985
9.543630429195616 4.539391936294218 89.99999999997378
8.543630428486981 4.54363042565984 9.433e-12
7.5436304277787425 4.543630425659755 5.25e-13
10.543630429904244 3.54363042494761 89.99999999999804
9.54363042919528 3.531084852161729 89.99999999997145
10.543630429904528 2.5436304242399874 89.99999999999804
4.543630425659763 6.543630427074762 2.589e-12
4.543630425659866 5.543630426367303 2.458e-12
6.543630427070996 4.543630425659907 9.52e-13
0.5000000003537259 9.305272327404394 89.99999999999996
0.5000000003537632 8.305272326696933 0.0
1.5000000010612435 7.499893576474029 89.99999999999434
3.5436304249520907 8.109175249681293 1.2477e-11
0.500000000353733 7.305272325989471 8.5e-14
3.54363042495215 7.109175248973832 1.1959e-11
0.500000000353749 6.305272325282004 9.17e-13
1.5000000010616699 6.498174221907634 89.99999999995775
3.5436304249523083 6.109175248266373 1.162e-11
0.5000000003537384 4.9462626050446925 1.279e-12
5.5436304263672564 6.543630427074809 2.12e-13
8.543630428486775 3.5436304249523873 9.784e-12
7.299094729744135 3.5436304249522896 6.96e-13
4.500000003183551 0.5000000003537339 89.99999999999923
6.299094729036675 3.5436304249524513 9.49e-13
