110 11.004039071860047
1.5852141996047 9.713434346840256 23.519665823180567
2.4444763502786646 8.995548446273542 27.559024784688617
1.5581725777577247 8.532443832819403 27.559024784689527
0.6745984169159351 8.064108845909534 27.5590247846896
1.5587234482591983 7.397462776405073 27.686533338370573
2.443031259766134 7.866230395185493 27.587620806191957
3.3293349221922397 8.3293349511144 27.58762080610594
0.675068398304524 6.9293072677726375 27.686533338370747
2.443196058630499 6.732133357838292 27.914392853568025
3.3295855755207633 7.201184436473638 27.58762080610442
0.675899934338144 5.795829744776409 27.914392853573307
1.559547996484226 6.263981551307502 27.91439285357304
3.2786958924660903 6.0431042267565775 27.914392853565708
1.511198182041034 5.10669381472058 27.91439285376082
2.3950478303126546 5.57495242022185 27.91439285366632
3.40314920419356 4.977366624543514 27.91439285367294
2.519501142047401 4.5092148180124765 27.914392853670858
9.713838344862701 1.5851406972630362 66.42586114534478
9.30462000774361 0.5000000028921692 89.9999999999975
8.99659168702151 2.4445237923449623 62.560400944396726
8.531590683176148 1.5592010585362464 62.56040094439615
8.066056439577562 0.6741551976916851 62.560400944396065
7.398200815665643 1.558267728852886 62.254022874713
7.863888880273679 2.4435718005423928 62.290048173962596
8.328884707580485 3.3288846786579267 62.290048174019205
6.92877234112691 0.6752863585289344 62.25402287700337
6.7371327285309 2.4495558566641247 62.254022874711055
6.069570484992115 3.3288143969428097 62.27087687837942
5.802151869243879 0.6815541539912822 62.25402287963459
6.266007826525586 1.5674668680032449 62.25402287850273
7.202552932461527 3.3350008325214326 62.290048174007005
5.130280816529124 1.5630761111215494 62.270876878384065
5.598072480647246 2.4469193920264813 62.27087687838165
3.898430877202504 1.625082421075299 61.3717750742218
4.46054983388159 2.4575262783946155 61.371775074247424
4.935598218132888 3.337498213968003 61.37177507427335
2.4962559789265306 3.216595219058539 46.14766608205041
3.1997582243105214 2.505446965059612 46.147666082052474
3.4401762589358875 3.7193510820738735 41.16756500103294
4.278484387147064 4.279813618093263 41.16756500092552
5.486334752828406 4.50403903426114 3.752e-12
6.487213223330404 4.50182275977402 89.9949371439821
4.489679964653628 6.481197036191808 88.32999934969745
4.474979064400014 5.481200714270041 88.32999934970834
5.5040390400450265 6.504039045829847 89.99999999999416
5.490530402227691 5.504039040045494 89.99999999999895
0.5000000028922367 4.502814442531761 89.9999999999947
0.5000000028922917 3.5020781289274927 1.055e-11
0.5000000028925289 10.504039068967705 1.0774e-11
10.504039068967785 0.5000000028923788 89.99999999999332
0.5000000028922278 0.5003138748560136 89.99999999999945
1.500000008676781 0.5000000028923468 89.99999999999689
2.500000014461363 0.5005106497982075 89.99999999998826
3.500000020245784 0.5000000028922118 89.99999999999348
0.500000002892306 1.5009414962525023 7.869e-12
1.5000000086769738 1.5000000086770555 4.366e-12
2.5012288697304896 1.5014709942194928 8.359776514e-05
0.500000002892496 2.501486251594976 1.804e-12
1.500000008677489 2.5000000144617442 3.421e-12
10.504039068967849 10.504039068967874 1.762e-12
9.504039063183129 10.50403906896788 89.99999999999763
8.504039057398613 10.504039068967852 89.99999999999463
7.504039051614168 10.504039068967812 89.99999999999567
6.504039045829754 10.50403906896784 89.99999999999622
5.504039040045359 10.504039068967847 89.99999999999667
4.504039034260977 10.504039068967856 89.99999999999756
3.504039028476608 10.504039068967883 89.99999999999815
2.5040390226922296 10.504039068967813 1.924e-12
10.504039068967872 9.504039063183537 1.421e-12
9.504039063183424 9.504039063183562 89.99999999999585
8.504039057399048 9.504039063183491 89.9999999999897
7.504039051614718 9.504039063183185 89.99999999998818
6.5040390458304005 9.504039063183349 89.99999999998917
5.504039040046081 9.504039063183406 89.99999999999002
4.504039034261751 9.504039063183168 89.99999999999197
3.504039028477433 9.504039063183544 89.99999999999427
10.504039068967874 8.504039057399202 9.66e-13
9.50403906318341 8.504039057399243 89.99999999999594
8.504039057398984 8.504039057399174 89.99999999998929
7.504039051614567 8.504039057398591 89.99999999998369
6.50403904583024 8.504039057398545 89.99999999998391
5.504039040045912 8.504039057398963 89.99999999998457
4.504039034261382 8.504039057398593 5.007e-12
10.504039068967826 5.504039040046194 4.26e-13
9.504039063183225 5.504039040046245 3.737e-12
8.504039057398463 5.504039040045777 4.5176e-11
7.50308566024642 7.504039051613981 1.134e-11
6.502423167195734 7.5040390515315085 89.99999999049814
5.501642679134301 7.504039051614299 7.049e-12
4.5005848134883255 7.5011140420145175 89.99062797863931
10.504039068967847 6.50403904583053 5.12e-13
9.50403906318314 6.504039045830595 89.99999999999899
8.504039057398398 6.504039045830357 1.3415e-11
7.504039051613953 6.504039045829617 1.2889e-11
6.504039045829375 6.50319253535834 89.9999999999932
10.50403906896786 7.504039051614866 7.96e-13
9.504039063183292 7.5040390516149245 89.99999999999665
8.5040390573987 7.504039051614857 89.99999999999065
7.504039051611533 5.50403904004266 89.99999999975272
6.4920937391156714 5.502548199522887 89.99724993305739
10.504039068967868 4.504039034261858 2.98e-13
9.504039063180677 4.50403903426192 5.443e-12
8.504039057395277 4.504039034260685 89.99999999996604
7.5040390516084425 4.5040390342578815 89.99999999974912
10.504039068967886 3.5040390284775222 6.54e-13
9.504039063183537 3.5040390284776284 4.974e-12
10.504039068967849 2.5040390226931772 89.99999999999834
4.626865507832297 0.500000002892171 89.99999999999753
0.5000000028921905 9.305140085804425 4.02e-12
1.5000000086766958 3.921756347645548 7.622e-12
