110 11.048682141451815
1.6050389206893914 9.817368260020558 29.602748877774708
2.4177679937356786 9.124165102286938 31.281747478154173
1.5532427947174012 8.621213985627568 31.28174747814785
0.6869356082492226 8.12119582939999 31.281747477347317
1.5507750721812168 7.440525788621039 28.62496364643447
2.4134532011140544 7.947259907304693 28.62496364644397
0.6784243589009122 6.951514068652078 28.624963646423456
2.4306315447513813 6.776540212450251 28.62496364637053
3.5064921982265242 7.322506184155544 76.94343501134553
0.6784243589007319 5.812269047888818 28.624963646368908
1.5561987137790543 6.291343410811366 28.624963646371516
3.544366837844623 8.417429440860413 89.28438471392654
1.566093592063901 5.1574988481844 28.624963646365803
2.443867946945667 5.636573211108498 28.62496364635335
1.561136574634432 4.015548370272646 28.624963646368904
3.323864327191969 4.960543436506159 28.624963646364716
2.438910929512838 4.494622733195049 28.62496364636736
2.3901795546612585 3.3287809541390625 28.624963646410738
3.5293634154793336 6.165769865138312 70.96439276083635
0.6883192371821041 4.678424485260361 28.6249636463555
4.453557327036153 3.637930686800091 89.99999999999233
3.275132952340577 3.794701657450303 28.624963646386185
3.2564155199767497 2.433281091023301 66.1130513673164
9.453643155542407 2.5486818729403824 6.1237e-11
7.610327319163319 1.5147274718214847 88.28648542903561
6.9132869027775286 0.5000000157948277 89.9999999999934
7.3370154090914195 2.5287365400909225 87.66626658538424
7.477381703321328 3.5271208591715792 87.20044304202109
5.754193512633209 0.6590933743496574 66.23562718896096
6.4629908519979375 1.6590934059392968 66.23562718896231
6.453557390216415 3.548681904497579 89.99999999984992
4.659093500708208 0.6590933743496299 66.23562718895462
5.06412619809429 1.5733983734483523 66.23562718895298
5.691990206629292 2.3895885143867726 66.23562718895492
3.9646774058564818 1.5630469286605164 65.99958909347986
4.370026498622291 2.4782908791439926 66.11305136734161
5.453557358625671 3.5486819045311058 89.99999999999328
5.5486819677079975 8.548682062478232 3.48e-12
4.548681936091548 8.259773707511359 89.99999999692096
5.548681967706979 9.548682094067647 3.844e-12
6.502288765067846 4.548681936092941 89.99999999987016
9.773704670262635 1.4257659331252066 23.43078925378961
7.548682030856126 4.548681936113967 89.99999999950836
8.453643123951627 2.529454927850158 89.99999999990645
8.54488032575121 3.548681904524738 6.42544e-10
6.54868199929726 9.54868209406614 6.2865e-11
4.548681936117083 9.46983972307985 2.8095e-11
0.5000000157947895 10.548682125657065 2.326e-12
10.548682125657082 0.5000000157947113 1.264e-12
0.5000000157948463 0.5000000157947948 89.99999999999467
1.5000000473846704 0.5000000157950737 89.9999999999695
2.5000000789742813 0.5000000157950266 89.99999999996494
3.500000110563848 0.5000000158059006 89.99999999996169
0.5000000157948117 1.500000047384364 89.99999999999291
1.500000047384738 1.5000000473851314 89.9999999999501
2.5000000789743946 1.5000000473847077 89.99999999994104
0.5000000157948037 2.500000078973957 89.99999999999473
1.5000000473844999 2.5000000789751216 89.9999999999794
0.5000000157947442 3.5000001105635685 6.08e-13
10.548682125657086 10.548682125656992 1.815e-12
9.54868209406759 10.548682125657098 89.99999999999957
8.548682062478088 10.548682125657052 1.439e-12
7.548682030888655 10.548682125657011 2.288e-12
6.548681999299222 10.548682125656834 2.873e-12
5.54868196770979 10.548682125657082 3.313e-12
4.548681936120341 10.548682125657036 6.245e-12
3.5486819045309086 10.54868212565677 6.502e-12
2.548681872941475 10.548682125657042 6.634e-12
10.54868212565707 9.548682094067347 2.323e-12
9.548682094067527 9.548682094067647 89.99999999999699
8.548682062477072 9.548682094067475 1.139e-11
7.548682030887127 9.548682094066676 4.3665e-11
6.548681999218578 5.54868196768557 89.99999999990978
5.50228873347718 4.54868193612052 89.99999999999437
4.502288701887524 4.6379307184080325 89.99999999998616
3.548681904527258 9.548682094066498 4.4219e-11
10.548682125657054 8.5486820624778 5.456e-12
9.548682094067509 8.548682062478106 6.63e-12
8.548682062478003 8.548682062477985 1.0124e-11
7.548682030839474 5.548681967703622 89.99999999952205
6.548681999234268 6.548681999278797 89.99999999994044
5.548681967614165 5.548681967709949 89.99999999999729
4.548681936011614 5.6379307500185405 89.99999999922946
10.54868212565707 7.54868203088828 9.77e-13
9.548682094067578 7.548682030888491 1.654e-12
8.548682062478125 7.548682030888424 89.99999999999983
7.548682030884619 6.548681999293284 89.99999999953643
6.548681999299182 7.548682030872989 5.85e-13
5.548681967622108 6.548681999299381 2.05e-13
4.448651728965815 6.958659491592337 76.94343501134712
10.548682125657061 6.548681999298683 89.99999999999768
9.548682094067535 6.548681999298793 89.99999999999274
8.54868206247807 6.548681999298856 89.9999999999904
7.548682030888633 7.54868203088685 89.99999999999903
6.548681999298383 8.548682062475935 8.9932e-11
5.548681967709747 7.548682030888813 2.97e-12
10.54868212565702 5.548681967709162 89.99999999999783
9.548682094062476 5.548681967708926 4.2532e-11
8.548682062471345 5.548681967709121 2.1871e-11
7.548682030888418 8.548682062476708 2.155e-11
10.548682125655628 4.548681936119641 89.99999999999868
9.548682094050093 4.54868193611942 5.0947e-11
8.5486820624552 4.54868193611807 2.02874e-10
10.548682125651274 3.548681904530116 2.51e-13
9.546603180635865 3.548681904529953 5.4983e-11
10.548682125657088 2.5486818729405902 2.119e-12
0.5000000157947149 9.370130908695218 1.536e-12
8.913286965956551 0.5000000157948099 1.392e-12
8.61077471606777 1.5147274718227566 88.28648542904021
7.913286934367035 0.5000000157948197 89.9999999999969
