110 11.010614798487213
1.5905952534394499 9.723182582023705 23.62200098511332
2.4507339985325 9.006961822599342 27.117550211485792
1.5606607731798507 8.551144256557954 27.11755021150999
0.6729453956940173 8.090722529966298 27.117550211500642
1.5598807999494089 7.4214301101565585 27.117550211553464
2.4475961774349213 7.8818518367482415 27.117550211555272
3.337669402787918 8.337669402788313 27.117550211540237
0.6729453956941097 6.959485332808305 27.117550211533665
2.4489842398250214 6.753160423260381 27.42379827366676
3.339427927904719 7.215066896717604 27.117550212316623
0.500000000001207 5.7865399371136395 8.6549e-11
1.5615307810159385 6.290946838866088 27.42379828891992
3.336518464821877 6.087079311856649 27.423798273159598
1.5611775708380158 5.0604790008900284 33.79432265581328
2.449603040930581 5.625144901946983 27.4237982841872
3.366149528064909 4.950936922458502 30.017524825013446
2.501648649552533 4.448298137932534 30.017524825207325
9.723223503376529 1.5905872616208945 66.37252464054501
9.007068007811458 2.4507411857268324 62.89490948718299
8.551052308812832 1.5607693457826828 62.894909487166146
8.090932465832589 0.6728981625642549 62.89490948716499
7.42148656563485 1.5597800488508253 62.869697691597246
7.8816054393217145 2.4476493403746273 62.869697691621916
8.337621094170702 3.3376210941592035 62.86969769166711
6.959254185053441 0.672993704315565 62.86969769159648
6.752675889611157 2.447601429047436 62.57482752892863
6.054234646002271 3.272748656637968 62.57482752872046
5.8281695953521515 0.6741014547619646 62.57482752889709
6.290453967383505 1.5608352390444733 62.57482752889869
7.214034129613458 3.337707360120295 62.86969769100201
5.12826147312115 1.4973692432980725 62.305417603154716
5.591476199320114 2.3852889079408452 62.47565616949498
4.0396438117760365 1.6744700050408585 62.475656169411344
4.544070366836328 2.5392411577364578 62.475656169395506
5.006195811542241 3.4260557231110504 62.47565616933203
4.510614798209953 6.497038504341553 4.31413e-10
4.51061479846885 5.497038504333578 1.38812e-10
2.5484972902836107 3.1746006526061126 47.35736962535678
3.2446849683241226 2.4543878773378656 47.35736962543043
3.4572442347690076 3.697163206993392 47.3573696254767
4.289106887261478 4.290530140031366 47.35736962601748
9.325718259912268 0.500000000001019 89.99999999992589
5.492324666861639 4.5014154408813 1.064111014276355
6.492497155745378 4.501415441443769 1.06411101566664
5.510614798223346 6.510614798015345 5.19123e-10
5.5106147984715195 5.5106147979440046 2.9885e-10
0.5000000000006886 4.5000000000147224 89.99999999999098
0.5000000000013921 3.5000000000113145 89.99999999999889
0.5000000000027433 10.510614798485781 7.5133e-11
10.510614798483651 0.5000000000068173 89.99999999981345
0.5000000018753299 0.5000000000012977 89.99999999995842
1.5000000055263578 0.500000000002864 89.9999999997912
2.5000000069854678 0.5000000000042145 89.99999999971578
3.500000007734799 0.5024393884646285 89.99999998469079
0.5000000000040069 1.5000000000042193 89.99999999991574
1.500000000014355 1.500000000009198 89.99999999945196
2.5000000000200724 1.5000000000111715 89.99999999943326
0.500000000001736 2.500000000007624 89.99999999991245
1.5000000000085767 2.5000000000125953 89.9999999994149
10.510614798486863 10.510614798486193 2.4478e-11
9.510614798486285 10.5106147984865 4.6359e-11
8.510614798485705 10.510614798486404 6.5326e-11
7.510614798485129 10.51061479848626 7.9779e-11
6.510614798484548 10.510614798485896 9.0855e-11
5.51061479848395 10.510614798485047 9.9707e-11
4.510614798483347 10.510614798482658 1.09893e-10
3.5106147984827163 10.51061479848598 1.20019e-10
2.510614798482095 10.51061479848576 1.27563e-10
10.510614798486209 9.510614798483989 8.8335e-11
9.51061479848381 9.510614798483477 2.80053e-10
8.510614798482479 9.510614798483251 3.46148e-10
7.510614798481166 9.510614798482614 4.1058e-10
6.510614798480182 9.510614798481333 4.31882e-10
5.510614798479298 9.51061479847612 4.35918e-10
4.510614798478468 9.510614798456272 4.2772e-10
3.5106147984776217 9.510614798482877 4.14949e-10
10.51061479848655 8.510614798482575 5.6275e-11
9.510614798484044 8.51061479848206 2.91237e-10
8.510614798482974 8.510614798482266 3.64409e-10
7.510614798481571 8.510614798481186 4.8027e-10
6.5106147984792 8.510614798477249 7.09804e-10
5.510614798474574 8.51061479846248 1.19951e-09
4.5106147984737435 8.510614798163658 1.253653e-09
10.510614798453117 7.510614798480981 89.99999999996611
9.510614798384848 7.510614798479866 1.90838e-10
8.510614798326053 7.510614798481266 3.4162e-10
7.510614798258269 7.510614798480126 4.66841e-10
6.508695906547117 7.510614798474642 6.26244e-10
5.507804430227963 7.510614798155212 9.054759e-09
4.507027377928872 7.509235708091678 0.018117883081329
10.510614798484118 6.510614798479667 89.9999999999307
9.510614798477116 6.510614798478091 1.14127e-10
8.510614798331357 6.510614798480371 3.21125e-10
7.510614798266668 6.510614798479173 4.52958e-10
6.510614798237468 6.510614798472725 5.46082e-10
10.510614798485943 5.510614798477593 89.99999999994344
9.510614798482303 5.510614798477157 1.00613e-10
8.510614798477908 5.510614798478936 3.45798e-10
7.510614798475722 5.510614798472027 4.40802e-10
6.5106147984740295 5.510614798470515 4.32105e-10
10.509489790189413 4.510614798475398 89.99999999989828
9.507228800029452 4.510614798475852 4.2732e-11
8.505601903907872 4.510614798476333 2.00882e-10
7.503884058806717 4.508499655808127 0.022096308248834
10.510614798486952 3.5106147984726483 89.99999999999353
9.51061479848645 3.5106147984747165 89.99999999999353
10.510614798485209 2.510614798470017 89.99999999991545
4.500000008269557 0.5000000000011852 6.6564e-11
0.5000000000004087 9.325774437578474 2.9789e-11
1.5000000000046958 3.817095110619979 1.44872e-10
