110 11.040459059473054
3.5484014327332862 2.641317523092644 69.96818764692156
1.594330108588312 9.771760084299018 26.136613880083047
0.6771313713144087 9.345841405158078 26.80793705311994
2.4702069018006227 9.067207816566135 24.67780635310889
1.564249602036436 8.642016340874086 24.695047889331132
0.6634657495725227 8.205827106857699 24.700048102263242
1.5661401232126515 7.519561131577452 24.843342143359706
2.467059007982015 7.955166074125977 24.819879559273332
0.663988900341888 7.08694070971789 24.849736809497212
2.458805717300093 6.830137830003682 25.11553332402729
3.3597232447594374 7.265079970389836 25.087148194443788
0.6650708156549783 5.943724618911217 25.138223219817405
1.5566653959879213 6.39801908045916 25.134101045020397
3.2712450078704336 6.102615945280908 25.523805821624446
1.4617892153068874 5.209399689295096 26.959336424577277
2.359949256547451 5.668258322494728 26.186603346855897
1.6633160657543988 3.921712107210194 24.730019039822725
2.4632276343140473 4.575359994206804 24.730019039822604
3.3552141231686567 5.029098606220665 24.730019039822448
4.171313943546449 4.3006792993505645 26.935923944473995
3.2661300859295865 3.843214546284885 25.31516886330158
2.4633355165070623 3.1892168707048243 24.730019039824178
2.5050539445811677 1.5446711011682348 89.78201769281232
7.175354095493947 0.500000000017347 89.99999999999937
6.697358252961833 2.5200273582695862 69.96818764691535
7.1799222313196776 3.4084779810422594 69.96818764691616
6.0122745801511925 0.6410222062166309 69.96818764691659
6.354816416556512 1.5805247822431103 69.9681876469158
5.9395017399106464 3.3607767885024704 69.96818764692874
4.641022206355293 0.6410222062165634 69.96818764692904
5.254418067099997 1.4817716364495457 69.9681876469285
5.596959903505294 2.4212742124760185 69.96818764692861
3.507548561466875 1.5002295757562196 89.99381945170009
4.506876710407212 2.350812840020949 69.9681876469217
4.848943727784039 3.2910382708017223 69.9564736692315
4.530312305062246 7.532656010793193 89.09469139209504
4.495478823304874 6.512151747413941 86.6434305104627
4.426984829682928 5.514450488350104 86.64343051046023
5.540459059281232 6.540459059316671 89.99999999995744
6.467610641656987 5.484998721606009 83.22939304801098
5.438786623709427 5.516237801860748 86.64343051046446
7.38109677200368 4.51384875412308 85.76239539356463
6.368577125813902 4.459986857365856 86.64343051046302
5.370292630087219 4.518536542796947 86.64343051046362
9.8534660298616 1.5245562438755744 45.74388171054654
8.0508192404917 2.5355794687647255 85.76239539356975
8.310132369381925 3.519106883154073 85.76239539356874
3.3767053381205296 8.377508905843566 24.531208886939837
0.5013432702365517 10.53924006985206 0.023998958427261
10.540459059455717 0.5000000000173364 0.0
0.5000000000173435 0.5000000718966504 5.84e-13
1.500000000052025 0.5000000000173497 8.07e-13
2.500000000086707 0.5000001097550317 4.39e-13
3.5000000001213882 0.5000662311273842 1.37e-13
0.5006020735213754 1.5003249092119209 89.96275604537496
1.5021957389208387 1.500000246540755 5.987516311e-06
0.5000000000173399 2.503968763218717 89.99999999999979
1.5000000000520188 2.500000391383823 89.99999999999959
0.5025466836555275 3.506874764059121 89.9995328804541
10.540459059454118 10.540459059455713 89.99999999999999
9.54045905941301 10.540459059455717 89.99999999999955
8.540459059371427 10.540459059455689 89.99999999999656
7.540459059329011 10.540459059455667 89.99999999999429
6.538678988457219 10.540459059455596 89.99999999999426
5.536830762678892 10.54045905945566 89.99999999999291
4.534852686700826 10.540459059455557 89.99999999998143
3.5299759537148283 10.540339220834962 0.00394884963616
2.525875540925012 10.537980251147308 0.041201292767907
10.540459059454587 9.540459059421043 89.99999999999996
9.540459059413081 9.540459059421043 89.99999999999908
8.540459059371825 9.540459059420993 89.9999999999931
7.540459059330248 9.540459059420932 89.99999999998782
6.540459059290198 9.540459059420705 89.9999999999884
5.536723661909625 9.540459059420929 89.999999999986
4.534995383427407 9.540459059420716 89.99999999996247
3.5336646372886316 9.54012180010599 0.004922405992838
10.540459059454545 8.540459059386366 89.99999999999991
9.540459059413283 8.54045905938637 89.99999999999865
8.54045905937193 8.540459059386293 89.99999999998988
7.540459059331546 8.540459059386189 89.9999999999803
6.540459059291361 8.540459059385775 89.99999999997789
5.540459059253573 8.540459059386157 89.99999999997439
4.54045905921755 8.540459059385492 89.99999999989974
10.540459059455571 7.540459059351692 89.99999999999989
9.540459059411962 7.540459059351699 89.99999999999812
8.540459059371315 7.540459059351598 89.99999999998666
7.540459059331159 7.540459059351434 89.99999999997148
6.540459059291866 7.540459059350836 89.9999999999655
5.540459059252853 7.540459059351411 89.99999999996555
10.540459059455632 6.540459059317017 89.99999999999979
9.540459059420577 6.540459059317026 89.99999999999764
8.540459059385684 6.5404590593169 89.99999999998342
7.540459059350759 6.54045905931668 89.99999999996267
6.5404590593159835 6.539714852329139 89.99999999995879
10.540459059455682 5.540459059282343 89.99999999999967
9.540459059420613 5.540459059282356 89.99999999999721
8.540459059385675 5.540459059282222 89.99999999998205
7.5404590593506615 5.540459059281962 89.9999999999578
10.540459059455674 4.540459059247667 89.99999999999949
9.54045905942088 4.540459059247684 89.99999999999685
8.54045905938604 4.540459059247546 89.99999999998118
10.54045905945571 3.5404590592129876 89.99999999999947
9.540459059421014 3.540459059213014 89.99999999999655
10.540459059455713 2.5404590591783083 89.99999999999969
0.5000000000173372 4.510421279403376 89.99999999999964
9.175354095563309 0.5000000000173337 5.5e-14
8.539953241043829 1.5000000000520055 89.99999999999962
8.175354095528629 0.5000000000173355 89.99999999999982
9.149689224272866 2.4887147441552195 73.94149596812571
7.539953241009144 1.5000000000520757 89.99999999999868
