110 11.031309970360887
1.59995302800163 9.705081555732976 26.14907498759728
0.6705872310896126 9.248802472060309 26.14907498748643
2.4679524679348233 9.017212953511812 26.149074987616828
1.568794755510813 8.575764754697406 26.149074987528863
0.6697283343642138 8.134361376019768 26.14907498748961
1.5668297471979664 7.460780604900052 26.14907498751779
2.4644801821128746 7.901488794551297 26.149074987519914
0.6691793122829868 7.020072415248958 26.14907498751597
2.4644801821129456 6.787469380274738 26.149074987504044
3.3621306170277534 7.228177569926141 26.14907498750378
0.6691793122829379 5.90605300097273 26.149074987504342
1.5668297471979136 6.346761190623789 26.149074987504473
3.3420134503809673 6.104281482353938 26.149074987314815
1.477031613370456 5.188654711426917 26.149074987514425
2.377909755785285 5.630947568192903 26.149074987511018
4.163222250797101 3.0070393661730335 28.643099547497336
1.6714718074383912 4.129691997890678 26.15238801683015
2.554878510784243 4.603812286793446 26.14907498751475
3.4549285369404097 5.045698573699706 26.14907498728224
0.501149249750128 3.50476466279619 89.99580471508412
3.7809612989247103 1.6044740231371875 70.96747326790918
9.790419336593612 1.5931466242508785 60.75002079450129
9.336052554338547 0.6662679199365984 64.56792033712021
9.077526691184472 2.466862396844093 66.67112677633179
8.637165469802047 1.5677433473122417 66.67112677633152
8.223462258645835 0.6571276158357078 66.6711267763317
7.482219933528373 1.463566576133986 66.67112677632176
7.895923144684572 2.374182307610537 66.6711267763231
6.826956118776865 0.6571276158357513 66.67112677632262
6.785905462919482 2.374182307610613 66.6711267763203
5.716938437012024 0.6571276158357549 66.67112677632136
6.130641648167958 1.5677433473124096 66.67112677631992
3.3621306170272858 8.342196984203529 26.149074987519896
4.328318500065887 4.328318500066231 38.81543177349671
8.276437630901269 3.531309926376739 89.99999999999703
4.575966541607405 0.5575377750666277 82.95654373162895
4.87283664229093 1.5284620874767372 82.95654373162755
5.305322602439158 2.482630447164617 82.95654373162948
3.4523505736470366 3.8218317916723517 38.815431773506674
3.1414780296260005 2.6163181886461264 39.32285833795583
2.3995652079138465 3.3012538077429383 39.32285833795198
0.669179312283025 10.36213065807787 26.14907498752397
10.531309967428733 0.5000000029321754 89.99999999999876
0.5000000029322198 0.5006600686447431 8.171e-12
1.5000000087967837 0.5000000029322056 89.99999999999432
2.500000014661293 0.5000000029321692 9.9e-14
3.5000000205258 0.5000000029321878 89.99999999999469
0.5000000029321612 1.5019991857996837 1.473e-12
1.500000008796487 1.50000000879698 3.053e-12
2.5000000146607833 1.5000000087965324 2.441e-12
0.5000000029322962 2.5032382897621135 1.0701e-11
1.5000000087968397 2.5000000146616124 2.168e-11
10.530404263972171 10.531309967428712 89.99999999999604
9.528733544691075 10.53130996742872 89.99999999999653
8.527375957201306 10.531309967428722 89.99999999999656
7.526125946588435 10.531309967428712 89.99999999999508
6.524859856254402 10.531309967428701 89.99999999999379
5.523469840757257 10.531309967428701 89.9999999999932
4.52180165460234 10.53130996742865 89.99999999999066
3.519497982491444 10.530184846720879 0.018767101186171
2.516039286923061 10.52973106535747 0.029619317610425
10.530837043395477 9.531309961564336 89.99999999998877
9.529770370087924 9.531309961564368 89.99999999998951
8.528887495003184 9.531309961564393 89.99999999999152
7.527995337522674 9.53130996156437 89.99999999998784
6.5270002738537825 9.531309961564338 89.99999999998337
5.525756446982344 9.531309961564343 89.99999999998181
4.52397667908045 9.531309961564231 89.99999999998107
3.5214569611073587 9.527713632938852 0.056130967146927
10.531309967428633 8.531309955699953 89.99999999998865
9.531309961564276 8.53130995570006 89.99999999999004
8.531309955699918 8.531309955700099 89.99999999999068
7.53130994983556 8.531309955700074 89.99999999998593
6.5313099439712055 8.531309955700035 89.99999999998015
5.5313099381068875 8.531309955700046 89.99999999997796
4.531309932242584 8.531309955699882 89.99999999997918
10.531309967428742 7.531309949834821 89.99999999999986
9.531309961564416 7.531309949835711 89.99999999999581
8.531309955700092 7.531309949835746 89.99999999999861
7.531309949835613 7.531309949835787 89.99999999998586
6.531309943971119 7.531309949835746 89.99999999997868
5.531309938106589 7.531309949835748 89.99999999997317
4.528264052706481 7.531309949835391 89.99999999995755
10.531309967428713 6.5313099439701165 2.288e-12
9.531309961564283 6.53130994397141 89.99999999999497
8.531309955699847 6.53130994397114 89.99999999998073
7.53130994983553 6.5313099439714515 89.9999999999799
6.5313099439712285 6.531309943971465 89.99999999997819
5.531309938105945 5.531309938107218 89.99999999997166
10.53130996742871 5.5313099381055295 2.274e-12
9.531309961564268 5.531309938107136 89.99999999999422
8.531309955699726 5.531309938106698 89.99999999996984
7.531309949835336 5.5313099381071185 89.99999999997515
6.5313099439708795 5.531309938107188 89.99999999997831
5.531309938106618 4.531309932242955 89.99999999997146
10.531309967428713 4.531309932241001 2.956e-12
9.531309961564231 4.531309932242864 89.99999999999363
8.531309955699772 4.531309932241389 89.9999999999805
7.531309949835411 4.531309932242809 89.99999999997745
10.531309967428705 3.531309926376494 89.99999999999764
9.531309961564332 3.53130992637859 89.99999999999315
10.531309967428578 2.5313099205120255 89.99999999999558
4.531309932242301 6.531309943970891 89.99999999993564
4.526824598929432 5.531309938106573 89.99999999993453
6.53130994397104 4.531309932242908 89.9999999999791
0.5010473775494813 4.50733198683125 89.9770446137802
5.531309938106893 6.531309943971479 89.999999999972
7.276437625036826 3.531309926378386 6.134e-12
5.242529732568288 3.51518693093531 85.96940775918453
6.276437619172426 3.5313099263784657 9.241e-12
