110 11.02293994023672
1.5195837471340332 9.826860438014393 43.52632621339
0.7068729036601145 9.23045449793873 43.52632621338835
1.5292337725065406 8.476767716890052 28.505777236600203
0.6780081829945521 7.948803898962562 28.505777236600224
1.6003818044705977 7.31182073040841 29.49759811659786
2.4545494204969387 7.841083018111561 29.87062214551844
0.6734880529987892 6.809439281984761 27.26130592330652
2.498621980166887 6.671042570296528 29.497598116601345
3.349521024151624 7.197859012106564 29.497598116350023
0.7232087963333829 5.710107508664937 27.26130592326532
1.6282456421986908 6.17865549660051 29.497598116593007
3.334195506291175 5.994812793618118 29.49759811660249
1.5915525678408051 5.008969291753681 29.497598116593743
2.4628669472718694 5.501887031865518 29.49759811659511
1.665687996605032 3.838746618493906 29.4975981165917
2.5089646047647856 4.37903698789277 29.497598116592464
3.37934094273288 4.871424061588679 29.49759811660714
9.758095337794979 1.5959099460651651 63.900257748771416
9.333341887485844 0.6695329391998959 64.14575230566655
9.051006715467649 2.461978856193538 65.76444672063478
8.626184033836442 1.556565812133217 65.76444672063447
8.179092813506859 0.6611772598619376 65.76444672063448
7.486634934849605 1.5580311166550427 64.95802362336521
7.933528950697816 2.452997570196926 64.95802362336535
8.358299912379923 3.3582999122863764 64.95802362336578
7.036368990350422 0.6646400278193676 64.95802362336526
6.803141465463962 2.4564624625942235 63.49756624880183
7.254260952388045 3.3613230623306776 64.78166483654488
5.902760273150529 0.6705756172483204 63.49756624880029
6.353069297300221 1.5634599876210031 63.497566248800304
6.132445120842474 3.352364322856992 63.497566248803636
4.7807513237944885 0.6715897409542002 63.23678695865853
5.23105568370481 1.5644648629523528 63.23678695865811
5.6813600436150695 2.4573399849505386 63.23678695865891
4.086754754727975 1.5162356352149433 63.236786958655486
4.537059114638326 2.4091107572130777 63.23678695865614
4.987363474548581 3.30198587921126 63.236786958655756
3.393171176463005 2.3617004183097907 63.23678695864225
4.513933605159252 5.451314977255842 89.47759907987776
4.302875275665366 4.218058765556898 44.84892184025208
3.4421798807866253 3.6371539451537 41.48654313525996
2.524990765788376 3.14874623313275 39.4240744285743
0.5000000000093534 10.522939940227367 1.8e-14
10.522939940227356 0.5000000000093756 89.99999999999937
0.5000000000093818 0.5000000000094058 1.745e-12
1.5000000000281615 0.5000000000093907 1.853e-12
2.500000000047052 0.5000000000093756 89.99999999999778
3.500000000065838 0.5000000000093712 89.9999999999985
0.5000000000093987 1.5000000000282112 2.084e-12
1.5000000000282263 1.5000000000282379 89.99999999999797
2.5000000000469926 1.5000000000281055 89.99999999999679
0.500000000009396 2.5000000000469744 1.058e-12
1.5000000000283373 2.500000000047138 8.985e-12
0.500000000009365 3.5000000000657367 4.77e-13
10.522939940227367 10.522939940225736 1.28e-13
9.522939940208662 10.522939940227356 3.13e-13
8.522939940189952 10.522939940227364 4.32e-13
7.522939940171241 10.522939940227367 3.64e-13
6.522939940152531 10.522939940227364 2.41e-13
5.522939940133819 10.522939940227332 1.28e-13
4.522939940115109 10.522939940227328 1.2e-13
3.5229399400963985 10.522939940227296 1.2e-13
2.5229399400776873 10.522939940227367 1.04e-13
10.522939940227364 9.522939940203742 7.67e-13
9.522939940208644 9.52293994020862 1.791e-12
8.52293994018993 9.522939940208644 1.904e-12
7.522939940171213 9.522939940208655 9.81e-13
6.522939940152501 9.522587698193842 1.222e-12
5.522939940133793 9.522939940208474 1.293e-12
4.5229399401150845 9.522939940208449 1.421e-12
3.5229399400963772 9.522939940205944 1.393e-12
10.52293994022736 8.52293994018313 7.96e-13
9.522939940208644 8.522939940189898 1.975e-12
8.52293994018994 8.522939940189936 1.933e-12
7.522939940171222 8.522939940189948 4.26e-13
6.522939940152459 8.522332330507538 89.99999999999419
5.522939940133731 8.52293994018965 89.99999999999207
4.522939940115002 8.522939940186353 89.99999999998896
10.522939940227353 7.522939940162981 9.38e-13
9.522939940208605 7.522939940171182 2.53e-12
8.522939940189874 7.522939940171228 2.004e-12
7.522939940171138 7.5229399401712405 1.71e-13
6.52293994015231 7.522057209177444 89.99999999998997
5.522939940133583 7.522939940170913 89.99999999999017
4.522939940114441 7.522939940166773 89.99999999994127
10.522939940227335 6.522939940143085 9.24e-13
9.522939940208513 6.522939940152471 2.515e-12
8.52293994018973 6.52293994015252 1.762e-12
7.522939940170962 6.52293994015253 89.99999999999979
6.522939940151568 6.521729008918264 89.99999999997479
5.5229399401326305 6.522939940152183 89.999999999991
10.522939940227324 5.522939940123354 3.42e-12
9.522939940208524 5.522939940133758 2.217e-12
8.522939940189104 5.522939940133808 9.81e-13
7.522939940170154 5.522939940133804 89.999999999998
6.52132445561211 5.521248021148358 89.99849365727493
5.520062157176153 5.522939940133433 89.99999999999426
10.522939940227335 4.522939940103748 3.43e-12
9.522939940208545 4.522939940115044 1.265e-12
8.522939940189778 4.522939940115084 89.99999999999852
7.522939940171044 4.522939940115084 89.99999999999687
10.522939940227364 3.5229399400842305 2.98e-13
9.522939940208651 3.5229399400963306 5.97e-13
10.52293994022656 2.5229399400646795 89.99999999997827
4.500932749076988 6.478091142742716 89.16289998170019
6.511372396575203 4.520686209413156 89.99251759059142
5.510708184578483 4.522939940114685 89.9999999999976
0.5000000000095897 4.5366194556576 2.0443e-11
3.5229399400962307 8.381073206441616 89.99999999998428
2.522939940077632 9.115367384894983 89.99999999999561
