110 11.018472615055302
1.6000017156450559 9.714069634478577 21.10095519210364
0.6175334782300448 9.36105083940762 15.84726127105822
2.51823695071892 8.94971109577966 15.847261271059516
1.5795265738673514 8.59461614860391 15.84726127105894
0.6175334782300439 8.321542287782705 15.847261271058354
1.4463608134556463 7.446433047592542 7.378929812765302
2.4309276704037934 7.718347610064926 6.376133238635611
0.5000000123795951 6.500000160935118 1.298e-12
2.5419826381644217 6.72453331975013 6.376133238058345
3.5063518902133253 7.0990875295027225 6.376133238058586
0.5282926851173784 5.500000136175904 1.745e-12
1.560074721511278 6.452808662206171 7.378929812765358
3.456719556016777 5.743691803451209 3.5192e-11
1.5000000371388138 4.5000001114164485 5.477e-12
2.4567195312575967 5.500000136176008 3.7663e-11
3.5000000866573164 2.5000000618983282 2.526e-12
3.5000000866575576 1.5000000371389817 89.99999999999262
9.777055498380538 1.5263569093160183 54.934004748013436
9.200790067271127 0.7006385039255534 54.61397772518301
9.113753831042377 2.321967191672319 54.93400474802973
8.539234234934437 1.5034763371813007 54.93400474803124
7.9483029949783734 0.6965052253088366 54.93400474802946
7.240906241722676 1.4568719943858275 51.884273890489276
7.860313796019206 2.276835312419895 54.934004748058605
6.509041068830026 0.5010259071348564 0.001376048187169
6.553742151111138 2.201078658131102 51.88427389048322
5.507197820581772 0.5000000123796386 89.99999999999636
5.50000013617606 1.500000037138899 89.99999999999251
3.4660378127182745 8.100806845304948 6.376133238060913
4.5347611820109455 3.7979798249089782 8.299377783616857
8.518472553156966 3.5184724293604166 4.2467e-11
4.505707992653523 0.5000000123797532 89.99999999998477
4.500000111416815 1.5000000371392872 89.99999999999169
4.500000111416519 2.500000061898747 4.192e-12
3.5000000866571765 3.500000086657612 7.691e-12
2.500000061898112 2.5000000618980667 2.018e-12
2.5000000618979956 3.500000086657309 7.048e-12
0.5000000123796271 10.518472602675697 1.32e-12
10.518472602675686 0.5000000123796244 89.99999999999935
0.5007051395142748 0.5000000123796218 89.9999999999969
1.5020915614972203 0.5000000123796005 2.09e-13
2.5032511914739617 0.5000000123796093 89.99999999999885
3.504424629057975 0.500000012379652 89.99999999999709
0.5000000123796084 1.5000000371389186 5.68e-13
1.5000000371388555 1.5000000371388236 1.566e-12
2.50000006189825 1.5000000371388316 89.99999999999741
0.5000000123796138 2.5000000618982043 2.227e-12
1.5000000371388449 2.5000000618980374 4.068e-12
0.500000012379604 3.500000086657451 2.131e-12
10.518472602675708 10.517517351172026 6.5e-13
9.518472577916523 10.51751704973687 1.372e-12
8.51847255315734 10.518472602675644 2.078e-12
7.518472528398156 10.518472602675665 2.704e-12
6.518472503638972 10.518472602675654 3.261e-12
5.518472478879787 10.518472602675661 3.789e-12
4.5184724541206025 10.518472602675644 4.238e-12
3.518472429361416 10.518472602675669 4.657e-12
2.5184724046022304 10.518472602675661 5.029e-12
10.518472602675683 9.51526993511553 3.956e-12
9.518472577916473 9.515339836550474 7.876e-12
8.518472553157247 9.51847257791627 1.3124e-11
8.518472553157041 8.518472553156977 1.7639e-11
8.51847255315722 7.5184725283977265 1.7624e-11
5.518472478879693 9.518472577916327 1.61e-11
4.51847245412051 9.518472577916238 1.7055e-11
3.5184724293613296 9.518472577916356 1.7635e-11
10.518472602675654 8.512893524430401 4.393e-12
9.51847257791638 8.513233618548917 8.931e-12
7.518472528398057 9.51847257791631 1.4686e-11
7.518472528397693 8.51847255315699 2.3227e-11
7.518472528398002 7.518472528397721 2.3282e-11
7.518472528395822 6.518472503638418 2.6014e-11
4.505924525092043 8.518472553156835 2.5117e-11
10.518472602675683 7.509903057447731 3.971e-12
9.518472577916473 7.511193650956875 8.664e-12
6.518472503638875 9.518472577916288 1.5509e-11
6.514956006806811 8.518472553156988 1.8754e-11
6.518472503638821 7.518472528397664 2.4627e-11
6.518472503636216 6.5184725036382725 3.4728e-11
4.518472454120471 7.518472528397513 2.5883e-11
10.518472602675327 6.507084914186498 1.637e-11
9.5184725779153 6.509519891982995 3.3964e-11
8.518472553155478 6.518472503638471 1.4185e-11
5.5109451927603486 8.518472553156935 89.99999999999713
5.518472478879646 7.518472528397114 2.5261e-11
5.484007702686261 5.312609981913747 4.099463110912029
10.518472602675686 5.503956316760788 3.003e-12
9.518472577914288 5.507548252672206 2.55745e-10
8.51618582989433 5.518472478879219 1.0222e-11
7.514413972168231 5.518472478879062 1.7138e-11
6.512130515801063 5.5184724788788815 1.996e-11
5.475891977009726 4.274097044992911 8.299377783617492
10.518472602675697 4.499865961544403 2.071e-12
9.518472577916505 4.50543452252931 4.573e-12
8.518472553157324 4.518472454119958 5.213e-12
7.518472528398151 4.518472454119626 5.282e-12
10.518472602675612 3.493379552549115 1.1418e-11
9.518472577916238 3.5030891228540857 3.3033e-11
10.512884993086839 2.4881117809018463 89.93719000159291
4.476543596765671 6.212672607484968 8.1886153250413
4.491184356969663 5.1766871545251 4.099463110914559
6.518472503638979 4.518472454119496 5.337e-12
0.5000000123796076 4.500000111416681 2.277e-12
5.452354070222048 6.4523540949813665 8.188615324845228
7.5184725283977585 3.518472429359986 4.5349e-11
5.525967673435289 2.8582618615084185 8.299377783532972
6.456568069372633 3.406567832999555 8.29937778353361
1.500000037138805 3.5000000866572427 5.132e-12
3.5225485912182286 4.703285843336706 4.099463110914692
2.5000000618981963 4.500000111416725 2.9016e-11
