110 11.026865455836727
1.6060402334480104 9.680522466293844 16.003108141747546
5.5808169621237464 5.416244480317412 14.717369961618063
4.47200613685841 6.171146689315862 14.717369961618296
4.610620975519045 5.173634348085855 14.7173699616183
9.806087840534673 1.5735381330877005 56.60599984009219
9.109807890899443 2.334216046988764 56.60599984009178
8.516569981352845 1.5275549122038896 56.60599984009174
7.96617666701953 0.6926494088457344 56.60599984009178
7.265449595215047 1.4465813709401054 56.605999840091826
7.8220244827756895 2.290863858670169 56.605999840091705
6.576705033562253 2.2186899049679596 56.605999840091805
8.526865455836045 3.5268654558346326 1.71e-13
7.520247927696171 3.504249883647715 0.788504157998821
6.824856078758569 5.52513602840246 0.003032599580664
0.5738819546867484 9.452983501149706 9.251732057042924
2.547986600689408 8.87457998638202 11.91236506325061
1.5617645928400248 8.59510525029199 9.251732057043236
0.5738819546867493 8.439803556779006 9.251732057043025
1.4253762606824205 7.555805640076373 8.164743198440082
2.4143443987242086 7.704068231371738 8.1647431984381
2.572807117848915 6.599599312658937 8.164743198439577
3.5239278695402803 7.011654309571495 8.164743198438174
1.5673961113204533 6.565941830239232 8.164743198439737
3.4609236255972027 8.012854814971572 8.164743198438506
4.551810009235909 3.707839232291767 6.295124362860069
5.492420747591669 4.301191104638526 6.295124362860061
5.536007751617071 2.832511062896806 9.727936905718988
6.449667135052373 3.4212425294512294 9.727936905719067
3.500000000000955 4.5000000000013 89.9999999999998
0.5000000000001377 6.500000000001814 1.31e-13
0.5000000000001368 5.500000000001537 8e-14
3.500000000000954 5.500000000001586 2.13e-13
1.5000000000004086 4.500000000001225 3.9e-14
2.5000000000006817 5.5178104874965355 1.85e-13
3.5000000000009632 2.5000000000007105 9.81e-13
3.5000000000009903 1.5000000000004174 5.7e-14
6.504951672998057 0.5006361900090353 0.002400581103897
5.5033465134377755 0.5000000000001386 89.9999999999999
5.500000000001542 1.500000000000414 89.9999999999998
4.501762821974259 0.5000000000001421 89.99999999999946
4.5000000000012665 1.5000000000004263 89.99999999999984
4.500000000001236 2.500000000000714 1.08e-12
3.500778596410641 3.5000000000010134 1.56e-13
2.50000000000069 2.5000000000007483 7.71e-13
2.500000000000688 3.500000000001028 7.44e-13
0.5000000000001412 10.526865455836589 1.38e-13
10.526865455836589 0.5000000000001386 89.99999999999989
0.5000000000001412 0.500000000000143 3.52e-13
1.5000000000004343 0.5000000000001359 8e-15
2.5000000000007323 0.5000000000001616 2.159e-12
3.5007919091673267 0.5000000000001386 0.0
0.5000000000001386 1.5000000000004245 2.36e-13
1.5000000000004192 1.5000000000004086 3.1e-14
2.500000000000703 1.5000000000004619 1.037e-12
0.5000000000001377 2.500000000000706 9.9e-14
1.5000000000004112 2.5000000000006803 5.6e-14
0.5000000000001368 3.5000000000009845 8.5e-14
10.526865455836589 10.526865455836592 89.99999999999994
9.526865455836317 10.526865455836589 89.99999999999989
8.526865455836045 10.526865455836592 89.99999999999997
7.526865455835773 10.526865455836585 4.3e-14
6.526865455835501 10.526865455836585 1.28e-13
5.526865455835229 10.526865455836589 1.56e-13
4.526865455834957 10.526865455836589 1.85e-13
3.5268654558346846 10.526865455836589 2.33e-13
2.526865455834413 10.526865455836589 2.84e-13
10.526865455836589 9.526865455836315 89.99999999999989
9.526865455836317 9.52686545583631 89.99999999999984
8.526865455836045 9.526865455836314 89.99999999999987
8.526865455836038 8.526865455836035 89.99999999999935
8.526865455836045 7.526865455835751 8.5e-14
5.526865455835219 9.52686545583631 8.1e-13
4.526865455834947 9.526865455836305 9.24e-13
3.5268654558346744 9.526865455836308 1.004e-12
10.526865455836589 8.526865455836042 89.99999999999973
9.526865455836315 8.526865455836031 89.9999999999996
7.526865455835771 9.526865455836298 1.4e-14
7.5268654558357655 8.526865455836017 89.99999999999925
7.526865455835773 7.526865455835731 2.61e-13
7.526865455835758 6.526865455835436 1.955e-12
4.520376721269681 8.526865455836017 1.543e-12
10.526865455836592 7.526865455835763 89.99999999999996
9.526865455836319 7.526865455835757 89.99999999999999
6.526865455835494 9.526865455836258 5.68e-13
6.5268654558354715 8.526865455835967 1.037e-12
6.526865455835494 7.526865455835687 1.14e-12
6.526865455835486 6.526135016056627 2.046e-12
4.526865455834946 7.526865455835737 1.646e-12
10.526865455836592 6.526865455835487 1.4e-14
9.52686545583631 6.526865455835473 1.208e-12
8.526865455836035 6.526865455835466 1.435e-12
5.525038127359583 8.526865455836035 9.67e-13
5.526865455835218 7.526865455835758 1.584e-12
10.477519238934168 5.526865455835211 1.42e-13
8.95154447387712 5.526865455835182 89.99999999999972
7.924941581616322 5.526865455835174 1.847e-12
10.526865455836589 4.526865455834938 2.8e-14
9.526865455836319 4.526239027640531 1.4e-14
8.526865455836045 4.526865455834905 1.16e-13
7.5268654558357735 4.524480919299884 1.14e-13
10.526865455836592 3.526865455834665 2.2e-14
9.526865455836319 3.525666510965041 7.7e-14
10.526865455836589 2.526865455834392 89.99999999999991
6.526865455835499 4.516446564795865 4.32e-13
0.5000000000001368 4.500000000001262 1.4e-14
5.526865455835212 6.5268654558354795 2.17e-12
1.5000000000004095 3.500000000000952 4.3e-14
2.5000000000006826 4.500000000001312 89.9999999999998
1.5000000000004095 5.5000000000014975 1.42e-13
9.26766103601306 0.5000000000001368 89.99999999999996
