110 11.04617981215925
3.3163934222547087 8.344614414235224 30.102907956882806
1.5522712957806113 8.417325235480632 30.061715102552444
0.683209479514443 7.922570108857874 30.06171510233663
1.561717313932078 7.267372651203912 30.061715102562694
2.472830149465822 7.7947132258750775 30.0617151025785
0.6799994523797803 6.766819966934025 29.08391975063667
2.529549487133201 6.672121840409174 30.061715102577697
3.395035879888072 7.173054406684766 30.061715102576006
0.7833104821854695 5.679999781792606 29.083919750620325
1.6640630943788688 6.171189274130793 30.06171510269195
3.323514934457467 5.976239169221811 30.061715102577196
1.5942796723360946 4.97137203065188 30.06171510264228
2.4580285417021663 5.47530660294352 30.061715102710192
1.6832095453984217 3.8386294307741893 30.061715102697217
2.537511942935805 4.358885148007763 30.06171510269992
3.3999610460609526 4.865065391096252 30.06171510270224
3.40397247189007 3.702714831141211 30.061715102773256
2.5486959381528544 3.1841421775585945 30.061715102758672
1.6832095453984883 2.683209611281421 30.06171510269477
0.5031952670116704 3.5000002305902145 89.99999999999831
0.5000000329414513 4.500000296473111 89.9999999999942
3.302012850421579 2.4435309662893068 34.46609362239663
9.756040950733752 1.5712467787805808 65.62992487356149
9.340284891385524 0.6617640589187941 65.62992487356156
9.070988880859343 2.482061303751158 65.43321791768632
8.65516184272721 1.5724233150135216 65.43321791768892
8.23962016392196 0.6626339089193092 65.43846310544147
7.552056977562465 1.5646091465471321 65.43321791769417
7.967810586706218 2.4740865064907274 65.4332179176948
8.383564195849926 3.383563866434373 65.43321791769931
7.119932485050607 0.6626154845436352 65.43321791769439
6.868277848546447 2.4740865062321102 65.43321791768764
7.284031457699813 3.383563866196832 65.4332179176932
5.982365178243631 0.6681755888934067 64.10104959313833
6.431974686412206 1.5615146363191723 64.10104959215805
6.167194640773973 3.345710513613581 65.43321791769363
4.794989248719005 0.6668697971990349 64.42179293831916
5.290196717570981 1.538489130750305 64.42179293830324
5.7398479280530434 2.4319140646094404 64.42179293829366
4.10909882986831 1.5607767971128061 64.95237793398766
4.604606129471879 2.433022537126194 64.95237793398573
5.054355235210716 3.3266519936632344 64.95237793398462
3.6646640484287856 0.6646638507801583 64.95237793399026
10.384415753240454 2.384415226178283 65.62992487356257
4.513296788092245 6.4709294659979735 4.242537169277861
4.523175433265796 5.456996249079321 2.700696654030383
5.54617944980262 4.508326031098064 1.23322e-10
2.4765802666553687 10.543662359764756 0.052248616219311
5.540640778028123 5.513864768749595 0.63825310251172
6.5461795156856155 4.546179383696959 9.3e-11
1.5087434450307722 9.584412876100744 4.468509935603528
0.5374357741833293 9.178246812090483 4.468509935598735
4.341161997148102 4.245399335381679 40.59431191562426
2.5461792521553552 9.538498105576604 2.3504e-11
9.546179713334954 3.5433156401480135 89.99999999999216
0.500000032941494 10.54617977921783 4.247e-12
10.546179779217802 0.5000000329415135 89.99999999999638
0.5000000329414371 0.5000000329414833 2.559e-12
1.5000000988243078 0.5000000329414664 6.125e-12
2.500000164707174 0.5000000329415402 8.91e-12
0.5000000330968861 1.5000000988244393 2.793e-12
1.5000000992911993 1.500000098824394 6.992e-12
2.5000001653251185 1.5000000990044962 4.161031e-09
0.5000000329414522 2.5000001647073193 2.413e-12
10.54617977921777 10.546179779217862 89.99999999999967
9.546179713208385 10.54581616456089 1.4504622e-08
8.541885885187414 10.54617977921782 1.435e-12
7.538163085018224 10.546179779217734 89.99999999999581
6.4909818974485365 10.546179779217638 1.862e-12
5.486795857907907 10.54617977921703 89.99999999994262
4.483143391775634 10.546179779217141 9.535e-12
3.4797903006470934 10.543580968985438 0.017623323864153
10.546179779217852 9.546179713335087 89.99999999999928
9.546179713334976 9.545067989191757 8.74e-12
8.546179647452128 9.546179713334872 1.1866e-11
7.5461795815693264 9.54617971333449 1.2967e-11
6.546179515686527 9.546179713334308 1.5429e-11
5.5461794498037325 9.54617971333149 1.7245e-11
4.546179383920936 9.546179713332956 1.9156e-11
3.5461793180381425 9.538371228437704 2.1286e-11
10.546179779217841 8.546179647452304 89.99999999999774
9.54617971333496 8.544593454307279 89.9999999999886
8.54617964745212 8.546179647451769 89.99999999998424
7.5461795815691595 8.546179647451126 89.99999999996386
6.546179515685248 8.546179647425351 89.99999999983419
5.546179449802279 8.54617964744478 89.99999999981256
4.546179383919375 8.546179647447508 89.99999999979822
10.546179779217795 7.546179581569525 89.99999999999687
9.546179713334645 7.544257607089893 89.99999999998201
8.54617964745164 7.5461795815688575 89.99999999998427
7.54617958156844 7.546179581568186 89.99999999997407
6.546179515684873 7.546179581525966 89.99999999992495
5.546179449801807 7.546179581527213 89.99999999992487
4.546179383918741 7.546179581563042 89.99999999992426
10.54617977921772 6.546179515686749 89.99999999999613
9.54617971333419 6.5439820155339685 2.9573e-11
8.546179647451028 6.546179515685424 4.6683e-11
7.546179581568012 6.546179515684671 4.3133e-11
6.546179515683831 6.546179515569599 1.75059e-10
5.546179449799893 6.546179515632777 2.78993e-10
10.546179779217695 5.546179449803971 89.99999999999531
9.54617971333407 5.5437394777530224 2.9317e-11
8.546030715164582 5.546179449802562 4.8431e-11
7.545957194545693 5.546179449630754 6.5894e-10
6.545910939927443 5.546179449628036 2.059499e-09
10.546179779217788 4.546179383921194 89.99999999999449
9.546179713334631 4.5435190759363735 2.8663e-11
8.546179647451645 4.546179383919735 4.6583e-11
7.546179581568646 4.543295210268268 6.8523e-11
10.546179779217795 3.5461793180384107 89.99999999999304
