110 11.012950413353733
0.5000000020462778 10.512950411309514 1.18007e-10
10.512950411312094 0.5000000020416469 89.99999999999974
0.5000000020416451 0.5011617354160904 3.84e-13
1.5000000061249343 0.5011616938829402 7.61e-13
2.5000000102082303 0.5000000020416637 1.066e-12
3.5000000142915266 0.500000002041709 7.56e-13
0.5000000020416593 1.5032027121210865 2.458e-12
1.5000000061249628 1.5030480177629713 4.917e-12
2.500000010208268 1.5000000061250267 7.39e-12
0.5004416541871004 2.5050313506838395 1.38016674e-07
1.5013253660130212 2.5049725491648416 89.99034047888706
0.5000000020832616 3.5050337107930414 1.657115e-09
10.512950411309795 10.51295041131181 1.1738e-11
9.512950407217796 10.51295041131209 89.99999999999982
8.512950403125867 10.512950411311135 89.99999999989751
7.512950399033941 10.512950411312069 8.5e-14
6.512950394941902 10.51295041131209 1.137e-12
5.512950390850932 10.512950411312094 2.56e-13
4.512950144446282 10.512948897417571 2.7766043785e-05
3.510958143921318 10.5129504113117 1.108e-12
2.5109564381659633 10.512948712253461 0.000194682541926
10.512950411310353 9.512950407228018 1.9611e-11
9.51295040721698 9.51295040722881 89.99999999999959
8.512950403124506 9.512950407227061 89.99999999982901
7.512950399032967 9.512950407228747 1.79e-13
6.512950394941217 9.512950407228807 2.203e-12
5.512950390850035 9.512950407228816 5.37e-13
4.512950386765492 9.512409750492292 89.99999999999325
3.5129503826812822 9.512950407227525 2.335e-12
10.512950411310094 8.512950403144233 2.5232e-11
9.512950407215243 8.512950403145528 89.99999999999942
8.512950403121163 8.51295040314321 89.99999999978647
7.512950399029505 8.512950403145421 2.7e-13
6.51295039494102 8.512950403145522 3.183e-12
5.512950390851786 8.512950403145537 7.82e-13
4.512950386703346 8.512065505614986 4.62144e-10
10.512950411309635 7.512950399060454 2.9349e-11
9.512950407211644 7.5129503990622455 89.99999999999925
8.512950403115036 7.512950399059478 89.99999999975799
7.5129503989892115 7.512950399062098 4.83e-13
6.512950394884056 7.51295039906224 3.922e-12
5.512950390792783 7.512950399062253 9.95e-13
4.499886031954457 7.50902811953258 0.307991373125656
10.512950411308836 6.512950394976677 3.2443e-11
9.512950407205624 6.512950394978964 89.99999999999905
8.51295040309286 6.5129503949758325 89.99999999973997
7.512950398983189 6.51295039497879 4.83e-13
6.512950394880586 6.512950394978966 3.979e-12
5.497639639361617 5.512950390895685 1.478e-12
10.512950411307624 5.512950390892901 3.48e-11
9.512950407195264 5.512950390895682 89.99999999999886
8.512950403080215 5.512950390892206 89.99999999972432
7.512950398971558 5.5129503908954804 4.82e-13
6.50704546631583 5.51295039089569 4.071e-12
5.489266801924053 4.512950386812399 1.791e-12
10.51295041131176 4.512950386809124 3.6553e-11
9.512950407184086 4.512950386812399 89.99999999999868
8.512950403066327 4.512950386808596 89.99999999971094
7.5072462997999185 4.512950386812172 5.26e-13
10.512950411312065 3.512950382725131 89.99999999999945
9.51295040722873 3.5129503827291173 89.9999999999985
10.512950411311767 2.5129503786413463 89.99999999999349
4.482261578717953 6.495443213997385 1.43121307310277
4.489091707848946 5.482062782116394 89.93244404182731
6.500815390293955 4.512950386812412 4.093e-12
4.184825023275178 4.302738250505863 28.798332879175906
1.5860055745913906 9.744087430681635 26.205004447582272
0.674250598855525 9.311411711710756 26.78474928735932
2.4475208049862487 9.042166457346077 25.02286939886604
1.545513123259628 8.610335993684885 25.022869398893505
0.6645595056138092 8.133401951245338 25.022869398899957
1.5380008573545907 7.436437996231592 28.27138889626106
2.433407492331538 7.921393725575939 26.134519596039524
3.348544195200518 8.348544215722027 24.9865387317993
0.6771812328326403 6.925797435888513 28.271388896274733
2.4184334219337713 6.774465550213984 28.30719343420146
3.3410526785118857 7.24179591911929 24.986538731965013
0.6863634870790536 5.727966695059669 31.087618985946566
1.5393469401840338 6.249946075760354 31.087618989311917
3.316590816903607 6.108827493540217 26.92153964359434
0.5000000020677513 4.541603205895289 1.36076e-09
1.5574144220453001 5.085453797723754 31.087618979385553
2.4103978743874768 5.607433179864998 31.08761898923138
3.8885327736777047 1.5000000062270802 89.9999999972167
4.09590133688096 3.098679803209064 30.22624003060393
5.504861143320719 6.512950394978969 1.206e-12
9.793215105928265 1.5561051652792859 54.81967279904142
9.26838273829551 0.6964547339545959 55.28633106433571
9.099577809093233 2.38956275113773 60.51324866813103
8.578542185768782 1.535386213612342 60.513248668130366
8.057265626715001 0.6813459174072403 60.51324866813032
7.366778842018783 1.4918583598046498 60.51324866812746
7.900411011496669 2.3888970270051484 55.28133985268945
8.377680651679787 3.512950382725707 89.9999999996991
6.768525536011488 0.6813459174072589 60.513248668135326
6.679107574327797 2.3376438204571643 62.248502944664246
7.224523645150441 3.5129503827288566 2.373e-12
5.500000022458121 0.5000000020416389 89.99999999999959
6.078812029995673 1.5235197857430736 62.24850294466451
5.224523636983862 3.512950382729081 3.88e-12
4.500000018374823 0.5000000020505189 1.85e-13
4.888532777802421 1.5000000061587313 89.99999999617174
5.27101992609211 2.5025748841530255 88.79836771090163
1.6753770160051609 3.8858796548187464 33.1862083459167
2.5005623181127206 4.485443044764444 30.9925190654969
3.379288101929585 5.001055857481612 28.798332879191452
6.224523641067147 3.512950382729116 3.97e-12
3.3019827823683916 3.7966476643141966 30.768127193124617
3.2787791669258413 2.514728584858073 30.226240030606842
2.4664893629564437 3.2084056678102506 33.18620834499796
