110 11.014304522294676
1.5545995147123408 9.797186368453684 35.70896680123081
0.6922966607274317 9.250329536695986 33.25270981413023
2.3881592536503584 9.103387830554194 29.663104676589196
1.5391203447745965 8.573527220064186 29.663104676588333
0.6819249617760841 8.057988048333028 29.663104676584904
1.5518437065144877 7.402624823881753 29.663104676618268
2.4098704214215227 7.918637459418032 29.66310468292086
0.6821525932500592 6.907303751907238 29.663104676460485
2.419826142293037 6.746158837680542 29.663104676506084
3.3648133272611074 7.23762015678167 21.710199562684906
0.6819249617758896 5.7563601711253325 29.66310467650016
1.5508755520345452 6.251259504402771 29.66310467650287
3.2818998868445974 6.071311873558599 28.147714384939952
1.5262033610630987 5.08639381117472 29.663104676523023
2.395153951322381 5.581293144452693 29.663104676494658
4.104327775080217 3.0871607415141358 30.006596458182162
1.6791502108723857 3.9105620039540376 28.834786697883434
2.504657588359249 4.48458738118428 28.834786697882727
3.3736989828663657 4.979538430534101 28.834786697881334
9.798157426467814 1.553352102893637 54.02116525539649
9.26735240759259 0.6973394700585898 54.58391305304151
9.104979403269436 2.3844214048521444 59.9773751465586
8.575897507417825 1.535201403728085 59.977375146558394
8.051827626352663 0.683085072831024 59.977375146558316
7.356862798165843 1.4791012872205673 59.97737514655593
7.880932679231001 2.33121761811764 59.97737514655646
6.7357132184514095 0.6830850728310329 59.97737514655608
6.6943169320372435 2.33121761811772 59.97737514655687
6.073167352322802 1.535201403728197 59.97737514655678
3.499529874197702 8.382987783968755 1.718892395607138
4.191935462710834 4.288480400523499 28.834786697884585
4.500001030132111 0.5000001144591515 89.9999999999999
4.890082165032577 1.500000343377553 89.99999999997652
5.2742159075343045 2.5041710719391514 88.07764422673904
3.304895385051876 3.780263072400797 30.006596458195617
3.2804939615482676 2.5141018496784344 30.0065964581907
2.4756347793201394 3.2040701745608113 30.00659645819256
0.5000001144592794 10.514304407835443 2.536e-12
10.514304407835555 0.5000001144591266 89.99999999999976
0.500000114459124 0.5000001144617308 89.99999999999982
1.50000034337737 0.5000001144592439 89.9999999999997
2.5000005722956176 0.5000001144592465 89.99999999999982
3.5000008012138646 0.5000001144591728 89.99999999999983
0.500000114459155 1.5000003433892264 2.678e-12
1.50000034337745 1.5000003433931735 5.07e-12
2.500000572295744 1.5000003433777724 7.27e-12
0.5021369278625851 2.500000572313312 2.02932e-10
1.5064425962194319 2.504864744542257 89.98954565998108
0.5021979164215162 3.5000008012343335 1.00371e-10
10.51430440783392 10.514304407835539 89.9999999999989
9.514304178912393 10.514304407835551 89.99999999999879
8.51430394999223 10.514304407835485 89.99999999999153
7.514303721072518 10.514304407835553 89.9999999999992
6.514303492153061 10.514304407835551 89.99999999999902
5.514303263233768 10.514304407835557 89.99999999999942
4.51430303431459 10.514304407835551 9.58e-13
3.5143028053954977 10.514304407835489 3.726e-12
2.514302576476466 10.514304407835033 1.1312e-11
10.51430440783551 9.514304178916237 1.541e-12
9.514304178917119 9.514304178917303 89.99999999999758
8.514303949998682 9.514304178917186 89.99999999998808
7.514303721080286 9.5143041789173 89.99999999999987
6.514303492161971 9.514304178917296 89.99999999999996
5.514303263243652 9.514304178917307 89.99999999999953
4.5143030343252875 9.514304178917257 6.963e-12
3.514302805406966 9.514304178917122 7.664e-12
10.514304407835441 8.51430394999693 4.298e-12
9.514304178916927 8.51430394999907 89.99999999999757
8.514303949994913 8.514303949998904 89.99999999998602
7.51430372107551 8.514303949999043 1.08e-12
6.514303492156591 8.514303949999038 7.27e-13
5.514303263237216 8.51430394999906 89.99999999999933
4.5118295972713724 8.514303949998972 1.1869e-11
10.514304407835136 7.514303721077891 2.5963e-11
9.514304178915772 7.514303721080834 89.99999999999757
8.514303949996403 7.514303721080533 89.99999999999204
7.514303721077462 7.514303721080758 2.103e-12
6.514303492158146 7.514303721080792 89.99999999999997
5.51430326323749 7.514303721080822 89.99999999999883
4.514303034318452 7.514303721080727 1.2562e-11
10.514304407835091 6.514303492159057 2.9729e-11
9.514304178915737 6.5143034921625995 89.99999999999756
8.514303949995107 6.5143034921620995 5.798e-12
7.514303721075145 6.514303492162499 4.237e-12
6.514303492152473 6.514303492162558 2.95e-13
5.514303263236593 5.514303263243545 89.99999999990635
10.514304407835011 5.5143032632403 3.1903e-11
9.514304178915364 5.514303263244365 89.9999999999975
8.51430394999523 5.5143032632437805 6.21e-12
7.514303721075589 5.514303263244257 4.706e-12
6.514303492156092 5.514303263244328 2.92e-13
5.407538357027233 4.500822917920562 88.07764422673942
10.514304407835283 4.514303034321593 3.0838e-11
9.51430417891499 4.5143030343261294 89.99999999999748
8.514303949993431 4.51430303432546 6.054e-12
7.514303721073826 4.514303034326012 5.191e-12
10.514304407835539 3.5143028054027354 89.9999999999989
9.514304178917268 3.5143028054078957 89.99999999999747
10.514304407835287 2.5143025764840927 89.9999999999949
4.514303034312844 6.514303492161726 89.99999999992974
4.443852519022943 5.496227493296324 87.64657141184534
6.514303492154603 4.514303034326096 2.92e-13
0.5000001144591453 4.500001030155359 89.99999999999709
5.514303263232228 6.514303492162032 89.99999999993571
8.391491027417223 3.51430280540714 4.349e-12
6.391490569580652 3.5143028054078638 4.14e-13
5.364265438759854 3.5017119884154084 88.07764422673922
7.3914907984989515 3.5143028054077607 5.538e-12
3.890081936114086 1.5000003433775442 89.99999999999521
5.500001259050358 0.5000001144591142 89.99999999999996
