110 11.012180389492146
1.5797419069445828 9.760941869320602 28.88079361127565
0.6793076843566199 9.32292775423279 28.880793611272225
2.452275675740233 9.047727663195701 23.34098292548853
1.5520946469648806 8.609853207883436 23.340982925488582
0.6571827859744763 8.159767931511539 23.34098292548855
1.5525101567981654 7.458449844720329 25.577406713649165
2.4460433964830712 7.907875264731009 25.577406713649122
3.3453139205790614 8.345313920667328 25.577406713648994
0.6668664687895163 6.992540982750052 25.577406713649104
2.449058041936558 6.779094363593568 26.28981314980217
3.3424418966107314 7.228445985977823 26.28981314980197
1.5637674505968322 6.313359934760429 26.289813149802118
3.339198452281543 6.103385089667721 27.127195282090256
1.5690409103769336 5.09125375454096 31.944744926038414
2.4541439097645767 5.637771594533293 27.12719528209156
1.6659797403191736 3.9008430408302623 33.579173458376864
2.4928308374836736 4.48879497814258 31.94474492603723
3.380227741452833 4.955608523465068 31.944744926036222
3.5121803893597727 9.51218038946567 89.99999999999966
9.755473674357301 1.5823836451973876 62.010351437517215
9.321064640494928 0.6782862934567815 61.955788649229035
9.044636825520183 2.4516768543719607 66.25816603564627
8.60998977565588 1.550396431987378 66.25816603564623
8.152887896187432 0.6589925513618544 66.25816603564624
7.4557951517222945 1.5557085044219257 64.77873273330002
7.912384230350449 2.4460236769132555 64.77873273330003
8.346788355872933 3.346788355784711 64.77873273330016
6.999208829565077 0.6653920335838963 64.77873273330015
6.773749852992984 2.45393017622257 64.08618621405245
7.230192923271653 3.343944840795554 64.08618621405259
6.317309523090651 1.5639141801777638 64.08618621405259
6.088575927090126 3.334008957841784 61.44756858161624
5.098026103185245 1.545038754700427 56.04672771264032
5.632103965252427 2.443934829941649 61.44756858161516
3.9153010887503275 1.6951128982565722 52.510667929302244
4.534980272045443 2.5530583663103075 59.60139199456777
4.992077397179486 3.4442813933187857 59.60139199456843
3.2133197223572907 2.4938866785838236 44.979665341259114
4.2903738876531285 4.293552905428541 48.15023188695665
3.4684026886812833 3.6567351474707905 45.01610638095851
2.5061089099674874 3.2008895914433504 44.979665341258794
4.512180389377413 8.51143513215536 89.99999999999828
4.511149539030442 7.51087786994867 0.009963240679014
5.512180389394985 4.512180389377386 89.9999999999957
2.5000000000441576 1.5000000000264873 89.99999999999989
5.8338167959723535 0.500000000008824 89.99999999999989
4.51227398918153 0.5000000000088249 89.99999999999991
6.512180389412653 4.5121803893773835 89.99999999999652
5.512180389395028 5.512180389395037 89.99999999999555
4.512180389377215 6.5103560771556594 89.99999999997452
4.512180389377359 5.509635742118096 89.99999999999342
0.5000000000088285 10.51218038948332 1.06e-13
10.51218038948332 0.5000000000088267 89.99999999999991
0.5000000000088285 0.5000000000088338 9e-15
1.5000000000264908 0.5000000000088365 6.71e-13
2.500000000044161 0.5000000000088276 4.3e-14
3.5000000000618288 0.5000000000088276 89.9999999999999
0.5000000000088303 1.5000000000265388 4.14e-13
1.5000000000264917 1.5000000000265175 7.57e-13
0.5000000000088383 2.5000000000442175 1.027e-12
1.5000000000265103 2.5000000000441864 1.923e-12
0.5000000000088312 3.5000000000618865 5.44e-13
10.51218038948327 10.51218038948332 89.99999999999982
9.51218038946552 10.51218038948332 89.99999999999959
8.512180389447813 10.51218038948332 89.99999999999955
5.512180389394758 10.512180389483316 89.99999999999945
5.512180389395072 9.512180389465662 89.999999999999
6.51218038941272 9.51218038946566 89.99999999999892
4.512180389377077 10.512180389483305 89.9999999999982
3.5121803893593952 10.51218038948332 89.99999999999984
2.51218038934172 10.512180389483298 5.49e-13
10.51218038948332 9.512180389465668 89.99999999999956
9.512180389465664 9.512180389465664 89.99999999999888
8.512180389448016 9.512180389465664 89.99999999999882
6.512180389412438 10.512180389483316 89.99999999999962
7.512180389430123 10.512180389483316 89.99999999999962
7.512180389430368 9.512180389465652 89.99999999999885
4.512180389377422 9.5117972611724 89.99999999999936
10.512180389483316 8.512180389448016 89.99999999999937
9.512180389465657 8.512180389448009 89.9999999999981
8.512180389448009 8.512180389448009 89.99999999999788
7.512180389430361 8.512180389447987 89.99999999999783
6.512180389412713 8.512180389448002 89.99999999999783
5.512180389395064 8.512180389448002 89.9999999999979
10.512180389483312 7.512180389430364 89.99999999999923
9.51218038946565 7.512180389430359 89.99999999999766
8.512180389447987 7.512180389430352 89.99999999999675
7.512180389430334 7.5121803894303145 89.99999999999626
6.512180389412677 7.512180389430338 89.99999999999606
5.512180389395016 7.512180389430336 89.99999999999571
10.512180389483316 6.51218038941271 89.99999999999903
9.512180389465653 6.512180389412711 89.99999999999751
8.512180389447995 6.512180389412702 89.9999999999964
7.5121803894303465 6.512180389412651 89.99999999999613
6.512180389412697 6.512180389412688 89.99999999999594
5.512180389395046 6.512180389412686 89.99999999999555
10.512180389483312 5.512180389395053 89.9999999999988
9.512180389465648 5.512180389395063 89.99999999999746
8.512180389447987 5.512180389395052 89.99999999999605
7.512180389430334 5.51218038939498 89.99999999999584
6.512180389412682 5.512180389395037 89.99999999999595
10.512180389483305 4.512180389377391 89.99999999999848
9.512180389465644 4.5121803893774155 89.99999999999741
8.512180389447973 4.512180389377402 89.9999999999958
7.512180389430313 4.511063180113937 89.99999999999613
10.512180389483312 3.512180389359564 89.99999999999899
9.512180389465652 3.5121803893597674 89.99999999999741
10.512180389483255 2.512180389341822 89.99999999999926
0.5000000000088258 4.558867967024079 1.65e-13
0.500000000008824 5.825674513951707 1.21e-13
