110 11.013959840476408
1.5805400918791372 9.764554174728008 29.061282468918648
0.6799227415565259 9.326526288942834 29.06128246785688
2.4544964061583063 9.050452926279634 23.16533576044335
1.5541582024746239 8.61258016453322 23.165335760444506
0.6563796319209967 8.1687253384794 23.16533576044404
1.549906741656374 7.465069726501386 25.9356256016478
2.446350310143269 7.9082752842696635 25.9356256016468
3.3456363188404903 8.345636318841665 25.935625601644293
0.668323521634254 6.9913088553822975 25.935625601647725
2.4491927503524424 6.790437479369406 25.93562560182104
3.345636318839392 7.23364303713767 25.935625601812664
0.6683235216349583 5.879315573674796 25.935625601822288
1.5676095303304174 6.316676608250388 25.935625601822412
3.3426950933681683 6.113050217654067 26.67925147875825
1.5457866210822493 5.194069917602158 25.935625601849964
2.4563327676972535 5.6367820456087125 27.38259897576671
2.571675599793998 4.523794950192885 28.804761404496123
3.438983506514913 5.0219141177073485 28.80476140449926
4.513959840474499 5.513959840474048 2.4388e-11
4.513959840474323 6.513959840474621 89.99999999998857
4.5096306997530835 7.513959840475058 7.062e-12
9.736008160732286 1.5768832052154753 64.38981518400415
9.305626633361499 0.6693073537846788 64.33716665008768
9.043368564789326 2.4453892154474413 64.38981518404931
8.611122514352317 1.5436335102356016 64.38981518404782
8.126464477252885 0.6670008778243508 64.3898151840481
7.4448153316934045 1.5584352672191089 64.38981518404907
7.929473368792882 2.43506789963033 64.3898151840508
8.350908216547124 3.3509082165440907 65.33174008598203
6.991036856809915 0.6670008778243437 64.38981518404907
6.766457225552275 2.4562481901421527 63.38466059601482
7.250482875602033 3.350908216545752 65.3317400859729
5.864799014194485 0.6710163934405031 63.38466059601379
6.312797471732725 1.5650507227835422 63.38466059601332
6.110816354898649 3.377947745757248 59.66273117549864
4.746273732579979 0.6710163934406577 63.38466059597965
5.1942721901189275 1.5650507227834467 63.384660595979405
5.642270647657232 2.459085052126558 63.384660595979184
4.06158738956066 1.5367937147295003 63.38466059593162
4.511010354864376 2.4336708191368945 63.384660595988905
4.937524226630167 3.3423791628917567 63.407109350842454
3.3640150815734993 2.376855556747074 63.384660595929454
1.6867363611228194 2.6867363611230726 31.21384131978655
3.3861102920268356 3.741528930468678 31.213841319786088
4.2169614637762844 4.30000985759421 31.213841319784667
2.513363552809945 3.252188107319887 31.21384131978737
1.5000000000005755 4.025746395967046 2.7626e-11
5.4036978248985745 4.513959840474357 6.1462e-11
0.5000000000002442 10.513959840476218 3.382e-12
10.513959840476286 0.5000000000001457 89.99999999999864
0.5000000000002469 0.5019873059993865 5.7e-14
1.50255493960735 0.5000000000001137 89.99999999999999
2.5051357675117227 0.5000000000001741 89.99999999999427
3.507895409466528 0.5015449512668155 89.99201590529077
0.5000000000002478 1.5059200303494817 89.99999999999993
1.5000000000007425 1.5000000000003464 1.42e-13
2.500000000001155 1.5000000000004938 89.99999999998836
0.5000000000001199 2.510383305029034 2.117e-12
0.5000000000004219 3.5181606628847533 3.034e-11
10.513959840475003 10.513959840476197 89.99999999999208
9.513959840472145 10.513959840476225 89.99999999999518
8.513959840470509 10.513959840476208 89.99999999999471
7.513959840469262 10.513959840476193 89.99999999998938
6.513959840468214 10.513959840476282 89.99999999999798
5.513959840467319 10.51395984047629 89.99999999999986
4.513959840466521 10.513959840476275 89.9999999999973
3.5139598404657897 10.513959840476275 2.07e-12
2.5139598404650867 10.51395984047588 1.3494e-11
10.513959840476296 9.513959840475671 4.1e-13
9.513959840476073 9.51395984047581 8.67e-13
8.513959840475849 9.513959840475739 1.664e-12
7.513959840475621 9.513959840475575 2.842e-12
6.5139598404753905 9.51395984047595 3.984e-12
5.513959840475159 9.513959840476003 4.729e-12
4.513959840474927 9.513959840475914 4.72e-12
3.5139598404746923 9.513959840476023 4.178e-12
10.513959840476215 8.51395984047514 9.919e-12
9.513959840475898 8.513959840475263 1.9764e-11
8.513959840475655 8.51395984047509 2.1136e-11
7.513959840475412 8.513959840474946 2.1856e-11
6.513959840475167 8.513959840475556 2.2252e-11
5.513959840474927 8.513959840475636 2.198e-11
4.51395984047468 8.513959840475485 2.4359e-11
10.513959840476204 7.513959840474744 8.83e-12
9.513959840475767 7.51395984047481 2.7954e-11
8.513959840475424 7.513959840474627 3.4831e-11
7.513959840475099 7.513959840474451 3.6175e-11
6.513959840474703 7.51395984047527 2.8052e-11
5.5111635485581205 7.513959840475408 2.2212e-11
10.513959840476279 6.511364122597438 2.004e-12
9.513959840476009 6.513959840474296 5.209e-12
8.513959840475609 6.513959840474175 2.3917e-11
7.513959840475351 6.513959840473943 2.5793e-11
6.513959840475103 6.513959840475017 2.6205e-11
5.513959840474835 6.513959840475186 2.2487e-11
10.513959840476268 5.509550954776944 1.563e-12
9.513959840475918 5.513959840474027 5.059e-12
8.513959840475623 5.513959840473478 2.209e-12
7.513959840475211 5.513959840473371 2.4059e-11
6.5139598404749695 5.5139598404747705 2.6291e-11
5.513959840474739 5.513959840474941 2.5267e-11
10.51395984047629 4.507752401767157 9.74e-13
9.513959840475941 4.5139598404737775 4.133e-12
8.513959840472019 4.513959840472946 89.99999999997797
7.513959840470399 4.511110998009657 1.3813e-11
10.513959840476293 3.5057269581749373 1.165e-12
9.51395984047607 3.5139598404735226 2.359e-12
10.511801102210818 2.50315305105365 89.99306578535185
6.51395984046861 4.513959840474218 6.3409e-11
0.5000000000001155 4.524152390342892 89.9999999999999
