110 11.010682884820827
1.5758943113363686 9.763780224913253 29.73046277656789
0.6821442405553153 9.312304311557424 29.730462776548993
2.449158117979188 9.050223036946353 23.31993149653867
1.554937865643971 8.598478605351794 23.31993149653987
0.657086893528037 8.155156544628367 23.319931496539237
1.5594784150028604 7.455857227766437 24.027533922427452
2.456816124955149 7.898950473825023 24.027533922425967
3.3504196631860452 8.350419971397473 24.02753392242155
0.6602627901383329 7.016976399562775 24.027533922419217
2.4661135367128044 6.766261116760713 25.413549133438007
3.362856352786723 7.209071714029336 25.41354913341579
0.5000000308211945 5.856713578603226 1.2117e-11
1.569072981334501 6.324077171739986 25.41354913342964
3.337252521477762 6.072356847150777 27.245844173687086
1.5830017581397033 5.09968960529631 27.90685176921733
2.4401046499415933 5.628469945382371 27.340480670744565
1.5827614233271121 3.9679688770805397 27.906851769220875
2.466471143905855 4.436004402867091 27.906851769221024
3.3319841917157134 4.938397526742921 27.90685176902192
9.790160881865525 1.554260583154329 54.74579875121813
9.203844432294895 0.6789583443288301 61.220861697951065
9.094223368986889 2.394332770266687 61.22086169716858
8.540854637544516 1.5573627087112536 61.22086169756067
8.062919659589035 0.6789583443286169 61.22086169799381
7.398631292788043 1.5573379553182893 61.81050828962571
7.870157783005288 2.4391904647651352 61.810508289656994
8.362309841115572 3.5106824224994693 89.99999999981254
6.921141059713065 0.6758623412141551 62.09598239041473
6.733766107671843 2.438982903891692 62.095982390452164
7.190146121862735 3.3383979257602867 63.08760007178397
5.789577261615569 0.6758623412139242 62.095982390452804
6.25756907348686 1.5595952117708611 62.09598239044659
6.066383051746383 3.3338489093557375 63.0876000716875
5.125760508554564 1.5591330041602944 62.09598239046855
5.593752320425578 2.4428658747174294 62.09598239048023
3.928287621651389 1.6391909925841386 57.42106169149761
4.497116743640758 2.5088226240207807 62.095982390482014
4.965108555510636 3.392555494578814 62.09598239049776
6.495470392044697 4.508257259292259 0.278588664869018
4.240364840979672 4.2378547395451704 48.66334737793559
3.675000236764372 3.3955837682710497 49.56024288508631
2.4181322527747846 3.278809435252754 27.90685176929085
3.2306051559733873 2.4604177409752226 49.560242886915226
0.6758726231822676 4.675872869753679 27.906851769195402
0.5000000308216999 3.5000002157499583 5.8054e-11
4.510682484127088 6.463303347427162 8.7454e-11
4.510682484144727 5.463303285783111 2.8393e-11
5.436067855570714 4.485043087265738 3.018973030454053
0.5000000308215524 10.510682853999459 1.1045e-11
10.51068285399969 0.5000000308211687 89.99999999999818
0.5000000308222479 0.5000000308212691 89.99999999999551
1.500000092466827 0.5000000308216155 89.99999999995813
2.5000001541104178 0.5000000308218908 89.99999999995832
3.50000021575366 0.5000000308214565 89.99999999997503
0.5000000308215631 1.500000092463897 89.99999999999338
1.5000000924652932 1.5000000924645587 89.99999999993572
2.5000001541091175 1.500000092466042 89.9999999998478
0.50000003082123 2.5000001541067527 89.99999999999953
1.5000000924637567 2.5000001541075987 89.99999999999248
10.510682853998915 10.510682853999633 89.99999999999523
9.510682792355095 10.510682853999644 89.99999999999243
8.510682730711942 10.510682853999619 89.99999999999166
7.51068266906902 10.510682853999565 89.99999999999089
6.510682607426221 10.510682853999455 89.99999999998838
5.510682545783476 10.510682853999423 89.999999999977
4.510682484140818 10.51068285399949 89.99999999997571
3.510682422498112 10.510682853999668 89.99999999999625
2.5106823608555007 10.510682853999377 7.246e-12
10.510682853999647 9.51068279235706 89.99999999998862
9.510682792357379 9.51068279235721 89.99999999998006
8.510682730715153 9.510682792357114 89.99999999997738
7.510682669072953 9.510682792356958 89.99999999997782
6.510682607430755 9.510682792356134 89.99999999998043
5.510682545788558 9.51068279235654 89.99999999998417
4.510682484146352 9.510682792356473 89.999999999989
3.51068242250415 9.51068279235736 89.99999999999322
10.510682853999729 8.51068273071268 89.99999999999835
9.510682792357297 8.510682730714827 89.99999999997128
8.510682730714896 8.510682730714555 89.99999999995015
7.510682669072619 8.5106827307143 89.99999999994554
6.51068260743032 8.510682730712766 89.99999999995069
5.5106825457880255 8.510682730712956 89.99999999995919
4.5106824841456294 8.510682730713407 89.99999999998188
10.510682853999672 7.510682669069405 3.581e-12
9.51068279235709 7.510682669072496 89.99999999997733
8.510682730714569 7.510682669072187 89.99999999994932
7.510682669072164 7.51068266907186 89.99999999993703
6.510682607429758 7.510682669069853 89.99999999992805
5.510682545787017 7.5106826690697925 89.99999999997374
4.5106824841446675 7.510682669070645 89.99999999998113
10.510682853999619 6.51068260742643 2.572e-12
9.5106827923571 6.51068260743004 89.99999999999426
8.510682730714455 6.510682607429745 89.99999999996427
7.510682669071841 6.510682607429369 89.99999999995663
6.510682607428179 6.510682607426638 89.9999999998548
5.510682545773608 6.510682607426859 3.169e-11
10.510682853999459 5.51068254578355 1.9966e-11
9.510682792356768 5.510682545787275 4.6157e-11
8.510682730714327 5.510682545786607 4.6271e-11
7.510682669071958 5.510682545786226 4.6214e-11
6.510682607429564 5.510682545782187 4.4366e-11
5.510682545787161 5.51068254578437 4.168e-11
10.510682853999267 4.510682484140816 1.8758e-11
9.50911888079796 4.510682484144972 4.88e-11
8.50808493207278 4.5106824841423325 89.9999999998954
7.5066485826826295 4.5106824841414 3.28195e-10
10.510682853999537 3.510682422498145 1.5788e-11
9.510682792356931 3.510682422502721 4.4267e-11
10.510682853999405 2.510682360855435 2.7e-12
4.613204911568669 0.5000000308212185 89.99999999999058
