110 11.001646733573967
0.5000000721965216 10.501646661377448 1.23e-13
10.50164666137743 0.5000000721965518 89.99999999999918
0.5000000721965199 0.5000000721971212 5.8e-14
1.5000002165895596 0.5000000721965492 1.11e-13
2.5000003609825985 0.5000000721965279 1.16e-13
3.5000005053756387 0.5000000721965234 89.99999999999999
0.5000000721965447 1.5000002165913626 1.906e-12
1.5000002165896396 1.500000216589675 4.37e-12
2.500000360982712 1.5000002165896085 3.299e-12
0.5000000721965518 2.5000003609851205 3.154e-12
1.5000002165896333 2.5000003609827655 6.292e-12
0.5014901401409046 3.5000005053787175 6.011e-12
10.501646661377375 10.501646661377444 89.99999999999967
9.501646516984188 10.501646661377439 89.99999999999876
8.501646372591065 10.50164666137744 89.9999999999988
7.501646228197959 10.501646661377439 89.99999999999878
6.501646083804866 10.501646661377436 89.99999999999892
5.501645939411779 10.501646661377439 89.99999999999872
4.5016457950187 10.501646661377427 89.99999999999893
3.5016456506256226 10.50164666137744 89.99999999999909
2.5016455062325442 10.501646661377421 89.9999999999999
10.50164666137744 9.501646516984398 89.9999999999992
9.501646516984387 9.501646516984394 89.9999999999975
8.501646372591345 9.501646516984387 89.99999999999689
7.501646228198306 9.501646516984387 89.9999999999969
6.501646083805266 9.501646516984357 89.99999999999709
5.501645939412228 9.50164651698439 89.99999999999731
4.501645795019189 9.4993605147501 89.99999999999763
3.501645650626153 9.50164651698439 89.99999999999785
10.50164666137744 8.501646372591349 89.999999999999
9.501646516984385 8.501646372591356 89.99999999999724
8.501646372591324 8.501646372591338 89.99999999999494
7.501646228198281 8.501646372591335 89.99999999999486
6.501646083805232 8.501646372591061 89.99999999999568
5.501645939412182 8.501646372591352 89.99999999999679
4.5016457950189235 8.497635355846171 9.52e-13
10.501646661377443 7.501646228198275 89.99999999999967
9.501646516984364 7.501646228198322 89.99999999999716
8.501646372591274 7.501646228198288 89.99999999999328
7.501646228198208 7.501646228198281 89.99999999999261
6.501646083805117 7.501646228197936 89.9999999999957
5.501645939412056 7.501646228198316 89.99999999999697
4.501645795018401 7.495137806199236 89.99999999992728
10.501646661377434 6.5016460838052055 1.05e-13
9.501646516984302 6.501646083805287 89.9999999999972
8.501646372591189 6.501646083805249 89.99999999999277
7.501646228198078 6.501646083805243 89.99999999999216
6.501646083804111 6.50164608380484 89.99999999999653
5.501645939410901 6.501646083805278 89.99999999999743
10.501646661377439 5.501645939412132 8.46e-13
9.501646516984238 5.501645939412251 89.99999999999724
8.501646372591072 5.501645939412211 89.9999999999924
7.501646228197291 5.501645939412206 89.99999999999196
6.496990360609732 5.5016459394117545 89.9999999999969
5.4895618756255935 5.50164593941224 89.99999999999784
10.501646661377448 4.50164579501906 1.85e-13
9.501646516984376 4.5016457950192175 89.9999999999973
8.501646372591292 4.501645795019174 89.9999999999921
7.501646228198252 4.50164579501917 89.99999999999183
10.501646661377443 3.5016456506259868 89.9999999999992
9.501646516984389 3.5016456506261813 89.99999999999743
10.501646661377423 2.501645506232923 89.9999999999991
4.489175599612796 6.491060406293618 89.92227312756083
4.4872669139439 5.4874593089970185 89.96271212801213
6.4902981471456185 4.501645795018676 89.99999999999723
5.490298002752557 4.5016457950192015 89.99999999999834
1.5430471258868281 9.78101509440522 36.43010777656137
0.6851137412118451 9.179238088587123 30.672485160381562
2.3746167413878636 9.086822617569196 30.06427130753014
1.5464982854243363 8.521334064923934 30.064271307530046
0.6832176646234354 8.016590715777605 30.064271307529886
1.5544072886121523 7.365426381037478 30.064271307530877
2.42033897308845 7.871704290495021 30.06427130753671
0.6836402780865578 6.861984396399354 29.675433405465775
2.416796518889338 6.705260570292754 29.67543340546725
3.3147251207376645 7.200808751973803 26.673504378058006
0.6819651249457195 5.710074918263916 29.67543340546666
1.5508091218041589 6.205161171296942 29.675433405466855
3.2876778485388747 6.04487200457303 29.107012093956836
0.5000000721965296 4.500000649772239 89.99999999999905
1.5461144701604974 5.051531118039864 29.675433405467224
2.4149584670191384 5.5466173710729745 29.675433405467217
1.6819652693387628 3.977986927216167 29.67543340546427
2.5508092661972457 4.4730731802491555 29.675433405461963
3.419653263055878 4.968159433281899 29.675433405458676
9.74457611490427 1.572337020662263 61.35111382267735
9.294888701588835 0.6785076104894259 61.35111382267852
9.032955218178305 2.4419438946070313 66.31958463126807
8.58287263555254 1.5473911617085978 66.31958463126801
8.119384835084848 0.6587174435855792 66.31958463126806
7.420687934124233 1.5525351795054472 63.93892399269405
7.8833223797097105 2.4394639839680266 63.93892399269423
8.332818730698275 3.3328180087331147 63.93892399269449
6.9514665925323795 0.6688277140895975 63.93892399269407
6.743578676685609 2.44436970702947 62.446736451482664
7.206794497715768 3.3323634651428358 62.62457847780307
5.811973230117848 0.674577196416295 62.44673645148242
6.2746012967187195 1.5611298257232749 62.44673645148244
6.07619761206843 3.3270685264063187 62.44673645146634
4.674577773988516 0.6745771964163554 62.44673645146629
5.144592165500672 1.557276015793141 62.44673645146602
5.607220232101544 2.443828645100122 62.44673645146604
3.986585701207426 1.5709635634763148 62.446736451465284
4.478414266139222 2.442280856416781 62.446736451464496
4.944256503962165 3.3356427688474652 61.577956077298275
4.284869071402471 4.277840486399318 41.05194860365993
3.710254758677088 3.345472127747021 52.54272844829597
2.430871444536848 3.2537750560500256 29.675433405467885
3.257025656131353 2.4329583055402506 52.54272844829755
3.5016456506258073 8.37205136991606 3.126e-12
