110 11.03414103656638
0.5000000642905196 10.534140972275875 7.36e-13
10.534140972275846 0.5000000642905693 89.99999999999811
0.5000000642907771 0.5000000642905533 89.99999999999413
1.5000001928724203 0.500000064290508 89.99999999999967
2.500000321453818 0.500000064290572 8.171e-12
3.500000450035226 0.500000064290612 9.493e-12
0.5000000642908464 1.500000192871628 89.99999999998731
1.500000192875305 1.500000192871525 89.99999999999932
2.5000003214575046 1.5000001928717888 4.619e-12
0.5000000642905054 2.5000003214528794 89.99999999999925
1.5000001928715117 2.5000003214525286 89.9999999999986
0.5000000642905658 3.5000004500340767 3.098e-12
10.534140972275818 10.534140972275868 89.99999999999993
9.534140843694363 10.53414097227586 89.99999999999946
8.534140715113097 10.53414097227574 8.94e-12
7.534140586504761 10.534140972275868 3.37e-13
6.534140457911189 10.534140972275747 1.3074e-11
5.534140329312798 10.534140972275853 3.61e-13
4.534140200705605 10.534140972275743 1.2133e-11
3.5293045395304743 10.534140972275878 2.87e-13
2.524271744421871 10.530950166294641 0.052858949641821
10.534140972275814 9.534140843694832 89.99999999999835
9.534140843694622 9.53414084369481 89.99999999999939
8.534140715113475 9.534140843694534 1.0472e-11
7.534140586532281 9.534140843694615 2.5128e-11
6.534140457951184 9.53414084369457 2.643e-11
5.534140329309294 9.5341408436948 7.59e-13
4.534140200703945 9.534140843694558 2.3166e-11
3.534140072112188 9.534140843694882 5.26e-13
10.534140972275878 8.534140715113764 6.76e-13
9.534140843694875 8.53414071511374 1.866e-12
8.534140715113795 8.534140715113422 1.1674e-11
7.534140586532668 8.534140715113544 2.7611e-11
6.53414045795165 8.534140715113498 3.1003e-11
5.534140329370638 8.53414071511344 3.3822e-11
4.534140200789641 8.534140715113365 3.4852e-11
10.534140972275882 7.534140586532591 89.99999999999969
9.534140843694885 7.534140586532664 89.99999999999919
8.534140715113756 7.534140586532358 1.1562e-11
7.53414058653261 7.5341405865324775 2.5713e-11
6.53414045795155 7.534140586532445 2.975e-11
5.534140329370493 7.534140586532308 3.3609e-11
4.534140200789446 7.53414058653229 3.6451e-11
10.534140972275832 6.534140457951505 2.35e-12
9.53414084369459 6.534140457951518 1.1766e-11
8.534140715113473 6.53414045795053 1.9156e-11
7.534140586532396 6.534140457951407 2.2295e-11
6.534140457951192 6.534140457951286 1.5285e-11
5.5341403293705485 5.53414032936987 5.395e-12
10.534140972275864 5.534140329370453 8.64e-13
9.534140843694779 5.534140329370469 7.139e-12
8.534140715113708 5.534140329369156 9.282e-12
7.534140586532631 5.534140329370257 8.842e-12
6.534140457951575 5.534140329370172 6.964e-12
5.534140329370649 4.534140200788771 6.68e-13
10.534140972275864 4.534140200789337 89.99999999999858
9.534140843694836 4.53414020078937 89.99999999999737
8.534140715113777 4.534140200787886 89.9999999999985
7.534140586532742 4.534140200789088 3.39e-13
10.534140972275825 3.534140072208169 89.99999999999376
9.534140843694786 3.534140072208306 89.9999999999913
9.212060074628369 0.5000000642905746 89.99999999999316
4.534140200789054 6.521735531346367 1.4097e-11
4.534140200789479 5.5217354027653585 1.3344e-11
6.534140457951716 4.534140200789066 1.635e-12
4.359893991756213 4.348072626305806 27.30779233451017
1.5766122138087928 9.750227216231123 24.85791621239045
0.6638613332750296 9.341508535823923 24.85791619250069
2.4695759537123556 9.061874309132872 24.988709099574038
1.561207841300034 8.64098347937767 24.857916212390528
0.6638613333305257 8.199014984628596 24.857916212190826
1.5678088512056823 7.510172518268737 24.280305955405282
2.4654192191770505 7.952263257303388 24.280305955405318
3.372767185528095 8.372767828433076 24.280305955404824
0.6613729509713036 7.087646095000534 24.28030595540524
2.477161778128626 6.823940474386133 24.992129489492946
3.3744605206854974 7.265885952229217 24.99212948959883
0.6644298819109196 5.978952842946858 24.992129489374406
1.570795830027906 6.401446658647855 24.99212948937559
3.357970357258012 6.131213564350886 24.99212948962091
0.5017350503496001 4.739086692037208 0.024030490230051
1.5369304481046142 5.282353234293441 24.99212948937601
2.447057281253703 5.706600149564527 24.9921294893744
3.5000004500392934 1.5000001928718012 1.144e-11
4.325441746102852 3.077105217489246 3.873e-12
5.534140329370103 6.534140457951024 1.2889e-11
10.356642832408582 2.3566418037598975 61.63917306181545
9.758989033760678 1.542866188733623 61.639173061812166
9.091913394122747 2.4470193250172767 63.56281775449871
8.407918793124958 1.6703199069895258 63.56281775450044
8.21205994604721 0.5000000642906031 89.99999999998798
7.241145902494062 1.521378626581114 86.71691648116884
7.532215787864677 2.506325922794199 86.71691648118822
8.325442260427293 3.5341400722066814 89.99999999998138
7.100297994673468 0.5278140851233291 86.71691648118005
6.325101374303724 2.468910992734582 81.93150029096738
7.325442131846226 3.534140072207898 89.99999999998322
5.500000707198155 0.5000000642905169 89.99999999999908
6.184744444548395 1.4788098921252075 81.93150029096542
5.325441874684102 3.5257284319743443 89.99999999998342
4.50000057861671 0.500000064290556 89.99999999999764
4.500000578621124 1.500000192871835 89.99999999997826
5.313910811497697 2.4604993525013352 81.93150029096907
1.589852043005504 4.077591531049132 40.308244219928
2.551531226985757 4.651992283473137 24.992129489371163
3.457897175102831 5.07448609917389 24.99212948937024
6.325442003265165 3.53414007220759 89.99999999998307
3.4437466907103196 3.9427435500341286 27.307792334512154
3.325441617521856 2.500000321452941 1.745e-12
2.4342584287790885 3.3168475771952877 57.66104035684494
