110 11.04071941794041
1.6203893902393465 9.718921045497323 18.262303327232683
0.500000000585894 9.503384052328995 8.992e-12
2.547686848632311 8.947445303547735 15.537630758257537
1.5926767047433503 8.649201376114437 15.537630758257396
0.5968591349620986 8.404611533436729 12.574170368275313
1.577414475779582 7.5970906960342015 12.98365318186784
2.544573364457323 7.853317679883688 12.98365318186986
3.501896244756254 8.15220462196761 12.983653181869597
0.5889479044008192 7.372533657387426 11.397605527445103
2.543085671082368 6.77950110991905 11.39760552742766
3.5114917148143054 7.036015647438846 11.39760552742779
0.5889479044006949 6.352416365995164 11.397605527426993
1.569227339698322 6.550032739499025 11.397605527427322
4.3966588195275405 6.200216886740069 13.088143082562286
1.409714485510893 5.497758952074808 11.397605527420302
2.4116771869482494 5.587815109234493 11.397605527440398
1.5710952437667864 3.4754422148358812 8.616812162917936
1.5692689648876037 4.486581871540844 8.61681216291774
3.3959230450545537 5.945835852605805 16.925842338276357
2.589573523940872 3.557582410819384 7.049336849781289
3.1672155888000546 1.6622456995673405 65.80415889938104
9.757791443363564 1.5832886713732526 65.40835939863301
9.339592940596583 0.6665550723973235 64.55991011426522
9.065409561761133 2.4732759528926986 65.26066676904266
8.647918188956691 1.5611709808168333 65.4083593986325
8.200277206893634 0.66189045993048 65.77096400151186
7.512428989005125 1.5731527302786215 65.80415888308707
7.9623701598159675 2.469419868380124 65.56128311659808
8.378657404263794 3.378657398402968 65.56128311660605
7.102571079000304 0.6610033477438773 65.8041588845539
6.805909056493471 2.494318725712519 65.80415889984847
7.2753045265518335 3.3797160620611586 65.80415889984873
6.006260005884329 0.661003347676826 65.80415889984853
6.41611683160589 1.57315321735435 65.80415889984857
6.12527651138447 3.42149274277845 64.32759456049526
5.320675326583121 1.5750884692599705 65.8041588997796
5.6388216719610345 2.538683102640702 64.91374068973786
4.176606060423154 1.4688010370156723 65.80415889938023
4.481008160005161 2.428334939451207 65.80415889937954
4.818163616628642 3.3731517571305165 65.80415889937831
3.471018314417883 2.6247158292935806 65.66787221097665
3.55355335049046 4.740966562747661 8.616812162918517
2.56713274867672 4.576016895388238 8.616812162918125
4.91028762438821 0.66175711806319 65.804158899603
6.540719412668174 4.540719410323794 1.262e-12
0.5000000005858238 10.5407194173546 7.56e-13
10.540719417354543 0.500000000585926 89.99999999999666
0.5000000005858194 0.5000000005867067 89.99999999999982
1.5000000017574582 0.5000000005858141 89.99999999999957
2.500000002929105 0.5000000005858185 1.088e-12
3.500000004100751 0.5000000005858096 89.99999999999963
0.5004761378538873 1.5000000017603528 5.8673e-11
1.5012131222773872 1.5000000017574502 89.99999999999778
0.5005005919605097 2.500000002933228 3.9433e-11
2.2708233870640013 2.500000002929026 89.99999999999659
0.5005535769197031 3.5000000041061017 2.0191e-11
10.54071941735455 10.54071941735445 9.9e-14
9.540719416182831 10.540719417354525 2.87e-13
8.540719415011107 10.54071941735455 89.99999999999939
7.540719413839364 10.540719417354529 89.99999999999422
6.540719412667666 10.54071941735455 89.99999999999515
5.540719411495978 10.540719417354573 89.99999999999726
4.540719410324302 10.54071941735458 89.99999999999852
3.5407194091526306 10.540719417354554 3.82e-13
2.540719407980965 10.540719417354525 2.297e-12
10.540719417354596 9.540719416181965 89.9999999999988
9.54071941618297 9.540719416182384 89.99999999999777
8.540719415011349 9.540719416182634 89.99999999999726
7.54071941383973 9.540719416182698 89.99999999999702
6.54071941266811 9.54071941618283 89.99999999999704
5.540719411496486 9.540719416182895 89.9999999999977
4.540719410324849 9.540719416182894 3e-15
3.5407194091532106 9.540719416182833 2.38e-12
10.540719417354607 8.540719415009196 1.63e-13
9.540719416182997 8.540719415009615 4.37e-13
8.540719415011388 8.540719415010575 7.45e-13
7.540719413839776 8.54071941501077 1.143e-12
6.540719412668164 8.540719415010773 1.597e-12
5.540719411496553 8.540719415011147 2.026e-12
4.540719410324942 8.540719415011218 2.258e-12
10.5407194173546 7.539991352431116 1.009e-12
9.540719416182984 7.540719413836921 2.087e-12
8.540719415011367 7.540719413837492 3.164e-12
7.540719413839751 7.54071941383881 4.159e-12
6.54071941266813 7.540719413838936 5.849e-12
5.540719411496508 7.540719413839465 7.493e-12
4.471242954348883 7.335462490722177 11.39760552742707
10.540719417351609 6.539103556501633 89.99999999999402
9.540719416174003 6.5407194126649095 89.99999999998803
8.5407194149988 6.540719412665376 89.9999999999877
7.540719413823908 6.54071941266604 89.99999999987757
6.54004915588035 6.54071941266721 3.969e-12
5.516225213978238 6.456087628966886 2.880430110310022
10.540719417354602 5.535513660388344 4.64e-13
9.540719416182982 5.538288857764406 8.53e-13
8.540719415008137 5.540719411493374 89.99999999997969
7.540719413828674 5.540719411490628 89.99999999944664
6.5407194126496115 5.540719411495502 2.518e-12
5.379716064403488 4.217140145702209 65.80415889937706
10.540719417354605 4.535205541272573 3.76e-13
9.540719416182997 4.535204633914137 8.24e-13
8.540719415011385 4.540719410321466 1.253e-12
7.5407194138397795 4.536725010446533 1.256e-12
10.540719417354415 3.5206511122017363 89.99999999999521
9.540719416182435 3.535179437548379 89.99999999999045
10.538660249649636 2.5192523096056534 89.95055419349173
5.5162252139978785 5.454822608945876 2.880430110294016
4.500464216068459 5.166644727967845 8.616812162918858
3.8083825728526817 3.5713447317400537 65.66712125277955
0.5000000005858105 4.500000005278976 9.53e-13
