110 11.045006685140647
4.4484585548653115 4.519444918115743 88.95100417906585
1.6136735509791849 9.788953147807845 26.11028851221538
4.411460308915013 2.630585135525718 79.21192419819195
1.8509590855684865 4.381907779501107 33.137697983577354
2.4958871340262823 5.534996700771056 85.35803749455985
3.448616203618525 4.537234971624833 88.9510041790505
3.4816814761842974 3.5313611049131026 89.59833063052841
3.0201016105751664 2.5098165894031514 76.25977592373137
2.288235285249763 3.473143447793185 33.137697983580715
3.8578264348960607 1.5756340445900934 80.50464646189191
9.842999311287603 1.574082317033116 54.142871764367584
9.28167679449362 0.6820260380787655 60.41999870437565
9.151068713638262 2.40623361811785 59.977890526730974
8.621470252297382 1.5518593865039674 60.52141855518252
8.12937185508226 0.6813192612679746 60.52141855519015
7.439566189211449 1.4931435385847696 60.52141855521347
7.931664586426944 2.3636836638200958 60.52141855521326
6.8435972958057665 0.6813192612677996 60.52141855521793
6.782951378764515 2.3636836638198795 60.52141855524738
5.6948840881425555 0.6813192612677019 60.52141855525322
6.186982485358979 1.5518593865026573 60.52141855524182
2.5253594077625707 7.571747224522528 87.7620778968582
3.5266807248713423 5.5362490189987215 88.9825434570861
2.5245377501906594 6.561320763868384 87.64780884080422
2.545002689922408 8.661697224872066 89.99999998790123
1.5225014625085036 8.613044809381094 87.35985281913139
1.3341112208820167 5.457492127884487 63.1922343397773
4.500002115035528 0.5000002350033759 89.99999999997857
4.864033422338065 1.529688430766174 80.50464646201037
5.396487011649766 2.4575781357702047 79.21192419819393
0.5000002350034887 10.545006450137318 9.263e-12
10.54500645013739 0.5000002350033004 89.99999999999739
0.5000002350040926 0.5000002350035091 89.9999999999754
1.5000007050125896 0.5000002350042516 3.8e-14
2.500001175020218 0.5000002350035375 7.206e-12
3.500001645027843 0.5000002350037347 3.383e-12
0.5000002350044372 1.5000007050105078 89.99999999993818
1.5000007050207733 1.5000007050128774 4.4789e-11
2.5000011750306554 1.500000705010847 2.2985e-11
0.5000002350040385 2.5000011750173754 89.99999999992676
1.5000007050114226 2.500001175021025 89.9999999999582
0.5000002350059374 3.5000016450256113 89.99999999975051
10.545006450137382 10.545006450131712 5.802e-12
9.54500598013087 10.545006450137024 1.1605e-11
8.545005510124367 10.545006450137024 1.508e-11
7.545005040117868 10.5450064501373 1.6581e-11
6.545004570111365 10.545006450137311 1.3914e-11
5.545004100104833 10.545006450137386 5.925e-12
4.54500363009826 10.545006450137237 1.9599e-11
3.545003160091756 10.545006450136409 2.1851e-11
2.5450026900852465 10.545006450137159 2.57e-11
10.545006450132622 9.545005980112505 3.60698e-10
9.54500598011563 9.545005980129215 1.00718e-10
8.545005510099415 9.545005980126579 3.78973e-10
7.545005040087021 9.545005980129503 1.71655e-10
6.545004570073835 9.545005980130165 8.9819e-11
5.5450041000570485 9.545005980130735 89.9999999999836
4.54500363004595 9.545005979997015 89.99999999978353
3.5450031600371616 9.545005980126712 89.99999999982539
10.545006450133066 8.545005510098427 3.32185e-10
9.545005980118146 8.5450055101222 1.0048e-10
8.545005510095287 8.545005510118749 4.52019e-10
7.545005040081524 8.545005510122854 1.95185e-10
6.54500457007018 8.545005510123568 1.02942e-10
5.545004100055879 8.54500551012427 89.99999999997281
4.545003629935939 8.545005509828501 89.99999998850069
10.545006450133009 7.54500504008597 3.19385e-10
9.54500598011714 7.545005040115168 1.02123e-10
8.545005510089394 7.545005040111322 4.8334e-10
7.545005040066846 7.545005040116298 2.0819e-10
6.545004569926764 7.545005040116939 1.17583e-10
5.54500409986744 7.545005040117751 89.99999999995644
4.54453191756377 7.545005039768542 89.99999998861378
10.545006450132803 6.545004570074391 2.77393e-10
9.545005980117022 6.545004570108119 1.052e-10
8.545005510098658 6.545004570104081 4.91141e-10
7.545005040076953 6.545004570109795 2.15416e-10
6.545004570056763 6.545004570110403 1.23677e-10
5.545004100046801 5.545004100104721 89.99999999992475
10.54500645013086 5.545004100063435 2.37099e-10
9.545005980101562 5.545004100101055 1.07988e-10
8.545005510081456 5.545004100095796 4.05089e-10
7.545005040068988 5.545004100103292 2.22017e-10
6.545004570057803 5.5450041001038555 1.28082e-10
5.478111826320551 4.508881232712892 85.44098341766191
10.545006450135944 4.545003630052235 6.8802e-11
9.545005980103328 4.545003630094164 1.00369e-10
8.540983843834564 4.5450036300877175 3.31782e-10
7.537874643627088 4.545003630096783 2.26396e-10
10.545006450136508 3.545003160042122 4.1776e-11
9.545005980128302 3.545003160087272 9.4593e-11
10.54500645013524 2.5450026900322045 89.99999999998747
4.545003627536571 6.5450045680569575 89.99999979528754
4.526840988485378 5.5363679628961515 88.9825434567089
6.533720081098858 4.545003630097262 1.33329e-10
0.5000002350033679 9.404941379792692 1.0011e-11
0.5000002350041033 8.404940909785548 89.99999999999434
1.5226048259767762 7.611976987060636 87.35985281911236
3.5450031599170067 8.545005510018125 89.99999998821623
0.5000418407882714 7.404940439778441 89.99999999999015
3.5443097318757264 7.545005015283801 89.99999715078266
0.5000002350033972 6.404939969771333 89.99999999998604
1.522864350997415 6.6109019532549365 87.35985281908359
3.540338186091381 6.54033959704935 89.46290561849696
0.6717618561841752 4.671763736211381 63.192234339804706
5.545004099462002 6.545004570111235 89.99999999994054
8.442711606238772 3.5450031600791583 2.30033e-10
7.442711136231827 3.5450031600899283 2.32726e-10
5.4045492630174925 3.5115724775499078 85.44098341764148
6.442710666224212 3.5450031600905074 1.38065e-10
