110 11.044414792088606
1.5879586489177049 9.762748678564577 24.482503619040987
0.6630014003712557 9.348140802211056 24.206485985033314
2.482463513615868 9.071273184943754 24.4825036189807
1.5723612667264928 8.65685128622832 24.48250361880532
0.6622527336365103 8.242452396532762 24.482184445998058
1.5619874597555592 7.553332488132604 24.482503618796382
2.4720753228652073 7.967747837082154 24.482503618805357
0.6622516060294288 7.116183333298159 24.48250361878781
2.472075322865151 6.8689528299615255 24.482503618644895
3.382163185974684 7.283368178911113 24.482503618644834
0.6622516060288062 6.017388326179036 24.482503618644728
1.5723394691391257 6.431803675126897 24.482503618644834
3.382163185974493 6.184573171790175 24.482503618643197
1.5723394691380204 5.333008668007743 24.482503618646028
2.482427332248622 5.747424016955092 24.482503618644905
4.0919968659198585 3.170284230137748 25.088136910682707
1.5000000000183054 4.170757061972875 7.772e-12
2.548156622575476 4.678559336227429 24.482503618648607
3.4664009291016358 5.09333478752743 25.092788632222266
4.3165358074013165 4.379580529137789 25.088136910682053
3.4084301378551958 3.960799614779176 25.08813691068374
3.098788956931121 2.625490687059676 43.17169732924384
2.435963366389247 3.3899094380001533 41.821259053130284
9.858160696822674 1.5073142137742597 42.46167652300399
9.235555352586813 0.7064129838366187 42.461676523002964
9.28464655553075 2.3380018081548934 42.46167652300405
8.546917501070485 1.6629048949419363 42.461676523003725
5.500000000066767 0.5000000000060671 89.99999999999999
5.99010897087069 1.5933028624654422 58.373225416136684
7.9175171622681155 2.442450950023313 42.46167652300365
6.707775253970399 0.7012774176907595 37.637852589108554
6.71110417842544 2.544414791985411 89.99999999999862
7.955744847369679 0.694023819912938 33.96124603706844
7.3458220248947335 1.5195606424479662 37.066586604112885
8.544414792058209 3.5444147919974176 89.99999999999555
3.38216318597344 8.38216318603465 24.482503618804152
4.500000000054628 0.5000000000060707 89.99999999999994
4.662843759886586 1.5000000000182245 89.99999999999784
5.194657906615864 2.5012723269468236 80.90613142316633
5.261952255033896 3.50323017629971 80.90613142316738
0.5000000000061355 3.5393246929237288 3.877e-12
0.5000000000060885 10.54441479208253 5.98e-13
10.544414792082538 0.5000000000060671 4.3e-14
0.5000000000060689 0.5008189222640711 8.5e-14
1.5000000000182077 0.5000000000060814 1.85e-13
2.5000000000303473 0.5000000000060716 2.2e-13
3.500000000042487 0.5000000000060769 8.5e-14
0.500000000006076 1.5021438330235695 7.16e-13
1.5000000000182254 1.5000000000182494 1.453e-12
2.500000000030367 1.5000000000182245 1.565e-12
0.5000000000060707 2.503640838973127 2.66e-13
1.7060188320106113 2.7060188320228056 41.82125905313048
10.544399842974421 10.544414792082538 89.99999999999993
9.544348459164919 10.54441479208253 89.99999999999892
8.54429839544969 10.544414792082517 89.99999999999744
7.544252639766572 10.544414792082534 89.9999999999994
6.544208667635244 10.544414792082538 89.99999999999949
5.544165603230936 10.544414792082534 89.99999999999957
4.54412299924604 10.544414792082534 89.99999999999932
3.5352979888694946 10.544414792082495 7.01e-13
2.5343937848653226 10.544057785287864 0.000684784608391
10.544399875257746 9.544414792070397 89.99999999999979
9.544341697351303 9.544414792070384 89.9999999999978
8.54429562234663 9.544414792070354 89.99999999999507
7.544251247608209 9.544414792070391 89.99999999999869
6.544207948075345 9.544414792070395 89.99999999999903
5.544165271900825 9.544414792070398 89.99999999999902
4.544122882329647 9.544414792070395 89.99999999999869
3.5441001587861307 9.544414792070274 1.48e-12
10.544414792082495 8.544414792058259 89.99999999999962
9.54441479207014 8.544414792058237 89.99999999999643
8.54441479205788 8.544414792058202 89.9999999999939
7.5444147920456555 8.544414792058237 89.99999999999676
6.544414792033454 8.54441479205825 89.99999999999832
5.544414792021228 8.544414792058255 89.99999999999825
4.544414792009035 8.544414792058255 89.99999999999802
10.544414792082488 7.544414792046118 89.99999999999936
9.544414792070185 7.544414792046099 89.99999999999604
8.544414792057964 7.5444147920460525 89.99999999999365
7.544414792045739 7.544414792046097 89.99999999999629
6.544414792033496 7.544414792046112 89.99999999999824
5.544414792021191 7.54441479204612 89.99999999999807
4.543410442330394 7.544414792046119 89.99999999999767
10.544414792082527 6.544414792033976 89.99999999999915
9.544414792070345 6.544414792033958 89.99999999999568
8.54441479205818 6.544414792033898 89.99999999999415
7.544414792046015 6.544414792033956 89.99999999999618
6.544414792033852 6.544414792033972 89.99999999999818
5.5444147920216444 5.54441479202185 89.9999999999979
10.544414792082527 5.544414792021834 89.99999999999899
9.54441479207035 5.544414792021821 89.99999999999552
8.5444147920582 5.544414792021727 89.99999999999574
7.544414792046041 5.544414792021816 89.99999999999633
6.5444147920338445 5.5444147920218345 89.99999999999821
5.544414792021587 4.544414792009714 89.99999999999794
10.544414792082524 4.5444147920096905 89.99999999999899
9.544414792070327 4.544414792009684 89.99999999999531
8.544414792058138 4.544414792009568 89.99999999999619
7.544414792045964 4.5444147920096745 89.99999999999669
10.54441479208253 3.5444147919975446 89.99999999999916
9.544414792070354 3.544414791997548 89.99999999999525
10.544414792082534 2.5444147919853974 89.99999999999967
4.544414792009539 6.544414792033981 89.99999999999739
4.5444147920093725 5.544414792021848 89.99999999999733
6.544414792033786 4.544414792009698 89.99999999999827
0.5000000000060814 4.554129669818826 2.29e-13
5.544414792021692 6.544414792033985 89.99999999999791
7.33469381799339 3.544414791997534 89.99999999999841
6.334693817981246 3.5444147919975553 89.99999999999885
3.662843759874403 1.5000000000182672 5.68e-13
