110 11.01761758164633
0.6693823646318595 9.319248910409652 25.381534815580245
1.5831899708145025 9.739145011875294 25.160887843390675
2.4532695600894727 9.043019018529362 25.160887843404154
1.5481519023151065 8.617857416570146 25.16088784301447
0.6651396298609278 8.14563612121401 25.160887842721618
1.5665676104642459 7.4576817673372435 24.4770528355547
2.45020604372272 7.930197189612819 24.47705283555352
3.3553881702885615 8.355389074530077 24.47705283554013
0.6622281454218637 7.030638859209755 24.477052835553373
2.4741287196044404 6.772688567210032 25.277396711385233
3.357166963237772 7.2449321438132595 25.294792736815328
0.665626242420787 5.918686074656724 25.277396710336543
1.5698774810142289 6.3456873209200495 25.2773967103633
3.5107447107372254 5.969292840051697 0.022259269814538
1.4743910065312855 5.1947094069050435 25.2773967102727
2.381807241815997 5.623205217506713 25.277396710318023
4.500000813814541 1.5000002712708227 89.99999999991694
9.781188048258349 1.5459232935125566 56.22909031948227
9.223803225407263 0.6980136887186275 54.94484779448447
9.098540384998635 2.324045789219993 56.22909031999034
8.542666676153338 1.4927788153760941 56.229090320007096
7.9388518543080675 0.6935703456473297 56.22909032001656
7.2917420984298404 1.524837319492193 56.22909032005704
7.895556920274947 2.324045789221107 56.229090320061715
6.67711094191427 0.5000000904239803 89.99999999994014
6.510014101536672 2.4257184444026048 78.16803645221914
5.782809237416882 1.5563546025056212 78.1680364522241
4.961627652955914 2.5185905726510143 78.28649157065809
1.507524364163273 3.5122689562434917 89.98944610045007
2.3466560687729614 4.5007185394554 25.277396710283615
2.920114828306002 3.665626784962921 25.277396710263588
8.517617129523105 3.517616225288198 3.50077e-10
3.500000633022209 2.5000004521235857 89.99999999954831
0.500000090424292 10.517617491222499 2.6532e-11
10.517617491222772 0.5000000904236792 89.999999999993
0.5000000904240309 0.5014853248651372 4.691e-11
1.5000002712718699 0.5014853264808972 9.3877e-11
2.5000004521211925 0.5000000904236277 89.99999999999905
3.5000006329701496 0.5000000904237867 89.9999999999669
0.5000000904238302 1.50524988612709 1.2e-14
1.5000002712714915 1.505227989922152 1.42e-13
3.5000006329669047 1.5000002712715323 89.99999999994395
0.5000000904321471 2.5095098372640554 3.084e-12
2.5000004521191785 1.5000002712712162 3.24e-13
0.5024990833122862 3.513348988026576 0.006938390593025
10.517617491222254 10.516773129325669 5.8762e-11
9.517617310374138 10.517617491222357 4.1226e-11
8.517617129525176 10.517617491222602 89.99999999999132
5.517616586915759 10.51761749122296 6.96e-13
6.517616767794533 10.517617491222804 89.9999999999864
6.517616767827954 9.517617310375808 89.99999999997263
4.517616406026972 10.517617491219763 89.9999999999258
3.5136171434594994 10.517617491222726 9.691e-12
2.5102672096621923 10.51531223910628 0.006740509556772
10.517617491222559 9.515075805264205 1.6713e-11
9.517617310374362 9.517617310374774 5.1557e-11
8.517617129523462 9.517617310375119 89.99999999997229
7.51761694867538 9.517617310375595 89.99999999997047
7.51761694867661 10.517617491222861 5.713e-12
5.517616586909296 9.517617310376224 1.304e-12
4.517616406024741 9.517617310366827 89.99999999997048
3.5176162251611203 9.517617310375545 1.9469e-11
10.517617491222463 8.51379310937673 3.7765e-11
9.517617310374586 8.517617129527205 4.6612e-11
8.51761712952612 8.517617129527865 89.99999999996534
7.517616948677736 8.517617129528025 89.99999999991068
6.517616767829858 8.517617129528201 89.99999999988519
5.517616586980721 8.517617129529485 2.018e-12
4.517616406133396 8.517617129513782 5.463e-11
10.517617491221937 7.51259957096667 89.99999999993555
9.51761731037346 7.517616948678347 89.99999999987253
8.517617129525329 7.517616948680303 89.99999999991248
7.517616948677253 7.517616948680896 89.99999999991188
6.517616767829579 7.517616948681178 89.9999999998623
5.517616586980928 7.517616948682674 89.99999999998973
4.517616406130548 7.517616948661997 89.99999999989248
10.51761749122253 6.5105973422587855 2.221e-12
9.517617310374934 6.510709369874345 4.604e-12
8.51761712952731 6.5176167678320525 7.666e-12
7.5176169486792705 6.517616767833179 89.99999999997942
6.51761676782996 6.517616767834224 89.99999999984372
5.51761658688852 5.517616586988084 89.99999999986133
10.51761749121718 5.507287277708104 4.74245e-10
9.517617310361807 5.507567898225014 9.48674e-10
8.517617129494552 5.517616586982686 2.83721e-10
7.517616948625406 5.517616586985669 3.8284e-11
6.517616767756354 5.5176165869870255 89.99999999979991
5.517616586886087 4.5176164061405775 89.99999999977501
10.517617491221262 4.503593339037125 8.194e-11
9.517617310371413 4.5040513148635855 1.64519e-10
8.517617129519062 4.517616406135364 3.26538e-10
7.517616948625687 4.517616406138719 4.1666e-11
10.517617491221479 3.4994665367815196 1.11598e-10
9.517617310372383 3.4997729960067883 2.23181e-10
10.515391785752369 2.49531961490003 0.010011355455035
4.517616406082519 6.504028408499499 89.99999999448129
4.513612375627899 5.504028227651463 89.99999999435883
6.517616767753633 4.517616406139963 89.99999999976119
3.506669000729426 4.841576901267798 0.004506778858001
0.5019697148874975 4.517236122656402 0.014848504404623
4.095874164159533 3.4925007395542274 83.76413380096453
5.517616586979257 6.517616767835921 89.99999999998549
7.517616948672776 3.5176162252916123 5.7036e-11
5.500000994666125 0.5000000904236073 89.99999999996975
4.517616405984008 4.504028046802619 89.99999999423414
4.500000813818304 0.5000000904236774 89.99999999996227
5.517616586974675 3.517616225293258 89.99999999971021
1.5000002712963854 2.50868823246621 9.45e-12
6.517616767822396 3.5176162252928584 89.99999999971854
2.500000452160687 2.5000004521190022 4.3684e-11
