110 11.026114755555778
1.5836472691542944 9.791886024611419 30.79316424902496
0.6512753875369413 9.266328598664902 22.07896521714832
2.457398371193734 9.079663232358921 23.540406607689366
1.5779420777966253 8.563076020243788 22.078965218800985
0.651275387536713 8.187191935434232 22.078965217102265
1.577942077729079 7.483939356871582 22.078965199969574
2.5046087679831994 7.859823441654837 22.078965199968724
3.3748393680288626 8.374839368079217 22.078965199964856
0.6512753874542181 7.108055272139463 22.078965199968632
2.504859567374824 6.780788510153014 22.078965209955005
3.4316534185945446 7.156724175218283 22.078965199698953
0.6512958919676244 6.028926926197729 22.078965206440305
1.5780749482079899 6.404856589890443 22.07896521014186
3.3060251353373244 6.02662887418877 22.078965209353044
1.444126077719572 5.271386206604567 22.078965210098968
2.374215810604404 5.648658781125539 22.078965210119836
1.5048153727680473 3.516935544720643 89.7678730755147
2.3355771462222163 4.553849105042563 22.07896521005404
3.2676285633843456 4.931917398133088 22.078965209410065
3.7707329892376196 4.030433646066918 22.08746332730545
2.8322983163421878 3.6761975975930286 22.078965210027917
9.786359802911914 1.5872277975358613 60.18355916980797
9.322890051405118 0.6713244107426455 63.305362405931156
9.075434482495142 2.4579664426165126 66.2146097315305
8.617339227709458 1.5670495240934255 66.21460973154677
8.197690766303154 0.6591872584331737 66.21460973159111
7.494468866198982 1.5722013532215722 67.57405345405844
7.907177286700778 2.4836904724815128 67.57405345405851
8.373183560292539 3.3731835602436515 67.57405345405867
7.100614422085101 0.6529311952434798 67.57405345405849
6.749871400814299 2.390379926152364 66.8139438571607
7.160804585072349 3.3075049083023234 66.4835237602872
5.680639866001459 0.6599071239284671 66.2588619051007
6.351100040457169 1.4614960938666224 65.95346052157038
6.0814351433540565 3.36964005766436 66.81394385735787
5.653122638069911 2.3696400576584504 66.81394385711123
0.5000000000054561 10.526114755550527 1.1795e-11
10.52611475555086 0.5000000000049267 89.99999999999945
0.5010119711230949 0.5011488953218484 89.97423706508167
1.5027851912453203 0.5007555004270303 89.9667457264602
2.5043817284603462 0.5004433215495023 89.99273942913612
3.513569297243751 0.5011253421320898 89.99253825596206
0.5008604296698227 1.5041802614070123 0.015792849872469
1.502893822140635 1.5018166485678819 89.98642566191103
2.506829332902415 1.5014362787163398 0.015559956643074
0.5000000000049099 2.5236410589719607 89.99999999999936
1.500000000014725 2.5108705163500002 89.99999999999879
0.5013849121905745 3.525022943558622 89.95487518027494
10.52611475555059 10.52611475555086 89.99999999999983
9.526114755539584 10.526114755550836 89.99999999999638
8.52611475552806 10.526114755550864 89.99999999999883
7.526114755517238 10.525772439699535 2.82e-11
6.526114755506796 10.525772306862248 4.3897e-11
5.526114755495741 10.526114755550854 2.42e-13
4.5261147554843895 10.526114755550385 5.4633e-11
3.5261147554736794 10.52611475555019 6.2803e-11
2.5261147554629804 10.526114755549955 6.3895e-11
10.526114755550672 9.526114755541023 89.99999999999957
9.52611475553967 9.526114755540984 89.99999999999355
8.526114755528734 9.526114755541052 89.99999999999763
7.526114755518089 9.525239300206117 5.1271e-11
6.526114755507817 9.525116882099095 7.8501e-11
5.526114755496268 9.526114755541009 2.7e-13
4.526114755483413 9.526114755538917 2.40747e-10
3.5261147554728045 9.526114755538359 2.45898e-10
10.526114755550662 8.526114755531186 89.9999999999992
9.526114755539684 8.526114755531133 89.99999999999149
8.526114755528905 8.526114755531236 89.99999999999629
7.526114755518531 8.524295557250678 89.999999999977
6.52611475550847 8.524248796673175 89.99999999998862
5.52611475549841 8.526114755531164 2.27e-13
4.526114755485227 8.526114755527889 3.76401e-10
10.52611475555062 7.52611475552135 89.99999999999874
9.52611475553936 7.52611475552129 89.99999999999
8.526114755528354 7.526114755521418 89.99999999999507
7.525279921600765 7.5231422225256015 89.9962601383507
6.524977301944113 7.52302473450858 0.002505730213642
5.524717500851826 7.526114755521313 89.9999999999992
4.524422562459718 7.525881012613357 89.99979673045806
10.526114755550452 6.526114755511513 89.99999999999818
9.526114755538625 6.52611475551145 89.999999999989
8.525483295356585 6.526114755511603 89.99999999999395
7.525005863630357 6.5195643989901795 89.99298164295384
6.52476165714905 6.521987565666872 0.000115179643643
5.524578107856205 6.52611475551148 89.9999999999977
10.526114755549997 5.526114755501676 89.99999999999766
9.52569464613221 5.526114755501611 89.99999999998842
8.525170454047213 5.526114755501788 89.99999999999282
7.519358299975039 5.468141708839247 89.77173807036307
6.516949703137997 5.51836212713395 89.69981595660018
5.472588679356093 5.526114755501649 89.99999999999623
10.525958559226682 4.5261147554918395 89.9999999999971
9.525469338628824 4.526114755491773 89.99999999998789
8.523283765634961 4.526114755491974 89.99999999999167
7.5150812998582595 4.4438469170818005 89.7022897118435
10.52611475555084 3.5261147554819976 89.9999999999966
9.526114755540931 3.526114755481934 89.99999999998731
10.526114755550829 2.5261147554721566 89.99999999999653
4.46258647944814 6.255920654871821 89.51727633225214
4.456302279678145 5.172275398590549 88.34304066316238
6.512121980155766 4.469543763881537 89.73513474253069
0.5012595384993173 4.526120225214858 89.93729393891776
4.517127668519667 0.5000000000055662 89.99999999992774
4.517450907589979 1.5000000000161036 89.99999999985505
3.512671050869167 1.5074260080400945 89.57911502242438
3.500000000034412 2.7046541497497936 89.99999999999189
4.51454347183915 2.521652530891916 87.46175888572381
2.5000000000245404 2.5023127562137835 89.99999999999821
5.508183447616511 4.5261147554918155 89.99999999999494
4.924960445529496 3.526114755482048 89.9999999999936
