110 11.000795999327558
1.5824908303684597 9.708985120957887 23.517043918730348
2.4414197546041305 8.990819492884182 27.67842000910268
1.5578624686997569 8.522476320259546 27.678420009103377
0.6750386077274468 8.05273489951217 27.67842000910347
1.558493375075507 7.3867794419684 27.92651637423407
2.441302912014353 7.8565132700408045 27.926516374230555
3.324851914746544 8.32485205204246 27.926516374222345
0.675943892366905 6.916555005895731 27.9265163742342
2.4414061853705915 6.722918887847294 28.028399792064974
3.3249733845899314 7.193117238584588 27.926516374227003
0.6763119871633085 5.782470484415578 28.02839979206755
1.5588586571418461 6.25269549223299 28.028399792067404
3.2809419927007313 6.0369731278711125 28.028399792066743
1.5153782691472637 5.096195158053856 28.077475162213048
2.398202946377135 5.566615302283411 28.048528731762865
3.3933285926577814 4.963733859414984 28.04852873175672
2.5107789281106863 4.4935146078058645 28.048528731755496
9.743079470972177 1.5718204326628293 61.39946419019815
9.292812550036654 0.6783393023044901 61.39946419020285
9.031259869997069 2.441652213782779 66.35858697574967
8.580539420280484 1.5473392713023175 66.35858697574938
8.117218444048635 0.6585422128613327 66.35858697574938
7.416885407574891 1.5494500997021814 63.252573964461114
7.879208845815474 2.4362678578114334 63.25257396446274
8.329267182435313 3.3292670451397073 63.252573964464766
6.936909821680718 0.6715287619740602 63.252573964461
6.743822066028541 2.4363560871494907 62.44206748713845
7.209445273182355 3.3292670451397353 63.252573964457426
5.79682935498615 0.6745943910805305 62.442067487139504
6.2640194403117775 1.558766184194997 62.4420674871375
6.080214113205311 3.326201416031882 62.44206748713599
5.1283022145942025 1.5629859482135418 62.014285369145654
5.598589174855901 2.445500315006788 62.01428536914026
3.910864826990193 1.6305449141752062 59.78151368427787
4.4661083856053425 2.4721660902424207 60.55552800822666
4.946143415871744 3.349515608925912 60.55552800822684
2.5127317999586434 3.2068044065941583 47.226636206102924
3.2094639539595686 2.487371740674486 47.226636206104914
3.4487592572014774 3.718759801519098 43.51887625747268
4.2939252819961435 4.280963695745071 43.51887625745513
6.500795875730274 4.500795820840473 3.3997e-10
5.500795848266732 4.50079582084156 7.5093e-11
4.482674974813754 6.482559089632425 87.88395256902248
4.470399511892782 5.482330249541732 87.88395256901718
5.5007958483021495 6.500795875760263 3.1139e-11
5.492046117551716 5.500795848300903 5.3049e-11
0.5000000137296077 4.500000145398014 89.99999999999548
0.5000000137296228 3.5000001107213143 5.542e-12
0.5000000137298475 10.500795985597861 8.583e-12
10.500795985597934 0.5000000137296841 89.99999999999646
0.5000000137296201 0.5000000137298226 89.99999999999746
1.5000000411888479 0.5000000137296743 89.99999999999616
2.500000068648088 0.5000000137300669 89.99999999999604
3.500000096107262 0.5000000137295713 89.99999999999787
0.5000000137296059 1.5000000427582627 1.89e-13
1.5000000411890655 1.5000000411891312 89.99999999997544
2.500000068650037 1.5000000411902015 89.99999999998839
0.5000000137297409 2.500000076260867 89.99999999998936
1.5000000411891783 2.500000068648387 89.99999999997868
10.500795985597993 10.500795985597822 1.968e-12
9.500795958138845 10.500795985598012 3.27e-13
8.500795930679606 10.50079598559801 3.98e-13
7.500795903220449 10.500795985597955 2.497e-12
6.500795875761273 10.500795985598005 1.151e-12
5.500795848302083 10.500795985597922 89.99999999999717
4.500795820842942 10.500795985597989 89.9999999999973
3.50079579338378 10.500795985598 1.407e-12
2.500795765924638 10.500795985597946 2.203e-12
10.50079598559799 9.500795958138358 2.369e-12
9.500795958138843 9.50079595813892 4.12e-13
8.500795930679658 9.500795958138914 1.35e-12
7.500795903220491 9.50079595813875 6.779e-12
6.500795875761394 9.500795958138855 7.312e-12
5.500795848302305 9.50079595813856 7.056e-12
4.50079582084321 9.50079595813803 6.366e-12
3.500795793384117 9.500795958138868 5.386e-12
10.500795985597993 8.500795930679049 2.217e-12
9.50079595813885 8.500795930679825 5.22e-13
8.50079593067967 8.500795930679821 1.781e-12
7.50079590322024 8.500795930679471 2.6418e-11
6.500795875761076 8.500795930679544 3.1932e-11
5.500795848301752 8.500795930678942 5.6612e-11
4.500795820842427 8.5007959306779 8.1467e-11
10.500795985597996 7.500795903219794 9.81e-13
9.500795958138854 7.5007959032207285 1.065e-12
8.500795930679647 7.500795903220719 3.098e-12
7.5007959032199425 7.500795903220332 2.9956e-11
6.4991685993867225 7.5007959032204345 3.296e-11
5.498130369068308 7.500795903219547 4.1922e-11
4.496812807636178 7.500512601903832 89.97396798904838
10.500795985597977 6.500795875760566 2.697e-12
9.500795958138832 6.500795875761618 3.51e-12
8.50079593067969 6.500795875761581 7.735e-12
7.500795903220375 6.500795875761206 3.25e-11
6.5007958757612645 6.500795875761332 3.3607e-11
10.500795985595236 5.500795848301347 6.991e-12
9.500795958125053 5.500795848302526 2.627e-12
8.500795930655087 5.5007958483024275 4.59e-12
7.500795903190933 5.498909789135866 1.57527e-10
6.5007958757261814 5.50079584829986 3.06312e-10
10.500795985597938 4.5007958208421535 8.399e-12
9.500795958125103 4.5007958208434395 1.911e-12
8.500795930659033 4.50079582084331 1.073e-12
7.500795903194663 4.497481718700065 1.70518e-10
10.500795985598009 3.50079579338292 6.97e-13
9.500795958138914 3.500795793384352 1.208e-12
10.500795985597914 2.5007957659237188 89.99999999999754
4.6222349501760345 0.5000000137295917 89.99999999999551
0.5000000137295748 9.294468968098094 2.998e-12
1.5000000411887804 3.8888563844566786 3.706e-12
