110 11.02092494237037
1.5609962171747158 9.805309386681806 35.27458034736749
0.6799765791952046 9.230766281120381 29.077175834457822
2.398945450361899 9.110616290969807 29.077175834374653
1.5539424685379322 8.572544132379305 29.07717583436677
0.6799765791948458 8.086556863332396 29.077175834357845
1.5543831882714034 7.428579786147073 29.07717583433566
2.428606218464684 7.914104630876017 29.077175834311888
0.6796581775271759 6.942275214664941 28.983403135935546
2.428472828144879 6.769490887363757 28.983403135923645
3.3534550782758448 7.217147508814051 25.72497410039462
0.6796581775270685 5.799104653100776 28.98340313592601
1.5544182833530327 6.283660902329092 28.98340313592574
3.353455078211623 6.107131504497999 25.72497410039333
1.51723674456946 5.119894354669345 28.983403135946812
2.396093998762114 5.606720139084331 28.983403135924654
4.138133509263402 3.125530140289855 27.89715950526941
1.6796581782335833 4.014063051694422 28.983403135918568
2.5321095920773993 4.538892754812567 28.983403135923542
3.4244536011877655 5.010685409072631 27.897159502573643
0.5023257417598588 3.507343176607674 5.6859709204e-05
3.873160755226178 1.504957902642711 87.91148264770605
9.797112424678728 1.5696840533418177 56.673018007209386
9.253427487087947 0.5000000003527232 89.99999999999608
9.076742937064566 2.461594473250827 68.51036581791229
8.412474265791179 1.6484083766937485 68.51036581791347
8.253427486382513 0.5000000003527463 89.99999999999253
7.268133707520329 1.5136665366885351 88.33658295808617
7.5252420023814555 2.5066216243137314 88.33658295810133
7.231689271854395 0.5143033124133884 88.3365829580957
6.299850585116992 2.5030353613401632 87.91148264774007
5.855743210658206 0.500000000354273 89.99999999981785
6.263407152532856 1.5036996431508092 87.91148264774036
3.5147768866546647 8.383763553773614 0.708918424517247
4.304479989025514 4.345087524052372 27.897159505264703
8.259597344913406 3.520924937079241 89.99999999996933
4.8378294100936925 0.5178895753868202 87.91148264776479
4.874272842677695 1.517225293576348 87.91148264774692
5.299162518340215 2.502395287558633 87.9114826477395
3.4206911613062108 3.877201523610456 27.89715950527358
3.18439856671015 2.522670681121308 45.00635873581456
2.4773242826090933 3.2298099763150447 45.00635873580796
0.5000000003527125 10.520924942017666 4.97e-13
10.520924942017674 0.5000000003527054 89.99999999999946
0.5000000003664633 0.5000000003528813 89.99999999999972
1.5000000010996546 0.5000000003527036 89.99999999999922
2.5000000018211304 0.5000000003526957 89.99999999999919
3.5000000025398146 0.5000000003554614 89.99999999969232
0.5000000003526894 1.5000000010590044 89.9999999999994
1.5000000010580674 1.5000000010590853 89.99999999999883
2.5000000017634445 1.5000000010580843 89.99999999999837
0.50000000035282 2.5039391589398394 89.9999999999941
1.5000000010584422 2.500000001764947 89.99999999998818
10.520924942017652 10.520924942017647 89.99999999999997
9.520924941312142 10.52092494201768 6.96e-13
8.52092494060664 10.520924942017674 89.99999999999932
7.5209249399011435 10.52092494201767 1.592e-12
6.520924939195657 10.520924942017677 89.99999999999982
5.520924938490168 10.520924942017656 3.272e-12
4.52092493778432 10.520924942017679 2.11e-13
3.520924937078708 10.520924942017663 89.99999999999989
2.5209249363731585 10.520924942017578 2.15e-12
10.52092494201766 9.520924941312202 89.9999999999994
9.520924941312142 9.520924941312309 1.137e-12
8.52092494060661 9.520924941312284 89.99999999999908
7.520924939901151 9.520924941312284 2.375e-12
6.520924939195684 9.520924941312291 89.9999999999999
5.520924938490216 9.520924941312273 4.018e-12
4.520924937784784 9.52092494131228 1.2e-12
3.5209249370793874 9.520924941312249 1.18e-13
10.520924942017642 8.520924940606744 2.274e-12
9.520924941312074 8.520924940606934 1.464e-12
8.520172437450125 8.520924940606886 5.83e-13
7.519891508123418 8.520924940606879 1.594e-12
6.519694169636207 8.520924940606887 89.99999999999947
5.519534560952093 8.520924940606877 4.192e-12
4.519396796348126 8.520924940606857 1.975e-12
10.52092494201765 7.520924939901321 2.458e-12
9.520924941312217 7.520924939901534 4.192e-12
8.520924940606795 7.520924939901453 6.693e-12
7.520924939901376 7.520924939901408 5.215e-12
6.520924939195957 7.520924939901434 4.95e-12
5.520924938490533 7.520924939901453 5.024e-12
4.520924937785065 7.520924939901451 89.99999999999913
10.520924942017581 6.52092493919591 2.032e-12
9.520924941312 6.520924939196152 4.533e-12
8.520924940606434 6.520924939195988 1.5888e-11
7.5209249399009 6.520924939195995 5.997e-12
6.52092493919544 6.520924939196029 7.883e-12
5.520924938430064 5.520924938490618 1.2997e-11
10.520924942013236 5.520924938490507 1.691e-12
9.520924941289753 5.5209249384907775 4.221e-12
8.520924940573863 5.520924938490415 1.4921e-11
7.520924939862366 5.520924938490561 1.407e-12
6.520924939148849 5.520924938490644 8.185e-12
5.520924938430437 4.520924937785227 1.4021e-11
10.520924942017645 4.520924937785107 1.364e-12
9.520924941289831 4.520924937785407 3.78e-12
8.52092494056524 4.52092493778487 6.949e-12
7.520924939852608 4.520924937785128 89.99999999999649
10.520924942017666 3.520924937079709 9.81e-13
9.520924941312249 3.520924937080036 3.382e-12
10.520924942017663 2.520924936374308 2.8e-14
4.5209249377844705 6.520924939196073 89.99999999999912
4.520924937721474 5.520924938490693 89.99999999999903
6.520924939142536 4.52092493778526 8.174e-12
0.500000000353424 4.512012798015066 89.99999999994881
5.520924938489986 6.520924939196024 1.034e-11
7.2595973442080135 3.520924937079647 89.99999999997024
5.2595973427972345 3.520284863298138 89.99999999997027
6.259597343502625 3.520924937079646 89.99999999997019
