110 10.998785202095497
0.5000000734654684 10.498785128630962 5.3493e-11
10.498785128631912 0.5000000734638004 89.9999999999877
0.5000000734633385 0.5000000734654169 89.99999999999902
1.5000002203900151 0.5000000734645331 89.99999999999784
2.5000003673166926 0.500000073464272 89.99999999999626
3.5000005142433688 0.5000000734639896 89.9999999999951
0.5000000734662908 1.5000002203969478 1.60779e-10
1.5000002204008704 1.500000220398492 5.23938e-10
2.6732829621986145 1.6732828152599435 62.793261297079184
0.5000000734684704 2.500000367326449 1.06186e-10
1.5000002204068896 2.5000003673295117 5.0972e-10
0.5000000734640411 3.5000005142553565 3.9012e-11
10.498785128631987 10.498785128632072 2.803e-12
9.498784981704812 10.498785128632152 5.571e-12
8.498784834777403 10.498785128632148 3.88e-12
7.498784687849993 10.498785128632077 4.653e-12
6.498784540922572 10.498785128410248 1.2562e-11
5.498784393993451 10.498785128632104 1.2648e-11
4.49878424706378 10.498785128631233 89.99999999989735
3.4987841001347877 10.49878512863202 1.0374e-11
2.4987839532062757 10.498785128630642 5.5833e-11
10.498785128631841 9.498784981705226 5.614e-12
9.498784981703706 9.498784981705384 2.0876e-11
8.498784834776046 9.498784981705398 8.47e-12
7.498784687849004 9.49878498059632 89.99999999999933
6.498784540922108 9.498784980595257 1.5007e-11
5.498784393995207 9.498784981705361 3.0965e-11
4.498784247068429 9.498784981697423 2.8635e-11
3.4987841001416435 9.49878498170507 2.4087e-11
10.498785128631908 8.49878483477842 89.9999999999904
9.498784981704155 8.49878483477875 2.1402e-11
8.498784834776224 8.498784834778736 4.633e-12
7.498784687837257 8.498784832988406 2.01766e-10
6.498784540906428 8.498784832985564 3.30672e-10
5.4987843939726355 8.498784834774106 5.66614e-10
4.4987842470392305 8.498784832595437 8.72504e-10
10.498785128631203 7.498784687851624 89.99999999997715
9.498784981700364 7.4987846878520905 1.9265e-11
8.4987848347698 7.498784687851734 89.9999999999652
7.498784687838711 7.497992713912578 2.54303e-10
6.49878454090931 7.49878468577182 4.20002e-10
5.4987843939797765 7.49878468784728 5.95061e-10
4.498784246407131 7.498784684900929 1.5867546e-08
10.498785128631438 6.498784540924879 89.99999999996571
9.498784981701135 6.49878454092543 1.2776e-11
8.498784834771136 6.4987845409248255 89.99999999993689
7.498784687830134 6.497695088484809 1.474953e-09
6.4987845408961045 6.498784538707481 2.252889e-09
5.498784393966416 6.498784540903769 2.535291e-09
10.498785128631358 5.498784393998133 89.99999999995421
9.498784981701132 5.498784393998757 4.377e-12
8.49878483477072 5.498784393997793 89.99999999989407
7.498784682001191 5.497458999940175 6.69600013e-07
6.498784530163589 5.498784380956488 1.231770193e-06
5.4959642458932185 5.49596424590691 0.324083740695576
10.498785128630972 4.498784247071386 89.99999999994253
9.49878498170004 4.498784247072059 89.99999999999338
8.498784834770682 4.498784247070787 89.99999999985434
7.498448964120632 4.49724099160483 89.9923567360732
10.498785128632084 3.498784100144005 89.9999999999871
9.498784981705397 3.498784100145361 89.99999999998214
10.498785128631761 2.4987839532168694 89.99999999997722
4.493025115873836 6.487301802061249 0.671402100453482
4.492975850926712 5.487232413150106 0.671402100449759
6.485040584980443 4.498753282990104 0.003548024260354
5.482183422283163 4.49580183882535 0.33191168836846
1.5727878419300638 9.73450323969675 27.662865654252315
0.67498151897468 9.293340386580873 27.662865654189666
2.438908857031767 9.025665376677573 24.121946174313436
1.5408382248555044 8.584363978434869 24.12194617431753
0.6606789900713697 8.103062203503665 24.121946174315777
1.5500915278202476 7.406425001608477 26.682232542544657
2.427966765592478 7.886578933166287 26.682232541728045
3.3295687182019447 8.329569452862433 26.158115694355534
0.6712764098147419 6.928141267850941 26.682232542546082
2.4363092384195464 6.731916968334296 28.556669447564353
3.3341930848047685 7.217734847684092 26.158115694353814
0.6782757390630714 5.776111739791004 28.54847976579056
1.5575054795702576 6.253639417689011 28.55666944755034
3.3102824440289127 6.069060259557172 28.556669447576294
0.5000000734637133 4.584230133529524 2.4704e-11
1.553592698363543 5.113004641416935 28.556669447577974
2.431937571196344 5.591032450486832 28.55666944759482
1.6530696346467373 3.9116219712864293 32.94340616558393
2.5103375899597924 4.495195310250163 28.55666944781705
3.388682462792568 4.973223119321408 28.55666944784547
9.742766350287265 1.5690301608589223 60.96780292464857
9.284235594149841 0.67982418213216 60.967802924665456
9.029978449718566 2.440028519818663 66.50594929996805
8.570612481507517 1.549317773461611 66.50594929996757
8.112924199974707 0.6578777553837112 66.50594929996767
7.410503998446691 1.5472493311634907 62.82286713812141
7.867246984017923 2.4368481951707834 62.822867138132885
8.325613983452033 3.325613248819414 62.82286713814046
6.923531798738586 0.6731709247890514 62.82286713812924
6.743585007123359 2.437706170638535 62.82286713810045
7.201143211345766 3.328987339731733 62.608325417837854
5.799072522067809 0.6723679205335067 63.03425388585681
6.256612682898992 1.5636275232715549 62.82286713773726
6.073270822965127 3.3255815519792855 63.034253885853275
4.672368449239584 0.672367861532857 63.03425388585934
5.129575091156162 1.561738465893848 63.03425388585582
5.586238256273029 2.451385568834173 63.03425388585405
4.002414183261363 1.560959839803969 62.79326129710362
4.459616781433107 2.4503225782908418 62.793261297060674
4.932668564166942 3.371353916202263 58.576541081195266
4.273820330117405 4.277770441579767 44.01330363110251
3.423974628828678 3.718075000807344 43.99838403578068
2.5029220052068877 3.2088699473921607 45.89579661346356
3.3380928639321836 2.4559190268413067 62.793261296974386
