110 11.018131066313904
1.582244649245664 9.737713484404303 24.970391190896812
0.6684614768432064 9.319257516494158 25.243845142047306
2.4557496060727013 9.041373662318552 24.970391190570044
1.5492233751503992 8.619223732544933 24.970391190528456
0.6643380803460674 8.150601981165698 24.9703911904362
1.5631384819194407 7.4638840244096505 24.745809828020537
2.4482128964176724 7.932593844796001 24.745809828020054
3.3547460911726588 8.35474701747712 24.74580982801342
0.6633836783147071 7.027024555369233 24.745809828019436
2.46967167667714 6.7806101274015065 24.745809828012867
3.3547460911735416 7.249319947792025 24.745809828008454
0.6633836783146654 5.921597485685621 24.745809828006646
1.5699168730703716 6.343750658365342 24.74580982801576
3.327717894602501 6.07207697937997 26.404329392510544
1.4927205393641678 5.202742435558573 24.745809827597597
2.419773434880965 5.6325366978974225 27.29730390021238
1.6587011166448686 4.173520135037853 23.676729613462648
2.5745270531571025 4.575096061295232 23.676729613462467
3.4729596714104813 5.016338837394968 23.67672961346204
4.187119404354922 4.2375762081389805 23.676729613603047
3.325614011043329 3.7121179495449237 23.676729613613492
2.3728608495888186 3.394757505781799 23.676729613621315
9.771863351209177 1.582978899639178 60.70912871196163
9.329736244279488 0.6784033594714831 61.38110076792462
9.057635234215285 2.4575655972461337 66.8732684879231
8.61846559466779 1.5577453741316263 66.87326848791888
8.183329656331546 0.6562024068397037 66.87326848792067
7.481205859953004 1.5550949115529926 65.24329825471403
7.915962448946061 2.455815259205401 65.24329825472019
8.354700492910805 3.3546995666042503 65.2432982547321
7.026812092727751 0.6634302028809733 65.24329825471573
6.736662702779654 2.3407602612109337 62.5751048452289
7.195495001565367 3.283394447600522 64.37890837956986
6.260606140000842 1.428662077433855 59.164870027608885
6.143935853876795 3.403272210248652 64.37890837940023
5.139140619329353 1.6670458624253728 64.37890837939972
5.691650479681366 2.511126586368815 64.3789083793974
4.384727013109956 2.40652877089689 64.3789083794033
4.937236873462034 3.2506094948408126 64.37890837937843
3.2176812433147948 2.500000463151859 7.319e-12
1.500000277891381 2.500000463154921 1.5295e-11
6.518130232640464 4.518129862118941 89.99999999996848
3.502853056745312 1.5000002778911385 4.889e-12
3.502779418121377 0.5000000926303816 2.427e-12
0.5000000926307164 10.518130973683391 1.1679e-11
10.518130973683252 0.5000000926309003 89.99999999998585
0.5002984298728466 0.5000000926905246 89.99999999314436
1.5012275396587995 0.5000000926309864 5.159e-12
2.502072308727205 0.5000000926304127 89.99999999999041
0.5003110363359449 1.5000002783479296 89.99999994781034
1.501234106068675 1.500000277892954 1.0075e-11
2.502081349341373 1.5000002778911847 89.99999999998087
0.5000000926304677 2.5033841237826517 7.539e-12
0.5018114870978945 3.5074094817960932 89.97396357881834
10.5175774650595 10.518130973683405 89.99999999999075
9.516434600683873 10.518130973683402 89.99999999999824
8.515503837181697 10.51813097368342 89.99999999998916
7.514588127769028 10.518130973683476 89.99999999998924
6.5136212131230575 10.518130973683515 89.99999999999248
5.512553197784023 10.518130973683416 89.9999999999834
4.511318933683973 10.518130973683348 89.99999999997412
3.509801910192885 10.51813097368337 1.258e-12
2.507728126936276 10.51679591130144 89.9998182466865
10.518130973683345 9.518130788422297 89.99999999999568
9.518130788422003 9.518130788421562 3.584e-11
8.518130603150697 9.518130788422429 89.99999999997671
7.518130417884345 9.51813078842185 89.99999999989389
6.518130232619226 9.518130788422749 89.99999999998339
5.518130047355035 9.518130788422315 89.99999999994763
4.518129862091331 9.518130788422464 89.9999999999606
3.518129676827865 9.518130788422301 1.904e-12
10.518130973683526 8.518130603160843 89.99999999999744
9.518130788422617 8.518130603160325 1.4978e-11
8.518130603161406 8.51813060316153 89.99999999998974
7.518130417900626 8.518130603159637 89.99999999998418
6.518130232639821 8.518130603162062 89.9999999999845
5.518130047378768 8.518130603161431 89.99999999994971
4.518129862117981 8.518130603161703 89.99999999995867
10.51813097368354 7.518130417886039 4.356e-12
9.518130788422734 7.518130417899336 1.334e-11
8.518130603161733 7.518130417900574 89.99999999999848
7.51813041790087 7.51813041789829 89.9999999999952
6.518130232639449 7.518130417901344 89.99999999999427
5.518130047377875 7.518130417900452 89.99999999992502
4.515385308871715 7.5181304179009745 89.9999999999547
10.51813097368353 6.51813023261841 4.163e-12
9.518130788422663 6.5181302326385175 9.789e-12
8.518130603161914 6.518130232639406 5.898e-12
7.518130417901188 6.518130232637205 4.448e-12
6.518130232640083 6.518130232640626 2.871e-12
5.518130047378893 6.518130232639451 89.99999999994554
10.518130973683512 5.518130047352583 1.0454e-11
9.518130788422809 5.518130047377515 1.6687e-11
8.518130603162163 5.518130047377298 1.7792e-11
7.518130417901462 5.51813004737619 2.1174e-11
6.518130232640633 5.51813004737993 8.455e-12
5.518130047379998 5.516287670261649 7.353e-12
10.51813097368354 4.51812986208765 2.046e-12
8.518130603161831 4.518129862115374 89.99999999997576
9.518130788422397 3.518129676855472 89.9999999999692
7.518130417901105 4.42864950434681 89.99999999997212
10.518130973683373 3.518129676823266 89.99999999998398
9.518130788422607 4.518129862116355 89.99999999998592
10.518130973680655 2.5181294915590966 89.99999999991364
4.518129862118155 6.51813023264024 89.99999999995059
4.518129862119393 5.518130047379084 7.949e-12
5.403935297192277 4.436340115286847 79.63645266323282
0.500000092630299 4.514417720204414 89.9999999999995
4.503089729891615 0.5014723577585718 89.99481244441311
5.50321381913524 0.5000000926303292 1.657e-12
