110 11.038958166005202
0.5000000348755727 10.538958131129707 4.405e-12
10.538958131129618 0.5000000348757982 89.99999999998717
0.5014064784619627 0.5000000349195446 89.99999999730612
1.5042190602319145 0.5000000349137919 89.99999999563788
2.5068321676195118 0.5000000348758284 89.99999999995877
3.5099713279071403 0.5023032555332723 0.012592348880579
0.5000000348758782 1.5000001047877074 89.99999999997038
1.500000104627503 1.5000001048575653 89.99999999994358
2.500000174379133 1.5000001046272606 89.99999999991539
0.5000000348762157 2.5000001747765848 9.8466e-11
1.5000001046275893 2.5000001748412637 1.68512e-10
0.5000000349003422 3.5000002445938114 2.751171e-09
10.538958131129576 10.538958131129423 1.7083e-11
9.538958061377826 10.538958131129771 89.99999999999669
8.538957991626132 10.538958131129718 89.99999999999227
7.538957921874706 10.538386616630557 2.2666e-11
6.5389578521231995 10.538958131129398 4.8274e-11
5.53895778236916 10.538958131129728 1.4182e-11
4.538957712616598 10.538958131129412 89.99999999997102
3.5389576428644016 10.53895813112944 1.5362e-11
2.5389575731126044 10.538958131129128 1.336e-11
10.538958131129615 9.538958061377961 1.3841e-11
9.538958061378224 9.538958061378711 89.99999999998684
8.53895799162708 9.538958061378704 89.99999999997407
7.538957921875373 9.537245648140118 4.2263e-11
6.538957852124026 9.538958061378143 9.7458e-11
5.538957782373094 9.5389580613782 1.05345e-10
4.538957712622241 9.538958061375432 1.05526e-10
3.538957642871379 9.538958061377397 1.05427e-10
10.538958131129359 8.538957991626779 1.947e-12
9.538958061377613 8.538957991627282 89.99999999997924
8.538957991625994 8.538957991627134 89.9999999999047
7.538957921872859 8.536629983482985 1.02624e-10
6.538957852120377 8.53895799162597 2.52185e-10
5.538957782368583 8.538957991625558 3.23362e-10
4.538957712616702 8.538957991620347 4.09925e-10
10.53895813112942 7.53895792187552 89.99999999997358
9.538958061377084 7.538957921875709 89.99999999989761
8.53895799162476 7.538957921875903 89.99999999986771
7.53895792186954 7.536145758100777 8.4825e-11
6.5389578521147484 7.538957921874854 2.86381e-10
7.538957921871845 5.535330461132287 9.7027e-11
6.538957852120322 4.538957712621729 3.70673e-10
10.53895813112948 6.538957852124196 89.99999999997648
9.538958061376725 6.53895785212478 89.99999999989264
8.53895799162432 6.538957852124954 89.99999999986207
7.538957921870516 6.535721633145576 9.1674e-11
6.538957852116808 6.538957852123818 3.12673e-10
6.538957852118585 5.5389577823728136 3.3633e-10
10.538958131128453 5.538957782372033 89.99999999986149
9.538958061376587 5.538957782373882 89.99999999989208
8.53895799162508 5.538957782374054 89.9999999998601
5.538957782359848 7.538957921874638 3.43995e-10
5.538957782364446 6.538957852123829 3.51424e-10
5.538957782367149 5.538957782373028 3.58492e-10
10.538958131129785 4.538957712560486 1.74e-13
9.538958061377961 4.538957712622938 89.99999999989554
8.538957991626662 4.538957712623176 89.99999999985556
7.538957921873721 4.5349602984483255 8.7864e-11
10.538958131129327 3.5389576427805123 89.99999999994944
9.538958061377908 3.538957642872096 89.9999999998976
10.538958131107744 2.5389575730041667 89.999999999251
5.538957782369282 4.538957712622098 3.81163e-10
4.538957712618684 4.478181942904541 3.90732e-10
4.538957712611761 6.54616906424757 2.99362e-10
4.538957712614817 5.542559900023511 2.20354e-10
1.5752270069551337 9.83001815269462 34.82261746486539
0.6794068661177066 9.282550963014613 28.909751373573524
2.414203502933227 9.13596999086231 28.909751372602823
1.5560810651219499 8.621284926060195 28.909751372587895
0.6794068661141655 8.140192804425533 28.90975137257317
1.5348468170491034 7.31226955574565 9.396274952645232
2.4640352685727125 7.822362764513068 9.396274952402107
3.538957642866359 8.409812416076605 4.22406e-10
0.5324238809755384 6.962951330065748 3.847525804598855
2.506533727012359 6.412837515836067 3.847525804507679
3.5389576428537604 7.409812346325592 4.10646e-10
0.532423880974946 5.960692320893789 3.847525804601435
1.5301701026115895 6.027793861201873 3.847525804602067
6.1735175605095876 3.375606138501666 65.26169339026985
0.5225184087656691 4.903577036351509 2.642266778110143
1.5184721843108564 5.0143181503277905 2.642266778220274
2.516439199225506 5.081434539666251 2.642266778127679
1.5060616195752878 3.978177439817965 6.741998054155995
2.5274115589601185 4.066977726482254 3.801613049596582
5.009490673402755 3.3099008166914436 65.26169339028239
9.774397111947728 1.6109296474287187 64.73526930803948
9.35809416790872 0.6820961701789772 64.31470912167855
9.067788020383201 2.4776810771755398 65.7701799344705
8.6492971232765 1.569416647545788 65.77017993446532
8.230806226170662 0.6611522179156664 65.77017993446655
7.53865765377552 1.559148814988935 65.26169339040054
7.957132070515968 2.4673774767450722 65.26169339040447
8.375606487255398 3.37560613850176 65.26169339041891
7.093202994917679 0.6633515392470795 65.26169339040305
6.856087607142305 2.467377476745812 65.26169339030473
7.274562023882697 3.3756061385020244 65.26169339031416
5.992158531544811 0.6633515392474907 65.26169339030743
6.410632948284427 1.57158020100402 65.26169339030399
3.5389576428588008 6.409812276574616 4.07346e-10
4.891114068171044 0.6633515392476665 65.2616933902636
5.30958848491208 1.5715802010034756 65.26169339026289
5.728062901651567 2.4798088627600037 65.26169339026517
4.168553162466118 1.4847867365271918 65.26169339010454
4.588994391054994 2.397284034118629 65.26169339022802
3.5331729310659057 5.4098122068235925 4.0178e-10
3.538957642868163 4.409812137072649 3.9638e-10
3.8792155500615113 3.246460562949562 65.26169339013468
2.5000001743767433 3.033087233318688 2.38536e-10
3.4607411333229217 2.3382319011921666 65.26169339010222
