110 10.99994401056438
1.5731106414587495 9.73754170337249 27.888399858310258
0.6758056131253634 9.295195842784185 27.888399858203094
2.440201566518388 9.027908150856508 23.994597580170495
1.5425807205208901 8.585395155278924 23.994597580177366
0.6601171539199022 8.108829712016579 23.994597580177864
1.5506565507463765 7.411556240869393 26.558702529269834
2.430953295366389 7.887038573239403 26.558702527401657
3.3304189337889625 8.3304189338273 26.2359795374741
0.6707956124240413 6.9352020544394195 26.55870252927198
2.437212570300388 6.736112019103594 28.43098719249532
3.3351105792486324 7.217880284585447 26.235979537570064
0.6778016778962686 5.78406528393592 28.428932123399093
1.5576132082725525 6.259899449328167 28.43098719238934
3.2734804634432395 6.051714735285176 28.430987192534754
1.5146980371914642 5.099514978167888 28.430987192601044
2.3940892503178652 5.575614856725451 28.430987192540922
1.6777455458168737 3.998697232815841 28.430987192478828
2.535390253496464 4.514964493531002 28.430987192455728
3.4147814665911733 4.991064372072136 28.43098719293356
2.674322670289131 1.6743226702743912 62.51536700218842
9.74245581758693 1.5708838572957 61.30100631989646
9.289734450302712 0.6786813447752795 61.3010063199488
9.030428464027036 2.4409308302357546 66.38761595281763
8.577147916362968 1.5477069112675808 66.38761595281434
8.114880363234441 0.6584116318998312 66.38761595281613
7.41400856601259 1.548738568999776 63.093766879557336
7.875272272343651 2.436055691630221 63.0937668795649
8.327803996275712 3.32780399627441 63.09376687957441
6.931623103430556 0.672140014286815 63.09376687955652
6.744376342786949 2.4392227715666053 62.515367002435916
7.208078868390286 3.331089988099843 63.093766879317556
5.8020637012728535 0.6743137189703194 62.533418933303054
6.262010628600095 1.5626621780224608 62.51536700253651
6.078279507052276 3.325621340292743 62.51536700260848
4.674322670271479 0.6743226702694747 62.515367002626746
5.134515800941401 1.5621427467943616 62.515367002616905
5.596026497018064 2.4492773912579757 62.515367002606176
4.006339896726692 1.5603141224999804 62.51536700225727
4.46785059280561 2.4474487669634786 62.515367002214575
4.939929701535481 3.3560300575331072 59.70625338157318
3.34368439410644 2.4533277618114258 62.51536700205943
3.413657487642798 3.746590536729119 36.67497281066546
2.508598252093785 3.2876571894917754 36.67497281055889
4.2569570353332535 4.288456439052116 36.67497281086291
4.499944010499092 6.488112180745062 89.99999999984522
4.48516008335456 5.488112180744018 89.99999999982893
0.5000000000036984 10.499944010562203 8.7197e-11
10.499944010563318 0.5000000000017435 89.99999999996089
0.500000000000238 0.5000000000993898 89.99999999999739
1.5000000000007185 0.5000000000016174 89.99999999999453
2.5000000000012053 0.5000000000011307 89.99999999998988
3.500000000001687 0.500000000000643 89.99999999998667
0.5000000000046523 1.5000000002977991 1.16707e-10
1.5000000000136184 1.500000000006052 1.99421e-10
0.5000000000013705 2.5000000004149867 9.072e-11
1.6996557416931326 2.699655741699059 36.67497281053267
0.5024642647232138 3.5000000005046754 89.99999999996365
10.499944010563379 10.49994401056405 89.99999999998867
9.49994401056123 10.499944010563686 89.99999999993979
8.499944010558542 10.499944010564116 1.535e-12
7.499944010555566 10.499944010564056 1.8431e-11
6.499944010553926 10.499944010559995 89.9999999999832
5.499944010552211 10.499944010564134 1.5618e-11
4.4999440105505 10.499944009451202 89.99999999998408
3.4999440105462423 10.49994401056402 2.1359e-11
2.499944010541755 10.499944010561524 1.13587e-10
10.499944010563686 9.499944010563349 89.99999999997999
9.499944010561222 9.499944010562745 89.9999999998803
8.499944010558552 9.499944010563587 4.435e-12
7.499944010556106 9.499944010563295 6.1208e-11
6.499944010554098 9.4999440105512 2.5394e-11
5.499944010552452 9.499944010563658 4.0728e-11
4.499944010550746 9.49994400703584 4.011e-12
3.499944010549748 9.499944010563425 4.1481e-11
10.49994401056384 8.499944010562531 89.99999999997631
9.49994401056207 8.499944010561947 89.99999999988341
8.499944010560094 8.499944010563055 8.106e-12
7.499944010557474 8.499944010561974 1.68493e-10
6.4999440105553505 8.499944010546699 1.78385e-10
5.499944010552478 8.49994401056322 6.1041e-11
4.499944010533268 8.499944006292813 89.9999999989494
10.49994401056337 7.499944010561713 89.99999999997294
9.499944010553886 7.499944010561281 89.99999999988353
8.499944010548568 7.499944010562549 1.6896e-11
7.499944010538121 7.499944010554238 9.98377e-10
6.499944010535176 7.49994401053201 8.77407e-10
5.499944010526409 7.499944010562839 7.4667e-11
4.499944010028481 7.4999440058753954 1.3063543e-08
10.499944010562245 6.499944010560885 89.9999999999649
9.49994401055299 6.499944010560803 89.99999999987728
8.499944010543992 6.499944010562155 1.6673e-11
7.499944010525834 6.499944010547567 1.686416e-09
6.499944010520129 6.499108394370685 1.425391e-09
5.4999440105047945 6.499944010562453 8.8548e-11
10.49994401056136 5.499944010560046 89.99999999995438
9.499944010534536 5.499944010560337 89.99999999987402
8.499944010516643 5.499944010561597 89.99999999999224
7.499944010509154 5.498373156166542 4.1098e-11
6.49994401050531 5.498606319189536 7.1954e-11
5.499944010501463 5.499944010562073 1.01976e-10
10.499944010558062 4.4999440105591955 89.99999999994098
9.499944010533731 4.49994401055995 89.99999999986886
8.49994401051621 4.499944010561085 89.99999999996494
7.499342829603661 4.497863753445227 89.98585386361493
10.499944010563697 3.4999440105577615 89.9999999999367
9.49994401056274 3.499944010559568 89.99999999986441
10.499944010563356 2.499944010556329 89.9999999999345
6.4856918518286655 4.498057152222342 89.99291511830477
5.485406645812554 4.4999440105616255 1.20309e-10
0.5000000000022551 4.50000000059466 89.99999999986636
