110 11.020244383402764
1.5999592722377827 9.729422990506194 22.723197167896775
0.6254992666350736 9.348944716127136 17.201033266646856
2.5102666246162713 8.976847374971042 17.201033266605222
1.5807724689258777 8.597848717261469 17.20103326660103
0.625499266634769 8.302123386284649 17.201033266596582
1.4381162249675015 7.436356644730084 8.844891260529092
2.4036395536546893 7.735255122538556 8.844891260483799
0.5000000909611275 6.500001182500509 8.619e-12
2.5590428190801213 6.598749566035643 8.844891260445982
3.5012646604418793 7.138691743861074 7.212730897100946
0.5022364531329897 5.500001000577809 2.7471e-11
1.5709344257842854 6.444989471616458 8.844891260447486
3.4248981593528867 5.705217120562194 6.975974842015066
1.5000002728843373 4.500000818655963 1.26572e-10
2.4362639309310423 5.551375200154117 6.975974842216414
3.500000636757993 2.5000004548088075 1.08e-12
1.5000002728845345 1.5000002728856732 89.99999999997104
9.818012785954686 1.5375550757153227 50.09172473700222
9.181382546963942 0.5000000909612989 89.9999999999933
9.06989172446243 2.5202428370495267 1.77724e-10
8.4311868261113 1.4985280905988194 52.96213883994088
7.828844110400272 0.7002902707894529 52.962138839941844
7.189336066399473 1.5129850656912684 52.96213883995418
7.796741505570095 2.3179320652011373 52.96213883992642
6.513295686050645 0.5034699048446276 0.007043974977633
6.494922239735606 2.2529175970891697 52.962138839958065
5.510162635516323 0.5000000909614455 89.99999999997618
5.500001000575512 1.500000272884245 89.99999999995065
3.4614227569222833 8.141626019591442 7.212730897117763
4.500000818650701 3.5000006367327163 1.25108e-10
8.520243928593 3.5202430189703966 4.28159e-10
4.507951167050022 0.5000000909614215 89.99999999998639
4.50000081865277 1.5000002728848756 89.99999999996517
4.500000818685325 2.5000004548095114 1.29504e-10
3.500000636728514 3.5046501326243615 1.20492e-10
1.5000002728852744 2.500000454809674 7.4223e-11
2.5000004548063464 3.500000636728985 1.15874e-10
0.5000000909613549 10.52024429244156 8.845e-12
10.520244292441213 0.5000000909616515 89.99999999999426
0.5009791211831143 0.5000000909613318 89.99999999999388
3.506150804260336 0.5000000909614055 89.99999999999189
2.504538654225962 0.5000000909611639 89.99999999999737
1.502940210071757 0.5000000909611977 89.99999999999717
0.5000000909615219 1.5000002728841313 89.99999999998569
3.5000006367300274 1.5000002728846056 89.99999999997961
2.5000004548072976 1.5000002728835327 89.99999999999402
0.5000000909614037 2.5000004548071084 89.99999999999416
2.500000454828435 2.5000004548067123 1.06198e-10
0.500000090961148 3.500000636730438 1.0162e-11
10.52024429244163 10.52024429244095 6.349e-12
9.520244110519386 10.520244292441287 1.2371e-11
8.52024392859714 10.520244292441284 1.7668e-11
7.520243746674895 10.520244292441145 2.1936e-11
6.520243564752649 10.520244292441154 2.5546e-11
5.5202433828304 10.520244292440603 2.9973e-11
4.520243200908144 10.520244292441296 3.4176e-11
3.5202430189858873 10.520244292441314 3.7475e-11
2.5202428370636327 10.52024429244127 4.0048e-11
10.520244292441296 9.5202441105172 4.5699e-11
9.520244110518522 9.520244110517389 1.15141e-10
8.520243928596152 9.520244110517378 1.38768e-10
8.520243928593526 8.520243928594292 1.27068e-10
8.52024392859623 7.520243746668861 1.35668e-10
5.520243382829387 9.520244110513936 1.7078e-10
4.52024320090718 9.520244110517627 1.76083e-10
3.5202430189849876 9.520244110517748 1.79864e-10
10.520244292440793 8.520243928594047 1.9684e-11
9.52024411051665 8.520243928593956 8.3733e-11
7.520243746673834 9.52024411051677 1.56627e-10
7.5202437466701015 8.520243928592757 2.18306e-10
7.520243746673938 7.520243746668743 1.55439e-10
7.520243746628813 6.520243564744387 89.99999999995656
4.514471048497577 8.520243928594322 2.77241e-10
10.520244292441586 7.520243746670944 1.2451e-11
9.520244110518743 7.520243746668721 9.0735e-11
6.520243564751598 9.520244110516476 1.65066e-10
6.520243564746797 8.520243928592178 2.69758e-10
6.52024356475069 7.520243746667761 2.84835e-10
6.52024356469738 6.520243564743074 3.71421e-10
4.520243200906209 7.520243746671645 3.13092e-10
10.520244292441346 6.520243564747578 89.99999999995971
9.520244110515218 6.520243564745443 1.11185e-10
8.520243928562383 6.520243564745379 2.01378e-10
5.520243382823661 8.520243928588469 3.07974e-10
5.520243382828446 7.520243746661397 2.99268e-10
5.477553702598951 5.39067865164934 6.134011912074556
10.520244292441522 5.52024338282374 1.6615e-11
9.520244110518597 5.520243382822454 9.565e-11
8.520243928595086 5.520243382822128 2.41665e-10
7.520243746672559 5.520243382813772 2.77047e-10
6.5202435647501344 5.520243382819497 3.07724e-10
5.44784674666931 4.353013611686697 9.506740030012912
10.520244292441667 4.52024320089845 4.497e-12
9.5202441105195 4.520243200898618 8.246e-12
8.52024392859734 4.520243200897053 1.1051e-11
7.5202437466628 4.520243200879233 1.430132e-09
10.520244292441022 3.520243018974493 6.5271e-11
9.520244110517332 3.520243018974069 2.07718e-10
10.520244292441145 2.520242837051201 2.729e-11
4.473099520582441 6.266550884277999 9.325511345250161
4.488501180725842 5.235230597574577 6.134011912083642
6.478509168464712 4.478508804610712 5.007459210678618
0.5000000909614766 4.500000818654778 4.6749e-11
5.520243382739673 6.520243564670565 3.992651e-09
7.520243746667556 3.520243018941583 7.77937e-10
5.500001000615581 2.9271297590732326 4.83921e-09
6.499075519471576 3.458562739692885 2.69278712306365
1.5000002728839643 3.5000006367325946 8.802e-11
3.555275061764464 4.56032031143648 6.134011912087259
2.550564963917962 4.550565327762811 6.1340119120524
