110 11.027950115993312
2.4641524665404586 9.043415468222742 25.989484996254465
1.5699278523889495 8.595669513263879 25.98948499626954
0.6685408287888492 8.162615515856125 25.989484996255687
1.566380897229604 7.481286995095664 25.313150677154397
2.46776972398406 7.914341871461454 25.3131506771583
0.6657753884653204 7.046575980713539 25.313150677146247
2.461696730001166 6.796360616531112 25.087178288480732
3.3631142413360506 7.229429060255329 25.087178288480438
0.5000003680368748 5.880800224211232 6.015e-12
1.5625631360698522 6.358413663776005 25.087178288475492
3.358534224500402 6.112436675859434 26.20707482574971
1.5765683365797702 5.1374925558478965 30.152928795245685
2.4594947411218735 5.6745364281919635 26.207634973083515
4.172277333015552 3.007593566217151 30.452679383422016
1.5909167080275926 3.9776880211916446 30.086512415156992
2.4509968605757444 4.488602815133792 30.116231376153756
3.359502755194405 4.998234997229598 25.71929413462779
3.362169575079411 8.362173255622073 25.313150677157015
1.6038492576192689 9.752313080948024 24.338332922660285
9.787843989199363 1.577956174826205 59.53288854206161
9.28810713784771 0.6884783608914846 61.08881516252417
9.110727101701714 2.3991475345938333 59.53288854211125
8.603683036724796 1.5372265495978947 59.53288854210961
8.081039113160996 0.684482524982478 59.53288854210942
7.425853391481864 1.542954559446414 59.532888542101446
7.948497315045749 2.395698584062026 59.53288854208193
6.859982692136426 0.5000003680368206 8.24e-13
5.855770005666385 0.5041353697277664 0.04043069662815
8.384139000315537 3.384135319947189 69.42772424113326
4.311210916634622 4.325301304413098 38.55930771553355
3.4288999820842774 3.7956981052949077 40.90539899893444
4.907620466726695 1.514332291044174 83.2848251553052
5.318126776336628 2.472907069046377 83.28482515530563
3.187017410063859 2.547724628117267 40.90539899893101
2.4558851555518313 3.2373942357736545 40.905398998902974
0.5000522028049845 3.500002576263547 7.8081e-11
3.8466621031018775 1.507172699107671 0.000911801935615
4.50000331233233 0.5000003680368508 89.99999999999422
0.5000003680372336 10.527949747956285 1.1814e-11
10.527949747956498 0.500000368036825 89.99999999999933
0.5000003680369511 0.5000003680373792 89.99999999999163
1.5000011041107957 0.5000003680369218 89.99999999998755
2.5000018401846886 0.5000003680368188 89.9999999999995
3.500002576258543 0.5023779048683039 89.99999999999343
0.5000003680368064 1.5000011041135641 89.9999999999999
1.50000110411042 1.5000011041128927 89.99999999999974
2.5000018401840314 1.5000011041104555 89.99999999999953
0.5000003680378207 2.5000018401889474 7.4843e-11
1.5000011041128634 2.500001840188342 1.25745e-10
10.527949747956406 10.527949747956466 6.39e-13
9.527949011882399 10.527949747956487 89.99999999999935
8.52794827580836 10.527949747956376 89.99999999998734
7.527947539734264 10.527949747956438 89.99999999999565
6.527946803660153 10.527949747956479 8.95e-13
5.527946067586081 10.527949747956459 89.9999999999939
4.5279453315120595 10.527949747956477 89.99999999999692
3.527944595438215 10.52794974795589 89.99999999999079
2.527943859364447 10.527949747956404 89.99999999999949
10.527949747956434 9.527949011882775 89.99999999999905
9.527949011882349 9.527949011882837 89.99999999999801
7.5279475397341375 9.527949011882717 89.99999999999208
8.527948275808239 9.527949011882628 89.99999999997942
6.5279468036600505 9.527949011882818 1.251e-12
5.527946067585955 9.527949011882791 89.99999999998597
4.52794533151187 9.527949011882832 89.99999999999474
3.52794459543764 9.527949011881025 89.99999999997793
10.52794974795642 8.527948275809084 89.99999999999767
6.527946803659836 8.527948275809155 9.38e-13
7.527947539733965 8.527948275808996 89.99999999998849
8.527948275808114 8.527948275808896 89.99999999997334
9.527949011882283 8.527948275809187 89.99999999999629
5.527946067585682 8.527948275809159 89.99999999998215
4.52794533151175 8.527948275809194 89.99999999999349
10.527949747956402 7.527947539735392 89.99999999999604
6.527946803659539 7.527947539735495 3.69e-13
7.5279475397337325 7.527947539735271 89.99999999998464
8.527948275807944 7.5279475397351625 89.99999999996703
9.527949011882193 7.527947539735534 89.99999999999412
5.5279460675853365 7.5279475397355355 89.99999999997954
4.522270209584365 7.527947539735539 89.99999999998992
10.527949747956376 6.527946803661697 89.99999999999368
9.527949011882074 6.527946803661877 89.99999999999153
7.527947539733432 6.527946803661545 89.99999999998046
8.527948275807724 6.527946803661421 89.99999999995951
6.527946803659159 6.527946803661832 89.99999999999982
5.527946067584373 5.52794606758831 89.99999999997642
10.527949747956331 5.527946067587996 89.9999999999903
9.527949011881882 5.527946067588216 89.9999999999884
8.527948275807425 5.527946067587662 89.99999999995003
7.527947539733049 5.527946067587817 89.99999999997588
6.527946803658676 5.527946067588171 89.9999999999992
5.527946067583277 4.527945331514702 89.99999999997546
10.527949747956209 4.527945331514284 89.99999999998548
9.527949011881576 4.527945331514553 89.999999999985
8.527948275806892 4.5279453315138705 89.99999999993665
7.527947539732548 4.527945331514088 89.99999999997111
10.527949747956427 3.524565365787855 89.99999999999108
9.527949011882727 3.527944595440894 89.9999999999822
10.526001397533364 2.521778131369129 89.99313082346481
4.52794533151087 6.527946803661882 89.9999999999863
4.527945331509353 5.527946067588244 89.99999999998529
6.527946803658223 4.527945331514509 89.99999999999875
0.6832500384732301 4.6832529827740546 30.074325441336054
5.527946067584786 6.527946803661923 89.99999999997794
7.240328988748209 3.527944595440528 89.99999999996658
5.240327516600963 3.527944595441191 89.9999999999669
6.240328252674585 3.527944595440677 89.99999999996707
0.5000003680368739 9.374078916055662 5.868e-12
6.631058048302174 2.5279438593658567 89.99999999985604
6.247956542094998 1.5221305002963712 87.40449398163457
