110 11.006899398738758
1.5874465408990077 9.71825994494235 23.64310488657604
2.4461860761188596 9.001276555399004 27.489873367147943
1.5587038383944347 8.540433858286228 27.48987336717477
0.6743421317982969 8.073594088987779 27.4898733670687
1.56153653310722 7.405713425095111 27.260969117877714
2.445926285541126 7.8725677878361076 27.260969117879277
3.3334126098778714 8.33341261138651 27.260969117874204
0.6734867867492564 6.945962038682216 27.260969117875828
2.4504659998895266 6.738808885183886 27.260969118875
3.3377385529558397 7.207048467161174 27.63343039340372
0.6734867867494065 5.821013392043252 27.260969117889864
1.5624162535223185 6.279057498769651 27.26096911789379
3.2882084927396438 6.042493828617308 27.50812665123694
1.5029964549581658 5.123491250203469 27.260969117902384
3.4883590361149346 4.833520271859509 1.255015565452018
1.5000000004523706 3.507219949409742 6.802e-12
2.3941345222759756 5.58225470948461 27.52430899689465
2.436654084417005 4.4107709169275715 19.730483995824464
2.6394435896798387 3.4211311666709032 19.730483995808278
9.751435227256625 1.5766769347945777 61.45125653909697
9.310487451411474 0.6781585434829935 61.45125653911707
9.03959026750563 2.446936912026885 66.3907596188535
8.598598801644034 1.5483382167087947 66.39075961885234
8.137798753710522 0.6583974827699572 66.39075961885294
7.438869780901307 1.5533775068567146 64.29119966313726
7.898915125923457 2.441750700169505 64.29119966314114
8.339495456357085 3.339495454848018 64.29119966314732
6.973840335922754 0.6674039417785824 64.2911996631375
6.7577629970638515 2.4438772137350946 62.892881647547966
8.50689939798422 4.506899396777095 89.99999999996375
5.828203586127526 0.6729058522166582 62.89288164754461
6.292983291596237 1.558391532975587 62.89288164754479
6.088478434415957 3.331414732706945 62.30561392967289
4.694212560248851 0.6750972295531614 62.305613929663814
5.158967851638188 1.5605363972709116 62.30561392966349
5.62372314302762 2.4459755649886197 62.3056139296656
4.024904438214183 1.5516195233930188 62.305613929642
4.489659729603531 2.437058691110749 62.305613929642305
4.954415020992933 3.3224978588284624 62.30561392964508
3.3349803279627297 2.3888647959990448 62.30561392951354
4.4960747116445425 4.49228199710396 1.255015565365795
3.903157826563846 3.471341146023106 62.30561392964688
7.219753697686622 3.3360786855496483 63.43486743600304
0.500000000151184 10.506899398587795 1.252e-11
10.506899398587684 0.5000000001513145 89.99999999998619
0.5000000001508278 0.5008910097144366 3.799e-12
1.5000000004524736 0.500890822832095 7.597e-12
2.500000000754265 0.5000000001508091 89.99999999999731
3.5000000010560375 0.5000000001508358 89.99999999999022
0.500000000150866 1.5035529840358217 89.99999999999798
1.5000000004525944 1.5033864476817485 89.99999999999595
2.5000000007543237 1.5000000004524257 89.99999999999395
0.5025370582686604 2.505276424712952 0.02321828086877
1.6163540702904307 2.5054086654523617 89.9932263749503
0.500000000150794 3.5069311381249277 3.396e-12
10.506899398587933 10.506899398587873 5.102e-12
9.506899398286276 10.506899398587912 9.841e-12
8.506899397984593 10.50689939858787 1.5127e-11
7.506899397682893 10.506899398587748 1.8801e-11
6.5068993973811615 10.506899398587827 2.131e-11
5.5068993970793825 10.506899398587827 2.0876e-11
4.506899396777605 10.506899398587553 2.0464e-11
3.5068993964756174 10.506899398588008 89.99999999999952
2.5068993961736794 10.506899398587834 89.99999999998528
10.506899398587851 9.506899398286105 1.2747e-11
9.506899398285942 9.506899398286095 3.9321e-11
8.50689939798406 9.506899398285885 6.44e-11
7.506899397682322 9.506899398285427 7.1417e-11
6.506899397380606 9.50689939828587 7.2959e-11
5.506899397078855 9.506899398285924 6.4304e-11
4.5068993967766495 9.506899398282723 89.99999999999811
3.5068993964750907 9.506899398286507 89.99999999999885
10.506899398587915 8.50689939798444 7.02e-12
9.50689939828603 8.506899397984494 3.9932e-11
8.506899397984178 8.50689939798426 7.1682e-11
7.5068993976823455 8.50689939798309 1.02702e-10
6.506899397380745 8.506899397984075 1.06308e-10
5.506899397079165 8.50689939798404 1.06147e-10
4.506899396776807 8.506899397978724 1.83764e-10
10.506899398587496 7.506899397682767 89.99999999999552
9.506899398284858 7.50689939768282 2.8521e-11
8.50689939798136 7.506899397682669 7.05e-11
7.5068993976774046 7.504751014681972 2.78732e-10
6.506899397374266 7.5068993976799225 4.10048e-10
5.50689939707198 7.506899397679604 4.4011e-10
4.506899396769868 7.506899397674191 4.42432e-10
10.506899398587901 6.506899397381102 89.99999999999356
9.506899398285949 6.506899397381052 4.343e-12
8.50689939798372 6.5068993973810985 6.7845e-11
7.506899397678756 6.503734443807636 4.5419e-10
6.5068993973746645 6.506899397375492 7.45621e-10
5.506899397072624 6.5068993973749025 8.04712e-10
10.506899398587809 5.506899397079375 89.99999999998168
9.506899398285913 5.506899397079477 89.99999999999956
8.506899397984018 5.506899397078673 89.99999999996696
6.506899397357487 4.506899396755941 2.651944e-09
6.504294575819628 5.506899397060699 2.264922e-09
5.483183768219912 5.505089829165656 0.207738263189028
10.506899398587944 4.506899396776469 7.02e-12
9.506899398286201 4.506899396777912 89.99999999999666
7.506899395333658 5.502917774654935 2.6717143e-07
7.506899397671014 4.502139636789621 1.301879e-09
10.506899398587976 3.5068993964742434 89.99999999999847
9.506899398286407 3.506899396476385 89.99999999999645
10.506899398587567 2.506899396172189 89.9999999999853
4.496135286698463 6.492763212652956 1.255015565365992
4.474172309457287 5.492042111022008 1.255015565365761
5.505089829164518 4.5051626814358405 0.207738263198639
0.5000000001507905 9.313355668142236 4.728e-12
0.5000000004208243 4.508062124088093 89.99999999530174
