110 11.021154730305836
1.602710363141473 9.712137144793665 20.4345706502057
2.527462866242667 8.934131015826821 14.126106165567087
1.5982433155547642 8.528982023623179 14.126106165552049
4.460944456732387 6.20823196415274 11.254244874703012
9.781616174013095 1.533346228781891 55.40563571395848
9.211873493550925 0.7008641721066073 55.07864291674645
9.113309118611484 2.3256754424033166 55.405635714001285
8.54554623294941 1.5024830656960741 55.40563571400431
7.954314013087703 0.6954776312360362 55.40563571400024
7.238464478508733 1.4605085123862374 50.84845538971772
7.871747534558765 2.2868501489117867 55.40563571407779
6.549124850171235 2.1976820280292344 50.84845538970447
7.521154005513137 4.5211533842611304 2.22753e-10
6.461189074058068 4.461188659889087 7.364334840390954
7.521154005512983 3.5211531771776237 2.26981e-10
1.442930863983908 7.446067206522734 7.894554455929386
2.4347772770710607 7.647378614654601 6.875545984204215
2.5544904178773002 6.654569882779597 6.875545983993105
3.5108912112421775 7.076222468296376 6.875545983993955
1.5639367871688714 6.453278074674346 7.894554455929025
3.4097040429400973 5.754692056245783 7.894554455893414
2.4266694049291178 5.5633401748341935 7.894554455921912
3.4648923443916533 8.077919686919454 6.875545984000125
4.5301735908202705 3.7987238343549725 7.364334840391658
5.480661888936412 5.3506941495131475 6.457558913396032
5.4768006122365405 4.27604164912286 7.364334840392887
4.49524753765083 5.165414548278216 6.457558913397456
5.528211293232509 2.8592061461193494 8.917654301296853
6.455000019916238 3.4037629696809026 8.917654301295181
3.5425552205545974 4.691033547420251 6.457558913372446
0.5000001035415647 6.500001346040854 4.493e-12
0.5024371124073781 5.500001138957693 8.713e-12
1.5000003106253894 4.500000931875079 8.9263e-11
3.50000072479189 2.5000005177089877 1.18328e-10
3.5000007247921525 1.5000003106254987 8.454e-11
6.506512956975006 0.5015313749419263 0.012290755571733
5.50362916129014 0.5000001035416091 5.029e-12
5.500001138959256 1.5000003106248059 1.0095e-11
8.521154212596208 3.521153177179211 2.12871e-10
4.500000931876196 0.5000001035420993 5.6981e-11
4.500000931875515 1.500000310625567 7.1241e-11
4.500000931875141 2.500000517709498 1.35336e-10
3.500000724791803 3.5000007247922493 1.23144e-10
2.500000517708696 2.500000517708647 1.08216e-10
2.500000517708697 3.500000724791822 1.18547e-10
0.5000001035416286 10.521154626764261 3.103e-12
10.52115462676425 0.5000001035416126 89.99999999999842
0.500000103541737 0.5000001035416295 3.892e-12
1.5000003106254338 0.500000103541776 2.4954e-11
2.5000005177088456 0.5000001035418098 3.1539e-11
3.500000724792363 0.5000001035419066 3.8781e-11
0.5000001035416286 1.5000003106248716 5.571e-12
1.5000003106254791 1.5000003106253494 7.3953e-11
2.5000005177088473 1.5000003106253672 8.5811e-11
0.5000001035416615 2.5000005177081484 1.3685e-11
1.5000003106253779 2.5000005177086 8.3711e-11
0.5000001035416544 3.5000007247913456 1.4378e-11
10.521154626764297 10.52029657990863 7.16e-13
9.52115441968122 10.52029630923224 1.562e-12
8.521154212598143 10.521154626764176 2.411e-12
7.521154005515065 10.521154626764234 3.151e-12
6.521153798431987 10.52115462676415 4.099e-12
5.521153591348907 10.521154626764197 5.029e-12
4.521153384265827 10.521154626764188 5.903e-12
3.5211531771827476 10.521154626764218 6.703e-12
2.5211529700996675 10.521154626764227 7.388e-12
10.521154626764236 9.517791860626206 6.596e-12
9.521154419681078 9.517663314632806 1.2963e-11
8.521154212597901 9.521154419680792 1.62e-11
8.521154212597951 8.52115421259735 89.99999999999379
8.521154212598075 7.521154005513956 9.336e-12
5.5211535913485195 9.521154419680787 2.4415e-11
4.521153384265417 9.521154419680727 2.798e-11
3.5211531771823203 9.521154419680858 3.0674e-11
10.521154626764279 8.515217882894055 89.99999999999993
9.52115441968116 8.51532424388939 89.99999999999997
7.521154005514754 9.521154419680869 1.8995e-11
7.521154005514654 8.521154212597253 89.99999999997164
7.521154005514991 7.521154005513722 1.0304e-11
7.521154005515034 6.521153798429824 89.99999999999736
4.5111035264659725 8.52115421259734 1.9638e-11
10.521154626764297 7.511915840906516 1.199e-12
9.521154419681181 7.5132636209977335 6.545e-12
6.521153798431623 9.521154419680263 2.1072e-11
6.517370603307043 8.521154212596901 1.5604e-11
6.521153798431906 7.521154005513599 1.1623e-11
6.521153798431937 6.521153798430201 89.99999999999338
4.52115338426575 7.521154005514041 1.4776e-11
10.521154626764291 6.509290411989866 9.02e-13
9.521154419681203 6.511645035895825 1.733e-12
8.521154212598121 6.521153798430528 2.78e-13
5.514711542047422 8.521154212594201 89.9999999996334
5.521153591348819 7.521154005501924 1.3083e-11
10.521154626764083 5.506815605154871 2.5286e-11
9.52115441968061 5.509518133924244 7.0521e-11
8.52115421259735 5.5211535913465815 8.9813e-11
7.521154005514221 5.521153591345599 9.5929e-11
6.521153798431108 5.521153591346094 1.00327e-10
10.521154626763966 4.504164098841409 3.9234e-11
9.521154419680366 4.506374531247728 9.9854e-11
8.521154212596482 4.52115338426255 1.9082e-10
10.521154626764016 3.498852288258701 3.196e-11
9.521154419680581 3.5013136858938116 6.9877e-11
10.517954038527183 2.492470794382265 89.94633808797269
0.5000001035416437 4.50000093187452 1.2705e-11
5.477493951504015 6.4774941585718215 5.250805640177726
1.5000003106253708 3.5000007247918328 8.877e-11
2.5043918922807387 4.500000931876206 2.6659e-10
0.5000001035423125 9.397686872632491 8.9734e-11
0.5639365800857146 8.333750189005968 7.894554455927177
