110 11.04430342733626
0.5000000001494493 10.544303427186815 2.53e-13
10.544303427186819 0.5000000001494431 89.99999999999994
0.5000000001494449 0.5000000001494476 89.99999999999986
1.5000000004483356 0.5000000001494476 89.99999999999964
2.5000000007472227 0.5000000001494467 89.99999999999963
3.5000000010461134 0.5000000001494529 89.99999999999912
0.500000000149444 1.5000000004483436 89.99999999999986
1.500000000448333 1.5000000004483995 89.99999999999959
2.5000000007472187 1.5000000004483338 89.99999999999957
0.5000000001494458 2.5000000007472414 89.99999999999987
1.5000000004483551 2.5000000007473093 89.99999999999892
0.5000000001494449 3.5000000010461396 1.41e-13
10.544303427186811 10.544303427186811 89.99999999999972
9.544303426887922 10.544303427186815 89.9999999999999
8.544303426589032 10.544303427186815 89.99999999999989
7.544303426290142 10.544303427186819 1.3e-14
6.544303425991255 10.544303427186815 0.0
5.544303425692367 10.544303427186815 7e-15
4.54430342539348 10.544303427186815 7.6e-14
3.5443034250945926 10.544303427186808 1.7e-13
2.5443034247957064 10.544303427186815 2.47e-13
10.544303427186815 9.544303426887197 1.18e-13
9.544303426887929 9.544303426887922 1.52e-13
8.544303426589044 9.544303426887925 1.7e-13
7.544303426290159 9.544303426887929 2.36e-13
6.544303425991271 9.544303426887929 2.64e-13
5.544303425692384 9.544303426887929 3.04e-13
4.544303425393496 9.544303426887929 1.57e-13
3.5443034250946024 9.544303426887907 89.99999999999982
10.544303427186815 8.544303426587954 1.84e-13
9.544303426887925 8.544303426589034 5.16e-13
8.544303426589039 8.544303426589032 6.75e-13
7.544303426290152 8.54430342658904 6.74e-13
6.544303425991265 8.54430342658904 6.57e-13
5.5443034256923776 8.54430342658904 5.93e-13
4.5443034253934895 8.54430342658904 2.79e-13
10.544303427186815 7.5443034262888 1.91e-13
9.544303426887925 7.5443034262901465 5.45e-13
8.544303426589037 7.544303426290142 7.83e-13
7.544303426290149 7.5443034262901545 8.01e-13
6.544303425991263 7.544303426290154 7.72e-13
5.544303425692375 7.544303426290154 6.71e-13
4.544303425393489 7.544303426290152 5e-13
10.544303427186815 6.544303425989694 1.85e-13
9.544303426887925 6.544303425991259 5.14e-13
8.544303426589035 6.5443034259912505 8.64e-13
7.54430342629015 6.544303425991269 8.76e-13
6.544303425991262 6.544303425991268 8.37e-13
5.5443034256923545 5.544303425692382 7.07e-13
10.544303427186815 5.544303425690619 6.5e-14
9.544303426887918 5.544303425692372 4.49e-13
8.544303426589027 5.544303425692305 6.73e-13
7.544303426290136 5.544303425692385 8.98e-13
6.544303425991246 5.544303425692381 8.92e-13
5.544303425692361 4.5443034253934975 6.56e-13
10.544303427186815 4.544303425391567 5.2e-14
9.544303426887922 4.544303425393487 2.88e-13
8.544303426589028 4.544303425393398 6.68e-13
7.544303426290138 4.5443034253935 9.09e-13
10.544303427186815 3.544303425092533 6.3e-14
9.544303426887925 3.5443034250945997 2.06e-13
10.544303427186687 2.544303424793504 89.99999999999663
4.544303425393489 6.544303425991264 5.16e-13
4.5443034253934655 5.544303425692373 7.82e-13
6.544303425991249 4.544303425393497 8.82e-13
4.33886812519829 4.264769979494822 41.059680416097784
0.5847262963026685 9.459577130734704 10.784436054873701
1.6233952870158461 9.737515332786758 19.821534837069866
2.5486970867223953 8.962970370801646 14.72783562395356
1.5963191808769506 8.652567371199481 14.727835623953242
0.5847262963026747 8.441597694848275 10.784436054874625
1.5235304518355126 7.5465260665101574 4.083634450538
2.5099665728126235 7.772164397592813 4.083634450537754
3.5443034250945775 8.07626173650284 89.99999999999989
0.534336852132534 7.359511241173136 4.083634450537707
2.516861502593454 6.607553209316757 3.237795516109002
3.544303425094598 7.07626173620395 89.99999999999964
0.5000000001494431 6.3251743888910745 4.2e-14
1.5000000004483294 6.39148405213864 7.6e-14
3.5443034250945713 6.076261735905063 89.99999999999957
0.5154705289121031 4.876401813372446 1.801404932348938
1.5029675332290067 5.358469616897572 3.920299002909206
2.527441922949447 5.606552919644276 3.237795516109
3.8199753093875204 1.6135993768948609 67.7866395923092
4.244900132555791 2.85669829641365 41.05968041609765
5.544303425692376 6.544303425991268 7.04e-13
9.800488308795135 1.6076416662872686 62.07412726455061
9.330685113523785 0.6753074827401297 62.48324362820322
9.108199045511878 2.4487831911915205 62.72017791619508
8.645606930995159 1.5621990373624501 62.72017791619508
8.18700409754325 0.6735576409106789 62.720177916195105
7.4788261803889915 1.4821043875827256 62.72017791619498
7.9374290138409025 2.3707457840344954 62.720177916195
8.352734673548362 3.544303425094496 5.55e-13
6.864908624636673 0.6735576409106789 62.72017791619496
6.811952479784132 2.370745784034489 62.720177916194885
7.352734673249468 3.5443034250946113 9.4e-13
5.739432090579887 0.6735576409106789 62.720177916194935
6.198034924031814 1.5621990373624421 62.72017791619485
5.338978287724044 3.535883426699934 88.40111937838786
4.579566778402439 0.5795667772068871 79.95210788015976
4.917284559474309 1.5353035610209549 79.95210788015889
5.397469998657367 2.465796647009823 79.95210788015885
1.5175118833479857 4.02198455448684 17.572480473259045
2.41812678923156 4.490371250187634 17.572480473259102
3.5121617287661744 4.870826435410987 41.05968041609774
6.352734672950576 3.5443034250946077 9.03e-13
3.5848423180742044 3.607925185930098 41.05968041609781
3.1509547717098405 2.5833802997932187 41.56503395731052
2.4240872492470076 3.2753653821623447 41.56503395731025
