110 11.005593166533036
1.5825035751006413 9.732048239063882 25.828126145683036
0.6684504116728958 9.308743774363514 25.369340405124866
2.4441095701794744 9.02846012340035 24.82445427713146
1.5400251419399003 8.601023965632171 24.824454277126275
0.6637190192892986 8.113537367126987 24.824454277116505
1.561499292972186 7.42697174714584 24.818802608540157
2.437812092107336 7.914461434012643 24.81880260854001
3.341897274615573 8.341897940684923 24.818802608539126
0.6636949594203347 6.985953945000239 24.81880260854008
2.4626829937644787 6.742452565742728 25.749404699876315
3.338022818899097 7.229472958129483 25.749404699874766
0.6675694151368434 5.860535290815062 25.749404699877154
1.5651026353038655 6.301542793480661 25.749404699877196
3.336570681380618 6.053710416727754 25.749404702229732
0.6692708709424275 4.669580122653654 26.15578542803943
1.5379284741133503 5.169946133947754 26.16742839522983
2.435642351177849 5.611042403310235 26.167428395228562
9.75017719433024 1.5753792477366728 61.35208963461767
9.30606597851758 0.6785042138406627 61.352089634623525
9.038177201393715 2.4457619771996058 66.40850587380206
8.593899983337252 1.5485830781306027 66.40850587380169
8.133792024194179 0.6583176590683149 66.40850587380189
7.434518152705883 1.5528106176310739 64.15436719149919
7.893842786953887 2.441458938791959 64.15436719150001
8.337632877557397 3.337632211488108 64.15436719150131
6.967353483401017 0.6679600225478026 64.15436719149946
6.7578194077106115 2.449378048466182 63.10946026584812
7.217211766291118 3.3381663242946473 63.16252056073496
6.290865616867574 1.5649432876354599 63.10946026584785
6.082715581103785 3.329989299243482 62.16735252605539
5.066352327330684 1.5550656230045217 56.61821709692505
5.615824913540221 2.4456740972247153 62.167352525935826
3.9130707524753667 1.6950483347743655 55.596538028006066
4.496902581954137 2.536194187382209 58.4036216202231
5.006684229383244 3.433759588273153 62.167352526044176
3.229515996041139 2.467378469583727 55.51236856918376
5.494545236169354 4.5055923006393455 1.69493e-10
3.8045835987410612 3.3421922832019377 59.79315542594319
2.542762601447378 3.2337559860185445 55.512368569173915
4.2959668393361765 4.269516960039416 53.907791723894064
2.505267507802835 1.5073003204567974 0.023867877021885
5.799393394246137 0.5000000666069422 89.9999999999987
4.50000059946429 0.5000000666069617 89.99999999999963
0.5000000666069893 10.505593099926076 1.773e-12
10.50559309992601 0.5000000666070958 89.99999999999588
0.5000000666071633 0.500000066607023 89.99999999999201
1.5000001998217707 0.5000000666069653 89.99999999999757
2.5000003330361125 0.5024066281705624 89.99999999998118
3.5000004662502016 0.5033603735744432 89.99999999999034
1.5000001998208923 2.500000333034797 89.99999999999473
0.500000066607261 1.5000001998210575 89.99999999997972
0.5000000666069662 2.5000003330353655 89.9999999999974
1.5000001998221508 1.5000001998208825 89.99999999999591
0.5000000666070292 3.5000004662496216 7.384e-12
10.505593099926056 10.505593099926093 89.99999999999987
9.50559296671198 10.505593099926056 2.842e-12
8.505592833497705 10.505593099926092 1.634e-12
7.505592700282709 10.505593099925985 1.3429e-11
6.505592567053299 10.505593099926058 89.99999999999817
5.50559243383126 10.505593099926001 89.99999999999932
4.505592300611257 10.505593099926074 89.99999999999851
3.5055921673922503 10.505593099926086 89.99999999999834
2.505592034173372 10.505593099921562 1.29785e-10
10.505593099926077 9.50559296671221 89.99999999999933
9.505592966712086 9.5055929667121 7.532e-12
8.505592833498026 9.505592966712214 3.524e-12
7.5055927002838105 9.505592966712062 1.9426e-11
6.505592567068411 9.50559296671208 3.13e-13
5.50559243385419 9.50559296671183 89.99999999999945
4.505592300640011 9.505592966711529 89.99999999999501
3.505592167425873 9.5055929667122 89.99999999999676
10.505593099926092 8.505592833498316 89.99999999999925
9.505592966712182 8.505592833498131 1.227e-12
8.50559283349829 8.505592833498348 3.662e-12
7.5055927002842795 8.505592833498172 2.1091e-11
6.505592567070323 8.505592833497822 3.2387e-11
5.505592433856457 8.505592833497504 3.3551e-11
4.505592300642581 8.505592833497053 3.5765e-11
10.505593099926088 7.505592700284413 89.99999999999812
9.505592966712193 7.505592700284206 89.99999999999677
8.503820084487968 7.505592700284456 5.68e-13
7.503052338265785 7.505592700284016 89.99999999999139
6.502464097987728 7.5055927002829295 89.99999999999308
5.501951168863251 7.505592700283175 89.99999999999488
4.5014780887107015 7.5055927002823015 89.99999999999817
10.505593099926088 6.505592567070498 89.9999999999984
9.505592966712172 6.505592567070317 89.99999999999525
8.505592833498271 6.505592567070573 89.99999999999774
7.505592700284191 6.505592567069963 89.99999999997208
6.505592567070306 6.505592567062777 89.99999999996881
5.505592433856437 6.505592567068985 89.99999999996727
10.505593099926076 5.505592433856567 89.99999999999872
9.505592966712026 5.505592433856424 89.99999999999275
8.505592833497978 5.5055924338566955 89.99999999999596
7.505592700283732 5.5055924338560365 89.9999999999672
6.504813896228928 5.505592433844718 1.20297e-10
5.504530686276443 5.505592433853452 1.51488e-10
10.505593099926028 4.505592300642632 89.99999999999716
9.505592966711792 4.5055923006425465 89.99999999999154
8.505592833497758 4.505592300642721 89.99999999998313
7.505592700283699 4.505592300642143 89.99999999996679
10.50559309992606 3.505592167428645 89.99999999999498
9.505592966712154 3.5055921674286763 89.999999999991
10.505593099925967 2.5055920342146165 89.99999999998653
4.505592300642502 6.505592567067528 89.99999999995816
4.50429547178342 5.505592433836593 1.842737e-09
6.494545369384556 4.505592300628122 1.24544e-10
2.428812912476279 4.493491884652481 26.167428395229955
1.5864722792311583 3.9402174618959007 26.16742839522267
3.3263222449303687 4.934487649970528 26.167428395251008
