110 11.004732675732386
1.5744286793599622 9.749545888524732 28.746566173257467
0.6788459025013083 9.302931989124499 28.746566173246958
2.4455039268010568 9.036998662971714 23.495536707330054
1.5493805488506713 8.590088221805676 23.49553670733085
0.6578843816736386 8.132533657015923 23.495536707330366
1.5495421173553106 7.4311832311357 26.506134708405135
2.439255987114764 7.887848936930119 26.50613470840285
3.334142568814847 8.3341425688806 26.506134708399674
0.6705901068251023 6.952938361470375 26.50613470840528
2.4444286990538298 6.760016817895126 26.50613470849762
3.3341425688134545 7.216682523689325 26.506134708490396
0.6705901068254603 5.83547831627539 26.50613470849303
1.565476688523633 6.281771948229815 26.50613470849818
3.334142568813906 6.08627069405831 26.506134708503208
1.565820413365309 5.150670898036199 26.506134708501982
2.4551905582837406 5.608025824393029 26.50613470850426
1.605607178167558 3.9115436195981514 26.909456420545816
2.4449019963413705 4.4674245379388156 26.909456420543876
3.3325803078602156 4.9279753795616985 26.90945642054183
2.7075011076431075 1.714384036330959 46.36726818349169
9.749545888522416 1.5744286793584599 61.25343382694532
9.302931989121111 0.678845902500611 61.25343382695276
9.03699866297099 2.4455039268006846 66.50446329257865
8.590088221803786 1.5493805488508978 66.5044632925782
8.13253365701386 0.6578843816740516 66.50446329257838
7.431183231134286 1.5495421173553114 63.49386529154183
7.88784893692894 2.439255987114628 63.49386529154359
8.334142568880576 3.3341425688141246 63.49386529154621
6.9529383614686315 0.6705901068253084 63.493865291541766
6.760016817894582 2.444428699054531 63.49386529142626
7.216682523689059 3.334142568814008 63.49386529143338
5.835478316275703 0.6705901068257552 63.49386529143267
6.281771948228939 1.5654766885245408 63.49386529142618
6.086270694058314 3.3341425688142334 63.49386529142153
5.160778630561363 1.5607795324843603 63.4938652914228
5.608025824392701 2.455190558284285 63.49386529142061
3.911543619598758 1.605607178167645 63.090543579388864
4.478575400219291 2.4392425267437243 63.090543579391195
4.927975379561873 3.3325803078603706 63.090543579393405
3.2768608149108616 2.569727029598171 45.01255634887429
4.664888209443259 0.5000000000066063 89.99999999999712
6.504732675672662 4.504732675645948 4.9174e-11
0.5000000000069287 10.504732675725595 8.257e-12
10.504732675725613 0.5000000000069127 89.99999999999199
0.500000000006616 0.5000000000066418 1.066e-12
1.5000000000198446 0.5000000000066827 8.24e-13
2.5000000000330735 0.5002264218323402 89.99999999999979
3.5000000000463025 0.5000000000065956 89.99999999999874
0.5001249856499062 1.5000000000199476 6.722e-12
1.500493732255272 1.5004111767535289 0.019694378729753
0.5001826209782116 2.500000000033178 4.903e-12
1.5017270477745726 2.502653583815867 0.000568704266391
0.500000000006608 3.5000000000464078 3.098e-12
10.504732675725766 10.50473267572534 3.387e-12
9.504732675712532 10.504732675725734 6.945e-12
8.504732675699294 10.50473267572572 9.502e-12
7.50473267568605 10.50473267572568 1.166e-11
6.50473267567279 10.504732675725673 1.3619e-11
5.50473267565951 10.50473267572567 1.5341e-11
4.504732675646193 10.504732675725663 1.6675e-11
3.5047326756327832 10.50473267572566 1.6393e-11
2.504732675619373 10.504732675725574 1.7102e-11
10.504732675725684 9.504732675711212 1.3319e-11
8.504732675699142 9.504732675712336 3.2187e-11
7.504732675685915 9.504732675712221 3.636e-11
6.50473267567271 9.50473267571224 3.7714e-11
5.504732675659509 9.504732675712294 3.8496e-11
4.504732675646311 9.504732675712301 3.8878e-11
3.5047326756331176 9.504732675712285 3.9019e-11
10.504732675725695 8.504732675697497 1.1791e-11
9.504732675712381 9.504732675712363 2.6358e-11
8.504732675699076 8.504732675699094 3.7753e-11
7.5047326756858315 8.504732675698897 4.3545e-11
6.5047326756726225 8.504732675698952 4.4633e-11
5.504732675659419 8.504732675699064 4.4788e-11
4.5047326756462205 8.504732675699081 4.4629e-11
10.504732675725673 7.504732675683918 1.099e-11
9.504732675712347 8.504732675699135 2.908e-11
8.50473267569881 7.504732675685885 3.9828e-11
7.504732675685398 7.5047326756855615 5.0826e-11
6.5047326756720025 7.504732675685682 4.9717e-11
5.504732675658499 7.50473267568586 4.8051e-11
4.503348304073208 7.504732675685901 4.4646e-11
10.504732675725698 6.504732675670413 1.0765e-11
9.504732675712214 7.504732675685927 2.8995e-11
8.504732675698989 6.504732675672681 4.0381e-11
7.5047326756856645 6.5047326756722335 5.1909e-11
6.504732675672414 6.504732675672435 5.1341e-11
5.504732675659154 6.504732675672674 4.862e-11
10.504732675725709 5.504732675656955 1.1052e-11
9.504732675712319 6.504732675672724 2.8246e-11
8.504732675699097 5.504732675659477 3.9594e-11
7.504732675685851 5.504732675658837 4.7635e-11
6.504732675672659 5.504732675659183 4.8574e-11
5.50473267565947 5.504732675659487 4.848e-11
10.504732675725688 4.504732675643527 1.3355e-11
9.504732675712392 5.50473267565952 2.6645e-11
8.50473267569912 4.504732675646267 3.6805e-11
7.504732675685892 4.503293094300886 4.2968e-11
10.504732675725759 3.5047326756300863 4.121e-12
9.504732675712416 4.504732675646311 2.361e-11
10.504732675725602 2.504732675616677 89.99999999999716
4.504732675645888 6.504732675672725 4.467e-11
4.5047326756462684 5.504732675659541 4.5625e-11
5.5047326756594765 4.504732675646298 4.9453e-11
0.5000000000066063 4.664888209443239 2.889e-12
9.504732675712523 3.5047326756329973 8.001e-12
3.5667988831503252 3.7129969933606164 45.861020486250425
2.515865279413033 3.2229214658788345 45.01255634887292
4.504732675646284 4.504732675646352 4.7464e-11
