110 11.002589797826987
1.5759532685917228 9.739438190789205 27.593693874795253
0.6747265299267804 9.30488650121323 27.59369387479228
2.4423510946925924 9.030554524846153 24.096887253342295
1.541221760045254 8.596053743210229 24.096887253342544
0.6605686135747728 8.115771196914892 24.096887253342555
1.5496432282540966 7.418714145351551 26.517160708842006
2.428114150023474 7.897907858350031 26.517160708818725
3.335143234055702 8.335143234057092 25.719256847872177
0.6706332580151981 6.940600785873874 26.51716070884211
2.4343369832135675 6.741917563942424 28.329003993415544
3.3351432340556446 7.225180588479838 25.719256847874068
0.6773855546729708 5.786314718789863 28.329003993416542
1.555871260696727 6.264097607149 28.329003993416727
3.318438014720681 6.082477026200262 28.329003993414595
1.5599432590311064 5.125885101568396 28.540486531662847
2.438422980829825 5.603664735281181 28.540486531664783
1.64349041690204 3.939152926574735 33.923476537725136
2.5190938380217314 4.509209071088535 28.540486531663653
3.397573559819745 4.98698870480093 28.54048653166111
9.739445488159292 1.5759502667521992 62.40514740014967
9.304878459384227 0.6747308076402723 62.405147400151826
9.030566367762624 2.442341138222693 65.90215430997759
8.596050294501996 1.541219169351276 65.90215430997729
8.115755752016733 0.6605728337204164 65.90215430997739
7.417643423263659 1.5474891695738862 63.1858399668809
7.896758686389637 2.4258023618218534 63.185839966901305
8.335186051481118 3.3351860514799143 64.29124754694455
6.933363888552863 0.6717862407716408 63.18583996688222
6.750323204118701 2.444116068654437 62.61495669935421
7.227367930845171 3.3394367685922943 64.29124754694577
5.812883521903488 0.6717862407716666 63.18583996687771
6.266191227504582 1.5686979902498122 62.614956699361954
6.084883604139161 3.3348940003683114 61.05611411853924
5.122778046867961 1.581498201918973 61.05611411856711
5.600930797914805 2.4597999018001127 61.05611411853568
3.9376346307346344 1.624733134666012 58.486908573488286
4.47655895630072 2.4930032154464503 61.05611411714709
4.960511762525605 3.368097314013995 61.05611411715942
6.484333034793444 4.490652054295965 89.94882477143483
4.1870152224414685 4.255457556520658 34.72037278230571
3.3212208301779027 3.749169167440356 34.720372782306306
2.4332131250594613 3.2544876415628767 36.071077772701074
3.2575124621624525 2.4286111984643446 58.48690857348702
0.5000000000002247 4.608929164116665 7.969e-12
0.5000000000001519 3.5000000000013816 89.99999999999872
4.502589797825017 6.502589797825009 89.99999999997752
4.49692930519075 5.502589797823457 1.09826e-10
5.382771916478746 4.502589797824195 4.6896e-11
0.5000000000001847 10.502589797826836 2.032e-12
10.502589797826854 0.500000000000159 89.99999999999855
0.5000000000001501 0.5000000000001812 8.96e-13
1.5000000000004574 0.5000000000005906 3.789e-12
2.5000000000008042 0.5000000000001164 89.99999999999905
3.500000000001132 0.5000000000001306 89.99999999999861
0.5000000000001474 1.5000000000005764 89.99999999999645
1.5000000000004547 1.5000000000017693 89.99999999999511
2.5000000000007274 1.5000000000003508 89.99999999999737
0.5000000000001599 2.50000000000098 89.99999999999838
1.5000000000007034 2.5000000000023688 5.529e-12
10.502589797826872 10.502589797826857 8.71e-13
9.502589797826612 10.502589797826882 89.99999999999955
8.502589797826356 10.502589797826857 89.99999999999824
7.5025897978261185 10.502589797826829 89.99999999999932
6.5025897978258875 10.501602917634305 3.96e-13
5.502589797825528 10.502589797826833 89.99999999999727
4.502589797825177 10.502589797826847 89.99999999999606
3.50258979782485 10.502589797826875 8.09e-13
2.50258979782456 10.502589797826808 2.865e-12
10.502589797826872 9.502589797826602 89.99999999999989
9.502589797826634 9.502589797826666 89.99999999999875
8.502589797826394 9.502589797826584 89.99999999999584
7.502589797826172 9.50258979782651 89.99999999999598
6.50258979782593 9.499554577453702 89.99999999999909
5.5025897978256895 9.502589797826449 2.258e-12
4.502589797825481 9.50258979782647 2.238e-12
3.502589797825272 9.502589797826644 2.107e-12
10.502589797826861 8.502589797826353 89.99999999999768
9.502589797826563 8.502589797826365 89.9999999999889
8.502589797826326 8.502589797826277 89.99999999998738
7.50258979782609 8.50258979782618 89.99999999998766
6.502589797825764 8.498190816003552 89.99999999999807
5.50258979782548 8.502589797826083 4.281e-12
4.502589797825159 8.502589797826053 1.5302e-11
10.502589797826854 7.502589797826121 89.99999999999729
9.502589797826538 7.5025897978261415 89.99999999998757
8.502589797826273 7.502589797826008 89.99999999998391
7.502589797826029 7.502589797825904 89.99999999998458
6.5025897978191995 7.496833056343364 7.49547e-10
5.500096769935316 7.5025897978257055 89.99999999999223
4.498486990658072 7.502589797825517 89.99999999999487
10.50258979782685 6.502589797825882 89.99999999999757
9.502589797826499 6.502589797825925 89.99999999998691
8.502589797826113 6.502589797825677 89.99999999997283
7.502589797825829 6.502589797825566 89.99999999997324
6.502589797825529 6.495355510401063 89.99999999997758
5.502589797825261 6.502589797825347 89.99999999998084
10.502589797826836 5.502589797825644 89.99999999999731
9.502589797826289 5.502589797825712 89.99999999998668
8.502589797825761 5.502589797825352 89.99999999996254
7.502589797825334 5.5025897978252045 89.9999999999589
6.500244888537367 5.4935581535720255 89.98605116397775
5.49854319330674 5.502589797824612 3.5562e-11
10.502589797826797 4.502589797825401 89.9999999999959
9.502589797826346 4.5025897978255 89.99999999998647
8.502589797825841 4.502589797825088 89.99999999995937
7.502589797825544 4.502589797824953 89.99999999995737
10.502589797826843 3.5025897978251335 89.99999999999504
9.502589797826555 3.502589797825288 89.99999999998637
10.502589797826815 2.502589797824867 89.99999999999459
4.6410972811317075 0.5000000000001616 89.99999999999463
