110 11.013093649554223
0.5000000224214025 10.513093627142661 5.63725e-10
10.513093627153765 0.5000000224004886 89.99999999999821
0.5000000224004779 0.5000000225405703 1.904e-12
1.5000000672014293 0.5000000225406014 3.817e-12
2.5000001120024145 0.5000000224005898 5.514e-12
3.500000156803399 0.5000000224008092 3.865e-12
0.5000000224006138 1.5000000676224685 1.0502e-11
1.5000000672018023 1.5019171349521638 2.0946e-11
2.5000001120028448 1.5000000672019338 3.6345e-11
0.5000000224377938 2.500000112580381 89.99999999572258
1.502580110041511 2.5033267151988845 0.001459923861366
0.5000000224433467 3.5000001575420647 5.82861e-10
10.51309362715073 10.51309362715359 89.99999999998953
9.513093582338417 10.513093627153639 89.99999999999115
8.513093537528844 10.513093627152696 1.20082e-10
7.513093492722945 10.513093627153536 2.1757e-11
6.513093447914814 10.513093627153765 3.783e-12
5.513093403097357 10.513093627153637 1.8942e-11
4.513093358287136 10.513093627150116 4.1135e-10
3.5130933134810114 10.513093627148047 5.07629e-10
2.5130932686750027 10.513093627146125 5.76691e-10
10.513093627150658 9.513093582352347 89.99999999997644
9.513093582336332 9.5130935823525 89.99999999998188
8.513093537522849 9.513093582350471 2.54833e-10
7.513093492714022 9.51309358235229 3.9833e-11
6.513093447908219 9.513093582352848 7.873e-12
5.51309340310152 9.513093582352607 3.6408e-11
4.513093358280354 9.513093582336648 1.821464e-09
3.5130933134741156 9.513093582331322 1.851924e-09
10.513093627148056 8.513093537551118 89.99999999996604
9.511694036103588 8.513093537551372 89.99999999997492
8.510656860088037 8.513093537547967 2.29935e-10
7.509618082818975 8.513093537551205 4.0245e-11
6.508540132359114 8.513093537551912 1.306e-11
5.50725745591605 8.513093537551596 4.4094e-11
4.500106969192537 8.50677696392391 0.632290644660552
10.512834403254903 7.5130934927499045 89.9999999999581
9.511752862824164 7.513093492750361 89.9999999999646
8.51060418390561 7.51309349274562 1.77515e-10
7.509490506083781 7.513093492750169 3.5922e-11
6.508385347455013 7.513093492751031 1.4396e-11
5.507296090903615 7.513093492750679 4.4651e-11
4.500104001848889 7.504494088480227 0.780835407158733
10.51282193561655 6.513093447948688 89.99999999995018
9.511641667675065 6.513093447949348 89.99999999995435
8.510466105023237 6.513093447943275 1.2523e-10
7.509272565418684 6.5130934479491325 3.1655e-11
6.508026377448535 6.513093447950152 1.5802e-11
5.5024947329436005 5.5130934031488446 4.5908e-11
10.512789694311499 5.513093403147473 89.99999999994229
9.511530221008307 5.513093403148337 89.99999999994414
8.510221088757138 5.513093403140931 7.3143e-11
7.508871999858206 5.513093403148097 2.7327e-11
6.507466081058066 5.513093403149272 1.7195e-11
5.502485610757155 4.513093358347929 4.6512e-11
10.512694883258273 4.513093358346258 89.99999999993437
9.511372784365758 4.513093358347326 89.9999999999339
8.510090909030227 4.513093358338588 2.1023e-11
7.508362486899834 4.513093358347062 2.3121e-11
10.513093627153447 3.5130933135415736 89.99999999996277
9.513093582352148 3.513093313546312 89.99999999992353
10.51309362715188 2.513093268736788 2.2767e-11
4.485137138631852 6.497089497591799 0.051074805552556
4.499704593263324 5.495907301899924 0.031966912993767
6.505042928443095 4.513093358348391 1.8645e-11
4.239913155531745 4.3120462252957745 29.755117877671225
1.5916332176935493 9.731405135110474 24.273300145661928
0.5000000224036532 9.327077178855717 2.30727e-10
2.4464432619690584 9.018119752593728 27.56535317266054
1.5599596475340003 8.555359673319368 27.56535317295858
0.674621847690875 8.090404608340133 27.5653531729769
1.535239047898362 7.411456081963556 27.715367684784272
2.4216699209874686 7.877135085778558 27.56535317347902
3.3096414851384806 8.338821935297446 27.470884825586364
0.6751742471226567 6.898401019601697 27.71536768497393
2.44025219890274 6.757308008642136 27.715367685010214
3.3324043579684686 7.223572791849922 27.47088483334883
0.6796989908881796 5.743308368148131 28.995384389761195
1.5632743185071845 6.233697888903638 30.216028951718553
3.3222778135311235 6.0899512732271806 27.600411606694013
0.5000000225578223 4.563609354821839 1.2894259e-08
1.5717440539384304 5.076104700865398 30.2887385539982
2.4341177971604506 5.583639162477076 30.216028957577482
3.903583319535763 1.5000000674022518 6.589409e-09
4.106940578595218 3.07848591000008 30.322574923421964
5.50705817345063 6.513093447949763 4.527e-11
9.792677216067599 1.5570653133374206 55.012854260962094
9.260977785581929 0.6928363150594574 56.59637829246653
9.099474326830354 2.389431446337807 60.45929884558408
8.578837143691361 1.5350643770785295 60.45929884558021
8.05674169576307 0.6815237222321491 60.45929884558056
7.36845409018286 1.49521942968848 60.45929884558124
7.902527141656266 2.3895933291299647 55.49012395152952
8.378201356619142 3.5130933135363147 89.99999999996889
6.776049518864092 0.6815237222321961 60.45929884562741
6.681127528894508 2.3367177593649107 61.953955068290114
7.224429903424694 3.513093313545901 2.8139e-11
5.500000246405378 0.5000000224004459 89.99999999999766
6.087085875077629 1.5201333084154056 61.953955068291705
5.2244298138228125 3.5130933135466824 3.5828e-11
4.500000201604389 0.5000000224350645 7.53e-13
4.903583364658146 1.5000000673424827 89.9999999841161
5.282717593584248 2.502660657995802 88.79168061887503
1.6574330175960208 3.873071189131376 30.763405284718317
2.482559683102565 4.450017510463472 30.288739450768837
3.3507128337809498 4.95558978860394 29.755117877685144
6.2244298586237505 3.5130933135473223 3.2372e-11
3.3058073831079273 3.770588487286095 30.293349677828857
3.2820345146084 2.50815073667498 30.32257492343526
2.474888275214019 3.195909036729301 30.763405289392576
