110 11.018436194786046
1.5998552935386159 9.71536112730834 21.26552060251647
0.6182916093630411 9.358981399828448 15.973594991628168
2.517322384600322 8.952167379483054 15.97359499162908
1.5796804427803144 8.594013465819378 15.973594991628659
0.6182916093630402 8.318819080511748 15.97359499162824
1.4466769690124108 7.4439096197638905 7.380578102232088
2.431287723522372 7.718012435111762 6.35228790480329
0.5000001096828361 6.500001425877025 7.08e-13
2.5419290979962694 6.724151818674347 6.352287904554375
3.5060138672008194 7.102261326693997 6.352287904554576
0.5000001096828379 5.5000012065113255 9e-15
1.5600874424442175 6.450245302557127 7.380578102232109
3.4101757675543993 5.819296615168083 7.380578102027036
1.5000003290485102 4.507263580536053 89.9999999999999
2.4360106299013085 5.555351273983488 7.380578102184542
3.500000767780015 2.500000548414529 1.18e-12
3.5000007677803042 1.5000003290487118 89.99999999999298
9.778143104246283 1.5279134304738968 54.928910974013384
9.201571396649726 0.7010838062069702 54.67792558293091
9.113743408650512 2.3219182475581737 54.928910974027644
8.539150945902733 1.5034783258615043 54.92891097402895
7.948209614151049 0.6965161923007681 54.92891097402728
7.2425490006338356 1.45896323084673 51.891713107069044
7.862232523541731 2.2796518257035645 54.928910974053075
6.512000075108881 0.5014806934629821 9.3015176838e-05
6.553752731080168 2.2011231896492136 51.89171310706393
5.509671744433907 0.500000109682885 89.99999999999577
5.500001206511762 1.500000329048632 89.9999999999912
3.466183663772145 8.104004985482147 6.352287904556291
4.53369053027682 3.7489667261905573 6.838829230331057
8.518435646371874 3.518434549541799 89.99999999999943
4.507792158861081 0.5000001096829099 89.9999999999968
4.50000098714604 1.5000003290490787 89.99999999999142
4.500000987145757 2.500000548415118 8.265e-12
3.5000007677798464 3.500000767780272 1.217e-12
2.500000548414304 2.5000005484142376 89.99999999999815
2.5000005484141745 3.5000007677799303 2.83e-13
0.5000001096828619 10.5184360851032 9.93e-13
10.518436085103193 0.5000001096828637 89.99999999999947
0.5010044628151391 0.5000001096828441 89.99999999999956
1.503015284559969 0.5000001096828512 89.99999999999838
2.5046019461137883 0.5000001096828504 89.99999999999872
3.506146789423537 0.5000001096828965 89.99999999999714
0.5000001096829099 1.500000329048535 89.99999999999913
1.5000003290487527 1.5000003290485848 89.99999999999316
2.5000005484145382 1.5000003290485493 89.99999999999712
0.5000001096828486 2.500000548414232 89.99999999999896
1.5000003290485813 2.5000005484142958 89.99999999999343
0.5000001096828353 3.500000767779932 89.99999999999983
10.518436085103211 10.51843608510313 2.17e-13
9.51843586573754 10.518436085103154 3.97e-13
8.51843564637187 10.518436085103158 6.46e-13
7.5184354270062 10.518436085103161 9.72e-13
6.518435207640529 10.51843608510314 1.396e-12
5.518434988274858 10.518436085103172 1.825e-12
4.518434768909186 10.518436085103168 2.2e-12
3.518434549543512 10.518436085103186 2.544e-12
2.5184343301778394 10.518436085103183 2.825e-12
10.518436085103193 9.518435865737098 2.506e-12
9.518435865737509 9.518435865737132 4.647e-12
8.518435646371831 9.518435865737123 6.129e-12
8.513776034190757 8.518435646371202 89.99999999999862
8.51843564637187 7.518435427005306 2.725e-12
5.518434988274808 9.518435865737372 9.345e-12
4.518434768909135 9.518435865737352 1.0221e-11
3.518434549543465 9.518435865737434 1.0784e-11
10.51736873874614 8.518435646371197 89.99999999999393
9.515222049980474 8.518435646371232 89.99999999999706
7.518435427006157 9.518435865737203 7.204e-12
7.512389420398671 8.518435646371255 89.9999999999859
7.518435427006203 7.518435427005092 3.529e-12
7.51843542700512 6.518435207638609 5.0712e-11
4.505869575168634 8.518435646371564 7.36e-12
10.518436085103207 7.518435427005281 9.02e-13
9.518435865737539 7.518435427005357 1.88e-12
6.518435207640481 9.518435865737207 8.316e-12
6.5108650251270594 8.518435646371387 4.05e-12
6.518435207640536 7.518435427005592 4.285e-12
6.518435207639042 6.518435207639557 4.1663e-11
4.518434768909202 7.518435427005809 5.515e-12
10.518436085103069 6.518435207639376 89.999999999996
9.518435865737057 6.518435207639492 9.462e-12
8.518435646371147 6.518435207639316 1.9816e-11
5.508939205235203 8.518435646371405 89.9999999999809
5.518434988274869 7.518435427005079 4.929e-12
5.480846522496594 5.360621908610063 5.837175283531876
10.518436085103197 5.5184349882734 1.966e-12
9.518435865737507 5.518434988273502 4.237e-12
8.518435646371783 5.518434988273435 1.0584e-11
7.518435427005958 5.51843498827241 2.8343e-11
6.518435207640168 5.518434988273839 4.2836e-11
5.476333866186952 4.286970067860569 6.838829230330949
10.518436085103211 4.511517785803334 89.9999999999999
9.518435865737548 4.5184347689075395 89.99999999999993
8.518435646371879 4.518434768907563 89.99999999999996
7.518435427006042 4.518434768906454 1.9137e-11
10.518436085103211 3.4917952972023674 89.99999999999977
9.518435865737542 3.5073508187019518 89.9999999999996
10.51531256708471 2.4853724021378034 0.005945742393877
4.456176341315889 6.226554734543743 10.621082098273682
4.493588189354122 5.1850016990920516 5.837175283532444
6.462454240516761 4.462453801784535 6.838829230329314
0.5000001096828335 4.500000987145629 89.99999999999994
5.454247459316802 6.454247678681498 7.928286913435178
7.518435427006111 3.518434549540551 9.402e-12
5.525762605203188 2.859437036974625 8.290198884114202
6.45659476272755 3.4066074504446986 8.290198884114979
1.5000003290485058 3.5041785337337927 89.99999999999973
3.5422128811942244 4.658385008173828 5.837175283530734
2.5482589171803154 4.548259355911736 5.837175283528816
