110 11.022095380474978
1.543215204204266 9.818822648870853 39.03331757526978
0.7032760377546108 9.266953008130532 39.03331757526347
2.334260448252789 9.094856450396854 31.592488989718948
1.4978988006017442 8.54588727339145 31.59248898971891
0.6878349320689479 7.954159107714738 31.592488989718788
1.5899967655196536 7.335019212822676 31.592488989735493
2.4190997192480896 7.938456861643093 31.592488989746027
3.5220953803312396 8.517531717903402 89.99999999998977
0.6968802260532714 6.78573163115692 31.59248898969277
2.524196579738938 6.7355834261857 31.592488989736477
3.3342604482717566 7.327311591862374 31.592488989736992
0.8206053454835756 5.687834932164731 31.59248898969174
1.672400962611582 6.21170917917499 31.592488989732388
3.3022568772414895 6.040118181186688 31.59248898973695
1.5957943313359482 4.990603763274678 31.592488989732573
2.449005902408136 5.51534885511263 31.592488989733393
1.687834932088161 3.8057903025458035 31.59248898973311
2.5095409866535117 4.378588805058686 31.59248898973272
3.361336603780914 4.902463052069374 31.592488989739824
9.76959981499332 1.5900668914503249 61.99430185385093
9.329847457978019 0.6738576307294268 63.13437366286348
9.058160671816308 2.4607154995924296 66.40246814095481
8.62442713642776 1.5589363870786577 66.40246814095457
8.187975220773467 0.6583447662523056 66.40246814095467
7.49072185485027 1.5589321062729762 65.68733916124289
7.927003169793402 2.459146110911147 65.687339161243
8.360581347895874 3.3605813478001325 65.68733916124339
7.048251885921349 0.6615140325407394 65.6873391612429
6.802251587061258 2.461765131617892 64.14323324340359
7.238374478636223 3.36165224869568 64.14323324340435
5.9175964179510405 0.6680050043263313 64.1432332434034
6.360019848268983 1.5648386171112882 64.1432332434034
6.113227748514155 3.3329790296048634 64.14323324338761
5.219978276175319 1.5228481242743008 63.266080786081574
5.668345333585199 2.4309213988076164 63.78850892693165
4.602792242280927 2.5305803460769045 63.78850892693142
5.044478037700932 3.4277501506081274 63.78850892692794
3.2794192156452335 2.4330620545596586 43.13602957876245
5.4934926492092115 5.512185066583893 0.087273639250085
4.430256449642487 6.49838826259075 0.162530340219163
4.492025169193761 5.496427473338696 0.038729924161061
5.50282756644155 4.509256286937505 1.6919e-11
4.297359824481152 4.262395596983112 48.90187840307025
3.722124686702415 3.4371815627579845 48.90187840306947
2.562118968655918 3.1313430337444577 43.13602957876136
0.500000000009579 10.522095380465398 4.7e-14
10.522095380465387 0.5000000000095968 89.99999999999949
0.5003951834909426 0.5000000000095852 89.99999999999974
1.50107442562254 0.5000000000095906 89.99999999999928
2.5019513183910713 0.500000000009595 2.13e-13
3.5033899700019275 0.5000000000096216 89.99999999999783
0.5000000000095879 1.500000000028761 3.93e-13
1.5000000000287619 1.5000000000287859 5.26e-13
2.500000000047935 1.500000000028784 3.96e-13
0.5000000000096474 2.5000000000479425 1.663e-12
1.5000000000289528 2.5000000000480616 6.401e-12
0.5000000000095941 3.5000000000671077 1.393e-12
10.522095380465226 10.522095380465391 89.99999999999972
9.522095380445721 10.522095380465382 8.38e-13
8.522095380426192 10.522095380465394 89.9999999999996
7.522095380406533 10.522095380465387 89.99999999999945
6.52209538038692 10.522095380465387 89.99999999999915
5.522095380367546 10.522095380465375 89.99999999999952
4.522095380348246 10.522095380465325 6.366e-12
3.52209538032898 10.521354184795502 5.471e-12
2.5220953803097097 10.522095380465307 4.487e-12
10.522095380465394 9.522095380446213 4.1e-13
9.522095380446233 9.522095380446203 1.433e-12
8.522095380426114 9.522095380446235 89.99999999999906
7.5220953804064745 9.522095380446206 89.9999999999986
6.5220953803868795 9.522095380446215 89.99999999999827
5.521363377865557 9.522095380446169 89.99999999999832
4.520574689350284 9.520698262728652 0.000498984301757
3.5194140017223727 9.520180629383475 89.99548437994457
10.522095380465396 8.522095380427013 89.99999999999972
9.522095380446242 8.522095380427016 89.99999999999949
8.522095380427078 8.522095380427075 89.99999999999851
7.5220953804079205 8.522095380427006 89.99999999999781
6.522095380388766 8.522095380427041 89.99999999999761
5.522095380369608 8.522095380426986 89.99999999999709
4.522095380350395 8.520089825993589 89.99999999999002
10.522095380465391 7.522095380407803 89.99999999999963
9.522095380446219 7.522095380407839 89.99999999999854
8.522095380427045 7.522095380407908 89.99999999999737
7.5220953804078725 7.522095380407819 89.99999999999724
6.522095380388661 7.522095380407816 3.141e-12
5.5220953803695 7.522095380407533 3.055e-12
4.5220953803503185 7.514417327212102 4.679e-12
10.522095380465373 6.522095380388608 89.99999999999838
9.522095380446146 6.522095380388635 89.9999999999941
8.522095380426943 6.522095380388702 89.99999999999163
7.520932202649105 6.52209538038864 89.99999999999528
6.484030358105298 6.522095380388421 1.7642e-11
5.475368585955709 6.5136525924836075 0.06611152471865
10.522095380465352 5.522095380369428 89.99999999999751
9.522095380446023 5.5220953803694695 89.9999999999938
8.521537535605779 5.522095380369543 89.99999999999139
7.503577234984878 5.522095380369474 89.99999999999406
6.500522915864597 5.522095380369196 1.6854e-11
10.522095380465366 4.522095380350236 89.99999999999633
9.522095380446178 4.5220953803503035 89.99999999999362
8.522095380426993 4.522095380350385 89.9999999999912
7.522095380407821 4.522095380350301 89.99999999999235
10.522095380465373 3.522095380330428 89.99999999999714
9.522095380446185 3.52209538033114 89.99999999999365
10.522095380465123 2.5220953803109163 89.99999999998958
6.502827566460739 4.522095380349965 1.5959e-11
0.500676703828403 4.500000000086272 1.137e-12
4.505594204947944 0.5000000000095959 2.7e-13
4.048501760385311 1.5000000000288152 89.99999999999565
