110 11.019933027895739
1.6018008143379094 9.7064124582366 19.944899325091544
0.5000000042669779 9.39903137633801 2.498e-12
2.525582005469007 8.933267241205609 14.917864057623342
1.5573231664761416 8.476161269029475 8.429366076073883
0.5678936929325298 8.33113767913849 8.429366076072764
1.4415810856946845 7.446648183274737 8.083570136026593
2.4310191209404417 7.591673041931978 8.083570136024333
0.5000000042669619 6.500000055470746 7.8e-13
2.555730267561522 6.592515075880233 8.083570136026093
3.5099527468202245 7.077773178984392 6.576518743333097
0.5010932319522272 5.5000000469368056 1.291e-12
1.5653406897936377 6.45418987530925 8.083570136026456
3.4198542546849136 5.685514591809063 6.975609963215242
1.5000000128009159 4.5000000384026935 4.961e-12
2.4281183219311653 5.557022426808258 6.975609963221708
3.500000029868947 2.5000000213350866 2.3478e-11
3.500000029868861 1.5000000128010083 9.176e-12
9.790264245759456 1.5399205202726787 54.595369122463
9.217659665602316 0.6953330419304047 56.59713513196042
9.11979337394578 2.3227189408752134 54.59536912246316
8.540446316613176 1.5076379607097365 54.5953691224629
7.954547291479258 0.6972140187490306 54.59536912246316
7.25173274996963 1.4345082645618534 54.59536912246304
7.791141742228882 2.5199329553570866 4.873e-12
6.5000000554707515 0.5000000042669654 89.99999999999952
6.547149140349584 2.200910644315629 51.08981205753803
5.500000046936772 0.5000000042669726 89.99999999999986
5.5000000469368135 1.5000000128009248 89.99999999999892
3.4659580544598336 8.079324898333567 6.576518743334709
4.5303920390232655 3.788279916460996 7.132409125293888
8.519933006560837 3.5199329638911268 9.599e-12
4.500000038402782 0.5000000042670152 2.404e-12
4.500000038402807 1.5000000128011513 7.514e-12
4.500000038402926 2.5000000213353353 2.9629e-11
3.5000000298689065 3.500000029869056 2.3686e-11
2.5000000213349796 2.5000000213349924 1.8774e-11
2.500000021334962 3.500000029868953 2.0218e-11
0.5000000042669823 10.519933023628774 9.03e-13
10.519933023628777 0.5000000042669654 89.99999999999984
0.5000000042669717 0.5000000042669992 9.36e-13
1.5000000128009194 0.5000000042669761 2.108e-12
2.500000021334867 0.5000000042669805 2.245e-12
3.5000000298688243 0.5000000042669832 1.832e-12
0.5000000042669797 1.5000000128009967 1.861e-12
1.5000000128009514 1.5000000128009248 5.384e-12
2.5000000213349205 1.5000000128009745 9.306e-12
0.5000000042669779 2.5000000213349614 2.032e-12
1.500000012800939 2.5000000213348477 5.652e-12
0.5000000042669734 3.5000000298689145 2.004e-12
10.519933023628784 10.51993302362876 2e-13
9.519933015094866 10.51993302362876 5.13e-13
8.519933006560949 10.51993302362877 8.7e-13
7.519932998027032 10.51993302362877 1.179e-12
6.519932989493116 10.51993302362876 1.464e-12
5.519932980959199 10.519933023628735 1.719e-12
4.5199329724252815 10.519933023628756 1.955e-12
3.519932963891365 10.51993302362876 2.173e-12
2.5199329553574485 10.51993302362876 2.329e-12
10.519933023628774 9.518844088523966 8.9e-13
9.51993301509485 9.519933015094788 1.933e-12
8.519933006560914 9.519933015094809 4.438e-12
8.51993300656067 8.519933006560866 3.326e-12
8.519933006560933 7.519932998026901 89.9999999999998
5.519932980959109 9.51993301509461 1.1105e-11
4.519932972425189 9.519933015094734 1.1671e-11
3.519932963891272 9.519933015094743 1.2063e-11
10.519933023628735 8.518116742533445 5.223e-12
9.51993301509467 8.519933006560857 1.533e-12
7.519932998026981 9.519933015094791 6.364e-12
7.519932998026697 8.519933006560848 5.265e-12
7.519932998027013 7.519932998026867 89.99999999999982
7.519932998027002 6.51993298949292 89.99999999999737
4.517703356739965 8.519933006560748 1.7509e-11
10.519933023628777 7.517426584539552 4.65e-13
9.519933015094852 7.519932998026908 89.99999999999987
6.519932989493038 9.519933015094736 9.659e-12
6.519932989492724 8.519933006560759 8.743e-12
6.519932989493085 7.519932998026752 1.429e-12
6.519932989493069 6.51993298949277 89.99999999999609
4.519932972425101 7.519932998026794 1.9638e-11
10.51993302362878 6.516690695880608 4.2e-14
9.51993301509486 6.517737176283581 6.9e-14
8.519933006560942 6.519932989492971 89.9999999999999
5.5199329809542474 8.519933006554826 5.29056e-10
5.519932980959064 7.5199329980152445 1.375e-11
5.476117551744577 5.347566709789789 6.975609963218806
10.519933023628777 5.515354409151278 7.52e-13
9.519933015094859 5.515511339653105 1.424e-12
8.519933006560937 5.51993298095903 2.207e-12
7.51993299802702 5.519932980958949 2.626e-12
6.519932989493098 5.5199329809587745 3.456e-12
5.476279354563884 4.283050606570763 7.132409125293806
10.519933023628763 4.513312680219065 2.605e-12
9.519933015094825 4.513676000760542 5.161e-12
8.519933006560878 4.519932972425051 8.924e-12
7.5199329980269365 4.519932972424944 1.1873e-11
10.519933023628752 3.5103090191118493 3.005e-12
9.519933015094795 3.511437125661338 6.132e-12
10.51840108624917 2.506308800907769 89.99304443973593
4.462135416631833 6.205144083136686 10.776345320492219
4.490523348221905 5.168877528858677 6.97560996321935
6.461720674027855 4.461720656959475 7.132409125291137
0.5000000042669726 4.500000038402861 1.857e-12
5.4690296822963855 6.469029690817891 6.177781293747773
7.5199329980268885 3.519932963891016 1.1829e-11
5.520587086903339 2.902304174035653 8.640940145555984
6.455338442816834 3.4072152427720104 8.64094014555546
1.5000000128009194 3.5000000298687697 5.552e-12
3.54265211805079 4.681874422794748 6.975609963218393
2.500000021334866 4.500000038403044 8.908e-12
