110 11.025158746933682
1.5511905561268269 9.820238870434807 37.846793545427616
0.7068867150316427 9.236803684145 36.649348310523735
2.3288313613890037 9.127233253247176 34.982816728588745
1.5156514102638319 8.545122258809407 34.98281672858848
0.6963273844606963 7.971791515691128 34.98281672858828
1.5865390754287692 7.374208319626618 34.98281672858867
2.4315778338817045 7.965533221728229 34.98281672859208
0.7442971935218763 6.784840561778301 34.982816728589896
2.3768999647002453 6.706753457971374 34.98281672858601
3.2205170695549263 7.267136331726817 34.125699429387495
1.550432964515779 6.1284243421933375 34.982816728591516
3.259563337075753 6.0626016539736405 33.0207403890397
2.383845575069718 5.4910953825955415 34.982816728591864
2.6850956298052866 4.344145579695977 30.66658831371459
3.467760511183289 4.984860068326374 30.666588313715
3.581719696354006 3.644552286700254 29.339475494833003
4.3443012142379125 4.328725519957521 29.339475494833437
9.77090172170353 1.5938446872239607 62.462990872870456
9.338106660438967 0.6737315941968101 63.70932573163992
9.059252268823569 2.465010385725929 66.47864513108826
8.629359396261293 1.5615057511689803 66.47864513108807
8.199466523699048 0.6580011166120174 66.47864513108814
7.499534843324062 1.5528453405595348 64.55461737330985
7.929185352596372 2.455840600875431 64.55461737331
8.35883586186866 3.358835861191339 64.55461737331036
7.035263487312043 0.6663228847940701 64.55461737330988
6.8217598275485924 2.455840600875469 64.55461737330997
7.2514103368209 3.3588358611913676 64.55461737331017
5.927837962264341 0.6663228847940692 64.55461737331007
6.3574884715365725 1.5693181451100044 64.55461737330998
6.143984811773111 3.3588358611913685 64.55461737330897
4.8204124372165555 0.6663228847940745 64.5546173733088
5.2500629464888595 1.569318145109972 64.55461737330879
5.679713455761083 2.472313405425909 64.55461737330889
4.110252159028135 1.5012541306799339 64.55461737330243
4.539902668300633 2.404249390996231 64.55461737330808
4.969553177572866 3.3072446513128013 64.55461737328186
3.424340655956892 2.387148958655563 64.55461737330235
5.525158746188505 4.525158746053108 9.99e-12
5.525158746188355 5.525158746188575 9.451e-12
6.525158746323971 4.525158746053085 9.683e-12
4.525158746052865 5.525158746188292 8.509e-12
3.5251587459173552 8.525158746594757 89.99999999999056
0.5000000000677387 10.525158746865946 1.78e-13
10.525158746865946 0.5000000000677414 89.99999999999966
0.5000000000682041 0.5044237996107812 89.99999999999577
1.500000000204615 0.50443978577011 89.99999999998995
2.5000000003410308 0.5045643857770887 89.9999999999846
3.500000000477453 0.5000000000680442 89.9999999999821
0.5014920561270539 1.5083078920259716 89.95823733760665
1.5041835900741667 1.5078117668012894 89.97502641945837
2.506689768502224 1.5079307809754372 89.98430704913527
0.5000000000677325 2.5129601032035334 1.72e-13
1.5000000002031975 2.5134937096982144 3.4e-13
0.5000000000677343 3.5179991450317822 89.9999999999997
10.525158746865928 10.525158746865946 2.99e-13
9.52515874673038 10.525158746865946 89.99999999999945
8.525158746594785 10.525158746865948 89.99999999999993
7.525158746457009 10.524774488870765 2.59675e-10
6.525158746315924 10.525158746865936 2.004e-12
5.525158746171954 10.525158746865952 2.13e-13
4.525158746026419 10.525158746865914 89.99999999999703
3.52515874588778 10.525158746865905 3.69e-13
2.525158745751217 10.525158746865902 4.47e-13
10.525158746865936 9.525158746730472 4.6e-13
9.525158746730359 9.52515874673048 89.99999999999898
8.52515874659484 9.525158746730476 89.99999999999969
7.525158746459317 9.524108891882657 4.249e-12
6.525158746323813 9.525158746730455 3.865e-12
5.525158746169452 9.525158746730487 4.69e-13
4.525158746025257 9.525158746730394 89.99999999999434
3.5209633164093175 9.525158746730344 8.82e-13
10.525158746865936 8.525158746595002 5.26e-13
9.525158746730394 8.525158746595013 89.99999999999865
8.525158746594894 8.525158746594993 89.99999999999775
7.525158746459377 8.523549219878808 1.393e-12
6.525158746323877 8.525158746594988 4.05e-12
5.525158746188376 8.525158746595022 7.42e-13
4.525158746052826 8.525158746594865 89.99999999999119
10.525158746865936 7.525158746459528 5.26e-13
9.525158746730387 7.525158746459546 89.99999999999844
8.525158746594874 7.525158746459523 89.99999999999751
7.525158746459313 7.523031136022741 2.224e-12
6.525158746323779 7.52515874645951 5.778e-12
5.525158746188246 7.525158746459557 1.083e-12
4.4191645727878734 7.525158746459239 8.364e-12
10.525158746865937 6.525158746324056 4.69e-13
9.52515874673038 6.525158746324079 89.9999999999983
8.52515874659486 6.525158746324058 89.99999999999754
7.525158746459301 6.522530404259783 2.758e-12
6.52515874632372 6.525158746324028 7.966e-12
5.422142841845105 6.525158746324074 3.104e-12
10.525158746865948 5.525158746188584 3.55e-13
9.525158746730412 5.525158746188612 89.99999999999814
8.52515874659492 5.525158746188591 89.9999999999977
7.525158746459391 5.52201116778028 3.169e-12
6.525158746323857 5.525158746188557 8.803e-12
10.525158746865944 4.525158746053103 89.99999999999912
9.525158746730465 4.525158746053142 89.9999999999981
8.525158746595 4.525158746053124 89.99999999999788
7.525158746459486 4.521401813954448 3.766e-12
10.52515874686594 3.525158745917141 89.99999999999861
9.525158746730465 3.5251587459176674 89.99999999999713
10.525158746865747 2.5251587457814044 89.9999999999923
0.5000000000677467 4.523875884323387 89.99999999999825
4.416463915463517 6.525158746323758 8.448e-12
1.5000000002032055 3.6173549135061993 89.99999999999909
1.5000000002032339 4.6225983478980215 89.9999999999969
0.5000000000677627 5.5279218027907335 89.99999999999845
2.5000000003386655 3.159049950093912 89.99999999999936
