110 10.999001026500995
1.57412649740093 9.731850037957969 27.19402855093563
0.6732346180920636 9.297086744094587 27.19402855093542
2.4386472755279907 9.024528759160034 24.345829500497256
1.5377618416248588 8.589768776936127 24.345829500497285
0.6616585304921943 8.100239325146049 24.345829500497267
1.5479489431731768 7.404119639526802 26.933712695829904
2.4215467370816377 7.89237611564248 26.933712695828167
3.331496930448089 8.331496930452575 25.733379910639098
0.6722452631061664 6.920008045476533 26.933712695829907
2.4298320727319394 6.729409104983704 28.93495007780586
3.331496930448075 7.221402447884975 25.733379910639037
0.6794929430896586 5.761776462267331 28.934950077805965
1.5546625079107974 6.24559278362552 28.93495007780596
3.274164113175714 6.053541933676935 28.934950077805873
1.5238249835333435 5.08590929096051 28.93495007780685
2.398994548354526 5.5697256123187255 28.934950077806665
1.6794929430905556 4.027481258966829 28.934950077806864
2.5538793545779814 4.51271421703609 28.93495007780685
3.4290489193991185 4.996530538394278 28.934950077806818
4.218675418865389 4.26809317342604 34.88855978938788
3.2898186702980357 3.776924750158445 28.934950077806864
2.4139887393214323 3.290302936351465 29.073100353626
9.750197087493131 1.5652816744938303 59.70259718370996
9.276360743787167 0.6839534528736548 59.702597183713266
9.03692421922742 2.4373930123353635 66.52072493977296
8.559151411171811 1.5546593831058524 66.52072493977292
8.113872941351303 0.6578107872944159 66.52072493977296
7.416105561638608 1.5602176755839952 65.94987962035594
7.859898868924313 2.457226005520809 65.94987962035599
8.338638559272237 3.3386385592677703 65.94987962035603
6.978691424108561 0.6603624672269648 65.94987962035592
6.726416967224683 2.4658870203074934 64.3462122590233
7.168942471183916 3.36270608720157 64.34621225902347
5.851921485041945 0.6671793365153347 64.34621225902326
6.2892296789610675 1.5665041444588805 64.34621225902326
6.017948643037474 3.3005856186072826 64.34621225902217
4.508256782458561 0.500000000000453 5.91e-13
5.1396508125237945 1.494674648944212 64.06806925289051
5.578026858437876 2.3961954957537994 64.06806925289075
3.680104021473496 1.5000000000013443 1.3e-13
4.474220934787166 2.412961092797369 64.06806925289052
4.91152397585285 3.3122753038918535 64.06806925289054
3.2365644153391284 2.603472823823444 29.073100353625982
3.5038124361429155 0.5000000000004485 1.7e-14
0.5000000000004556 10.499001026500544 2.47e-13
10.499001026500544 0.500000000000453 89.99999999999982
0.5000000000004521 0.5000000000005542 2.06e-13
1.500000000001355 0.500000000000556 4.9e-13
2.501775854886767 0.5000000000004512 3.56e-13
0.5000000000004503 1.5000000000019384 2.52e-13
1.5000000000013478 1.50000000000203 4.83e-13
2.5000000000022453 1.5000000000013505 7.12e-13
0.500523582845485 2.500000000003027 6.867e-12
1.5014823073212091 2.5011474054807015 89.99855774784959
0.5005596971804716 3.500000000003989 2.962e-12
10.49900102650054 10.499001026500547 89.99999999999994
9.499001026499629 10.499001026500547 89.99999999999994
8.499001026498727 10.499001026500551 89.99999999999987
7.499001026497824 10.499001026500547 89.99999999999986
6.4990010264969245 10.49878298113271 89.99999999999987
5.499001026496025 10.499001026500547 89.99999999999989
4.499001026495126 10.499001026500547 89.99999999999986
3.499001026494226 10.499001026500551 89.99999999999997
2.4990010264933273 10.499001026500544 1.38e-13
10.499001026500551 9.499001026499652 89.99999999999994
9.499001026499654 9.499001026499652 89.99999999999994
8.499001026498759 9.499001026499656 89.99999999999982
7.499001026497863 9.499001026499654 89.99999999999977
6.499001026496969 9.498387315654583 89.99999999999984
5.4990010264960745 9.498388219765172 89.99999999999986
4.499001026495181 9.499001026499649 89.99999999999989
3.4990010264942866 9.499001026499656 89.99999999999994
10.499001026500551 8.49900102649875 9.9e-14
9.499001026499656 8.499001026498755 8.5e-14
8.499001026498757 8.49900102649876 89.99999999999979
7.4990010264978615 8.49900102649876 89.99999999999974
6.499001026496959 8.497767280010354 89.99999999999993
5.499001026496062 8.497939972745439 9.7e-14
4.499001026495166 8.49900102649875 2.57e-13
10.499001026500547 7.499001026497854 1.2e-13
9.49900102649965 7.49900102649786 1.14e-13
8.499001026498748 7.499001026497863 89.9999999999998
7.499001026497849 7.499001026497863 89.99999999999945
6.499001026493771 7.4973048462330585 3.65081e-10
5.499001026492316 7.497415322513285 4.29173e-10
4.497226244430387 7.499001026497854 2.25e-13
10.499001026500547 6.499001026496957 2e-14
9.49900102649965 6.499001026496965 5.7e-14
8.49900102649875 6.499001026496967 89.99999999999957
7.499001026497853 6.499001026496969 89.99999999999937
6.499001026496954 6.496777681068363 89.9999999999997
5.499001026496057 6.4967728588888285 89.9999999999999
10.499001026500547 5.499001026496061 89.99999999999991
9.49900102649965 5.49900102649607 89.99999999999997
8.499001026498751 5.49900102649607 89.99999999999935
7.499001026497854 5.499001026496074 89.99999999999933
6.499001026496956 5.496325126757015 89.99999999999976
5.499001026496059 5.495762034384749 4.3e-14
10.499001026500544 4.499001026495161 89.99999999999942
9.499001026499649 4.49900102649517 89.99999999999939
8.499001026498751 4.499001026495176 89.9999999999992
7.499001026497858 4.499001026495179 89.9999999999992
10.499001026500547 3.4990010264942435 89.9999999999998
9.49900102649965 3.499001026494275 89.9999999999994
10.49900102650054 2.499001026493337 89.99999999999991
4.499001026495155 6.499001026496958 2.42e-13
4.499001026495162 5.499001026496062 3.31e-13
6.416256230346706 4.4948345294325485 0.100394103488287
5.414851707250376 4.468534646399659 0.170409427148158
0.5000000000004476 4.500000000004938 89.99999999999996
