110 11.044455675710326
1.6042788744067802 9.807235309315796 28.93937468891184
0.6542558395099318 9.354055361010426 22.70721292249241
2.4805019646866286 9.093160520252384 23.01978876309928
1.5767453412261507 8.656054359409904 22.707212921931497
0.6542558395073019 8.270032182114145 22.707212921930754
1.566343319439297 7.5676783818258855 22.707212921922572
2.488832821158097 7.953700559121655 22.70721292192253
3.3901998286933304 8.390199834057395 22.707212921922405
0.654255839507254 7.156798161497337 22.707212921922522
2.4658952843841546 6.86007900772918 22.707212921933586
3.529268293706695 5.044982677173119 88.23210197443011
0.661543749371611 5.959600137725313 24.26194617852199
1.5406574704359093 6.444771142273276 24.288056360728238
3.5444556676378567 6.060170052177451 89.9999999970224
0.6611494208300401 4.674974934840666 24.229191333710663
1.5031620150945733 5.240682274333898 24.229191333710624
2.3811730841057424 5.726398398052716 24.229191333710546
1.591109925987877 4.00262018109345 32.48998409702904
2.4218306374112726 4.559816563774525 32.48998409702843
3.389584745149451 7.24515687076762 22.69915063958868
3.5027107386746037 3.9074137868690304 14.548935956440172
2.3992212520130445 3.3205620906437217 35.22207841918154
3.163173911677659 2.635806397465016 35.22207841918156
9.840138693899167 1.576420478386272 54.6739326310185
9.300169922858824 0.6933574290196391 57.884598038728505
9.155978438901013 2.377708414777434 57.19588487322095
8.599845903096941 1.5114778956603239 60.670725547582265
8.036750945937015 0.6808235381165479 60.67072554758266
7.368503345430129 1.5329777714674155 60.670725547586095
7.93159830259006 2.363632129011185 60.67072554758607
8.490871102830607 3.5444556676639927 3.181e-12
6.843674890590021 0.6808235381165337 60.67072554758656
6.8098901108273315 2.5595996714975713 54.57489347702115
7.544455671955169 4.5444556687369335 3.553e-12
5.761785956158142 0.796759237367235 60.670725547591545
6.251613915753629 1.6685783540049668 60.67072554758334
6.142647267910102 3.3467823626152327 54.57489347702003
4.5696752159234375 0.5696752116319646 81.32765801970295
5.067448734632489 1.6024779214812113 60.67072554759242
5.557276694227889 2.4742970381189338 60.670725547590905
4.544455668736945 8.544455673027848 6.466e-12
6.544455670882618 8.544455673028214 1.847e-12
5.5444556698097704 8.544455673028114 5.477e-12
2.500000002682284 1.5000000016094495 1.6954e-11
0.5000000005364162 10.544455675173914 2.27e-13
10.544455675173916 0.5000000005364109 89.99999999999996
0.5000000005364393 0.5000000005364225 3.84e-13
1.5000000016093304 0.5000000005364296 2.7e-13
2.50000000268219 0.5000000005364376 4.76e-13
3.500000003755056 0.5000000005364216 89.99999999999892
1.5046207932342446 2.503887720578053 89.96172169153849
0.500000000536426 1.5000000016092656 7.89e-13
0.5016934293962274 2.5000000026821088 9.47e-13
1.500000001609421 1.5000000016094184 1.6678e-11
0.5000000005364145 3.50000000375494 5.63e-13
10.544455675173882 10.54445567517391 89.99999999999969
9.54445567410081 10.544455675173912 89.99999999999957
8.544455673027862 10.544455675173907 89.99999999999879
7.544455671954956 10.544455675173914 89.99999999999969
6.544455670882069 10.544455675173905 89.99999999999902
5.544455669809194 10.54445567517389 89.99999999999824
4.544455668736327 10.54445567517389 89.99999999999743
3.544455667663455 10.544455675173907 89.99999999999982
2.5444556665905975 10.544455675173884 8.24e-13
10.544455675173879 9.544455674101076 89.99999999999885
9.544455674100952 9.54445567410108 89.99999999999878
8.54445567302809 9.54445567410108 89.99999999999831
7.544455671955228 9.54445567410108 89.99999999999947
6.544455670882371 9.54445567410107 89.99999999999892
5.544455669809518 9.544455674101016 89.99999999999916
4.544455668736665 9.544455674100828 89.9999999999992
3.5444556676638137 9.54445567410107 89.99999999999976
10.544455675173914 8.544455673028232 89.99999999999967
9.544455674101094 8.544455673028242 89.9999999999995
8.544455673028274 8.544455673028242 89.99999999999943
7.544455671955443 8.544455673028242 8.66e-13
6.516903012862833 4.516903010717355 86.74873091897233
5.515290831265475 4.516903010716753 86.74873091897265
4.513489173568839 4.513567530700276 86.74873091897271
10.544455675173907 7.544455671955361 89.99999999999868
9.544455674101076 7.544455671955392 89.99999999999743
8.544455673028246 7.544455671955398 89.99999999999677
7.490871101757778 3.544455667664113 3.595e-12
6.544455670882624 5.544455669809698 3.354e-12
5.544455669809798 5.5444555340280655 4.461e-12
4.544455668736972 5.54445566980906 5.428e-12
10.544455675173904 6.5444556708824875 89.99999999999825
9.544455674101073 6.544455670882536 89.99999999999716
8.544455673028242 6.544455670882575 89.99999999999669
7.544455671955449 5.544455669809761 2.508e-12
6.544455670882525 6.544455670882531 4.595e-12
5.5444556698096354 6.544455553667264 1.2548e-11
10.544455675173916 5.544455669809264 5.74e-13
9.544455674101094 5.544455669809656 1.137e-12
8.54445567302827 5.5444556698096825 1.919e-12
7.544455671955368 6.544455670882586 2.272e-12
6.544455670882283 7.544455671955359 4.528e-12
5.544455632290931 7.5444556108500125 4.299305365e-06
10.544455675173902 4.544455668736233 4.94e-13
9.544455674100934 4.544455668736826 1.288e-12
8.544455673028033 4.544455668736834 3.127e-12
7.544455671955318 7.544455671955407 2.26e-12
10.544455675173904 3.544455667663258 5.32e-13
9.544455674101059 3.544455667663999 1.18e-12
10.544455675173836 2.544455666590309 89.99999999999874
4.544455668736693 6.5444556708820265 1.333e-11
4.539476348267113 7.544455671954936 9.948e-12
4.879097339682621 3.3149670193787935 60.06685174741925
3.6295288637821086 1.5000000016092523 89.99999999999795
4.387524984115043 2.4338503872904442 60.67072554759434
