110 10.998843172097814
1.5731626519874125 9.733775764154677 27.533456374148294
0.6745037815230788 9.294370547361613 27.533456374134005
2.4388374959485217 9.025349391687866 24.183458636562957
1.5399989620701118 8.585850514654442 24.18345863656389
0.6609490676828704 8.102285897798257 24.183458636564033
1.549186677871814 7.40563765315988 26.791788012477486
2.4258703266643122 7.888007419007518 26.791788012318722
3.330099625962279 8.330099722006857 26.04006168925925
0.6717000313801851 6.924858118816195 26.791788012477454
2.434826072273821 6.73177412542811 28.718565808667822
3.3346234388021303 7.219328259315553 26.04006168926171
0.6789140997682139 5.771292143824562 28.712285668266844
1.5572083527537797 6.2509227754748125 28.71856580867054
6.076238760216385 3.3254296317265357 62.75853911131975
1.5205158298373593 5.090555532228364 28.718565808649775
2.3975063553481606 5.571063239284701 28.718565808664316
1.6787491354898272 3.971267980212724 28.718565808679617
2.52804470533986 4.5023226681132265 28.71856580867917
4.935652402190337 3.367823653237646 58.78028867611292
3.420251632559742 3.723957353517426 43.17931787984592
2.5040543928749743 3.206969482002544 45.74389105667936
2.673413444331299 1.6734134251197776 62.75853911125676
9.742413095692381 1.5692936766034706 61.042585182475214
9.284899650612877 0.6795696255191297 61.042585182484466
9.029767798218652 2.4400980497440763 66.48369095375938
8.571467363333111 1.5489517394831758 66.48369095375881
8.112769603877812 0.6579783253609754 66.48369095375912
7.410450619141684 1.5471451420205344 62.78406039559875
7.868180508917339 2.43623657343427 62.78406039560039
8.32552586143893 3.325525765395683 62.784060395602616
6.923041362758119 0.673317272241456 62.78406039559867
6.7437122393330755 2.4372445120981294 62.758539111319834
7.201690643244591 3.3268060348520128 62.784060395601934
5.798435329245857 0.6734342858504476 62.77804552595988
6.256133474514855 1.5630874007883837 62.7585391113101
3.274496880858928 6.051570946341102 28.718565808656486
4.673413482745071 0.6734134059102646 62.75853911132434
5.13109492771245 1.5625296738415098 62.75853911132199
5.588836351327021 2.451615062047663 62.75853911131934
4.004951744904462 1.5598263780930348 62.75853911128948
4.462693168519392 2.4489117662992075 62.75853911128235
3.4050352308474165 4.982830375168121 28.71856580869221
3.340840941053538 2.4545429264242924 62.75853911123117
6.482363517838072 4.494091704674399 89.95507339115468
5.481263517646916 4.4988430472400065 1.71698e-10
4.273059665875694 4.276533580234795 43.179317879765584
0.5000000096048112 10.498843162493216 1.2264e-11
10.49884316249333 0.5000000096046016 89.99999999999321
0.5000000096043484 0.50000000961436 89.99999999999912
1.5000000288130457 0.5000000096049657 89.99999999999818
2.500000048021744 0.5000000096045571 89.99999999999697
3.5000000672304408 0.5000000096044355 89.99999999999622
0.5000000096054302 1.5000000288431496 9.4445e-11
1.500000028815578 1.5000000288155735 1.01323e-10
0.5000000096052757 2.500000048064036 4.4743e-11
1.5000000288156463 2.500000048025256 8.5636e-11
0.5100221462138155 3.500000067282195 1.05312e-10
10.498843162493419 10.49884316249344 2.925e-12
9.49884314328448 10.498843162493468 3.79e-13
8.49884312407469 10.498843162493475 89.99999999999751
7.498843104865323 10.49860229156709 89.99999999996818
6.498843085656232 10.498843162493188 89.99999999996645
5.498843066446939 10.498843162493465 6.54e-13
4.498843047237796 10.498843162493348 89.99999999998626
3.4988430280286957 10.498843162493436 2.103e-12
2.4988430088196782 10.498843162493152 1.1198e-11
10.498843162493444 9.498843143284713 2.923e-12
9.498843143284516 9.498843143284779 89.9999999999996
8.498843124075668 9.498843143284825 89.99999999999568
7.498843104866957 9.497784111263597 89.99999999999933
6.498843085658279 9.497784932916282 1.682e-12
5.4988430664496 9.498843143284752 4.093e-12
4.49884304724093 9.498843143283842 4.779e-12
3.49884302803226 9.498843143284683 5.195e-12
10.49884316249344 8.498843124075986 2.265e-12
9.49884314328454 8.49884312407609 89.99999999999862
8.498843124075634 8.498843124076163 89.99999999999261
7.4988431048660855 8.497042655275695 4.5802e-11
6.498843085657009 8.497042393969995 8.7088e-11
5.498843066447912 8.498843124075002 1.30456e-10
4.498843047239073 8.49884312407354 1.44805e-10
10.498843162493259 7.498843104867259 2.744e-12
9.498843143283993 7.498843104867356 89.99999999999581
8.498843124074408 7.498843104866761 89.99999999990547
7.498843104714916 7.496335265585854 89.99999999330127
7.498843104616423 6.495557815556954 89.99999999609959
7.496799459595248 5.495034492301825 89.98337830753462
7.4968237726437215 4.4946440588004695 89.97744071877983
10.498843162493245 6.498843085658552 89.99999999999945
9.498843143282619 6.498843085658668 89.99999999999223
8.49884312392395 6.49884308565808 89.99999999990094
6.498843085451298 7.496333634788978 89.99999999551717
6.498843085513032 6.495715830273979 89.99999999817008
6.49550049358905 5.494998955248561 89.98716263468933
10.498843162492719 5.498843066449846 89.99999999999626
9.49884314318546 5.498843066449989 89.99999999999002
8.49884312380819 5.498843066449398 89.99999999989643
5.498843066141181 7.498843104866142 1.54749e-10
5.498843066132756 6.4988430856574215 1.6334e-10
5.494700204039744 5.498843066448734 1.67333e-10
10.498843162470287 4.498843047241142 89.99999999999302
9.498843143077574 4.498843047241312 89.99999999998785
8.49768977455095 4.498843047240721 89.99999999989203
4.498843046871297 7.49884310486406 1.5444e-10
10.49884316249344 3.4988430280321823 89.99999999999343
9.498843143284724 3.4988430280326335 89.99999999998563
10.49884316249329 2.4988430088232145 89.99999999999802
4.4880101360140685 6.487860989831951 1.255209280505994
4.469091366454641 5.487206422488888 1.255209280217035
0.5000000096044515 4.5000000864990195 89.9999999999898
