110 11.00110155543084
1.582747701798671 9.709404010564391 23.51723214077019
2.4417087841504532 8.991264945625108 27.66698420998746
1.5578916698863399 8.523415521610804 27.666984209987614
0.6749965555516262 8.053807485038012 27.666984209987636
1.557687253715903 7.38728162478243 28.014813706605945
2.441463473628287 7.857427882974067 27.89454908770095
3.325273616861059 8.325273616866337 27.89454908768665
0.6762630069085569 6.914946779698717 28.01481370561024
2.4473433307975077 6.72788943390139 28.01481370660641
3.3315895730104894 7.197152249968137 27.894549087689807
0.6830929015465115 5.78585475743819 28.01481370534623
1.5664535056389783 6.2545501144851094 28.014813705551266
3.325039800196652 6.06158358548552 27.959079946686902
1.563406744245996 5.1146096422583245 27.959079946685687
2.44457312958185 5.5874374926816355 27.959079946686305
1.6346039361655205 3.89486756025478 29.57955925211371
2.468587191143644 4.451373367599621 29.579559252103753
3.3488695036335123 4.926310351139392 29.57955925209905
9.74009965360362 1.5736157731600184 61.96227227243406
9.297521818676412 0.6763455626299777 61.96227227243573
9.02991714101427 2.441423964908791 66.09704389361018
8.5871704206013 1.5438366309108544 66.09704389361005
8.114050088839365 0.659710903647893 66.09704389361006
7.416479882281221 1.5514238349500764 63.59798421577675
7.888582446154868 2.433499463202732 63.59798421581214
8.331512314093048 3.3315123140877354 63.74785078328056
6.942699001180843 0.6701814042023972 63.59798421577671
6.740005646834249 2.43870855480848 61.73626680418723
7.21882712230436 3.3362180282225156 63.74785078328102
5.792944059167729 0.6771540284949644 61.73626680418583
6.2664748530009025 1.5579312916517645 61.73626680418541
6.056006148093062 3.2782501404403606 61.73626680418789
5.108944560425898 1.5166956141260237 61.73626680418773
5.582475354259474 2.3974728772831955 61.736266804183145
4.514667742186066 2.5231232777157295 61.736266804185334
4.988198536019416 3.4039005408723613 61.73626680418226
5.501101555424754 5.501101555380131 89.99999999995269
4.496472003611239 6.482654587281469 0.027184150071527
4.501101555423703 5.481026766620751 89.99999999995137
5.488900412234582 4.46821641687642 88.70215091124349
6.489648384214173 4.489904923899591 88.70215091124179
3.218781858649289 2.491220113108773 44.399314954374034
4.278573435600434 4.268565224514029 47.57213258589619
3.734864176051532 3.4107452805850644 47.57213258589216
2.5085339882196735 3.1953279032595407 44.39931495437335
0.5000000000005693 10.5011015554303 1.674e-12
10.5011015554303 0.5000000000005631 89.99999999999872
0.5011915853438955 0.5000000000005222 89.99999999999984
1.5035754924392135 0.5000000000006173 89.99999999999604
2.505640744945582 0.5000000000005818 89.9999999999952
3.5078822545126886 0.5000000000005311 89.99999999999892
0.5000000000005596 1.5000000000015676 89.99999999999967
1.500000000001739 1.500000000002669 89.99999999999
2.5000000000028284 1.500000000001723 89.99999999999021
0.5000000000005933 2.5000000000026144 89.9999999999999
1.5000000000022453 2.5000000000043325 89.99999999997209
0.5000000000005169 3.500000000003661 3.31e-13
10.501101555430328 10.501101555430267 2.42e-13
9.5011015554293 10.501101555430324 4.26e-13
8.501101555428262 10.501101555430328 1.14e-13
7.501101555427226 10.501101555430324 89.9999999999999
6.5011015554261915 10.501101555430314 89.99999999999957
5.501101555425154 10.501101555430242 89.99999999999896
4.501101555424125 10.50110155543032 89.99999999999906
3.50110155542309 10.501101555430324 4.3e-14
2.5011015554220606 10.501101555430317 1.89e-13
10.501101555430324 9.501101555429118 7.96e-13
9.501101555429292 9.501101555429287 1.72e-12
8.501101555428265 9.501101555429281 1.791e-12
7.50110155542724 9.50110155542925 1.62e-12
6.501101555426216 9.50110155542921 1.393e-12
5.501101555425186 9.501101555428964 6.39e-13
4.5011015554241665 9.501101555428667 6.68e-13
3.5011015554231477 9.501101555429292 6.96e-13
10.50110155543032 8.501101555428024 8.93e-13
9.50110155542929 8.50110155542826 1.89e-12
8.501101555428267 8.501101555428235 1.882e-12
7.501101555427242 8.50110155542816 1.248e-12
6.501101555426208 8.501101555427972 89.99999999999955
5.501101555424756 8.501101555427477 4.5791e-11
4.501101555423679 8.501101555427004 4.8947e-11
10.501101555430061 7.501101555426946 7.13e-13
9.501101555427654 7.501101555427237 1.904e-12
8.501101555426033 7.501101555426999 89.99999999998401
7.501101555424679 7.501101555426562 89.99999999998707
6.501101555423397 7.501101555426734 89.99999999999328
5.5011015554220055 7.50110155539379 1.9448e-11
4.5011015554207185 7.501101555425674 3.7673e-11
10.501101555430314 6.501101555425879 5.39e-13
9.5011015554282 6.501101555426213 1.464e-12
8.501101555426562 6.501101555425861 89.99999999997144
7.501101555424988 6.5011015554250795 89.99999999995893
6.501101555423292 6.501101555425378 89.99999999995956
5.498190617580755 6.50110155538676 89.99999999992421
10.50110155543032 5.501101555424813 6.25e-13
9.501101555429278 5.5011015554251905 1.037e-12
8.501101555427958 5.501101555424798 89.99999999996744
7.501101555426851 5.501101555423629 89.99999999995812
6.50110155542581 5.501101555424288 89.99999999995619
10.501101555430306 4.5011015554237375 2.501e-12
9.501101555429052 4.501101555424168 7.96e-13
8.501101555427567 4.501101555423746 89.99999999996487
7.501101555426148 4.501101555422236 89.99999999995023
10.501101555430328 3.5011015554226654 3.13e-13
9.501101555429301 3.501101555423146 5.26e-13
10.501101555430292 2.5011015554216036 89.99999999999913
0.500000000000516 4.609591750530041 5.73e-13
4.510686680912468 0.5000000000005294 1.41e-13
3.9317905319302167 1.5000000000015836 2.98e-13
0.5000000000005151 9.295475688403027 5.97e-13
