110 11.014527827605392
1.5970211512155466 9.699436427110058 19.964323352602065
0.6298796496546801 9.384648177950396 17.97197314589206
2.5192593220557957 8.929781731329012 15.38956410369857
1.5687787203983516 8.614762134430121 15.389564103697632
5.0381843847173995 4.216974295483605 1.168626506645224
9.814370202244977 1.5139674200423143 46.250451870966884
9.211300829496889 0.7069383872443415 46.25045187096949
8.437745265382796 1.5374150002505553 63.50224982268392
7.9352288887748275 0.6705572766120307 63.50224982268391
7.290249700773458 1.6181369129606549 63.50224982266896
7.804394590341683 2.51786599874209 60.622446114400326
6.819159916017626 0.6731840601225709 63.50224982267139
6.586842379489732 2.448516319081459 63.50224982266821
7.076968361962866 3.3215510578890424 63.502249822670834
5.670557276614767 0.6705572766120778 63.50224982267457
6.140679707944104 1.5535644374028466 63.50224982267219
5.871391930640386 3.254738572748576 63.502249822425505
5.423809447289995 2.3569387090944933 63.50224982267362
4.670557276612694 3.0873349821569818 63.502249822891
5.506795883429579 6.383221549469397 1.184776428367494
6.5064882330705895 5.403541606219996 1.168626506644525
5.509885484625196 5.226804667088946 1.168626506644623
7.464360075702243 4.458729859086519 6.082808687642934
4.510093483578284 6.206617743209356 1.168626506692097
4.456285950253729 7.280649412176624 10.562587624307286
6.296071988066571 4.164118428927776 63.51136984099274
3.486782184907719 8.117103681254639 10.562587624327593
0.5000000000001581 10.514527827605288 1.95e-13
10.514527827605281 0.5000000000001643 89.99999999999994
0.5000000000002771 0.5000000000002025 89.99999999999449
1.50000000000104 0.5000000000001554 5.5e-14
2.500000000001606 0.5000000000001794 6.68e-13
3.5000000000020366 0.5000000000001767 8.09e-13
0.5000000000003633 1.500000000000675 89.99999999998187
1.5000000000010996 1.5000000000005178 1.18e-13
2.5030819143740035 1.5000000000005898 1.364e-12
0.5000000000001643 2.50208917405233 8.1e-14
1.5000000000005604 2.500000000000855 1.87e-13
0.5000000000001723 3.5034771378225327 1.42e-13
10.514527827605285 10.514527827605264 4.2e-13
9.514527827604866 10.514527827605278 9.15e-13
8.51452782760455 10.514527827605274 1.3e-12
7.514527827604181 10.514527827605267 1.607e-12
6.514527827603814 10.514527827605242 1.897e-12
5.514527827603499 10.514527827605257 2.188e-12
4.514527827603182 10.514527827605264 2.444e-12
3.514527827602815 10.51452782760526 2.673e-12
2.5145278276024725 10.51452782760526 2.85e-12
10.514527827605267 9.514527827604788 2.274e-12
9.514527827604827 9.514527827604816 4.917e-12
8.514527827604494 9.514527827604795 7.091e-12
7.514527827604108 9.514527827604752 9.365e-12
6.514527827603731 9.514527827604642 1.063e-11
5.514527827603412 9.51452782760472 1.1184e-11
4.514527827603091 9.514527827604756 1.1696e-11
3.51452782760272 9.514527827604741 1.2378e-11
10.514527827605274 8.514527827604441 2.032e-12
9.51452782760483 8.514527827604486 4.857e-12
8.514527827604494 8.514527827604462 7.099e-12
7.514527827604106 8.51452782760438 9.633e-12
6.514527827603734 8.514527827603942 1.0567e-11
5.514527827603417 8.514527827604356 1.1424e-11
4.514527827603102 8.514527827604425 1.2096e-11
10.514527827605285 7.514527827604041 4.2e-14
9.514527827604866 7.514527827604064 89.99999999999997
8.514527827604548 7.514527827604016 89.9999999999995
7.514527827604183 7.514527827603865 89.9999999999992
6.514527827603747 7.514527827603431 7.52e-12
5.51452782760341 7.514527827603945 1.0216e-11
10.514527827605285 6.514527827603581 89.99999999999972
9.514527827604866 6.51452782760366 89.99999999999932
8.514527827604544 6.514527827603638 89.99999999999952
7.514527827603808 6.514527827603258 2.2378e-11
6.514527827602471 6.514527827598673 1.19921e-10
10.51452782760527 5.514527827603208 2.11e-12
9.514527827604812 5.514527827603276 6.29e-12
8.514527827604422 5.514527827603186 1.4845e-11
7.514527827604046 5.514527827602849 1.5818e-11
10.514527827605221 4.514527827602858 1.644e-12
9.51452782760466 4.514527827602949 6.395e-12
8.514527827604157 4.514527827602816 2.0564e-11
10.51452782758837 3.514527827602464 1.036e-12
9.514527827550602 3.5145278276025698 5.904e-12
10.514527827605274 2.5145278276021 4.78e-13
4.510093483577885 5.206409700982982 1.168626506644433
0.5000000000001581 7.510594191020904 4.71e-13
1.500000000000524 7.500000000002533 9.94e-13
2.5000000000008633 7.500000000002951 1.447e-12
0.500000000000159 6.507925564763763 2.93e-13
2.5000000000008864 6.500000000002565 8.99e-13
3.5000000000012546 6.500000000002501 4.368e-12
0.5000000000001616 5.506204402166269 2.49e-13
1.5000000000005365 6.5000000000021725 8.06e-13
3.500000000001272 5.500000000002147 2.205e-12
0.500000000000207 4.504790179183539 4.938e-12
1.5000000000005596 5.500000000001862 6.6e-13
2.500000000000917 5.5000000000022204 1.177e-12
1.5000000000007203 4.5000000000015525 5.02e-13
2.5033409639716875 4.500000000001798 89.99999999999139
3.5065987363809166 4.500000000001801 1.18e-12
4.500000000002521 0.5000000000002416 6.018e-12
4.507214577133089 1.5030998722238813 89.97444341743831
3.5049980678869974 1.5000000000006395 3.35e-13
2.5000000000009446 2.5000000000009868 89.99999999999783
3.5061252687008304 3.5000000000014024 1.79e-13
3.5000000000013074 2.50000000000103 89.99999999999922
2.5000000000010387 3.5000000000014073 89.99999999999065
1.50000000000058 3.5000000000011906 3.53e-13
8.514527827538663 3.5145278276024436 2.0773e-11
9.101378357179481 2.5145278276021794 5.394e-12
