110 11.018040157322224
1.599837950993495 9.710511371464309 20.737552163876813
0.6157201733721465 9.363635625657599 15.547055856979505
2.519821191483495 8.943382228816235 15.547055856975428
1.5791308241849515 8.593686346416334 15.547055856974733
0.6157201733721109 8.325656650485351 15.547055856974032
1.4467243762919093 7.449540203787755 7.267019354594678
2.4315554097516134 7.716343179858064 6.318215969505438
0.5000000000001341 6.500000000002345 2.628e-12
2.541605723954054 6.722417162315912 6.318215969413509
3.5069555931898866 7.090554674983233 6.318215969413503
0.502026942553714 5.500000000002046 5.27e-12
1.559230525878212 6.455789129621013 7.267019354594833
3.408024723998261 5.816526067144013 7.267019354574478
1.5000000000007665 4.500000000001974 4.5711e-11
2.4327558778619673 5.55908164923469 7.267019354592119
3.5000000000059655 2.5000000000014286 89.99999999995045
3.500000000000999 1.500000000000612 1.265e-12
9.782991624215127 1.5360605917415313 55.00229898710149
9.206256820128655 0.7006725674772056 53.88516037963498
9.112301578168347 2.3216808444053525 55.00229898712259
8.538758010668321 1.502505786081434 55.00229898712603
7.946606106141282 0.696359312911901 55.00229898712378
7.217706064865628 1.4848139848922068 46.0072086160845
7.891561286041359 2.321680844404693 55.00229898706993
6.500000000006587 0.5000000000003091 89.99999999999685
6.49666133143338 2.2046014168486217 43.82449300018767
5.500000000005924 0.500000000000167 89.99999999999852
5.500000000001591 1.5000000000004983 89.99999999999746
3.466051991449141 8.092136813098223 6.31821596941711
4.500000000001233 3.500000000001512 2.3914e-11
8.51804015732163 3.518040157317391 1.648e-12
4.500000000005214 0.5000000000001554 89.99999999999935
4.500000000001286 1.5000000000005809 7.96e-13
4.500000000007432 2.500000000001137 2.2331e-11
3.5000000000010005 3.5000000000071148 2.3412e-11
2.5000000000042273 2.50000000000083 2.0489e-11
2.500000000000768 3.5000000000010956 2.2893e-11
0.500000000000175 10.518040157322083 1.882e-12
10.518040157322087 0.5000000000001492 89.99999999999939
0.5000000000008216 0.5000000000001794 89.99999999999588
1.500000000002462 0.5000000000001625 89.99999999999561
2.5000000000035443 0.5000000000001341 6.2e-14
3.500000000004431 0.5000000000001821 89.99999999999568
0.5000000000001403 1.5000000000006102 1.206e-12
1.5000000000004245 1.5000000000005729 2.379e-12
2.5000000000007083 1.5000000000004308 2.98e-12
0.5000000000002371 2.50000000000106 9.426e-12
1.500000000000755 2.500000000001047 2.0941e-11
0.5000000000001901 3.500000000001411 8.921e-12
10.518040157322101 10.517906666841458 1.018e-12
9.518040157321852 10.517906703414777 2.157e-12
8.518040157321606 10.518040157322073 3.359e-12
7.51804015732136 10.518040157322051 4.247e-12
6.518040157321116 10.518040157322016 5.021e-12
5.51804015732087 10.518040157322034 5.775e-12
4.518040157320625 10.518040157322002 6.441e-12
3.5180401573203772 10.518040157322037 7.112e-12
2.5180401573201308 10.51804015732203 7.665e-12
10.51804015732207 9.517110450296554 5.325e-12
9.518040157321792 9.517666980505254 1.0666e-11
8.518040157321517 9.518040157321707 1.6034e-11
8.50469909438855 8.51804015732144 1.6283e-11
8.518040157320105 7.518040157319903 1.66678e-10
5.518040157320766 9.51804015732156 2.4038e-11
4.518040157320523 9.518040157321416 2.5677e-11
3.518040157320284 9.518040157321602 2.6551e-11
10.518040157318929 8.516289384860176 3.65992e-10
9.518040157184993 8.517658494091638 1.568792e-08
7.518040157321254 9.518040157321614 2.0154e-11
7.502727446965222 8.518040157321256 1.5993e-11
7.518040157319869 7.518040157319564 1.65282e-10
7.51804015731618 6.5180401573186275 9.0089e-11
4.494778646603843 8.518040157319943 1.40072e-10
10.518040157321707 7.51440561665992 4.4703e-11
9.518040157321058 7.514361253528115 8.8343e-11
6.518040157321005 9.518040157321444 2.294e-11
6.500638527927344 8.518040157320716 5.1405e-11
6.5180401573196365 7.51804015731937 1.64476e-10
6.518040157315093 6.518040157318893 1.4274e-10
4.518040157319172 7.518040157319327 1.65126e-10
10.518040157321273 6.51249270610377 6.1447e-11
9.518040157319705 6.512505978235131 1.23041e-10
8.518040157317735 6.518040157319203 1.16268e-10
5.497900581371134 8.518040157320865 89.99999999997773
5.518040157319404 7.518040157317888 1.64673e-10
5.475949108177383 5.351633997059172 5.052447118221167
10.51804015732207 5.510579795993209 2.127e-12
9.518040157321769 5.5106127522596084 4.287e-12
8.518040157319142 5.5180401573186355 8.1448e-11
7.5147067952836775 5.518040157318061 5.7787e-11
6.511767101708747 5.5180401573179525 6.859e-11
5.450104456004647 4.289453340497975 11.864600185850309
10.518040157322105 4.5080027489304815 8.45e-13
9.518040157321865 4.508753033377735 1.624e-12
8.518040157321577 4.518040157317713 6.513e-12
7.518040157321332 4.518040157317274 6.77e-12
10.518040157322105 3.5015387273360448 6e-13
9.518040157321867 3.5054515078338 1.055e-12
10.514902534373123 2.4962847820356737 89.9931241155731
4.466694165618695 6.221114157969021 11.461236177893463
4.488438956002062 5.166244382858771 5.052447118224713
6.518040157321103 4.518040157317141 7.484e-12
0.5000000000001883 4.500000000001734 7.856e-12
5.518040157313404 6.518040157316083 2.6474e-10
7.518040157321105 3.518040157316734 3.2019e-11
5.500000000009199 2.9209475961112816 8.7779e-10
6.500850749102927 3.4115726144613023 2.435387629615369
1.5000000000005258 3.500000000001397 2.1263e-11
3.501186480218078 4.500000000014837 5.98516e-10
2.5011864802172363 4.500000000005934 5.49441e-10
