110 11.044883409793385
0.705210410668994 9.301273950010899 40.80285633633495
2.3723854234710715 9.109491859491637 26.99986216023412
1.5322573715190093 8.555646141746921 26.99986216023419
0.672497986287576 8.040329314078278 26.99986216023401
1.6644216825539164 7.430340892273267 30.937347210577478
2.52215166350144 7.944441349180863 30.937347210574988
0.7466766545550785 6.955800146681973 26.999862160225685
2.4777537378567613 6.751962344615082 30.937347210585493
3.3370290674642287 7.266989042257476 30.937347210575865
0.5000000000022107 5.783302160392238 3.138e-12
1.6167954838999807 6.235926947029693 30.937347210555675
3.3168485140673365 6.08902528423135 30.93734721058731
1.6013885521716662 5.060824370415926 30.937347210659933
2.4591185331196845 5.574924827323882 30.93734721059052
1.6455171420906476 3.895585764905978 30.93734721060477
2.4918615380785725 4.428682037590852 30.93734721060631
3.3495915190261285 4.942782494498304 30.937347210606283
4.172192524446389 4.256331895755367 34.98897179898513
3.3281841468677698 3.718268496346938 34.988971798976195
2.465305096830899 3.207166253682834 34.988971798969516
3.351830362460007 2.3859201696544328 64.42139430061732
9.160170312340567 2.492012957750374 74.07065167081618
7.395358525980106 1.5688651939369445 64.42139430065195
6.963609552447085 0.6668713891566682 64.42139430065362
6.718452434800825 2.4708589987169325 64.42139430065455
7.150201408334039 3.3728528034971 64.42139430065721
5.8549544877343305 0.666871389156646 64.42139430065777
6.286703461267577 1.568865193936789 64.42139430065629
6.041546343621458 3.372852803496832 64.42139430065576
4.746299423021308 0.6668713891566629 64.42139430065284
5.178048396554946 1.5688651939365919 64.42139430065275
5.609797370088216 2.4708589987167002 64.42139430065365
4.050796444040909 1.5300132716089228 64.42139430063274
4.482545417574615 2.432007076388989 64.42139430064708
4.914294391107857 3.334000881169159 64.4213943006465
4.515290405627564 6.53980665263768 89.39188958790635
4.437070986109747 5.471473635021068 80.79773984743679
6.432503905978067 4.48579804518474 82.0374894316395
5.371292690986329 4.542657587625852 89.61523639604074
7.543386861790548 4.544883409764607 3.3026e-11
4.539604906739986 7.539604906790558 89.39188962844574
6.544883409755037 6.544883409773241 89.9999999999902
5.544883409738272 6.544883409765347 89.99999999906298
7.544883409771043 5.5448834097690645 2.0624e-11
6.544883409765785 5.54488340976886 89.99999999998936
5.508301749937995 5.541760052964535 89.6152363960419
1.5469579703641045 9.856517730237226 40.80285633634894
9.860213206933935 1.5233615067812956 45.15602452070677
8.055817164016858 2.5292908115452355 86.53677700302319
8.312396733661396 3.5155925982260694 86.53677700301972
3.544883409760767 8.544883409781761 89.9999999999925
0.5000000000021876 3.5000000000154547 4.43e-13
0.5000000000021725 10.544883409791215 1.9e-14
10.544883409791211 0.5000000000021743 89.99999999999999
0.5000000000022604 0.5000000000022027 89.99999999999969
1.5000000000068248 0.5000000000025482 8.797e-12
2.5000000000114784 0.5000000000021876 89.99999999999866
3.5000000000160916 0.5000000000022222 89.99999999999667
0.5000000000022249 1.5000000000066187 89.99999999999791
1.500000000006776 1.5000000000076668 89.99999999999153
2.5000000000112497 1.5000000000065636 89.9999999999965
0.5000000000022347 2.5000000000110343 89.99999999999864
1.5000000000068425 2.500000000012326 89.99999999998884
10.544883409791169 10.544883409791211 89.9999999999995
9.544883409786724 10.544883409791197 89.99999999999771
8.544883409782326 10.544883409791204 89.99999999999872
7.544883409777941 10.544883409791197 89.9999999999999
6.544883409773537 10.544883409791122 4.717e-12
5.544883409768541 10.544883409791197 1.791e-12
4.544883409763818 10.544883409791169 89.99999999999602
3.5448834097591986 10.544883409791069 89.99999999999484
2.544883409754647 10.54488340979113 89.99999999999783
10.544883409791208 9.544883409786852 89.99999999999903
9.544883409786856 9.544883409786841 89.9999999999974
8.544883409782512 9.544883409786852 89.99999999999818
7.544883409778167 9.544883409786806 89.99999999999919
6.544883409773798 9.544883409786628 3.237e-12
5.544883409769357 9.544883409786724 1.566e-11
4.5448834097642745 9.544883409786756 89.99999999999238
3.5448834097591995 9.544883409786376 89.99999999997831
10.544883409791211 8.544883409782473 89.99999999999906
9.544883409786866 8.544883409782484 89.99999999999767
8.544883409782523 8.544883409782505 89.99999999999783
7.544883409778145 8.544883409782402 89.99999999999375
6.544883409773784 8.54488340978206 89.99999999999282
5.544883409769442 8.544883409782175 89.99999999999297
4.5448834097651005 8.544883409782376 89.99999999999287
10.544883409791197 7.544883409778077 1.57e-13
9.544883409786731 7.5448834097780635 89.99999999999021
8.544883409782353 7.544524171427547 89.99999999999038
7.544883409777993 7.544883409778024 89.99999999999075
6.544883409746543 7.544883409777621 89.99999999999103
5.5448834097291115 7.544883409770982 89.99999999921006
10.544883409791165 6.544883409773713 89.9999999999993
9.544883409786564 6.5448834097737105 89.99999999998792
8.544883409777944 6.544223563985219 89.99999999999912
7.544883409771732 6.5448834097735045 1.0232e-11
10.544883409791073 5.5448834097693505 89.99999999999876
9.544883409783601 5.54488340976937 89.99999999998712
8.544883409776386 5.543854256502397 8.541e-12
10.544883409790408 4.544883409764989 89.99999999999824
9.544883409782045 4.5448834097650295 89.99999999998643
8.544136812473225 4.543340269966773 89.9994209998795
10.544883409791193 3.5448834097606152 89.99999999999804
9.544883409786731 3.54488340976069 89.99999999998566
10.5448834097912 2.5448834097562396 89.99999999999903
0.5000000000022338 4.591614055921739 3.828e-12
9.177392654266711 0.500000000002168 9.8e-14
8.56222991513894 1.5000000000065388 89.99999999999602
8.177392654262333 0.5000000000021831 89.99999999999874
