110 11.023560490483852
2.46307531320854 9.029675084253741 26.24529107657827
1.5661661948603878 8.587460091398114 26.24529107659259
0.6695620555993811 8.144626533979714 26.24529107659108
1.5604849445757676 7.468949818125635 26.24529107692263
2.457089083837096 7.9117833755436635 26.24529107691365
0.6695620556006707 7.014593437491236 26.24529107690493
2.460840558345162 6.797932213726566 26.28576855030482
3.357804019059363 7.240934562059069 26.245291076904376
1.563847427045236 6.3405814311260755 27.07220502706927
3.3209774826306067 6.107443551781177 26.285768549969102
1.5338474340228894 5.083810790125173 31.202479314326318
2.4028352415451426 5.646351440814539 27.072205027078674
4.094326560742396 3.110754853899788 29.578517014838006
1.6867029895388628 4.007269192982237 31.202479313572468
2.5420448599285277 4.525333236505808 31.20247931446216
3.439907859723618 5.048280959526459 26.55103688096686
3.353998202186121 8.353998368398141 26.245291076875056
1.601100598187689 9.74253394898523 23.839491006911654
4.1924087301791975 4.306404005570156 26.55103688095843
3.279944366995688 3.803027367323737 31.20140012434948
3.238561851944524 2.592622107225769 29.578517014901966
2.422149823958232 3.283591898032045 31.202479313466824
5.246628580294119 3.5022549043175135 85.02571381498021
5.523560307604222 4.5235602744140735 89.99999999998114
9.75862747308048 1.5965266739902084 63.94816762032819
9.320605983949271 0.6789990905384418 62.81349038976135
9.061280029056887 2.4473512131773933 63.729525765482286
8.620606707965877 1.5450780175306185 64.2044875689587
8.137793392899972 0.6677567464096095 64.20448756907875
7.418959364590439 1.4784822070301074 64.20448756895888
7.90177267966197 2.355803478143659 64.20448756895816
6.708333069368445 2.330346996268629 56.37668720032623
6.040757901302122 1.5733560184201054 56.376687200291244
5.240982501741391 2.498965759476164 85.025713814953
1.503426811909776 2.5029092473242764 89.99574370476454
4.522555765860647 7.523413222872051 0.003444759003344
4.520496895722709 6.509765731838736 0.02847406153488
0.5000000166260552 5.845031365269257 5.30845e-10
6.759943998226735 0.5000000166206622 89.9999999999961
5.500000182829749 0.500000016620679 89.99999999999943
8.288099862917836 3.523560241120087 6.952e-11
4.707380647135676 1.5000000498644566 89.99999999973559
0.5011700219154296 3.500069814637409 0.000331325355381
3.7073806138886516 1.500000049866565 1.17623e-10
4.500000149588048 0.5000000166211205 89.99999999998522
0.5000000166237522 10.523560473861599 8.5922e-11
10.52356047386316 0.5000000166207661 89.99999999999564
0.5000000166209366 0.5000090689262251 89.99999999998644
1.5000000498627681 0.5000000166212608 89.99999999997286
2.5000000831045868 0.5000000166210894 89.99999999998363
3.5000001163463854 0.5000000166219953 89.99999999997817
0.5000000166207244 1.50003961018537 2.099e-12
1.5000000498621686 1.500051996697561 4.201e-12
2.5000000831036147 1.5000000498632575 6.342e-12
0.5011433594787169 2.500059860488997 0.000664054952601
10.52356047386298 10.5235604738564 4.432e-12
9.523560440621246 10.523560473859776 1.0104e-11
8.523560407379495 10.523560473858874 1.8808e-11
7.523560374137445 10.523560473862975 2.8495e-11
6.523560340892755 10.52356047386318 9.49e-13
5.523560307649795 10.523560473863126 89.99999999999875
4.5235602744073 10.523560473863046 8.08e-13
3.5235602411650118 10.523560473862684 1.6476e-11
2.523560207922893 10.523560473862299 2.9038e-11
10.523560473862974 9.523560440590028 1.387e-11
9.523560440621264 9.523560440585044 2.8436e-11
7.523560374137701 9.523560440621434 5.7554e-11
8.523560407379506 9.523560440605785 4.3656e-11
6.523560340895995 9.523560440621363 5.3267e-11
5.523560307654313 9.523560440621296 3.5556e-11
4.52356027441251 9.523560440620823 6.4734e-11
3.5235602411708355 9.523560440620177 6.6222e-11
10.523560473862377 8.523560407305968 5.3518e-11
6.523560340892759 8.523560407379723 8.1897e-11
7.523560374134809 8.523560407379907 8.4573e-11
8.523560407377154 8.523560407359344 1.15435e-10
9.523560440619722 8.523560407328976 9.5014e-11
5.523560307650578 8.52356040737985 3.6323e-11
4.52356027440132 8.523560407371882 9.05052e-10
10.5235604738557 7.523560374043031 5.0855e-10
6.522979934717225 7.52356037413819 9.7344e-11
7.523221208212872 7.523560374138562 9.1106e-11
8.523560407336369 7.5235603741079045 8.96591e-10
9.523560440596498 7.523560374071814 1.223214e-09
5.522701006764013 7.523560374138373 2.3178e-11
10.523560473857772 6.523560340786938 3.82897e-10
9.523560440602036 6.523560340822692 1.219448e-09
7.523560374092681 6.523560340897248 9.442e-11
8.523560407349827 6.523560340862393 9.01039e-10
6.522987839127273 6.523560340896753 1.03043e-10
5.521763456459612 5.523560307655508 89.9999999999952
10.523560473859174 5.523560307533507 2.32831e-10
9.523560440604797 5.5235603075729065 1.013603e-09
8.523560407354957 5.523560307616355 8.14481e-10
7.523560374100982 5.523560307655935 9.7589e-11
6.523560340847158 5.523560307655319 1.08727e-10
10.523560473856842 4.523560274281232 89.99999999996339
9.523560440600562 4.523560274320688 4.74913e-10
8.52356040735079 4.523560274368081 4.12612e-10
7.523560374101491 4.5235602744146215 1.00687e-10
10.523560473853534 3.523560240985785 89.99999999918154
9.523560440593911 3.5235602410508946 89.99999999786216
10.523560473837117 2.523560207709967 89.99999999940448
4.520249711531633 5.508488590707752 0.019073808265858
6.5235603408508895 4.523560274413897 1.11384e-10
0.5000000166903371 4.500079812948692 89.99999999931737
5.522701279578422 6.52356034089694 9.138e-12
7.28809982967443 3.5235602411727145 1.25608e-10
6.28809979643122 3.5235602411718907 1.28024e-10
0.50000001662114 9.365785819090773 4.0005e-11
