110 11.02303644649196
1.683065269255159 9.611987640973771 30.01639138868005
0.5000000708120993 9.516551626418488 1.776e-12
2.4999097103132213 8.929013101923829 30.01639138867529
1.2911823707727441 8.421713444279966 59.27486303715535
0.5021617444579389 7.50692433970434 89.99855199719
1.500000212436671 6.500000920568399 4.5105e-11
2.281928234004721 7.743385455544715 3.031043951606642
0.5000000708122725 6.503723372868697 2.1302e-11
2.5137131990459722 6.754257654505987 3.031043951605586
3.497296352328511 7.090755208332809 3.031043951585308
0.5000000708120913 5.500000778941852 1.648e-12
1.5000002124362668 5.500000778942395 3.477e-12
3.5412746950116865 5.887938582358836 13.53852236327705
1.5000002124362606 4.500000637310018 2.871e-12
2.5000003540604405 5.500000778934385 5.269e-12
3.500000495685268 2.5000003540611955 1.0779e-11
3.5000004956854105 1.500000212436853 1.1127e-11
9.827416061917283 1.513663028948653 45.38911030502565
9.221102168025512 0.7070905750236234 45.38911030486036
9.152611201064888 2.2535465164369657 45.38911030505951
8.508501125379006 1.4138465534786384 44.970261041183086
7.801027320616605 0.7071067860803018 44.97026104118485
7.193542123017494 1.5137321793477532 44.970261041189865
7.809461094497832 2.315944738474609 45.38911030509377
6.500000920558118 0.5000000708121428 2.577e-12
6.486103996262358 2.220768782801284 44.949143677072
5.500000778933791 0.5000000708121428 5.227e-12
5.500000778933977 1.5000002124364809 1.8774e-11
3.342140512027665 8.254035051015252 29.350680399655438
4.500000637309076 3.500000495685147 3.7701e-11
8.523036092431191 3.413069738204376 1.1445e-11
4.500000637309471 0.5000000708121535 5.4e-12
4.500000637309728 1.5000002124365253 2.0123e-11
4.500000637312386 2.5000003540608926 3.53e-11
3.5000004956846746 3.500000495685464 1.0679e-11
2.5000003540608087 2.500000354060943 89.99999999998573
2.500000354060428 3.500000495685344 1.289e-12
0.5021981047239601 10.520890734837202 0.000134408476425
10.523036375679837 0.5000000708121206 89.99999999999994
0.5000000708122005 0.5000000708121526 89.99999999999642
1.5000002124365883 0.500000070812165 89.99999999999521
2.500000354060888 0.5000000708121739 89.9999999999968
3.5000004956851853 0.5000000708121766 3.695e-12
0.5000000708121943 1.5000002124364986 89.99999999998994
1.5000002124365768 1.5000002124366185 89.99999999997807
2.500000354060944 1.5000002124366487 89.99999999998658
0.5000000708121934 2.5000003540608775 89.99999999998944
1.5000002124365173 2.5000003540609805 89.99999999998059
0.5000000708120842 3.5000004956854327 5.8e-14
10.523036375679844 10.523036375679823 89.99999999999942
9.523036234055615 10.522285307023797 1.91e-13
8.52303609243142 10.5222853224837 1.265e-12
7.523035950807223 10.523036375679837 2.402e-12
6.5230358091830265 10.523036375679837 3.254e-12
5.52303566755883 10.52303637567983 4.05e-12
4.523035525934634 10.523036375679801 4.547e-12
2.5230352426862397 10.523036375679816 5.526e-12
3.523035384310436 10.523036375679798 5.478e-12
10.523036375679808 9.523036234055532 89.99999999999447
9.523036234054777 9.520015978187072 9.152e-12
8.523036092430207 9.520015490006774 1.5972e-11
8.52303609242986 8.517965554024855 3.4419e-11
8.523036092431024 7.515839776198053 4.8331e-11
5.523035667555832 9.523036234055535 1.3072e-11
4.523035525931 9.523036234055422 3.567e-12
3.523035384306487 9.523036234055278 2.936e-11
10.52303637567967 8.523036092431258 89.99999999999622
9.52303623405454 8.517969647241637 2.1975e-11
7.523035950805484 9.523036234055596 6.011e-12
7.523035950804745 8.523036092431395 5.159e-12
7.523035950805012 7.523035950807204 4.079e-12
7.523035950807289 6.52303580918301 3.126e-12
4.523035525906286 8.523036092431141 3.893e-12
10.523036375679848 7.523035950806978 89.99999999999956
9.52303623405562 7.515845579884903 3.27e-13
6.523035809180728 9.523036234055509 1.592e-11
6.523035809179964 8.52303609243122 1.1417e-11
6.52303580916034 7.523035950806962 7.645e-12
6.523035809183114 6.523035809182641 1.776e-12
4.5167982583729875 7.5230359508068965 3.34e-12
10.523036375679869 6.523035809182709 5.7e-13
9.523036234055661 6.513481571364359 2.613e-12
8.523036092431482 6.513479067519812 3.843e-12
5.523035667555507 8.523036092431306 1.2292e-11
5.523035667532519 7.523035950807042 8.833e-12
5.5230356675589505 5.523035667558287 4.74e-12
10.523036375679872 5.523035667558441 89.99999999999957
9.523036234055681 5.510689296873433 7.54e-13
8.523036092431513 5.510687577475366 1.345e-12
7.523035950807332 5.52303566755881 2.188e-12
6.523035809183134 5.5230356675581955 1.98e-12
5.444680150742353 4.289096321129117 13.538522363295758
10.523036375679876 4.523035525934174 89.99999999999949
9.523036234055692 4.469309279332942 9.96e-13
8.523036092431523 4.507647512134275 2.242e-12
7.523035950807351 4.5230355259346045 3.723e-12
10.523036375679851 3.523035384309898 89.99999999999686
9.52303623405552 3.4649402588180895 89.99999999999791
10.523036375679844 2.5230352426856264 89.9999999999989
4.523035525934794 6.523035809182653 2.741e-12
4.49297742287702 5.088517451743897 13.538522363297227
6.523035809183147 4.523035525933899 8.143e-12
0.5000000708120895 4.5000006373137715 1.431e-12
5.523035667558952 6.523035809182597 2.274e-12
7.523035950806619 3.5230353843100186 4.9496e-11
5.5000007789374425 2.9420079630706564 4.68459e-10
6.501328788511088 3.429301208936425 2.964224661893607
1.5000002124362544 3.5000004956854958 4.12e-13
3.5000004956846236 4.500000637309734 8.328e-12
2.5000003540604414 4.500000637310059 5.556e-12
