110 11.013064574303439
1.548079496949775 9.799524651969595 36.92909347960535
0.6857683753142458 9.199473217664046 30.88846185980677
2.3744737311991186 9.107033596710092 30.857268131752384
1.544033198149839 8.547256619407218 30.857268131753727
0.6856744134796271 8.034206692584087 30.857268131753905
1.5520032619977258 7.386923285695902 30.85726813186785
2.416352549073276 7.903417388444918 30.851841902089653
0.6874925795437372 6.870399633350891 30.857268131692564
2.402569758330687 6.7302222650863675 30.857268131854276
3.2881796651392565 7.226013489146343 29.118283223460086
0.6856744134802932 5.704419955999375 30.85726813190316
1.5441220858977953 6.217321110555551 30.85726813189953
3.293871894094559 6.082475063927215 29.323140067119475
1.5533266029074184 5.057927212445038 30.85726813370872
2.413443197030313 5.571825506198395 30.857268131938834
4.1044915906041 3.081380626279129 30.422365661483518
1.6856744138547892 3.8931199265202343 30.857268133535367
2.509343568057849 4.464230226763904 30.857268133733527
3.3770911485486286 4.9747880308834755 30.0747892867548
9.792779900929457 1.556880097274071 54.97566140590785
9.261468020037537 0.6931784370053551 56.47784401707107
9.099491113755738 2.389460517347144 60.47020426339496
8.578781471613283 1.5351275848553612 60.47020426339482
8.05684817184601 0.681487804820863 60.4702042633948
7.368128957973764 1.4945638484139252 60.47020426339482
7.902114972700176 2.3894559824355994 55.45016602455088
6.774586411387197 0.6814878048208648 60.47020426339693
6.6807380010891695 2.3368945374430803 62.0109557916381
6.0854833943616 1.520796106171744 62.010955791638175
3.5130645719147857 8.406129072645058 89.99999999882581
4.255560060570733 4.327929964435637 30.074789286760126
4.500000001418246 0.5000000001613998 89.99999999999959
4.89637677797031 1.5000000004852074 89.99999999858399
5.280443663965697 2.5025720098866886 88.78466065020521
3.3317574579607356 3.7878940120856495 30.579709197997467
3.279608193639735 2.511264790353564 30.422365661484132
2.490247377053091 3.2089389126035694 30.857268135381176
0.5000000001579616 10.51306457414557 5.267e-12
10.513064574145858 0.5000000001575815 89.99999999999989
0.5000000001575833 0.5008676492973088 89.99999999999969
1.5000000004727498 0.5000000001575922 89.99999999999937
2.5000000007879164 0.5000000001575886 89.99999999999956
3.5000000011030825 0.500000000244615 89.99999999999945
0.5000000001575797 1.5019017410531994 4e-14
1.5000000004727374 1.5019912088469498 7.9e-14
2.5000000007878964 1.500000000472764 1.19e-13
0.5014670969924007 2.5034624816891897 89.99232096599944
1.5208253601531374 2.521239726684904 1.944271795439916
0.5016206572667876 3.5050314441364234 0.023948638244491
10.513064574145403 10.51306457414585 89.99999999999964
9.513064573828427 10.513064574145854 8.5e-14
8.51306457351138 10.513064574145854 1.4e-14
7.51306457319434 10.513064574145854 2.27e-13
6.513064572877205 10.513064574145858 3.69e-13
5.513064572550567 10.513064574145858 4.12e-13
4.513064572229622 10.51306457414585 1.25e-13
3.5130645719101947 10.513064574145577 89.99999999998934
2.513064571591462 10.513064574143797 2.7183e-11
10.513064574145535 9.513064573830679 89.99999999999935
9.51306457382842 9.513064573830686 2.7e-13
8.513064573511375 9.513064573830682 5.7e-14
7.5130645731943435 9.51306457383069 4.69e-13
6.513064572877403 9.5130645738307 6.77e-13
5.513064572560996 9.513064573830686 1.663e-12
4.5130645722451685 9.513064573830675 1.85e-13
3.5130645719295464 9.513064573829887 89.99999999997932
10.513064574145513 8.513064573515507 89.99999999999909
9.513064573828402 8.513064573515518 4.26e-13
8.51306457351129 8.513064573515512 1.23e-13
7.513064573194336 8.513064573515523 6.68e-13
6.513064572877405 8.513064573515539 9.81e-13
5.513064572561047 8.513064573515516 2.777e-12
4.513064572245031 8.513064573515404 1.2713e-11
10.513064574145389 7.513064573200335 89.9999999999988
9.513064573827975 7.513064573200349 4.97e-13
8.513064573511288 7.513064573200342 2.42e-13
7.513064573194352 7.5130645732003565 8.95e-13
6.513064572877245 7.51306457320038 1.27e-12
5.513064572539104 7.513064573200346 3.782e-12
4.513064572222828 7.513064573200193 1.792e-11
10.513064574145101 6.513064572885162 89.9999999999986
9.513064573817228 6.513064572885179 5.67e-13
8.513064573494534 6.513064572884952 89.99999999998705
7.513064573173137 6.51306457288519 1.08e-12
6.513064572855495 6.51306457288522 1.529e-12
5.476417804852581 5.513064572570019 4.434e-12
10.513064574143751 5.51306457256999 89.99999999999838
9.513064573816784 5.513064572570013 89.99999999999969
8.513064573493018 5.513064572569678 89.99999999998089
7.513064573173283 5.513064572570026 1.194e-12
6.49817926986501 5.5130645725700616 1.744e-12
5.4509026655961135 4.513064572254854 4.562e-12
10.513064574142756 4.513064572254818 89.9999999999982
9.513064573813104 4.513064572254845 89.9999999999988
8.509789602905581 4.513064572254416 89.99999999997598
7.5013758315973025 4.513064572254861 1.224e-12
10.51306457414585 3.5130645719394833 89.999999999999
9.513064573830682 3.513064571939678 89.99999999999793
10.513064574145773 2.5130645716241444 1.644e-12
4.470142395737485 6.513064572884835 3.8327e-11
4.475268767961971 5.513064572569493 5.8733e-11
6.453702567422316 4.513064572254899 2.075e-12
0.5000000002567857 4.506276432251675 89.99999998995631
5.4949086968012315 6.513064572885181 4.221e-12
8.378090617806988 3.513064571939239 89.99999999997199
7.2244420328395895 3.513064571939685 2.004e-12
5.224442032209264 3.5130645719396663 2.973e-12
6.224442032524426 3.5130645719397293 2.586e-12
3.896376777625408 1.5000000007236265 89.9999999982256
5.500000001733408 0.5000000001575797 89.99999999999976
