110 11.00560746493633
1.5864382080613795 9.716089570501417 23.588667133857925
2.4460127926214974 8.999129901097126 27.353933648263567
1.5596096778677868 8.53619949716211 27.35393364826374
0.6738354636638988 8.072053429826546 27.353933648263766
1.5587864868400314 7.403878727788164 27.57613833832826
2.4445493300127663 7.868018856520881 27.57613833832718
3.3309457788183177 8.330945779116487 27.576138338325467
0.6746616857005803 6.936602132866754 27.57613833832831
2.444563473163672 6.738280975413431 27.658397537413368
3.330945778818323 7.202782414442698 27.576138338325013
0.6749649765844907 5.806327503283477 27.658397537413567
1.5604439992888826 6.271007172436044 27.65839753741468
3.330642487934128 6.073651386938605 27.65839753741355
1.5635745079198013 5.134430325835265 27.79076275625696
2.445533201197935 5.605792538625206 27.790762756258175
1.6216330118677154 3.8951434070254556 27.946637171421557
2.4530861857613324 4.461680793303694 27.946637171421365
3.3304382750114634 4.9417005797665965 27.94663717142115
9.693191737213539 1.5423366922495956 66.92215190924867
9.222319524805815 0.6559772889744151 66.92215190924864
8.993093744170217 2.443161270066051 62.02083921459207
8.52381147791274 1.5597947461411028 62.02083921459333
8.054899536847513 0.6762265421770106 62.02359939413869
7.391172340300825 1.5592526272269955 62.020839214594474
7.860322732632529 2.4423709146010233 62.020839214592804
8.329473124964213 3.325489201975108 62.020839214600024
6.922021947969395 0.6761343398527995 62.020839214599064
6.728460408230136 2.4432910516338864 62.02083921459325
7.197811416630566 3.3267869742450777 62.020839214596265
5.789760696276714 0.6763035450067907 62.020839214586154
6.25910704723951 1.5597907005600415 62.02083921459586
6.052510490744654 3.3024105860622366 62.0208392145939
5.107863979031446 1.5242289555417772 62.020839214573535
5.581268679066272 2.415355457326213 62.02083921458867
3.994659322367339 1.6761343399124558 62.02083921458739
4.511814135314751 2.5337506157348546 62.02083921458726
4.980964527646631 3.4168689031087007 62.0208392145872
6.502021653282657 4.503279772972104 89.99897899637703
5.499068155425517 4.4801718170040274 0.071828271271068
3.2198343595689756 2.481201773966426 46.37517393788203
2.5193775199131476 3.1957030831342785 46.37517393788032
3.4403922720041704 3.699329130408432 46.37517393788338
4.2914915500892725 4.30020079328324 48.97393432333645
4.505607464547822 6.505607464666316 89.99999999989511
4.505607464547767 5.505607464606623 89.99999999989225
5.505607464607502 6.505607464664648 89.99999999990085
5.505607464607473 5.503966134198583 89.99999999990068
0.5000000000298268 4.6313625266691485 1.395e-12
0.5000000000298161 3.5000000002087424 2.88e-13
0.5000000000298881 10.505607464906479 2.231e-12
10.505607464906497 0.5000000000298552 89.9999999999987
0.5003907845305822 0.5000000000298197 89.99999999999994
1.5010717316262445 0.5000000000299112 89.99999999999275
2.501890299524 0.5000000000301332 89.9999999999815
3.503101464352 0.5005150451352538 89.99999792648312
0.5000000000301634 1.500000000089459 89.99999999999993
1.5000000000905356 1.5000000000897176 89.99999999998377
1.5000000000897034 2.500000000149443 89.99999999998415
0.5000000000298614 2.5000000001491 89.99999999999997
2.500000000150715 1.5000000000903198 89.99999999996258
10.505607464906515 10.505607464906518 8.5e-14
9.505607464846882 10.505607464906515 8.81e-13
8.505607464787253 10.505607464906493 9.52e-13
7.5056074647276265 10.505607464906397 9.81e-13
6.5056074646679996 10.50560746490623 1.066e-12
5.50560746460837 10.50560746490645 1.151e-12
4.505607464548742 10.50560746490644 1.378e-12
3.5056074644891098 10.505607464906504 1.577e-12
2.5056074644294775 10.5056074649065 1.795e-12
10.505607464906515 9.505607464846893 4.3e-14
9.505607464846857 9.505607464846868 3.439e-12
8.505607464787236 9.505607464846562 3.553e-12
7.5056074647276105 9.505287970183751 3.6e-12
6.505607464667987 9.505607464844488 3.664e-12
5.5056074646083655 9.505607464845781 3.692e-12
4.505607464548741 9.505607464846634 3.72e-12
3.5056074644891186 9.505607464846868 3.664e-12
10.505607464906515 8.505607464787275 89.99999999999982
9.505607464846701 8.505607464787087 2.1658e-11
8.505607464787069 8.505025014745154 2.2289e-11
7.505607464727433 8.50501096043645 2.2924e-11
6.505607464667801 8.50560746478406 2.3552e-11
5.505607464608167 8.505607464785683 2.4111e-11
4.505607464548536 8.505607464786781 2.4623e-11
10.50539073138301 7.505607464727648 89.99999999999912
9.50498882998733 7.504710006658897 0.004648431866471
8.504641649915591 7.50457509190089 0.000960710015278
7.504296498762583 7.504664648446122 0.002164363040481
6.5038353713073445 7.505607464670167 89.99999999383111
5.503011450329835 7.505607464725275 89.99999999996582
4.50202421348153 7.50560746472655 89.99999999995978
10.505607464906504 6.505607464668026 89.99999999999841
9.505607464846396 6.50424873512071 89.99999999994392
8.50560746478667 6.504061577771344 89.99999999993314
7.505607464726948 6.504036309451778 89.99999999992232
6.505607464667223 6.504257200978798 89.99999999991155
10.505607464906497 5.5056074646084046 89.99999999999795
9.505607464846321 5.503746303142167 89.99999999993625
8.50560746478661 5.5035825413684805 89.99999999992738
7.505607464726896 5.503184834452923 89.99999999991839
6.505607464667184 5.503656698194603 89.99999999990953
10.505607464906074 4.505607464548784 89.99999999999756
9.504896154832611 4.503328332418585 0.002967969375007
8.504282941796529 4.50247178721512 89.99607131810586
7.503174761052055 4.501567988065682 89.98929333967949
10.505607464906483 3.505607464489163 89.9999999999972
9.505607464846825 3.5029803186652577 89.99999999999703
10.349630175961915 2.349630175484961 66.9221519092489
4.504579113674628 0.5000000000298215 9.02e-13
0.5000000000298197 9.309641694304371 8.19e-13
