110 11.017759412549882
1.5595728262455002 9.800072219510648 35.124462055370564
0.679110915728466 9.223520067742166 28.823465396002778
2.3992203870821958 9.104684719943773 28.823465398975884
1.5562857307974514 8.56228622767686 28.823465397506748
0.6791109157284749 8.082109976438495 28.82346539607249
1.5574129774320604 7.420598514412777 28.47902357293364
2.4369082381710627 7.89650733398425 28.479023572804145
0.6764863719342085 6.939994413483391 28.07687961311648
2.4368086097527835 6.756009039786797 28.07687961293406
3.348408927963193 7.205003857079864 26.192045868743676
0.6764863719332679 5.806614732121945 28.07687961296353
1.5588032338657545 6.277270614057571 28.076879612958372
3.348408927586116 6.090573789388908 26.192045868732052
1.5131862840209882 5.119557399429506 28.076879613175674
2.4184090853401297 5.602432039067552 28.076879612974622
4.182854435697403 2.9793049593957615 31.092718452843194
1.676486373874305 4.024614628885553 28.07687961251404
2.5385911006270083 4.533161267809953 28.07687961252185
3.425819114946829 4.99787667075188 27.898302661307955
9.803003485454788 1.5559473605297938 54.091769573778734
9.23732589196088 0.6912936868674882 57.75587214751424
9.113253367148769 2.3751067843918547 58.76772446469481
8.573736843716251 1.5327733997059032 58.767724464692975
8.04023866505172 0.6867905406005415 58.76772446469319
7.380023907070925 1.5266387179307985 58.76772446469534
7.923851319636066 2.4034637677613553 55.00579324038612
6.836409030581315 0.6867905406005965 58.76772446473114
6.6843795225452025 2.3362686446976784 60.46930919057652
6.140083639857051 1.4952974206996492 60.469309190576695
8.418206718856975 3.5177593979782156 89.99999999993346
3.5177593979693116 8.374354329033597 1.359101e-09
10.517759411578012 2.5177593960437012 1.2746e-11
4.312855905395608 4.312855905396664 40.47578220812651
4.500000008733517 0.5000000010315624 89.99999999999407
4.925423279189688 1.5000000030943363 89.9999999792966
5.359834427736424 2.502307005575383 88.20074207740876
3.458176321491163 3.773882462666088 40.47578220815237
3.183319876455443 2.555442004529413 40.47578220811541
2.4493364845299452 3.2437098594492433 40.47578220805424
0.5005702118029669 3.5025616717524275 89.99998392159631
0.500000000970708 10.517759411579291 6.769e-12
10.517759411579547 0.5000000009703509 89.9999999999991
0.5000000009703403 0.5003492814792381 4.68e-13
1.5000000029111442 0.50000000097039 89.9999999999993
2.5000000048519486 0.5000000009703847 89.99999999999801
3.500000006792772 0.5004936614470994 89.99999999999201
0.5000000009703527 1.5010503990061572 1.452e-12
1.500000002911058 1.5000000029201317 2.908e-12
2.5000000048517337 1.500000002911153 89.9999999999987
0.5000000009731247 2.5017187827195664 1.57308e-10
1.500000002918731 2.500000004867144 3.16504e-10
10.51775941157895 10.517759411579398 89.9999999999988
9.517759409636266 10.517759411579387 1.4936e-11
8.517759407694252 10.517759411579338 1.8574e-11
7.517759405751384 10.51775941157937 2.1359e-11
6.51775940380184 10.517759411579547 1.936e-12
5.517759401857016 10.517759411579515 89.9999999999971
4.517759399913394 10.51775941157939 89.99999999999109
3.5177593979703543 10.517759411579206 6.72e-12
2.5177593960276585 10.517759411578243 2.9166e-11
10.517759411579192 9.517759409638426 89.99999999999649
9.517759409635516 9.517759409638476 2.9971e-11
8.517759407692793 9.51775940963729 1.41895e-10
7.51775940575045 9.517759409638554 3.6096e-11
6.517759403808112 9.517759409638835 8.073e-12
5.517759401866101 9.517759409638739 89.99999999999254
4.517759399924553 9.517759409638273 89.99999999999864
3.5177593979834674 9.517759409637861 1.2045e-11
10.517759411579199 8.517759407697454 89.99999999999848
9.517759409637097 8.517759407697707 2.8479e-11
8.517759407694015 8.51775940769577 2.09951e-10
7.517759405751125 8.51775940769781 4.1638e-11
6.517759403808392 8.517759407698126 1.3545e-11
5.517759401865881 8.517759407698033 89.99999999999596
4.517759399919431 8.517759407697046 4.68e-11
10.517759411579252 5.517759401874732 89.999999999996
9.51775940963661 5.517759401875064 89.99999999997448
8.517759407693893 6.5177594038049715 2.4132e-11
7.517759405751256 7.5177594057570785 4.4352e-11
6.517759403808021 7.517759405757415 1.9211e-11
5.517759401865451 7.517759405757239 1.0128e-11
4.517759399922923 7.517759405756242 4.8182e-11
10.517759411579167 6.5177594038156075 5.54e-13
9.517759409635968 6.5177594038158695 89.99999999998593
8.517759407693063 7.5177594057482064 2.8345e-11
7.517759405750695 6.517759403816347 4.6967e-11
6.517759403804441 6.5177594038166795 2.8013e-11
5.517759401555112 5.5177594018752885 6.0707e-11
10.51775941157889 7.517759405756477 3.34e-12
9.517759409634895 7.517759405756797 1.2238e-11
8.517759407694582 5.5177594018625 5.1983e-11
7.517759405752781 5.517759401875618 4.8843e-11
6.517759403569114 5.517759401876017 2.9454e-11
5.51775940187132 4.517759399934524 5.293e-11
10.517759411579085 4.517759399933789 89.99999999998103
9.51775940963702 4.517759399934286 89.99999999996668
8.517759407695122 4.517759399920283 4.377e-12
7.51775940575347 4.51775939993488 4.5475e-11
10.517759411579394 3.5177593979873265 89.99999999998265
9.517759409638472 3.517759397993501 89.99999999995823
4.517759399919269 6.517759403815318 4.9411e-11
4.517759399568325 5.517759401873389 2.1188e-11
6.517759403812312 4.5177593999353265 3.3943e-11
0.5000000009715633 4.504041532375391 89.99999999992019
5.517759401861562 6.517759403816077 6.2455e-11
7.243549103329452 3.5177593979939212 4.9061e-11
5.243549099448092 3.51775939799355 5.2306e-11
6.243549101388767 3.5177593979943538 5.2069e-11
3.9254213576959645 1.5014725029759788 2.1222027073e-05
5.500000010674263 0.5000000009703518 89.99999999999613
