110 11.023358321992573
1.582730060773033 9.786254761236181 30.492015863000947
0.6840730855765287 9.339285236176112 30.335645205567946
2.454904539213011 9.07462128620786 23.68061208850478
1.5606982487695937 8.62374957037039 23.68061208849766
0.652159375051772 8.175153608081162 22.263584516649264
1.5776100777549051 7.473467069965315 22.263584516618742
2.475494615135977 7.919670241674438 22.2635845166187
3.3711989452791706 8.371198946465864 22.263584516618568
0.6521593750516201 7.094599022565179 22.26358451661863
2.5030607804620337 6.771780531851062 22.263584516636424
3.4019186286691947 7.2186473421312245 22.41794470530865
0.6521593750520509 6.014044437049688 22.26358451662227
1.577610077757075 6.392912484450278 22.263584516625148
3.2870174015619034 6.012168070442593 22.26358451661991
1.4361159961544425 5.254431975642418 22.26358451662601
2.3615666988581725 5.633300023042501 22.263584516623983
1.500000000369015 3.500000000918947 89.99999999969366
2.320819345916003 4.536063976266022 22.26358451661861
3.2462700486256444 4.914932023668436 22.263584516613417
3.726621632941952 4.031027423163681 22.263584516612944
2.801170930238507 3.652159375763847 22.263584516614337
9.82793051711128 1.511844531557911 45.02996062754989
8.748744535806123 0.5000000001187042 89.99999999999919
9.123051969788747 2.5043548837128036 81.97392367918626
8.623412920456754 1.5649142009036767 81.973923679186
6.6800241923643595 0.6416631880999963 81.58454834873233
7.443143476892838 1.5903343953423765 78.39885044334396
7.772628335186908 2.543548801732549 78.39885044334285
8.268099586594179 3.4626876242166706 78.39885044334363
5.51931365700773 0.500000000118991 89.99999999996717
5.518663738913049 1.5000000003567084 89.99999999993318
6.870999298616374 3.5003339858991604 87.89193388867047
7.74362890819914 0.5000000001186988 89.99999999999987
6.589021537154002 2.4025109420758097 78.3988504433697
5.87050502674758 3.5053045106262957 87.8919338886727
5.502408243714953 2.5037931954015518 89.56366624258067
0.5000000001187148 10.523358321873868 5.37e-13
10.523358321873848 0.5000000001187255 2.8e-14
0.5012806966622394 0.5000000001192033 89.9999999999992
1.5046787585333838 0.5000000001202922 89.99999999981786
2.5086079017898304 0.500000000118713 89.99999999999831
3.5118711920758603 0.5023956698495899 89.9754062088318
0.5012806204173783 1.50000000035761 89.99999999999827
1.5047376555213594 1.5000000003592877 89.99999999963725
2.5077480721469296 1.5000000003561293 89.99999999999662
0.5000000001187459 2.5000000005960348 89.9999999999972
1.5000000003562244 2.5000000006546967 89.99999999999478
0.5000000001191713 3.500000000834692 89.99999999995066
10.52335832187385 10.523358321873811 2.089e-12
9.523358321636373 10.523358321873875 89.99999999999991
8.523358321398902 10.523358321873868 89.99999999999923
7.5233583211614565 10.523358321873856 6.68e-13
6.5233583209240305 10.523358321873747 1.151e-12
5.523358320686606 10.52335832187384 2.473e-12
4.523358320449182 10.52335832187381 3.212e-12
3.5233583202117558 10.523358321873836 3.681e-12
2.5233583199743306 10.52335832187383 3.752e-12
10.52335832187386 9.523358321636298 1.947e-12
9.52335832163642 9.52335832163647 89.99999999999982
8.523358321399002 9.523358321636449 89.99999999999945
7.523358321161549 9.5233583216364 4.121e-12
6.523358320924051 9.523358321636032 1.4111e-11
5.5233583206865875 9.523358321636252 1.9753e-11
4.52335832044916 9.523358321636142 2.1245e-11
3.5233583202117402 9.523358321636254 2.1856e-11
10.523358321873875 8.523358321398826 4.26e-13
9.523358321636477 8.523358321399051 7.67e-13
8.523358321399083 8.523358321399034 1.037e-12
7.523358321161498 8.523358321398822 2.3263e-11
6.523358320924096 8.523358321398222 2.44e-11
5.523358320686692 8.523358321398767 2.585e-11
4.523358320449263 8.523358321398531 3.017e-11
10.523358321869008 7.523358321161369 89.9999999999982
9.52335832161134 7.523358321161556 89.99999999999142
8.523358321359494 7.523358321161566 89.99999999999378
7.523358321114174 7.523358321150044 89.99999999969512
6.523358320872754 7.5233583211584545 89.99999999976893
5.523358320630304 7.523358321161302 2.1956e-11
4.523358320390247 7.523358321159958 1.44152e-10
10.52335832187022 6.523358320923926 89.99999999999663
9.523358321612847 6.523358320924115 89.99999999998653
8.523358321358602 6.523358320924121 89.99999999998799
7.523358321107835 6.522231782361465 89.99999999926227
6.523358320865623 6.523358320916961 89.9999999993135
5.492011987208751 6.523358320923871 1.9483e-11
10.523358321868708 5.523358320686483 89.99999999999504
9.523358321608502 5.523358320686675 89.99999999998187
8.523358321347207 5.523358320686677 89.99999999998239
7.517672203659673 5.5210387501152125 89.89951566553371
6.507447306914894 5.523358320678266 89.99999999927952
5.382952006563391 5.523358320686378 1.7451e-11
10.523358321873802 4.523358320449018 89.99999999999375
9.523358321636199 4.52335832044922 89.99999999997546
8.52335832139874 4.523358320449233 89.99999999997686
7.376599251026608 4.5170055577380674 89.26732250815131
10.52335832187381 3.523358320211527 89.9999999999947
9.523358321636115 3.5233583202117607 89.99999999996835
10.523358321873825 2.5233583199740277 89.9999999999975
4.382952006336456 6.376215464498791 89.99999999823322
4.3701850770170285 5.210632395899262 6.03084e-10
6.376537840203185 4.518597383623225 89.26732250817078
0.5000000001189289 4.5000000010734365 8.827e-12
4.514970655706202 0.5018598558426239 89.9755100201919
4.514740615422152 1.5055091712386819 89.91338557238909
3.5105167603214085 1.5079067712756276 0.019616483655929
3.5000000008327006 2.6932802399925344 89.99999999981307
4.5024419427979545 2.512025965552906 89.56366624258435
2.5000000005936682 2.5000000005935483 89.99999999999477
5.370185077265124 4.523358320448946 1.711e-11
4.870479478404059 3.523008866919464 87.89193388867206
