110 11.019888680112906
1.58976759839299 9.763314347329088 27.512985309969526
0.6756138915492933 9.33089283433257 26.718393476012274
2.4578458909781986 9.053777889758807 23.92622949905382
1.5558135469436616 8.62109006115356 23.92622949905428
0.6598143461161969 8.17480446591971 23.92622949905351
1.5620416247778106 7.481100577484309 23.92622949905019
2.458040825605223 7.927386172718196 23.926229499050105
3.360073169639798 8.36007400132328 23.926229499049573
0.6598143461161738 7.048852088936664 23.92622949905012
2.4737425080430295 6.792321932508653 24.67095877386056
3.369292234639844 7.23840106861511 24.670958773859944
0.6630633068721883 5.942789989933731 24.67095877386086
1.5717833220495252 6.36019658813282 24.670958773860914
3.3429069641304436 6.091109965103325 24.670958773881516
1.532227762959141 5.241578022528258 24.67095877389229
2.4409477781366955 5.658984620727448 24.67095877388548
1.5331141406923083 4.037251679111188 24.670958773885655
2.402278596778827 4.540773191783546 24.670958773886863
3.3254592620221963 4.965036238938248 26.535383210825472
4.235927432822383 4.277575827979115 43.98932096979485
3.3704236059724595 3.713661439347276 41.38792582442204
2.3988010501779042 3.303711547966402 41.38792582441645
0.6630633068723712 4.738056509856262 24.670958773892245
2.5000004158419054 1.5000002495051383 89.99999999999514
9.778640852356416 1.5632480591723308 58.49895707126633
9.258002478644176 0.6979666743271924 58.327701897905364
9.106547182288336 2.380360034206413 58.49895707127496
8.584033017600387 1.5277292584216968 58.49895707127329
8.041163983989652 0.687572469550612 58.498957071274
7.361393845123409 1.4921580909976102 58.498957071272294
7.904262878734181 2.332314879868616 58.49895707127253
8.519888264270534 4.509976185345131 5.685e-12
6.76048021086297 0.6875724695506067 58.498957071272194
6.744210453057731 2.3994921699355793 58.13098505670789
7.5198880979336575 5.5198877652609335 1.2832e-11
5.566556862729947 0.5000000831683957 4.142e-12
6.118840982721436 1.554379591918849 58.49895707127047
6.15561908217228 3.3467542706851536 58.13098505670735
4.563992934008668 0.5037503565167114 0.009764257498417
5.0268207094816555 1.6866982010588942 58.7992139148251
5.55282143615273 2.5440110115506642 58.13098505670828
3.8506396680587023 1.6750105363414445 58.79921391482787
4.368678484123095 2.5303677923018504 58.79921391482681
4.903953290568255 3.4028062076456163 56.034008546581674
3.1700263282454997 2.481577127755768 58.79921391482217
6.519887931596818 4.5198875989239236 1.9375e-11
5.516625450366672 5.493915225794927 0.375064668477511
4.516816498035663 6.48739186292091 0.375064669322035
4.506674404338171 5.485077743252748 0.111784348936625
5.46144524798246 4.449002071274148 84.8699178431932
0.5000000831683806 10.51988859694454 8.1e-13
10.519888596944552 0.5000000831683566 89.99999999999982
0.5000000831684686 0.500000083168401 89.99999999999899
1.5000002495054066 0.5000000831683771 89.99999999999892
2.5000004158423454 0.5000000831683824 89.99999999999766
3.5000005821792115 0.5000000831683975 89.99999999999767
0.5000000831683682 1.5000002495060123 89.99999999999977
1.5000002495051339 1.500000249505172 89.99999999999741
0.5000000831683851 2.5000004158431777 2.473e-12
1.5000002495051383 2.5000004158419684 4.256e-12
0.5000000831684535 3.5000005821802334 7.347e-12
10.519888596944513 10.519888596944462 1.947e-12
9.519888430607633 10.519888596944368 1.5959e-11
8.519888264268312 10.519888596944545 89.99999999999875
7.519888097930245 10.519888596944552 1.09e-13
6.51988793159251 10.519888596944531 89.99999999999945
5.519887765254936 10.519888596944508 89.9999999999953
4.519887598917463 10.519888596944547 89.99999999999939
3.5198874325800658 10.519888596944542 7.96e-13
2.5198872662426695 10.519888596943925 1.6764e-11
10.519888596944535 9.51988843060741 5.83e-13
9.51988843060779 9.519888430607317 1.759e-12
8.519888264270996 9.519888430607832 89.99999999999817
7.519888097934244 9.519888430607836 9.24e-13
6.519887931597506 9.519888430607761 1.285e-12
5.519887765260776 9.519888430607615 2.021e-12
4.5198875989240355 9.519888430607793 2.349e-12
3.519887432587293 9.51988843060781 1.606e-12
10.519888596944542 8.519888264270334 1.762e-12
9.51988843060781 8.519888264270262 4.917e-12
8.519888264271092 8.519888264270573 7.168e-12
7.519888097934384 8.519888264271074 7.802e-12
6.519887931597674 8.519888264270962 8.849e-12
5.519887765260941 8.519888264270755 1.2378e-11
4.5198875989242 8.519888264270952 1.6843e-11
10.519888596944526 7.519888097933212 3.425e-12
9.519888430607793 7.519888097933304 6.841e-12
8.519888264271051 7.51988809793334 1.0973e-11
7.519888097934338 7.519888097934338 1.2051e-11
6.519887931597598 7.519888097934167 1.6106e-11
5.519887765260888 7.519888097933942 1.6753e-11
4.51988759892418 7.519888097934233 1.7195e-11
10.519888596944398 6.519887931596279 89.99999999999736
9.51988843060738 6.519887931596421 7.2e-14
8.519888264270472 6.515918995866252 5.169e-12
7.519888097933489 6.519887931597635 1.2508e-11
6.5198879315965526 6.519887931597393 2.0373e-11
5.519887765249537 6.519887931586847 1.195971e-09
10.519888596944508 5.516681270971312 8.95e-13
9.519888430607605 5.519887765259563 89.99999999999147
8.519888264270685 5.513293441069791 89.9999999999904
7.519888097933654 4.519887598924231 1.3216e-11
6.519770201427697 5.519887765260653 2.0052e-11
10.519888596944494 4.514370225882962 3.54e-12
9.519888430607516 4.519887598922804 89.99999999999228
8.354625820824694 3.5005409185050578 89.91718386306417
7.348731263087332 3.5198874325874385 1.9454e-11
10.519888596944467 3.511963250255886 89.99999999999574
9.519888430607605 3.519887432586046 89.99999999999143
10.517377181486067 2.5089543231453453 89.9966840732499
