110 11.001207127003951
1.572440837422079 9.74302031558935 28.49336258690167
0.6779647175772663 9.294709657302501 28.493362586848285
2.4419445545886274 9.031474705196311 23.68392769720639
1.5467817132045791 8.58279129053784 23.683927697209715
0.658733156031043 8.117888723681652 23.68392769720796
1.5501188554926748 7.418166602174296 26.621450754207427
2.4361797705659893 7.882072901082279 26.621450754185343
3.330166376653623 8.330166750085462 26.62145075416142
0.6710402275454532 6.940330026668771 26.621450754208357
2.441279626582217 6.7460745954568315 27.66632154179502
3.3352024379234866 7.2141058219903185 26.621450754201312
0.6749941694782571 5.807802523421957 27.666321541780142
1.5625910545735668 6.268442511512614 27.666321541808045
3.3257903693648254 6.080697103412813 27.666321541813854
1.5635947780919728 5.134623846766373 27.66632154188515
2.447101797355064 5.603065019468038 27.66632154192915
1.628798078857609 3.9336441078718165 31.717767469604084
2.49021257255821 4.479915325053451 29.38291492999036
3.368899881418643 4.957546746778316 29.38291492998211
9.74026805240365 1.5736889674227301 61.95910847316578
9.297802340862873 0.6763570033301001 61.95910847321521
9.030067974228992 2.4415247644337463 66.10035307640035
8.5874374050838 1.5438832813949421 66.10035307639822
8.11444463135085 0.659696251601475 66.10035307639811
7.416833848631561 1.5513902727951252 63.59940850557414
7.8888100816522355 2.4335295476865313 63.59940850658154
8.331647447064261 3.3316470736265766 63.755352261339034
6.942994565330454 0.6701758480784106 63.59940850557465
6.740336532715407 2.438660656137359 61.73256167515328
7.219030170173147 3.3363462582834558 63.75535226137273
5.793160962366244 0.6771672452964745 61.73256167510987
6.266748747539841 1.5579139507172801 61.732561675069974
6.053146480246813 3.2722120842387628 61.73256167517256
5.105970909880746 1.5107186733707372 61.73256167507118
5.579558695063899 2.391465378804559 61.73256167498838
4.02448871681408 1.6771673199834085 61.73256167501574
4.525678901458847 2.5430718929651133 61.73256167502244
4.999266686634384 3.4238185983837908 61.73256167502145
6.48965048201917 4.492717657869651 89.01301981469139
4.280597445908642 4.273408702515301 48.49182539362689
3.790177305408911 3.2867767615598282 61.732561675353665
2.4405641386202355 3.24388657171175 35.78914906985415
3.2817750258150213 2.4152326037755403 60.709568331074024
0.5000000373434892 4.632808316599952 3.1489e-11
0.500000037343348 3.500000261405119 4.468e-12
4.501189790869228 6.488618334138976 89.99807136412285
4.49954269431869 5.4870130861184565 89.81382912351057
5.4895012728527215 4.492674249640898 89.01301981470726
0.5000000373447264 10.501207089659923 4.0045e-11
10.501207089659982 0.5000000373446483 89.9999999999611
0.5000000373914029 0.5000000373435052 89.99999999999167
1.5000001120432263 1.5000001120351207 89.99999999973068
1.5000001121742308 0.5000000373450488 89.99999999987139
3.5000002616489727 0.5256374297663502 89.99999999985523
0.5000000373472648 1.5000001120306097 89.9999999999843
2.5000001867375743 1.5000001120385358 89.9999999993442
2.500000186918157 0.5000000373470455 89.99999999965279
0.5000000373438604 2.5000001867178328 89.99999999998077
1.500000112032807 2.5000001867239416 89.99999999980798
10.501207089658333 10.501207089660635 89.99999999998055
9.501207014967122 10.501207089660731 89.99999999999179
8.501206940277974 10.501207089660657 89.99999999999355
7.501206865589505 10.501207089660276 89.99999999997306
6.501206790901314 10.501207089659493 89.99999999993094
5.501206716213432 10.50120708965947 89.99999999990831
4.501206641525669 10.50120708966029 89.99999999994084
3.501206566837781 10.501207089660662 1.1401e-11
2.501206492150262 10.501207089659628 4.0986e-11
10.501207089660822 9.501207014973641 6.44e-12
9.501207014974572 9.501207014974035 1.4203e-11
8.501206940288322 9.5012070149738 1.9857e-11
7.501206865602081 9.501207014972547 2.2823e-11
6.501206790915839 9.501207014969786 2.4424e-11
5.501206716229595 9.50120701496633 2.6117e-11
4.5012066415433445 9.501207014971595 2.7503e-11
3.501206566857093 9.501207014974085 2.8106e-11
10.501207089660584 8.501206940286668 2.9101e-11
9.501207014973758 8.501206940287068 8.7161e-11
8.501206940286492 8.501206940285815 1.99062e-10
7.501206865598145 8.501206940281985 4.3633e-10
6.501206790911472 8.501206940276788 4.81446e-10
5.501206716224908 8.50120694027131 5.13924e-10
4.5012066415382925 8.501206940279953 5.51673e-10
10.501207089660308 7.5012068655999835 1.1756e-11
9.501207014972664 7.501206865600649 8.3195e-11
8.501206940284922 7.501206865599214 2.00473e-10
7.5012068655954325 7.501206865593845 5.29241e-10
6.501206790908411 7.501206865585528 5.7554e-10
5.501206716221633 7.5012068655806905 5.91996e-10
4.5012066415349015 7.50120686559236 6.05539e-10
10.501207085923426 6.501206790913348 89.99999999998617
9.501207003749027 6.5012067909136535 5.443e-12
8.501206925819789 6.501206790907729 89.99999999963265
7.501206848877558 6.50120679089528 89.99999999940444
6.501206772364157 6.50120679069139 89.99999997748237
5.501206687630104 6.501206781702568 89.99999895564041
10.501207089659864 5.501206716226531 89.99999999994841
9.501207014971499 5.501206716226869 89.9999999999464
8.501206940277754 5.501206716217405 89.99999999918437
7.501206865587613 5.501206716202546 89.99999999882338
6.5012067906335735 5.501206715920151 89.99999996821207
5.499748539162399 5.499748539131506 89.83266062787364
10.501207089659136 4.501206641539464 89.99999999988054
9.501207014965633 4.5012066415405805 89.9999999999436
8.501206940269626 4.5012066415302785 89.99999999910293
7.501206865577801 4.5012066415144165 89.99999999879044
10.501207089660586 3.501206566851333 89.99999999996757
9.501207014974138 3.5012065668542958 89.99999999994169
10.501207089659799 2.5012064921636337 89.99999999998279
4.50000033637258 0.5000000373435176 2.8964e-11
