110 11.041912074116228
1.5790407369685528 9.832775028623168 34.447789884699574
1.5071064104502643 4.067336045971441 19.765688288739533
2.396079272826219 4.550526550544057 19.765688288739764
9.842879246919235 1.5654630916220378 52.87170554437618
9.275653240059997 0.6884144046397749 58.203569193021906
9.151611852034186 2.3924160198253706 58.96998955334778
8.60803153537799 1.5453434770462473 59.66898458213889
8.099895083338911 0.6840588373310617 59.66898458213965
7.416691441051131 1.49656603725452 59.66898458214599
7.924827893090211 2.3578506769696976 59.668984582145896
6.825186036262203 0.6840588373310377 59.66898458214708
6.720864338646649 2.378285249946331 65.1978234480065
5.663625864239143 0.6636242643544037 65.19782344800765
6.122099208410978 1.5533699436029322 65.19782344800636
2.5202566671987094 7.688619780725813 2.538259035975843
1.521653167078521 7.6349560653837845 2.538259035975999
4.266440601094888 4.278400030535163 41.20330853697792
4.319430383442483 2.6245048381835825 83.43823717806337
3.482825958038421 4.921438896436391 41.20330853696707
3.514063488301155 3.6196669114287827 41.203308536979485
3.111074297205202 2.5604162627186224 49.85463554976959
2.401087134485657 3.308316606402123 46.30410863047243
3.829758244127837 1.5722985174509168 80.96736939495109
2.515544794422413 6.682486077023092 3.106893222397678
2.526365359834246 5.681601076316942 3.106893222398696
1.5320818017893614 8.641373294036661 3.110373963070157
1.5071474727286427 5.3754126693585995 10.093173956894233
4.836731881616846 1.5371766770891577 80.96736939494272
5.31120433402665 2.4956632702960113 83.43823717806197
5.498474827351267 4.498474507383636 84.77759119119253
0.5798869549355414 4.878463651728893 10.09317395688935
5.415392864557483 3.5018995736549283 84.77759119119551
2.5191391012739177 8.976853944987626 2.672566752631354
4.500001439896279 0.5000001599886197 89.99999999999451
0.500000159988482 10.541911914127752 3.83e-13
10.541911914127763 0.5000001599884651 89.99999999999993
0.5000001599884758 0.5000001599884882 89.99999999999918
1.5000004799654256 0.5000001599885868 89.999999999998
2.500000799942372 0.5000001599884794 89.99999999999844
3.5000011199193435 0.5050290034528562 89.99999999999467
0.5000001599884767 1.50000047996547 89.9999999999991
1.5000004799654647 1.5000004799657551 89.99999999999653
2.50000079994243 1.500000479965423 89.99999999999866
0.5000001599884873 2.5000007999424616 89.99999999999913
1.5000004799655438 2.50000079994279 89.999999999993
0.5000001599884731 3.5000011199194585 7.82e-13
10.541911914127724 10.541911914127486 5.53e-13
9.541911594150655 10.541911914127752 1.301e-12
8.541911274173374 10.541911914127756 89.9999999999994
7.5419109541962746 10.541911914127738 89.99999999999679
6.541910634219235 10.541911914127756 89.99999999999947
5.541910314242236 10.541911914127752 89.99999999999878
4.541909994265264 10.541911914127674 89.99999999999982
3.5419096742883123 10.541911914127702 6.96e-13
2.541909354311362 10.541911914127745 9.24e-13
10.541911914127727 9.541911594150001 9.81e-13
9.541911594150633 9.541911594150818 2.129e-12
8.541911274173485 9.541911594150815 89.99999999999902
7.54191095419637 9.541911594150804 89.99999999999532
6.5419106342192865 9.5419115941508 89.99999999999929
5.541910314242259 9.541911594150818 89.99999999999798
4.5377227743905495 9.541911594150545 89.99999999999332
3.534174265834836 9.54191159415041 9.733e-12
10.541911914127713 8.541911274172737 4.192e-12
9.541911594150683 8.541911274173884 2.531e-12
8.541911274173422 8.541911274173872 89.99999999999866
7.541910954196246 8.541911274173875 89.99999999999503
6.5419106341970235 8.54191127417386 89.99999999999997
5.541910314212824 8.541911274173872 89.99999999999794
4.541909994230872 8.541911274173499 89.99999999999238
10.541911914127716 7.541910954195553 4.2e-12
9.54191159415069 7.5419109541969505 2.236e-12
8.541911274173685 7.5419109541969105 89.9999999999996
7.541910954196665 7.541910954196949 89.99999999999508
6.541910634219665 7.541910954196922 89.99999999999946
5.5419103142426716 7.541910954196927 89.99999999999804
4.541909994265708 7.541910954196377 89.99999999999866
10.54191191412773 6.541910634218411 3.248e-12
9.54191159415074 6.541910634220011 2.103e-12
8.541911274173737 6.541910634219951 89.99999999999933
7.5419109541966725 6.54191063422002 89.99999999999534
6.541910634219683 6.54191063421999 89.99999999999955
5.541910314242697 5.541910314243022 3.594e-12
10.541911914127741 5.541910314241293 1.307e-12
9.541911594150768 5.541910314243058 2.397e-12
8.541911274173774 5.541910314243006 3.1e-14
7.541910954196701 5.541910314243091 89.99999999999585
6.541910634219679 5.5419103142430615 89.99999999999986
10.541911914127706 4.541909994264183 5.699e-12
9.541911594150623 4.541909994266098 3.766e-12
8.54191127417359 4.541909994266029 89.99999999999973
7.541910954196598 4.541909994266158 89.99999999999633
10.541911914127745 3.541909674287089 1.577e-12
9.541911594150786 3.541909674289164 2.97e-12
10.541911914127674 2.5419093543100155 89.9999999999995
4.5419099942655174 6.541910634219272 7.605e-12
4.541909994265742 5.541910314242283 4.285e-12
6.541910634212947 4.541909994266129 6.96e-13
0.5000001599885175 9.29299920691306 1.322e-12
0.5000001599884705 8.292998886935974 89.99999999999946
3.541909674249961 8.541911274173259 3.268e-12
0.5000001599884971 7.292998566958891 89.99999999999842
3.541909674288751 7.541910954196197 1.648e-12
0.5000001599887014 6.292998246981703 1.4533e-11
1.5000004799667543 6.455299784282481 1.49035e-10
3.5419096742884633 6.537239017949038 1.5274e-11
5.541910314242655 6.541910634219976 8.1e-13
8.458829311370726 3.5419096742890748 89.99999999999989
7.4588289913937915 3.5419096742892 1.85e-13
6.458828671416859 3.541909674289201 2.4e-14
