110 11.047826492432113
4.342009153287333 4.32496026836918 41.53930294332426
1.464867087963822 9.79887045005788 43.300750966513924
2.3763857572730194 9.168762156433743 32.66178379778271
1.500000002016324 8.329427471593394 89.99999999999939
4.1986650223357405 3.0372343808710367 22.334882176695636
1.5551138169928307 4.025688632059422 27.260127270473784
2.462488100150941 4.522126447559262 30.616009262239817
3.3162189864836282 5.069851984933079 29.790206965791572
3.4124281529649174 3.866217625014352 41.53930294333881
9.834439034245026 1.590324831247301 57.071883579460625
9.139147115781718 2.3563566703014738 57.071883579481714
8.574221869970303 1.5308230271568224 57.07188357948411
8.030635462994029 0.6914698113776474 57.071883579486816
7.413686874749154 1.578471794834078 57.071883579480264
7.969684549242672 2.445748770047903 53.499338123514164
6.8428228184215145 0.6450375031524853 69.18592560991728
6.642343803807432 2.4050470646133357 69.62871484530282
5.642779423787927 0.6427794170653742 69.6287148453046
6.107882801911232 1.5367903953644237 69.62871484530118
2.500000003363026 7.968158413138461 1.59081e-10
2.500000005556693 6.967229076713312 1.29038855e-07
2.5009806428167156 5.966366670268655 0.004511699328589
5.274889940549945 3.538997417010455 87.86108736930358
4.826804661515633 1.541070421411748 79.4047315093278
5.304522922790756 2.4690539015587163 79.40473150932281
3.175917313746613 2.5838978799458783 38.30928652062591
2.426720289793922 3.2664320339523005 38.30928652059293
0.500000000672137 10.547826491759984 4.72e-13
10.54782649176004 0.5000000006721086 89.99999999999805
0.5000000006721645 0.500000000674703 2.274e-12
1.500000002016499 0.500000000674719 6.716e-12
2.500000003361 0.5000000006721947 9.37e-12
3.500000004705529 0.5000000006721574 89.99999999999898
0.5000000006721983 1.5009114661238563 1.3401e-11
1.5000000020165425 1.5000000020241684 2.8056e-11
2.5000000033608476 1.5000000020167024 3.7489e-11
0.5000000006732845 2.501662163004618 7.5843e-11
1.5000000020195179 2.500000003370922 1.5261e-10
0.5009279871984376 3.5025855325510515 89.99187672163377
10.547826491759944 10.547826491759993 3.68e-13
9.54782649041556 10.547604450228997 1.1127e-11
8.5478264890713 10.547826491759924 1.822e-11
7.547826487727019 10.547826491759793 2.2203e-11
6.5478264863826725 10.547826491759853 2.6613e-11
5.547826485038228 10.547826491759789 3.2468e-11
4.547826483693539 10.547826491759654 4.3725e-11
3.485571606403027 10.547826491759714 4.0176e-11
2.4844415664622876 10.495097714100716 7.5706352823e-05
10.547826491760004 9.547826490415739 89.99999999999643
9.547826490415405 9.547141895397512 3.482e-11
8.547826489071024 9.547826490415474 6.007e-11
7.5478264877268355 9.547826490414975 6.1923e-11
6.547826486382656 9.54782649041549 5.9316e-11
5.547826485038372 9.547826490415268 7.7091e-11
4.547826483694218 9.547826490415085 7.9677e-11
3.5478264823500822 9.547826490415318 8.0331e-11
10.547826491759933 8.54782648907147 89.99999999999
9.547826490415076 8.546833760969232 89.99999999998498
8.547826489069655 8.547826489071003 1.04858e-10
7.547826487725183 8.547826489070154 9.9237e-11
6.547826486380489 8.547826489071394 5.9812e-11
5.5478264850357375 8.547826489070857 1.08616e-10
4.547826483685238 8.547826489064336 8.19793e-10
10.547826491759755 7.5478264877272245 89.99999999998884
9.547826490412893 7.546544016376268 1.11886e-10
8.54782648906736 7.547826487726227 1.84996e-10
7.547826487721997 7.547826487725454 1.19667e-10
6.547826486376783 7.5478264877273 5.8904e-11
5.547826485031703 7.5478264877266605 1.1307e-10
4.536292602150375 7.536292606189009 1.337415382575728
10.547826491759308 6.547826486382973 89.99999999998565
9.547826490406825 6.546231753182727 1.4322e-10
8.547826489055824 6.547826486381248 2.88602e-10
7.547826487702477 6.54782648638085 1.20069e-10
6.547821937856342 6.547826486383206 5.722e-11
5.5478199769466 5.5478264850382715 1.12668e-10
10.547826491758421 5.547826485038727 89.9999999999843
9.547826490407632 5.545857318990413 1.61188e-10
8.547826489058505 5.547826485036938 3.15553e-10
7.5478264877060255 5.547826485036277 1.07914e-10
6.54782648635653 5.547826485039117 5.557e-11
5.547826485012517 4.547826483694077 1.12515e-10
10.547826491758409 4.5478264836944815 89.99999999998333
9.547826490406354 4.545331201778805 2.1924e-10
8.54782648905857 4.54782648369266 3.38847e-10
7.547826487708787 4.547826483691677 9.1395e-11
10.547826491757109 3.547826482350237 89.9999999999828
9.546857010310976 3.5305429236739823 0.000342184646565
10.547826491759846 2.547826481005991 89.99999999998302
4.535796582148679 6.535522825415896 1.393085043271292
4.53535749939318 5.534743702788904 1.447272076948407
6.54782648635922 4.547826483695027 5.3823e-11
0.5000000006721104 9.040492079840218 89.99999999999969
0.5000000006721077 8.039261397726488 2.363e-12
1.500000002018604 7.3294274702491915 4.206e-12
3.52486259260794 8.500404316164781 2.827732435299453
0.5000000006725269 6.036384227258999 89.99999999995947
3.5240577969743567 7.499145454814875 2.827732435300844
0.5000000006729541 7.037897469314189 3.3342e-11
1.5000000038431738 6.329427468904999 6.758e-12
3.5240577995483093 6.49792634514456 2.827732435410039
0.500000000672367 5.034848441896404 1.626e-11
1.5000000020169164 5.329427467560806 9.247e-12
3.7433943025956795 1.5000000020166047 89.99999999997851
5.547808499470675 6.5478264863824664 1.12886e-10
9.326144203251983 0.500000000672105 89.99999999999547
8.546007490969114 3.547826482348304 3.69927e-10
7.29320278032036 3.547826482346599 4.8501e-11
4.500000006050027 0.500000000672089 89.99999999999865
6.293202778975948 3.547826482350705 5.1846e-11
