110 11.014992681066412
0.6654545514697174 9.314278337084835 24.939167998807473
1.5773524675423025 9.731981953346413 24.929859212529752
2.44641245179065 9.033187546246863 24.929859212550642
1.5391575384210978 8.611479014718425 24.92985921251095
0.6642859963806869 8.120113320076168 24.931382446100642
1.5699817847138653 7.4372343710205255 24.929859212330932
2.444001746009505 7.929317763364937 24.92985921233115
3.3508262178756265 8.350826217877044 24.92985921232971
0.664166463188824 7.013554851574175 24.92985921233061
2.4773488304266893 6.754826300380365 24.929859212346273
3.350826217875899 7.248076974748333 24.9298592123452
0.664166463188895 5.9108056084459015 24.929859212346766
1.5709909350552134 6.3323140629575825 24.929859212346912
3.3153898982936076 6.012105712608319 25.645258108065647
1.477089787987519 5.185917864321155 24.929859212368015
2.3880766684720354 5.609361081819655 24.929859212352664
4.500000000001846 1.5000000000003322 5.12e-13
9.79364662664194 1.5603652236073517 55.467874437893485
9.28667954657386 0.6953383548608834 55.46787443790286
8.999541694008128 2.514992681063027 89.99999999993162
8.513007167217058 1.4495258394084454 63.489719431201515
7.83422403256259 0.6706063349102278 63.48971943120861
7.152287609620276 1.5652659888487848 64.59743141864905
7.833395847816551 2.3488468348725537 64.59743141864973
6.714476415132493 0.666145846191383 64.59743141865023
6.330919217532977 2.4695389310191675 82.56702727717436
5.869748800314204 1.52123007076155 82.56702727717264
4.991476646308284 2.5057155812725833 82.28975573401718
1.50624912160532 3.5097939843636627 89.98894642923885
2.3434838794265915 4.485884301912489 24.9298592123686
2.948088964211493 3.664166463189767 24.92985921236733
8.514992681065243 3.5149926810638603 89.99999999993858
3.500000000003083 2.500000000000844 89.99999999999048
0.5000000000001856 10.514992681066266 2.368e-12
10.514992681066254 0.5000000000001812 89.99999999999858
0.5000000000001412 0.5010887761981166 1.275e-12
1.5000000000004228 0.5010885852204687 2.682e-12
2.5000000000007208 0.5000000000001421 1.994e-12
3.50000000000105 0.5000000000001581 5.392e-12
0.5000000000002114 1.5040845497517328 9.51e-13
1.5000000000006342 1.5041619388357867 1.963e-12
3.5000000000014646 1.5000000000004432 8.086e-12
0.500000000000469 2.507540935342199 1.062e-12
2.5000000000010623 1.5000000000004157 2.141e-12
0.5020266590191289 3.5105175646391986 89.99844548508584
10.514559727439044 10.514992681066271 89.9999999999979
9.513142477371883 10.514992681066225 89.99999999999518
8.511260237585198 10.51499268106625 89.99999999999487
5.50856591965357 10.514992681066273 89.99999999999652
6.509269363820974 10.51499268106627 89.99999999999524
6.51051548488873 9.514992681065939 89.99999999998147
4.507501794573533 10.514992681066294 89.99999999999856
3.5039584611235006 10.514992681066275 1.437e-12
2.5010537072372747 10.512865585170644 0.014878975315813
10.5145591506285 9.514992681065998 89.99999999999555
9.513011813885555 9.51499268106587 89.99999999998971
8.512015244872993 9.514992681065934 89.99999999998828
7.511332336142377 9.51499268106592 89.99999999998195
7.510121643481562 10.514992681066245 89.99999999999314
5.509411119753402 9.51499268106601 89.9999999999921
4.507531112033772 9.514992681066065 89.99999999999707
3.5066339835257163 9.514992681066008 2.886e-12
10.514992681066238 8.514992681065715 89.9999999999929
9.514992681065891 8.514992681065428 89.99999999997989
8.514992681065642 8.514992681065571 89.9999999999783
7.514992681065405 8.514992681065655 89.99999999997799
6.514992681065171 8.514992681065706 89.99999999997888
5.51499268106483 8.514992681065765 89.99999999999282
4.514992681064591 8.514992681065836 89.99999999999544
10.514992681066216 7.514992681065433 89.99999999999113
9.514992681065614 7.514992681064855 89.999999999953
8.514992681065275 7.5149926810650305 89.99999999994643
7.51499268106492 7.514992681065101 89.99999999994043
6.514992681064383 7.514992681064964 89.9999999999178
5.512576967974443 7.514992681065519 89.9999999999949
4.51136143054444 7.514992681064459 89.99999999986251
10.514992681066214 6.51499268106515 89.99999999998978
9.514992681065618 6.514992681064443 89.99999999994682
8.514992681065346 6.514992681064721 89.99999999994164
7.514992681065085 6.5149926810648475 89.99999999993743
6.514992681064631 6.5149926810647045 89.99999999991188
5.514992681058322 5.51499268106255 89.99999999970177
10.514992681066142 5.514992681064865 89.99999999998919
9.514992681065278 5.51499268106401 89.9999999999402
8.514992681064701 5.514992681064427 89.99999999993862
7.514992681063866 5.51499268106461 89.99999999993629
6.514992681061475 5.514992681064477 89.99999999990968
5.514992681060643 4.5149926810621706 89.99999999968198
10.514992681066088 4.514992681064577 89.999999999989
9.514992681065099 4.51499268106356 89.99999999994019
8.514992681064449 4.514992681064143 89.99999999993774
7.514992681063823 4.514992681064377 89.99999999993571
10.5149926810662 3.514992681064285 89.99999999998926
9.514992681065543 3.5149926810629855 89.99999999994334
10.514992681066191 2.5149926810639918 89.99999999999032
4.514992681062245 6.5149926810627194 89.9999999996898
4.507453246210871 5.514992681062463 89.99999999968142
6.5149926810630845 4.514992681064248 89.99999999990729
3.5008628391780228 4.834913103542114 89.9386448141888
0.5018693586541998 4.513482051978279 0.001027750933886
4.132971121419745 3.4836917439289268 79.25772860858726
5.51499268106277 6.514992681062955 89.99999999972462
7.514992681064953 3.514992681064145 89.99999999993548
5.500000000001761 0.5000000000001048 89.99999999999956
4.514992681060063 4.514992681062121 89.9999999996733
4.500000000001414 0.5000000000001101 3.13e-13
5.452431383597044 3.452431383597043 82.28975573402232
1.5000000000014104 2.5068962210436707 1.477e-12
6.514992681064432 3.5149926810640237 89.99999999990534
2.5000000000023563 2.5000000000006652 8.95e-13
