110 11.028718540237485
1.5000000000079972 9.528718540229498 1.833e-12
0.500000000002669 9.44976618355229 8.95e-13
2.607931860684486 8.684194162309934 16.146901106368006
1.5453124430817864 8.477529189765885 6.214768781019563
0.5511893504609695 8.36927358146475 6.214768781019419
1.4526970169872238 7.461532129846645 6.214768781021113
2.4470345550189063 7.567818462482599 6.21476878102099
0.5000000000026592 6.500000000034628 2.66e-13
2.5517444005870242 6.565013214473854 6.004184163260613
3.5531564291668394 6.82803794868145 8.499574531814726
0.5004086186305461 5.500000000029307 2.27e-13
1.5533646214927388 6.466582737170247 6.214768781021218
3.4017448169658646 5.526810035531095 3.160979749336226
1.500000000007974 4.50000000002392 4.6e-13
2.50000000001329 3.500000000018618 9.88e-13
3.5006786331271837 2.500000000013295 2.98e-13
3.50000000001862 1.5000000000079776 8.2e-14
9.79546573353271 1.4564298481729265 31.829851252022657
9.094658377101645 0.6893032498705596 31.82985125202034
9.264575423441052 2.3310033618336425 34.40454849990757
8.566525445164677 1.5401043901090965 31.829851252020365
7.918152354249518 0.6885082762944377 31.82985125202062
7.295085782123954 1.4787405763439843 31.829851252020678
7.942795217975 2.3336876191460796 32.04761861669024
6.502467856055959 0.5003397519428621 89.99979930204555
6.4912072932031455 2.1567342777030225 31.829851252020724
5.501974993046006 0.5000000000026628 1.33e-13
5.500000000029255 1.5000000000079856 2.7e-13
3.460309026291305 7.825267521992787 8.499574531814988
4.500000000023915 3.5000000000186233 1.056e-12
8.528718540224192 3.525853017314672 6.66e-13
4.501552708687232 0.5000000000026592 89.99999999999993
4.500000000023936 1.5000000000079794 1.82e-13
4.50135830362218 2.500000000013305 9.66e-13
3.5000000000186025 3.500000000018618 1.043e-12
2.5000000000133036 2.5000000000133027 8.79e-13
2.5000000000132894 4.500000000024501 7.96e-13
0.5008941478907314 10.52871854023481 8.81e-13
10.527908797001633 0.5010926118255341 89.99169754401412
0.5001799066118231 0.5000000000026636 89.99999999999932
1.500492311515539 0.5000000000026583 4.3e-14
2.5008026265169843 0.5000000000026592 89.99999999999979
3.5011247693058998 0.5000000000026592 89.9999999999999
0.5000000000026592 1.5000000000079998 5.7e-14
1.5000000000079785 1.500000000007975 1.56e-13
2.500000000013302 1.5000000000079794 89.9999999999999
0.500000000002661 2.5000000000133333 4.3e-13
1.5000000000079776 2.500000000013291 3.94e-13
0.5000000000026583 3.5000000000186606 1.85e-13
10.527461633749468 10.528718540234824 89.9999999999999
9.52044528309364 10.528718540234816 89.99999999999986
8.516428380331625 10.52871854023482 89.99999999999996
7.463911047123617 10.528718540234824 89.99999999999989
6.463010242607512 10.528718540234824 89.99999999999987
5.438353092043417 10.528718540234827 89.9999999999999
4.437419934433716 10.528718540234824 89.99999999999993
3.2742637509665315 10.528718540234824 2.8e-14
3.528718540197628 9.528718540229505 89.99999999999984
10.528718540234827 9.528718540229505 89.99999999999987
9.528718540229512 9.528718540229452 89.99999999999974
8.528718540224197 9.52871854022948 89.99999999999972
8.528718540224185 8.528718540224128 89.99999999999851
8.528718540224201 7.528718540218395 3.6e-14
5.5287185402082555 9.528718540229505 89.99999999999972
4.528718540202941 9.528718540229494 89.99999999999977
1.5025308877228678 10.52871854023482 8.34e-13
10.528718540234824 8.528718540224187 89.99999999999963
9.528718540229502 8.528718540223842 89.99999999999868
7.5287185402188825 9.528718540229494 89.99999999999969
7.528718540218869 8.528718540224153 89.99999999999848
7.528718540218888 7.528718540218817 1.42e-13
7.528718540218859 6.5287185402134895 1.307e-12
4.528423111958502 8.528718540224167 4.82e-13
10.528718540234827 7.5287185402188666 89.99999999999996
9.528718540229516 7.528718540218186 89.99999999999994
6.5287185402135695 9.528718540229498 89.9999999999997
6.5287185402135535 8.528718540224164 89.9999999999984
6.528718540213573 7.528718540218828 2.42e-13
6.528718540213532 6.528718540213497 1.713e-12
4.528718540202945 7.528718540218846 5.54e-13
10.528718540234827 6.528718540213546 89.99999999999996
9.528718540229502 6.528718540212719 5.58e-13
8.52871854022418 6.5287185402129655 1.114e-12
5.528718540208238 8.528718540224178 89.99999999999824
5.528718540208259 7.528718540218842 4e-13
5.528718540208243 5.528718540208197 1.971e-12
10.528718540234827 5.528718540208228 89.9999999999999
9.528718540229512 5.528718540207319 89.99999999999994
8.528718540224187 5.528718540207523 1.222e-12
7.528718540218873 5.528718540208172 1.413e-12
6.528718540213557 5.5287185402081755 1.762e-12
5.468217371455133 4.183472823374396 15.261431882296668
10.528718540234827 4.528718540202909 89.99999999999997
9.528718540229516 4.527949504342041 89.99999999999994
8.528718540224201 4.528718540201953 0.0
7.528718540218889 4.528718540202016 4.4e-14
10.528718540234827 3.5287185401975893 0.0
9.528718540229512 3.5273116855289155 89.99999999999997
10.528718540234827 2.5287185401922705 4.3e-14
4.414739274691189 5.969144437540918 15.261431882296772
4.528221461126876 4.963553290167239 15.261431882296732
6.528718540213575 4.528718540202842 1.14e-13
0.5000000000026592 4.500000000023984 2.33e-13
5.527875833351615 6.528718540213516 1.692e-12
7.528718540218873 3.5287185401966026 1.393e-12
5.530958633950099 2.945746691488167 3.66743602277723
6.507931877288349 3.33701401923606 3.667436022778335
1.5000000000079723 3.5000000000186056 4.26e-13
3.500000000018606 4.500000000023936 1.211e-12
2.40022104748097 5.526810035530392 3.160979749336172
