110 11.016841760234183
1.5990934575792193 9.694676615789929 19.042361615073492
0.50000000079838 9.397913844806665 0.0
2.5308189776249366 8.898703769556926 12.147662415047765
1.5598012729401578 8.466972239515957 7.342652332472695
0.5598012713433693 8.338112572664926 7.342652332467105
1.446900368675096 7.444155640054756 7.342652332472132
2.438699948160381 7.571958603256762 7.342652332471443
0.5000000007983809 6.500000010379001 1.85e-13
2.550989544963922 6.577443440449546 7.261158686034315
3.5132888556145145 7.0247126477278705 5.973077946458646
0.5213563448507283 5.500000008782235 3.84e-13
1.5591862616651384 6.449661543665626 7.26115868603418
3.433857099355499 5.674234618004163 6.388982901503868
1.5000000023951499 4.500000007185468 1.342e-12
2.433583901670127 5.552987544209408 7.26115868603246
3.500000005588665 2.5000000039919494 7.91e-13
3.50000000558884 1.5000000023951623 89.9999999999992
9.788580235528432 1.477525963239497 35.684886970518974
9.116125048430295 0.6995630967135975 35.684886970518384
9.214843632547062 2.307641956716556 35.75737773619102
8.531028216236583 1.5142648879626952 35.68488697051736
7.886236921256538 0.6977822044170532 35.68488697051776
7.273480564420988 1.4888842476555917 35.68488697051789
7.919208420264285 2.3142286065795044 35.208805785993356
6.505316348646768 0.5008642203535372 89.99892675200076
6.49828608459222 2.163327616310464 35.684886970517965
5.503846613072294 0.5000000007983969 89.99999999999957
5.50000000878239 1.5000000023951898 89.99999999999915
3.467525723897551 8.025383224710835 5.973077946459381
4.53327215657053 3.794866237550509 7.903438339041969
8.516841756241533 3.5142774016122074 8.6615e-11
4.502813576210329 0.5000000007983871 89.99999999999976
4.500000007185616 1.500000002395165 89.99999999999937
4.500000007185426 2.5000000039919463 9.95e-13
3.500000005588657 3.500000005588723 3.27e-13
2.5000000039919046 2.500000003991923 6.8e-13
2.500000003991897 3.500000005588698 1.21e-13
0.5000000007983898 10.516841759435799 3.48e-13
10.512218585951265 0.5021765283039734 0.049477714462872
0.5000000007984031 0.5000000007983836 1.42e-13
1.500000002395252 0.5000000007983818 89.99999999999996
2.500999364029931 0.5000000007983827 89.99999999999999
3.501888572228039 0.5000000007983854 89.99999999999974
0.5000000007983845 1.5000000023951507 1.95e-13
1.5000000023952635 1.5000000023951445 89.99999999999996
2.5000000039920596 1.5000000023951499 2.8e-14
0.5000000007983818 2.5000000039919175 2.18e-13
1.5000000023951436 2.5000000039919144 5.97e-13
0.50000000079838 3.5000000055886957 4.3e-14
10.516841759435803 10.516841759435788 1.71e-13
9.516841757839043 10.516841759435795 2.7e-13
8.51684175624228 10.516841759435795 3.51e-13
7.516841754645521 10.516841759435795 4.26e-13
6.516841753048761 10.516841759435795 5.4e-13
5.5168417514520005 10.516841759435795 6.07e-13
4.5168417498552405 10.516841759435792 6.68e-13
3.516841748258479 10.516841759435795 7.25e-13
2.5168417466617186 10.516841759435795 7.96e-13
10.516841759435795 9.516841757838995 8.38e-13
9.516841757839027 9.516841757839007 1.705e-12
8.516841756242265 9.51684175783901 1.842e-12
8.515855819159365 8.516841756242236 1.691e-12
8.516841756242274 7.516841754645441 1.467e-12
5.516841751451982 9.516841757839016 2.322e-12
4.516841749855221 9.516841757839003 2.601e-12
3.5168417482584595 9.51684175783901 2.814e-12
10.516841759435795 8.516841756242213 4.26e-13
9.516841757838995 8.516841756242213 3.974e-12
7.5168417546455055 9.516841757839018 1.947e-12
7.5150533744743395 8.516841756242236 1e-15
7.516841754645514 7.516841754645431 1.521e-12
7.516841754645419 6.516841753048633 4.891e-12
4.512440122959641 8.516841756242224 2.11e-12
10.516841759435795 7.51684175464542 7.21e-13
9.516841757839034 7.516841754645416 1.298e-12
6.516841753048743 9.516841757839016 2.117e-12
6.514267561040773 8.516841756242247 1.886e-12
6.516841753048755 7.516841754645458 1.624e-12
6.516841753048627 6.516841753048659 5.613e-12
4.516841749855237 7.516841754645449 1.744e-12
10.516841759435785 6.516841753048633 1.404e-12
9.516841757838995 6.516841753048636 2.395e-12
8.516841756242208 6.516841753048597 3.554e-12
5.513431666656229 8.516841756242247 2.046e-12
5.516841751451997 7.516841754645449 1.691e-12
5.516841751451951 5.516841751451877 6.602e-12
10.516841759435785 5.5168417514518575 1.847e-12
9.516841757839 5.516841751451838 4.945e-12
8.516841756242236 5.516841751451739 5.457e-12
7.516841754645474 5.516841751451853 5.969e-12
6.516841753048713 5.516841751451889 6.324e-12
5.4820971349745005 4.232582340828553 7.903438339041984
10.516841759435788 4.516841749855086 1.64e-12
9.516841757838991 4.516841749855045 5.956e-12
8.516841756242231 4.516841749853757 6.21e-12
7.51684175464547 4.516841749855081 6.494e-12
10.516841759435792 3.516841748258316 1.35e-12
9.516841757838307 3.5168417482575802 8.4569e-11
10.516841759435795 2.5168417466615467 7.62e-13
4.462127713481604 6.121068908754116 6.388982901497452
4.5022431611860405 5.119311286249411 6.388982901496952
6.516841753048709 4.51684174985512 6.667e-12
0.5000000007983845 4.500000007185468 5.4e-13
5.504412836722352 6.516841753048649 5.643e-12
7.463334426830513 3.4633344204433514 6.515595304112312
5.51361044999347 2.9092914166421764 6.51559530411387
6.469999365577349 3.3480575655972027 6.515595304113736
1.5000000023951383 3.500000005588693 8.5e-14
3.5451349433708987 4.680445281864566 6.388982901496905
2.5528380427814885 4.552838045972512 6.428531882466416
