110 11.034795248164752
0.6828560199132427 9.353480999456439 26.388283110146244
2.473706472936032 9.06418455442087 24.140371507738234
1.566477842969129 8.643345780937013 24.14037150774663
0.6607598954370504 8.219136208665972 24.140371507744597
1.556304736531212 7.525190513743409 25.0969020138156
2.461896470739715 7.949340971694159 25.09690201184404
0.6648710960727637 7.070811507371689 25.096902013778614
2.4417162268755215 6.8356388235821335 25.096902012150778
3.3727999939970457 7.2695514226518805 24.870486022151784
0.6711629472399085 5.8488907438920945 26.10972376148631
1.5423829984214592 6.377559900639432 25.096902025466235
3.2918522232015133 6.128598125211921 24.996456422935065
1.5423997864736747 5.147885932721337 24.996456422923462
2.400364197227691 5.674193646372435 24.99645642293183
1.5746754444751399 3.9755990813059645 27.194386556105776
2.447728583597064 4.46454410340176 27.1943865567255
3.301189028562588 4.991621574124251 27.19438655721228
4.145027942762884 4.2887158559185945 33.4991262652258
3.3076533483921753 3.742050005020739 33.499126265223545
2.4227736530264394 3.267158910672196 33.49912626522139
3.2940152484227267 2.4222564890323444 63.68819249093244
9.15474523759686 2.478940628924408 73.73250965238553
7.3415624842825835 1.5664802934919164 63.75715496664101
6.899385796943024 0.6695523269437329 63.75715496672459
6.671016598637059 2.467858981518817 63.75715496497208
7.114199394146244 3.3668277761283334 63.75715496913268
5.784774715697623 0.6701723266398183 63.75715497264504
6.227878600815014 1.5689810563303812 63.757154966713806
5.996082388926675 3.3603362265893075 63.757154969013584
4.669552326936126 0.6695523269344594 63.757154969033586
5.109194366804511 1.567729849816066 63.75715496902282
5.553905701583741 2.463408260044024 63.757154969011815
3.9886563456549 1.5630506778123983 63.757154964428764
4.43103590774534 2.4598786290981134 63.757154964409324
4.878210816181286 3.354342521684564 63.757154964389926
4.500504069811688 6.500504069843972 85.92201577915112
4.401330065299395 5.4701585228445015 81.78234046175746
6.39621640554995 4.478704123376815 82.77221550447544
5.340499166241295 4.532736771388069 89.62037187678904
7.403951386232287 4.476536832299664 82.77221550446323
4.533256568228353 7.534795248121622 89.99999999518526
6.53479524804378 6.534795248049996 89.99999998782901
5.534795248039747 6.53479524805476 89.99999998758007
7.534795247948332 5.529229942800196 89.99999998326611
6.499645592345636 5.499645592439174 85.8157068434568
5.465278068426923 5.531931954899448 89.62037187679354
1.6065688012250816 9.771531725977168 25.66492705585124
9.843095779167868 1.4997639312377515 41.90096273406656
7.987795646146026 2.534333249121004 85.91681127712278
8.316702840158069 3.5133986285427627 85.91681127709732
3.3708805976134846 8.370880597728002 24.870486022295285
0.5000000000072902 3.5000000000032916 5.0022e-11
0.50000000000081 10.534795248164272 1.8788e-11
10.534795248164592 0.5000000000001537 4.99e-13
0.5000000000002061 0.5000000000005187 3.78e-12
1.500000000000604 0.5000000000002522 5.67e-12
2.5000000000010028 0.5000000000006439 3.183e-12
3.500000000001408 0.5000000000003499 89.99999999999895
0.5000000000008384 1.500000000001739 4.2903e-11
1.503865129507652 1.5000000000011786 5.987e-11
2.506583717289215 1.5037695410856378 89.9965017415476
0.5000000000005143 2.5000000000025073 4.1695e-11
1.5000000000010774 2.5000000000016285 6.4503e-11
10.53479524811124 10.534795248164542 89.9999999999961
9.534795248004208 10.53479524816429 89.99999999995865
8.534795247939709 10.534795248163952 89.99999999992008
7.534795247889446 10.534795248162197 89.99999999993273
6.534795247846832 10.53479524816375 89.99999999995448
5.5347952478091695 10.53479524816451 89.99999999998946
4.5347952477750475 10.534795248164539 89.9999999999898
3.534795247743607 10.534795248164443 1.4225e-11
2.5347952477111564 10.534795248134305 8.69953e-10
10.534795248164361 9.534795248164091 89.99999999999248
9.534795248162823 9.534795248163618 89.99999999990648
8.534795248161576 9.534795248162993 89.99999999983596
7.534795248160932 9.534795248106334 89.9999999998417
6.534795248160387 9.53479524815932 89.99999999985172
5.534795248159753 9.534795248163029 89.9999999998738
4.534795248158362 9.534795248164144 89.99999999998425
3.534795248157546 9.534795248163888 2.828e-11
10.534795248164116 8.534795248163643 89.99999999998884
9.534795248161206 8.534795248163318 89.99999999989704
8.534795248155296 8.53479524815881 89.99999999938196
7.534795248105897 8.53479524799891 89.99999999526503
6.534795248091788 8.534795248115719 89.99999999507367
5.534795248077745 8.534795248122194 89.99999999524596
4.534795248061903 8.53479524812929 89.99999999604665
10.534795248163604 7.534795248163196 89.99999999998568
9.534795248152399 7.534795248163038 89.99999999988982
8.53479524810827 7.534795248158314 89.99999999935048
7.534795248011013 7.534795247892194 89.99999999017916
6.534795247983125 7.534795248060786 89.99999998892253
5.534795247947993 7.534795248060963 89.99999998826019
10.534795248162794 6.534795248162746 89.99999999998167
9.534795248154499 6.534795248162762 89.99999999988329
8.534795248146985 6.534795248157842 89.99999999932172
7.534795248059793 6.531381763525508 89.9999999895417
10.534795248161775 5.534795248162294 89.99999999997718
9.534795248145542 5.534795248162491 89.99999999987746
8.534795248102784 5.5347952481574625 89.99999999930382
10.534795248163931 4.534795248161787 89.99999999997382
9.534795248161736 4.534795248162224 89.9999999998719
8.534795248155637 4.534795248157092 89.99999999928683
10.53479524816441 3.534795248161161 89.99999999997743
9.534795248163125 3.534795248161977 89.99999999986869
10.534795248164468 2.534795248160479 89.99999999999235
0.6644480657238452 4.66444806572747 24.99645642291021
9.119751625090757 0.5000000000001155 1.409e-12
8.511114811226772 1.5000000000003872 89.9999999999936
8.119751625090174 0.500000000000143 89.99999999999687
