110 11.050376058170885
1.5106681270490006 9.59110791407647 4.752640727553359
0.5397079127889839 9.200321701620096 4.752640727547491
1.5579093311149692 8.433064519616915 28.268394555850957
2.5503760408559586 9.35496675986247 1.4318e-10
0.6771705936504953 7.959462069780454 28.268394555848584
1.5810220446209415 7.310082499739805 28.268394555856805
2.492144280382616 7.800023165129211 28.268394555863576
3.3366562573602816 8.344225688968072 28.288382835370765
0.6793965204177299 6.825248531196687 28.2683945558538
2.524574045728164 6.682051233668999 28.26839455586093
3.40557598438896 7.155795215530448 28.268394555865395
0.7626874733431723 5.734626348698445 28.268394555923688
1.6436152023055368 6.208330425546028 28.268394555869573
3.3443154360445257 5.987442892051251 28.26839455585916
1.5797831261118196 5.038595306298124 28.268394555919688
2.4620266120194736 5.51300690925725 28.26839455587277
1.6532807299530452 3.8408588512459554 28.268394555848175
2.4915366012762328 4.393464916868606 28.268394555867303
3.372275338739856 4.867067366706725 28.26839455587355
2.6769596700211955 1.6769596679805856 61.79087072427599
9.815800803665404 1.6087329904065406 61.038814100250995
9.388946979361476 0.6614290767722748 65.70681685058557
9.067419160555637 2.4698298434563513 69.99628197849908
8.655844107641375 1.5554582465854612 69.99628197849836
8.244848314008802 0.6408757740084878 69.99628197849859
7.518895775458434 1.5510286165232716 65.80176517302078
7.928790709269962 2.463161363062515 65.80176517302822
8.34575062581773 3.410745328082708 69.99628197850403
7.059782070605692 0.6610138401752907 65.80176517302127
6.8365808040237654 2.4723334291078167 65.80176517301243
7.243434745518328 3.3924709015309333 66.49987411671252
5.910038095253467 0.6726515125792565 62.959838193275054
6.369265490362353 1.5609853580131166 62.959838193270095
6.149199023728062 3.3905557215779414 66.18787819360357
4.785492801039253 0.6686310469763086 64.27986179805445
5.245865904404929 1.571059615959169 62.95983819315651
5.705855782356676 2.4608873286655473 62.95983819327119
4.083178822208589 1.5149181654281794 64.27986179839807
4.536727710413304 2.4064143299206595 64.27986179839749
4.996130031584973 3.295090893002573 64.27986179839728
3.4092196687606218 2.4189549836125144 61.79087072427747
9.409500282125418 3.409500269903591 69.9962819785034
8.55037605307744 4.550376044929578 89.9999999999346
4.322798814847687 4.227763600931833 45.68155344972885
3.484853973545217 3.6483197125368303 45.68155344980442
2.55217915603694 3.1530584189392914 44.730544062034646
0.5000000010186234 10.550376057152363 5.724e-12
10.55037605715238 0.500000001018539 89.99999999999821
0.5000000010185879 0.5000000010185985 89.99999999999906
1.500000003055784 0.5000000010186376 89.99999999999484
2.5000000050928612 0.5000000010187975 89.99999999999527
3.5000000071299397 0.5000000010185195 89.99999999999652
0.5000000010186003 1.5000000030557974 9.46e-13
1.5000000030587852 1.5000000030576697 2.07587e-10
0.5000000010203376 2.5000000050930087 6.053e-12
1.5000000030619844 2.500000005096448 1.96634e-10
0.5000000010185266 3.5000000071300996 3.785e-12
10.550376057151976 10.550376057152342 89.99999999999338
9.550376055114171 10.550376057152391 89.99999999999872
8.550376053076711 10.550376057152349 89.99999999999922
7.550376051038869 10.550376057151748 6.7402e-11
6.549130289671475 10.550376057152015 3.9196e-11
5.507937317098264 10.550376057149883 89.99999999998326
4.506147287305085 10.550376057142927 7.4934e-11
3.49931584227043 10.54606777160105 0.456672191445634
2.4968314682762136 10.54142520528357 0.578715131252118
10.550376057152395 9.550376055115207 89.99999999999866
9.550376055115422 9.550376055115407 89.99999999999805
8.550376053078427 9.55037605511517 1.293e-12
7.55037605104053 9.550376055114215 1.09495e-10
6.550376049003393 9.550376055114107 1.30443e-10
5.550376046966411 9.550376055106302 1.33809e-10
4.55037604492943 9.550376055087344 1.37049e-10
3.550376042892469 9.5417642725213 1.4029e-10
10.550376057152327 8.550376053078029 89.9999999999915
9.550376055114903 8.550376053077947 89.99999999994091
8.549540010780431 8.550376053078022 89.99999999998902
7.549000480714105 8.54949336839513 0.007144145129601
6.547912867511637 8.550376053071655 7.41911e-10
5.545821431124605 8.550376053053938 1.255373e-09
4.5119844627308465 8.54488032707878 0.53332310557164
10.550376057151983 7.550376051040953 89.99999999999103
9.550376055083143 7.550376051040953 89.99999999993692
8.550376053014467 7.5503760510409235 89.99999999997709
7.5503760509603595 7.548726789796914 6.43112e-10
6.548372451170354 7.55037605103395 8.11127e-10
5.536597194696806 7.550376051012461 1.256325e-09
4.531414181455212 7.544264014526867 0.537190221094662
10.550376057148679 6.550376049003877 89.99999999999095
9.550376055092283 6.550376049003956 89.99999999993298
8.550376053030522 6.550376049003824 89.99999999996471
7.550376050982099 6.54778800284298 4.90701e-10
6.550376048929892 6.550376048994924 1.03492e-09
5.550376046884046 6.550376048971482 1.254989e-09
10.55037605714745 5.550376046966802 89.99999999999075
9.550376055090119 5.550376046966962 89.99999999992924
8.55037605304246 5.550376046966713 89.99999999995111
7.550376050994626 5.539848499995746 6.57039e-10
6.550376048949242 5.550376046957073 1.119744e-09
5.550376046902099 5.550376046928647 1.668639e-09
10.550376057152278 4.5503760449296955 89.99999999999199
9.550376055114606 4.550376044929971 89.99999999992588
7.537699339642753 4.536596252593098 0.007615729034256
10.550376057152377 3.5503760428925686 89.9999999999975
10.55037605715225 2.5503760408554563 89.99999999999447
4.55037604484189 6.434820359619075 7.36023e-10
4.523647350053832 5.434820357580393 6.9295e-10
6.535429473956222 4.550376044916115 1.527146e-09
5.528671010690104 4.548477388311019 0.217985211710612
0.5001233472089854 4.557375537391524 0.008241019416216
