110 10.998213562528393
1.5707107073453024 9.737498298382613 28.2816909517377
0.6772178152388904 9.287600975812538 28.281690951737097
2.438935476765748 9.026812851194565 23.839961117348924
1.544647000692294 8.576487478676837 23.83996111734896
0.6594306655150524 8.10563160230029 23.839961117348953
1.5505371445443146 7.407231631294368 26.72786764942951
2.4336077168549273 7.877006993398263 26.727867649428482
3.326760458754013 8.326760458831382 26.727867649426322
0.6714531036661029 6.92953952868003 26.727867649429502
2.4338136375506862 6.731839929764309 28.068437688719364
3.326760458754086 7.207131135514699 26.72786764942671
0.6764560362957273 5.776883076058716 28.068437688719424
1.5551338340060772 6.254363383701234 28.068437688719467
3.32175752612439 6.0720387833950475 28.068437688719975
1.561114839641574 5.1150374670914145 28.519957080563735
2.4397653484862247 5.592502945779139 28.519957080563643
1.6446413763645054 3.9173351314577944 32.39926372356814
2.5045524862209407 4.489599443738071 28.520035853283563
3.3832029950655413 4.96706492242577 28.520035853283556
9.733371384667187 1.5724730981807507 62.38936303556424
9.292025494059034 0.6747890519612199 62.38936303556499
9.024741223476886 2.438331856274774 65.84405620992734
8.583249837849692 1.5403696295499953 65.8440562099273
8.100685652136681 0.6608283034459985 65.84405620992732
7.403646535121668 1.5487935973930185 63.10798504129812
7.8849908207810095 2.42592953835364 63.10798504130729
8.328943020823884 3.3289430207465665 63.82803221146501
6.921458638295027 0.6720854969846437 63.10798504129813
6.728861046339407 2.430889633390718 61.36293020345835
7.214704950294482 3.328943020746512 63.8280322114651
5.764988564981745 0.6784664433914935 61.36293020345812
6.246939799176102 1.5546698510723305 61.36293020345814
6.051342263033093 3.2766939288316204 61.362930203458006
5.086513065057844 1.5230603630406705 61.18723025910836
5.568462033195721 2.3992596509552855 61.18723025911207
4.486353308616121 2.5068584000681025 61.187230259113036
4.968302276753888 3.3830576879825376 61.18723025911291
5.498213562443134 4.470997326913206 89.9999999999996
3.200241217708701 2.521947707562329 42.44126464796726
4.2911150407454794 4.290401794409839 44.72306832662972
3.597699600326302 3.569454078523817 44.72306832662981
2.478815119799213 3.217311261363377 42.44126464796689
5.498213562443233 5.491992838585603 89.9999999999873
4.498213562427698 6.497611266682545 89.99999999997542
4.498213562427765 5.497537320320987 89.99999999998639
0.5000000000077494 10.498213562520654 5.69e-13
10.49821356252065 0.5000000000077529 89.99999999999942
0.5000000000077591 0.5000000000077378 89.99999999999969
1.5000000000232778 0.5000000000077485 5.7e-14
2.500000000039913 0.5000000000077431 1.17e-12
3.500000000055851 0.5000000000077387 89.99999999999933
0.5000000000077405 1.5000000000232254 3.94e-13
1.5000000000232387 1.500000000023249 1.047e-12
2.5000000000387423 1.5000000000232259 2.379e-12
0.5000000000077867 2.500000000038715 1.44e-12
1.500000000023375 2.5000000000388085 5.665e-12
0.5000000000077351 3.500000000054191 5.43e-13
10.498213562520641 10.498213562520663 89.99999999999964
9.498213562505134 10.498213562520661 89.99999999999955
8.49821356248965 10.49821356252066 89.99999999999946
7.4982135624741675 10.498213562520657 89.99999999999946
6.498213562458691 10.49821356252066 89.99999999999946
5.498213562443216 10.498163114858507 89.99999999999957
4.498213562427744 10.49821356252066 89.99999999999967
3.4982135624122725 10.498213562520663 89.99999999999976
2.4982135623967987 10.49821356252065 2.42e-13
10.49821356252066 9.498213562505198 89.99999999999926
9.498213562505194 9.498213562505192 89.99999999999868
8.498213562489735 9.498213562505185 89.99999999999858
7.498213562474277 9.498213562505175 89.99999999999861
6.498213562458818 9.49821356250519 89.9999999999987
5.4982135624433575 9.49800706230026 89.99999999999896
4.498213562427898 9.498007470021495 89.99999999999922
3.4982135624124386 9.498213562505201 89.99999999999949
10.498213562520654 8.498213562489735 89.99999999999885
9.49821356250518 8.498213562489724 89.99999999999712
8.498213562489713 8.498213562489703 89.99999999999646
7.498213562474251 8.498213562489681 89.99999999999623
6.498213562458789 8.49821356248971 89.99999999999622
5.498213562443316 8.49784604787325 89.99999999999731
4.498213562427848 8.497868940608011 89.99999999999807
10.498213562520652 7.4982135624742705 89.99999999999875
9.498213562505166 7.498213562474261 89.99999999999677
8.498213562489685 7.498213562474228 89.99999999999531
7.498213562474205 7.4982135624741915 89.99999999999456
6.49821356245872 7.498213562474235 89.99999999999466
5.497219869136126 7.497742692752885 0.000748847467125
4.496182848497753 7.497735029771832 0.002062629799823
10.498213562520654 6.498213562458806 89.99999999999866
9.498213562505175 6.498213562458802 89.99999999999665
8.498213562489706 6.498213562458762 89.99999999999508
7.498213562474243 6.4982135624587025 89.9999999999948
6.4982135624587825 6.4982135624587745 89.99999999999459
5.498213562443191 6.497643055684063 89.99999999997942
10.498213562520652 5.49821356244334 89.99999999999858
9.498213562505171 5.498213562443342 89.99999999999658
8.498213562489692 5.498213562443294 89.9999999999947
7.498213562474226 5.497353489859584 89.99999999999469
6.498213562458762 5.498213562443312 89.99999999999467
10.498213562520649 4.498213562427872 89.99999999999854
9.498213562505152 4.498213562427884 89.99999999999655
8.498213562489646 4.498213562427821 89.99999999999349
7.49821356247414 4.496422174811531 89.99999999999592
10.498213562520654 3.498213562412399 89.99999999999848
9.498213562505178 3.4982135624124244 89.99999999999659
10.498213562520645 2.4982135623969257 89.99999999999841
6.498213562458632 4.498213562427821 89.99999999999848
0.5000000000077316 4.600427039755243 2.77e-13
4.500000000071648 0.5000000000077369 5.71e-13
3.8703845348887835 1.5000000000232068 89.99999999999956
