110 11.030730498363738
0.5000000504563324 10.530730447907686 1.6094e-11
10.530730447907931 0.5000000504558679 89.99999999999655
0.5000000504558502 0.500000050691491 4.491e-12
1.5000001513676722 0.5000000504564301 9.976e-12
2.5000002522807083 0.5000000504558306 8.072e-12
3.50000035319402 0.5000000504576674 89.99999999994564
0.5000000504558875 1.500000152072607 1.0616e-11
1.5000001513676464 1.5000001513692967 2.3007e-11
2.500000252279282 1.5000001513674839 1.9568e-11
0.5000000504563493 2.5000002531554677 3.453e-11
1.5000001513688987 2.5000002522818567 6.8028e-11
0.5000000504955109 3.5000003541831943 2.924346e-09
10.530730447906311 10.530730447907615 89.99999999997131
9.530730346986477 10.530730447907779 89.99999999998508
8.53073024607041 10.530730447907104 89.9999999999008
7.530730145155935 10.530730447907466 89.99999999995039
6.53073004424227 10.530730447907377 89.99999999993236
5.530729943327282 10.530730447907928 89.99999999999146
4.53072984229585 10.53073044790786 89.99999999999686
3.530729741324657 10.530730447907878 89.99999999999308
2.530729640362133 10.530730447863359 1.397058e-09
10.530730447906087 9.530730346995506 89.9999999999398
9.530730346988804 9.530730346995885 89.99999999997
8.530730246074146 9.530730346995217 89.99999999986757
7.530730145159636 9.530730346995169 89.99999999989754
6.530730044244308 9.530730346995286 89.99999999987502
5.5307299433271 9.530730346996368 89.99999999998312
4.530729842413659 9.530730346995332 1.3826e-11
3.5307297415010988 9.530730346996181 89.99999999998624
10.530730447907505 8.530730246083184 89.99999999995596
9.530730346995565 8.530730246083891 89.99999999994839
8.530730246082944 8.530730246083523 89.99999999985769
7.530730145171047 8.530730246083031 89.99999999986295
6.530730044259197 8.530730246083511 89.99999999986707
5.530729943346246 8.530730246084799 89.99999999997391
4.530729842433948 8.530730246082845 1.4311e-11
10.530730447907263 7.530730145170486 89.99999999992689
9.530730346994714 7.530730145171043 89.9999999998372
8.530730246082795 7.530730145171644 89.99999999982509
7.530730145170908 7.530730145170885 89.99999999982958
6.530730044258906 7.530730145171717 89.99999999985201
5.530729943345798 7.53073014517329 89.9999999999711
4.5307298424335345 7.530730145170654 1.657e-12
10.530730447907171 6.530730044258361 89.99999999991566
9.530730346994467 6.530730044258926 89.9999999998117
8.530730246082403 6.5307300442597 89.99999999978434
7.530730145170473 6.5307300442586165 89.99999999978863
6.530730044258146 6.530730044260016 89.99999999984666
5.530729943343678 5.530729943350283 89.99999999996727
10.530730447906976 5.530729943346009 89.99999999989844
9.53073034699424 5.5307299433469606 89.99999999981115
8.53073024608166 5.530729943347743 89.9999999997418
7.530730145169493 5.530729943346313 89.9999999997545
6.530730044256689 5.5307299433483585 89.99999999984762
5.524627228482042 4.530729842438782 89.99999999996594
10.5307304479064 4.530729842432944 89.99999999984291
9.53073034699374 4.530729842434958 89.99999999982954
8.530730246079711 4.530729842435581 89.99999999967523
7.530730145166077 4.530729842434162 89.99999999973288
10.530730447907501 3.5264334609346246 89.99999999994617
9.530730346995457 3.530729741522662 89.99999999989227
10.528091325258318 2.522473749702104 89.95866901798301
4.530729842431214 6.521921747649767 1.06669e-10
4.521589898142647 5.521921646738136 1.05518e-10
6.527297617341313 4.53072984243672 89.99999999985116
4.249562841072885 4.349940109961319 26.864899606154303
1.604117823693255 9.76325734212108 25.301044003626423
0.6766286860393667 9.339650275984852 27.028819326120544
2.469032504554814 9.057970851912135 24.461327133969608
1.5617522869281335 8.637383242513998 24.461327133975647
0.6621600275014119 8.199895729415259 24.461327133959934
1.5616972873337152 7.510495146474225 24.46132713388977
2.4612895468060616 7.947982659801367 24.461327133888624
3.3685697644975834 8.368570269059816 24.461327133867364
0.6621600274806365 7.072886731470803 24.461327133888712
2.4693503064964757 6.8253607466991175 25.22632888845546
3.3687125888831893 7.2627399119164835 25.226328888445945
0.6654132363153646 5.9616663546375115 25.22632888845998
1.5700446279747315 6.387861435609568 25.22632888846109
3.345879960509647 6.132893537791975 25.226328889248126
0.6654132363244907 4.75698794704401 25.22632888695098
1.5317767061138996 5.264409595102231 25.22632888845945
2.436408097823655 5.690604676098098 25.22632888856163
3.704255328295859 1.7042551264761334 50.147577620488796
4.103135097506988 3.155111486272393 26.7662517962939
5.530729943345084 6.530730044261784 89.99999999996864
9.78068020885013 1.580698706725122 61.03363056090835
9.298957677456015 0.6941415984041983 60.58007872343762
9.102129117210186 2.419716196654233 61.03363056105494
8.61783290172441 1.5448119858499423 61.033630561036176
8.116026834714079 0.6796002131428649 61.03363056103675
7.4531674168775215 1.546965458793181 61.03363056104066
7.9549734838880894 2.4121772315000185 61.033630561038535
8.378303643852284 3.3783031392946756 67.68032878639909
6.955251701761254 0.6796002131428134 61.033630561045456
6.654257416276261 2.4579234504937073 80.8972022536683
7.225876940709618 3.5307297415227414 89.9999999998435
5.778034293726228 0.5728062405763659 80.89720225366715
6.122981812924751 1.5302919746677919 80.89720225365795
5.225876738886384 3.5307297415270322 89.99999999985373
4.500000454106631 0.5000000504560953 89.99999999996002
4.88599958703162 1.5135686382731937 84.40249069373156
5.233076424720744 2.4843439971643435 84.40249069373485
1.5266525183742194 4.055312612492111 25.226328887165025
2.3922431788529037 4.564374608934433 25.22632888842791
3.3086505008936413 4.995725825518208 26.718473222638163
6.225876839797967 3.530729741525854 89.99999999985494
3.3569671811139363 3.899080350184344 26.8648996061651
3.1138900441948203 2.5722229456628147 47.72230604640352
2.393842557404183 3.3118227225251244 43.90211014210546
