110 10.999765628702935
1.570859784873989 9.741966208919827 28.659272784502644
0.6785435880469182 9.289497636527315 28.659272784415343
2.4407275213321045 9.030065410864102 23.634414301474383
1.547411490097529 8.577050368495312 23.634414301479904
0.6585107322663895 8.113945688018298 23.634414301476806
1.5461111085884167 7.411904408766293 27.25636745876383
2.4358126178619037 7.875402889005347 26.89030500495946
4.499765628693513 8.499765628700443 8.0433e-11
0.6734694812888709 6.92224413331736 27.256367458756447
2.435857799394649 6.745350602648317 27.34807412312518
4.495665258140507 7.499765628699835 7.9979e-11
0.6733705425227354 5.797298893387749 27.230080693458493
1.5627384314165367 6.255463441339993 27.281073664924673
3.3259520893297423 6.07987684770249 27.34807412313158
1.5643248359311888 5.131129432973451 27.281073664762406
2.4530935243880734 5.589485428307852 27.281073665056617
1.5605084915525351 4.004009117666917 27.28107366512654
2.449277179987553 4.46236511300868 27.28107366521579
3.397605324892021 4.928216042201154 34.170941912793275
3.443234256082701 3.7285085990610547 34.17094191315806
2.4549481458472546 3.3401375955478305 27.281073667646737
1.6735623418933723 2.673562341898837 27.28107366760352
4.260363629187442 4.305250939853236 34.17094191322759
0.6743239236986973 4.67316715351763 27.1761606688524
9.742446539317271 1.5706288373855655 61.25982808740356
9.2889529805042 0.6788238113665974 61.259828087439494
9.030318998121487 2.440796579006178 66.40309678107205
8.576231342179746 1.5479082162907805 66.40309678106969
8.114538621708274 0.6583419350792346 66.40309678107101
7.413435252828178 1.5484818723350333 63.043914402751405
7.874127336222937 2.4360805660366274 63.043914402756975
8.327434789916508 3.3274347899153693 63.04391440276396
6.930233236832535 0.6723308387855171 63.0439144027513
6.744102482478602 2.438586736758236 62.55460969342099
7.206850376325113 3.329998943065906 63.043914402637185
5.801289254797553 0.6741637612859686 62.56741278942709
6.260945468803919 1.5625223534054573 62.55460969341895
6.077949211670599 3.3255888745194198 62.554609693420076
4.674176754182558 0.6741767541810484 62.55460969343086
5.133959420668459 1.5622091259067945 62.55460969342473
5.594862397463028 2.4496596574760217 62.55460969341828
4.0061120085165935 1.5602373759417452 62.55460969271204
4.467014985318718 2.447687907507651 62.55460969268933
4.927917962117175 3.3351384390759007 62.554609692618385
3.3432238412511657 2.4535263420027853 62.55460969178855
2.6741767542363126 1.674176754192494 62.55460969205669
4.499765628334979 5.499765628698561 7.7179e-11
4.499765628521327 6.49976562869924 7.9801e-11
5.460061855311466 4.4997656286987215 2.69843e-10
5.499765628357042 5.499765628699348 2.43617e-10
6.478327195426416 4.472614705024361 88.1039905949045
0.5000000000028963 10.499765628701182 6.5749e-11
10.499765628702166 0.5000000000012434 89.99999999997272
0.500000000000183 0.5000000000033662 89.9999999999989
1.5000000000005462 0.5000000000011466 89.99999999999756
2.5000000000009126 0.5000000000017097 89.99999999999525
3.500000000001279 0.5000000000004166 89.99999999999308
0.5000000000138289 1.5000000000108331 1.97034e-10
1.5000000000410845 1.5000000000055214 2.50779e-10
0.500000000001334 2.5000000000155143 1.14357e-10
0.5000000000026636 3.5000000000199902 1.32436e-10
10.499765628698691 10.49976562870258 89.99999999999416
6.4997656286765775 10.49976562870137 89.99999999983757
7.499765628681026 10.49976562870247 3.2595e-11
8.499765628685081 10.49976562870275 89.99999999999373
9.49976562869021 10.499765628702736 89.99999999999588
5.499765628672708 10.499765628702772 89.99999999999902
4.499765628669696 10.499765628702603 89.99999999998792
3.49976562866692 10.499765628702463 1.4954e-11
2.499765628664262 10.499765628700704 6.5429e-11
10.499765628702614 9.499765628700095 2.302e-12
6.499765628698178 9.498891588796853 7.9388e-11
7.49976562869919 9.499765628701576 8.5436e-11
8.499765628700802 9.499765628702333 89.99999999999207
9.499765628701761 9.499765628701997 89.99999999998312
5.499765628696468 9.499765628702406 2.466e-12
4.499765628694636 9.499765628701443 2.5082e-11
3.499765628694123 9.499765628701565 2.9999e-11
10.499765628702026 8.499765628697451 5.5437e-11
9.4997656286998 8.499765628701503 89.99999999998991
8.499765628697709 8.49976562870196 89.99999999999243
7.4997656286966725 8.498274707113168 89.99999999996605
6.499765628696052 8.498274389035249 89.99999999998603
5.499765628695427 8.499765628702123 6.258e-12
3.327686691077982 8.327686691085416 26.890304999369764
10.499765628701947 7.499765628695688 5.9813e-11
9.49976562869973 7.4997656287011445 89.9999999999912
8.499765628697023 7.4997656287016925 89.99999999998863
7.499765628631659 7.4975560814294635 89.99999999757733
6.499765628603059 7.497555812001293 89.9999999983804
5.499765628551342 7.49976562870026 1.92671e-10
3.327686690897202 7.206452169122255 26.890304999408126
10.499765628701462 6.49976562869424 6.6919e-11
9.49976562869866 6.499765628700775 89.9999999999943
8.49976562865038 6.499765628701423 89.99999999998445
7.4997656285903656 6.496899557019569 89.99999999766118
6.4997656285675465 6.496897414879017 89.99999999858238
5.499765628537857 6.499765628699809 2.17634e-10
10.499765628681233 5.499765628692959 7.976e-11
9.499765628621079 5.499765628700377 1.833e-12
8.499765628592737 5.499765628701119 89.99999999997735
7.499765628463138 5.496561149264661 89.99999999440351
6.499765628418043 5.492850488873642 89.99999999533355
10.499765628702075 4.499765628691822 7.7279e-11
9.49976562852887 4.499765628700054 2.117e-12
8.499765628473968 4.499765628700716 89.9999999999604
7.499765628398739 4.496387320847836 89.99999999714151
10.499765628702717 3.4997656286902226 7.82e-13
9.49976562870228 3.499765628699758 89.99999999999991
10.49976562870199 2.4997656286890146 89.9999999999776
