110 11.018454331167046
0.5000000001479963 10.518454331019097 2.613e-12
10.518454331019136 0.5000000001479146 89.99999999999982
0.5000000001482166 0.5000000001479767 89.99999999999548
1.5000000004446417 0.5000000001479821 89.99999999999217
2.5000000007408523 0.5000000001479226 89.99999999999937
3.50000000103698 0.5000000001481224 89.99999999999167
0.5000000001479146 1.5000000004439782 89.99999999999945
1.5000000004437428 1.5000000004440013 89.99999999999905
2.500000000739571 1.500000000443765 89.99999999999902
0.5000000001479341 2.500000000748047 89.99999999999847
1.5000000004437988 2.5000000007399246 89.99999999999687
0.5000000003361693 3.5000000010488796 2.04096e-10
10.518454331019136 10.518454331019118 7.86e-13
9.518454330723316 10.518454331019125 1.86e-12
8.518454330427502 10.518454331019122 2.331e-12
7.518454330131685 10.518454331019115 2.764e-12
6.518454329835868 10.518454331019104 3.169e-12
5.5184543295400506 10.518454331019115 3.516e-12
4.518454329244231 10.51845433101909 3.823e-12
3.51845432894841 10.518454331019107 4.114e-12
2.518454328652589 10.518454331019097 4.356e-12
10.518454331019132 9.518454330723266 1.265e-12
9.51845433072329 9.51845433072329 4.822e-12
8.518454330427428 9.518454330723227 1.1049e-11
7.518454330131611 9.518454330723202 1.1781e-11
6.518454329835798 9.518454330723173 1.215e-11
5.5184543295399875 9.51845433072323 1.2335e-11
4.518454329244177 9.518454330723134 1.2373e-11
3.518454328948368 9.51845433072323 1.2335e-11
10.518454331019136 8.518454330427435 9.01e-13
9.518454330723287 8.518454330427474 4.958e-12
8.518454330427353 8.518454330427332 1.9455e-11
7.5184543301315285 8.51845433042729 2.1113e-11
6.518454329835698 8.518454330427225 2.3705e-11
5.51845432953988 8.518454330427314 2.467e-11
4.518454329244055 8.51845433042713 2.6674e-11
10.51845433101898 7.5184543301316005 89.99999999999902
9.518454330722374 7.518454330131659 4.549e-12
8.518454330425932 7.518454330131456 2.521e-11
7.5184543301294156 7.518454330131448 2.1629e-11
6.518454329832856 7.518454330131095 5.582e-11
5.515406319904357 7.5184543301314966 2.5649e-11
4.513618048989689 7.518454330131182 2.2979e-11
10.518454331018987 6.518454329835771 89.99999999999754
9.518454330722662 6.518454329835844 4.022e-12
8.518454330426316 6.518454329835617 2.6617e-11
7.518454330130109 6.51845432983561 2.1987e-11
6.518454329833763 6.518454329835212 5.9493e-11
5.5184543295081205 5.518454329539806 3.4206e-11
10.518454331015256 5.518454329539945 89.9999999999961
9.518454330703118 5.518454329540014 1.956e-12
8.518454330402015 5.518454329539741 2.5921e-11
7.518454330103945 5.51845432953977 2.2129e-11
6.5184543298059205 5.5184543295392166 7.5076e-11
5.505377048831564 4.51845432924398 3.5342e-11
10.518454331015246 4.518454329244123 89.99999999999491
9.518454330703104 4.518454329244189 89.99999999999999
8.514783859352734 4.51845432924387 2.4255e-11
7.512278379944511 4.518454329243927 2.2015e-11
10.518454331019132 3.5184543289482426 89.99999999999889
9.518454330723308 3.5184543289483647 89.9999999999981
10.518454331019118 2.518454328652382 7.1e-14
4.51845432924156 6.51845432983524 1.9389e-11
4.518454329210604 5.518454329539305 2.7512e-11
6.509420356252511 4.5184543292432755 8.1741e-11
4.284206967954005 4.259508716603797 44.99595339931362
1.5969280172453328 9.735080673077617 23.778381865258186
0.5000000001479146 9.349802658200439 1.173e-12
2.458252502019023 9.02121020523455 26.52590918224059
1.5644599902317058 8.572724557249963 26.52590918224086
0.6706674784443925 8.124238909265367 26.525909182240873
1.559735671671417 7.450347428060356 26.64650244657975
2.4535262037222303 7.898832082656198 26.646502446579024
3.347316735773047 8.347316737252033 26.646502446578275
0.6711375933232908 6.991514669220559 26.64650244657977
2.453526203719126 6.7800017026805115 26.64650244658786
0.6737898672079083 5.854410832951863 27.341749719651563
1.5596577988191163 6.3183781293245245 27.34174971965131
3.331443207929575 6.101690986182408 26.646502446586016
0.6749871759483215 4.67498717714688 27.66443330988526
1.5410100198344 5.176781255829162 27.66443330995548
2.429249452029809 5.64224298554806 27.341749719651688
3.7343731992508573 1.7071067816919938 44.99999999998972
4.090218635907875 3.031101709758472 44.99999999998673
5.5184543295375486 6.518454329835653 2.9878e-11
9.81263341851212 1.5426122682734267 51.27924197638715
9.190093496990894 0.5000000001479217 89.99999999999953
9.099876422436388 2.443254850983926 67.45034623161388
8.394140516909504 1.6535157437340797 67.45034623161469
8.19009349669504 0.5000000001479039 89.99999999999964
7.243685273123873 1.5123222071498832 88.5699861239726
7.504283042463387 2.518454328650385 89.99999999980697
8.297325418338762 3.518454328947919 2.1568e-11
7.190093496398848 0.5000000001489529 89.99999999995943
6.270215810789495 2.50395449990546 88.31337552316619
7.297325418042937 3.5184543289480037 2.2552e-11
5.882648004048308 0.5144998288949347 88.31337552317159
6.204760042917656 1.5054484582423555 88.31337552316607
5.297325417451172 3.5184543289480192 3.8375e-11
4.500000001333038 0.5000000001479696 89.9999999999924
4.928933093850438 1.506003905404996 86.10081354577885
5.2503271220317975 2.486418169703689 86.10081354577927
1.572732229393238 3.984366250783264 27.664433265754177
2.4255289251164682 4.511390472738778 27.66443330994164
3.447544635867447 5.038660921998449 26.898691577163174
6.29732541774706 3.5182054398813984 2.9909e-11
3.3831118545122814 3.738208491154316 44.99999999998575
3.1600798188210018 2.5470269640538983 44.99999999999485
2.4529730374251337 3.254133745450039 44.9999999999705
3.347316735770107 7.228486357276355 26.646502446582044
