110 11.048162309064185
1.5155151025410403 8.546525945105419 3.875036318650792
0.5326472065198606 8.25977027721316 3.875036318631365
1.5134812583624493 7.425208928521945 19.902877749192143
0.6403489033677809 6.899342711384875 19.902877749187972
2.467531027707172 6.7306400089596155 31.135462220974677
1.6108853142728887 6.214733092411761 31.135462220947126
3.317626218836192 6.075871765105625 31.135462220978056
1.6046220329633765 5.041235436842546 31.274693568987423
2.4616789974921924 5.558808563665157 31.135462220961994
1.6539642083568378 3.884426416672481 31.135462220965657
2.501874638042799 4.414793735413079 31.1354622209903
3.357821859382655 4.931856936851156 31.135462221001497
4.174113379890065 4.247099793879084 33.9336344967227
3.3272769345949857 3.7143596470560265 33.933634496715534
2.4689068061995583 3.1987616854010934 33.93363449670978
3.3709741978093963 2.3773405228287974 64.59632192546599
9.160022501745559 2.497339791123832 74.29935868401688
7.415469570339057 1.5694581944265833 64.59632192564771
6.986476448656399 0.6661504387031467 64.59632192565606
6.737420276339014 2.4727659501484673 64.59632192566811
7.173101609427085 3.3889260075275356 66.28046024999101
5.879434032971594 0.6661504387030197 64.59632192567686
6.308427154655339 1.569458194425732 64.59632192567169
6.059370982338919 3.37607370587105 64.59632192570362
4.772391617286462 0.6661504387030828 64.59632192566363
5.201384738971389 1.5694581944252608 64.59632192566002
5.630377860655284 2.4727659501479247 64.59632192566232
4.070804238015355 1.5198953135643807 64.59632192565026
4.4997973597003345 2.4232030692864033 64.59632192565117
4.928790481384221 3.3265108250089455 64.5963219256527
6.371362626705299 4.536719711620802 89.56261853502308
5.371401892099147 4.545680163163238 89.56261853503497
7.371450089930878 4.544360041257927 89.56261853500905
4.443350785947911 6.5481623090589824 89.99999999984288
0.6226736393216878 9.42548866974226 16.71404072653812
4.438831070633349 5.4728424590912015 80.54835572901095
1.6218177637419537 9.775705059510244 23.77266573474072
9.864732909739221 1.5322969809242726 46.38158964687873
8.03910852743588 2.542890749455318 84.84652779700657
8.322822596505468 3.5213617684681067 84.84652779699488
0.5000000000002451 5.758993808016641 1.0997e-11
4.548162309061657 7.54816230906086 89.99999999997547
6.548162309062162 6.548162309062294 1.9654e-11
5.450101467108401 6.548162309059094 89.9999999998772
7.548162308617508 5.547143475451434 1.94802e-10
6.548162308597092 5.548162309061808 3.3021e-11
5.548162308582023 5.548162309053154 89.99999999926251
3.548162309061463 8.548162309061926 4.647e-12
0.5000000000001696 3.5000000000023084 1.919e-12
0.5000000000002887 10.548162309064034 5.534e-12
10.548162309064057 0.5000000000001288 89.99999999999993
0.5000000000002007 0.500000000000357 3.015e-12
1.5000000000006128 0.5000000000002665 4.619e-12
2.5000000000010565 0.5000000000002407 6.68e-13
3.5000000000014917 0.5000000000001377 89.99999999999964
0.5000000000006715 1.5000000000011067 1.571e-11
1.5000000000020073 1.5000000000011537 3.6735e-11
2.500000000003183 1.500000000000849 89.99999999999096
0.5000000000002665 2.5000000000018128 4.83e-13
1.5000000000008953 2.500000000002289 89.99999999998191
10.548162309064008 10.548162309064054 89.9999999999985
9.54816230906357 10.54816230906404 89.99999999999761
8.54816230906318 10.548162309064075 5.5e-14
7.548162309062636 10.548162309064027 89.99999999999562
6.548162309062279 10.548162309063985 9.29e-13
5.5481623090620165 10.548162309063967 3.547e-12
4.548162309061748 10.548162309063878 6.608e-12
3.5481623090614827 10.54816230906384 9.01e-12
2.548162309061221 10.548162309063956 1.0736e-11
10.548162309063976 9.54816230906378 89.99999999999434
9.548162309063247 9.548162309063684 89.9999999999858
8.548162309062871 9.54816230906373 89.99999999998727
7.548162309062468 9.548162309063706 89.99999999998771
6.548162309060356 9.548162309063567 6.738e-12
5.548162309059344 9.548162309062839 89.99999999998138
4.548162309058653 9.548162309062906 89.99999999998873
3.5481623090579966 9.548162309062672 7.105e-12
10.54816230906398 8.548162309063505 89.99999999999282
9.548162309063539 8.54816230906343 89.99999999998327
8.548162309063159 8.548162309063466 89.99999999998664
7.5481623090627785 8.548162309063382 89.9999999999927
6.548162309062413 8.548162309063216 5.54e-13
5.548162309062069 8.548162309061759 89.99999999999633
4.548162309061772 8.548162309062032 89.99999999999976
10.548162309063985 7.548162309063201 89.99999999999068
9.548162309063642 7.5481623090631835 89.99999999998403
8.548162309063324 7.548162309063207 89.99999999998798
7.5481623090628425 7.548162309062958 1.1084e-11
6.548162309062528 7.548162309062777 6.196e-12
5.548162309061924 7.548162309060329 89.99999999997362
10.54816230906402 6.548162309062818 89.99999999999449
9.548162309063727 6.548162309062871 89.99999999999301
8.548162309063386 6.548162309062954 89.99999999999045
7.548162309062629 6.548162309062519 3.5527e-11
10.548162308953023 5.548162309062402 89.99999999998548
9.548162308721277 5.5481623090625884 89.99999999999385
8.548162308652584 5.548162309062227 89.99999999995633
10.548162309064002 4.548162309061954 8.74e-13
9.548162309062697 4.548162309062329 89.99999999998808
8.548162309061523 4.548162309061778 89.99999999992946
10.548162309064 3.5481623090616026 89.99999999999896
9.548162309063535 3.548162309062114 89.99999999998687
10.548162309064024 2.54816230906125 1.128e-12
0.5000000000029106 4.573525894740847 1.56113e-10
9.198547347414925 0.5000000000001048 5.08e-13
8.58162000904234 1.5000000000003482 89.99999999999575
8.198547347414598 0.5000000000001235 89.99999999999805
3.548162309061391 7.548162309061002 89.99999999997688
2.5481623090576537 8.917145220349123 1.9241e-11
2.5481623090611523 7.917145220348619 89.9999999999935
