110 11.017474540753533
1.598852383233329 9.715890965182739 21.489939382567584
0.6190883560315061 9.35270447351687 16.106930298418863
2.5153784187758417 8.953980951321931 16.106930298412706
1.579834149603354 8.589276924517613 16.10693029841194
0.6190883560314573 8.31184600602678 16.10693029841113
1.4427843739663926 7.44085336742935 8.026036519672404
2.4131654808326357 7.721066638783292 8.026036519663023
0.5000000985872246 6.500001281634823 1.896e-12
2.5551191319410895 6.587804937483044 8.026036519637602
3.5036538445955063 7.106401424159774 6.674827639454245
0.5023830049792064 5.500001084460293 6.377e-12
1.5649142136582106 6.448181822799644 8.026036519637941
3.4318822374899924 5.687768666298143 6.441310956678104
1.500000295762229 4.500000887286191 6.7854e-11
2.441298444225694 5.548092128639685 6.441310956711654
3.5000006901112117 2.5000004929369273 7.3421e-11
3.5000006901116953 1.5000002957622218 5.2623e-11
9.777520480165109 1.5285139034709303 54.94205030098772
9.200854105520817 0.7021284740029143 54.83759527064433
9.111969277483297 2.3209847644388204 54.94205030101473
8.537564530456354 1.5024131137695482 54.942050301017154
7.945137101715224 0.6964881989161347 54.942050301014056
7.238064646510219 1.4603772483296105 51.54140174654687
7.862743655962532 2.28167410090293 54.94205030106832
6.506839191015754 0.5017712230751039 89.9974000810667
6.549881228366661 2.201777025484189 51.54140174653776
5.503763294423684 0.5000000985872628 2.927e-12
5.50000108446121 1.500000295761776 5.883e-12
3.4627449523700258 8.108438597852121 6.674827639457542
4.531686983092309 3.757050344255796 6.645143035557747
8.51747404781728 5.517473456291643 1.8793e-11
4.500000887286782 0.5000000985875745 3.6025e-11
4.500000887286337 1.5000002957622698 4.4992e-11
4.500000887285816 2.500000492937314 9.1135e-11
3.500000690111118 3.500000690111495 7.2658e-11
2.5000004929366626 2.500000492936623 6.2242e-11
2.5000004929366373 3.500000690111092 6.6259e-11
0.5000000985872726 10.517474442166293 1.86e-12
10.51747444216628 0.5000000985872699 89.99999999999895
1.5000002957622813 0.5000000985873205 3.749e-12
0.5000000985873223 0.500000098587277 1.767e-12
2.5000004929371435 0.5000000985873747 1.8544e-11
3.500000690111857 0.5000000985874449 2.3505e-11
1.500000295762102 1.500000295761943 3.553e-12
0.5000000985873196 1.5000002957618381 89.99999999999783
2.500000492937077 1.5000002957620877 5.0572e-11
0.5000000985872664 2.500000492936508 5.63e-12
1.5000002957620415 2.50000049293686 4.2827e-11
0.5000000985873152 3.5000006901111713 1.2035e-11
10.517474442166312 10.517474442166185 2.98e-13
9.51747424499187 10.517474442166224 6.82e-13
8.51747404781743 10.517474442166222 1.236e-12
7.51747385064299 10.517474442166206 1.94e-12
6.517473653468547 10.51747444216618 2.753e-12
5.517473456294104 10.51747444216608 3.732e-12
4.51747325911966 10.517474442166257 4.688e-12
3.517473061945214 10.517474442166261 5.433e-12
2.5174728647707707 10.517474442166254 6.019e-12
10.517474442166261 9.517474244991242 6.904e-12
9.517474244991792 9.517474244991082 1.1967e-11
8.51747404781733 9.517474244991206 1.5906e-11
8.517474047816842 8.517474047816444 3.0997e-11
8.51747404781732 7.517473850641256 1.8948e-11
5.517473456293995 9.517474244990721 2.2079e-11
4.517473259119555 9.517474244991613 2.3613e-11
3.5174730619451213 9.517474244991636 2.4493e-11
10.517474442166238 8.517474047816222 89.9999999999986
9.517474244991652 8.51747404781622 6.25e-13
7.517473850642883 9.517474244991162 1.8274e-11
7.517473850642263 8.517474047816364 3.5837e-11
7.517473850642862 7.517473850641236 2.3394e-11
7.517473850634888 6.517473653466294 89.99999999998575
4.511299596101029 8.517474047816943 4.5496e-11
10.517474442166256 7.517473850641004 7.763e-12
9.517474244991794 7.517473850641299 1.2671e-11
6.517473653468438 9.51747424499091 2.031e-11
6.51747365346766 8.517474047815885 4.5615e-11
6.517473653468298 7.517473850640933 3.9855e-11
6.517473653459394 6.517473653466234 3.5513e-11
4.517473259119349 7.517473850642416 5.2531e-11
10.517474442166172 6.517473653466173 7.39e-12
9.517474244986555 6.517473653466606 4.988e-12
8.51747404781046 6.5174736534664115 1.1397e-11
5.5174734562930325 8.517474047815655 5.1055e-11
5.5174734562937875 7.517473850640609 5.0415e-11
5.480606855358241 5.363746468131073 5.674121648350855
10.517474442166261 5.517473456291477 6.468e-12
9.517474244991739 5.517473456291857 1.6116e-11
6.517473653468333 5.517473456291589 2.9064e-11
6.462972799373549 4.462972405022084 6.645143035552913
6.457257829484281 3.407558416756901 8.058520267152987
5.476251208723412 4.290940444585943 6.645143035557518
10.517474442166316 4.5111647836375255 89.99999999999989
9.517474244991888 4.517473259116763 89.99999999999986
7.517473850642801 5.517473456290337 2.4027e-11
7.517473850642736 4.51747325911523 3.2611e-11
10.517474442166316 3.4984185724145553 89.9999999999997
9.517474244991883 3.50706963538711 89.99999999999939
10.514197223967042 2.49110923184842 89.99578734817749
4.456188903366726 6.232576392215384 10.401642768002855
4.49278816048949 5.191586692351636 5.674121648352071
7.517473850642858 3.5174730619403536 1.561e-11
0.5000000985873063 4.500000887285741 1.0954e-11
5.461409027624755 6.4614092248035755 6.849775901668167
8.517474047817457 4.517473259116835 89.99999999999996
5.524277149297964 2.8637583135061324 8.058520267154282
8.517474047817451 3.517473061942213 89.99999999999906
1.5000002957621357 3.5000006901115235 5.7437e-11
3.540853302175273 4.658266755568431 5.674121648349376
2.5469858211336796 4.546986215482651 5.674121648346198
