110 11.030201063477138
1.593466740517194 9.78675259387672 28.908196733471787
0.6678133994092503 9.343505895597785 25.809478279367905
2.4691435544730167 9.07225971399683 23.00499377753604
1.5677749645526 8.636457270796646 23.004993777537415
0.6556410794633143 8.226010129216878 23.004993777536733
1.5565091333122174 7.5232391630522475 24.22706065785692
2.468435547682016 7.933592945789133 24.227060657845794
0.6611400985531564 7.076090028455609 24.22706065785582
2.455147059450157 6.831033597201165 24.227060657855652
3.3679022459713797 7.240824989501098 24.22124933143546
0.6707663985554913 5.881961525796456 26.504774772468213
1.5422706596573743 6.376286494883073 26.50318552237036
3.364923195059313 6.138987518598838 24.32737157177776
1.5000000091812922 4.967256695661146 89.99999999999909
2.4395719292647082 5.70619592439166 26.49299101318226
4.177271169281409 2.930250723742322 39.709614656588755
0.5000000030604292 4.7108737472236015 89.99999999999996
2.65842526921818 4.423345475698865 23.61541075777402
3.4657827423624883 5.073014976095823 23.615410757774548
0.5000000030746019 3.5000000216953207 1.178492e-09
4.001886722101112 1.5005114307756244 87.18469787586393
9.800044330817052 1.5850355468610884 58.78978491843114
9.300747653743393 0.5000000030604905 89.99999999999335
9.073782544726159 2.480790171724713 69.65885221450532
8.457853415194796 1.6426243382496044 69.65885221450722
8.300747647622439 0.5000000030605367 89.99999999998721
7.321943866618945 1.519199839266172 87.61443029341453
7.568284922704103 2.5302010114475175 89.99999999981324
7.272825963145653 0.5203786843066966 87.61443029342422
6.365533787180133 2.5062462228318885 87.18469787599646
5.95628051428363 0.5239547916777134 87.18469787601592
6.316417265231288 1.5074531614255813 87.18469787599712
3.369060922074514 8.369060952681476 24.227060657837985
4.31790967055638 4.326106385587013 39.70961465659854
8.24421049250055 3.5302010175689165 89.99999999994212
4.95507210496913 0.523954791677693 87.18469787601926
5.0041886269206906 1.522747853084026 87.1846978760023
5.364325377868813 2.5062462228317774 87.18469787599598
3.5383742458998997 3.6995430826900892 39.7096146565888
3.2683081476398086 2.459530496236633 39.709614656590446
2.5290990126561246 3.1455136130943013 39.70961465654638
0.5000000030607534 10.53020106041652 7.625e-12
10.53020106041669 0.500000003060463 89.99999999999905
0.5000000030703946 0.5000000030672638 89.99999999938109
1.5000000092072634 0.5000000030617047 89.99999999985553
2.500000015342449 0.5000000030604506 89.99999999999972
3.5000000214746056 0.5000000030627163 89.99999999975036
0.5000000030604355 1.5000000093326022 89.99999999999983
1.5000000091813064 1.500000009186918 89.99999999999966
2.5000000153021773 1.5000000091813508 89.99999999999945
0.5000000030618477 2.500000015520179 8.3283e-11
1.5000000091851113 2.5000000153109316 1.57694e-10
10.530201060416644 10.53020106041668 1.89e-12
9.530201054295635 10.530201060416701 89.99999999999946
8.53020104817458 10.530201060416655 6.267e-12
7.530201042053506 10.530201060416676 2.629e-12
6.530201035932381 10.530201060416687 1.912e-12
5.530201029811137 10.530201060416601 1.1921e-11
4.5302010236897114 10.530201060416637 8.512e-12
3.5302010175660574 10.530201060416573 1.2281e-11
2.5302010114438103 10.530201060415731 4.0203e-11
10.530201060416516 9.530201054295766 4.32e-12
9.530201054294931 9.53020105429582 89.99999999999747
8.53020104817371 9.530201054295645 7.418e-12
7.530201042052694 9.530201054295745 5.683e-12
6.530201035931685 9.530201054295777 4.404e-12
5.530201029810603 9.530201054295652 1.8176e-11
4.5302010236896155 9.530201054295677 1.9654e-11
3.5302010175685794 9.530201054295482 2.9826e-11
10.53020106041662 8.530201048174881 3.851e-12
9.530201054294903 8.53020104817495 89.99999999999578
8.53020104817272 8.53020104817468 3.53e-12
7.530201042051363 8.53020104817482 2.061e-12
6.530201035930187 8.530201048174865 1.18e-12
5.53020102980899 8.530201048174717 1.8758e-11
4.530201023687936 8.530201048174792 2.184e-11
10.530201060416655 7.530201042053992 2.993e-12
9.530201054295521 7.530201042054086 89.99999999999471
8.530201048174522 7.530201042053253 3.638e-12
7.530201042053507 7.530201042053738 89.99999999999916
6.530201035932287 7.530201042053915 89.99999999999949
5.530201029809889 7.530201042053797 1.9315e-11
4.523706991704512 7.530201042053914 2.2752e-11
10.530201060416669 6.5302010359331035 1.99e-12
9.530201054295585 6.530201035933219 89.99999999999336
8.530201048174613 6.530201035932039 89.99999999999726
7.530201042053579 6.530201035932801 3.349e-12
6.530201035932518 6.530201035932931 1.2463e-11
5.5302010298117645 5.530201029812026 2.2542e-11
10.530201060416672 5.530201029812216 1.165e-12
9.53020105429561 5.530201029812353 89.99999999999203
8.530201048174668 5.530201029810959 89.9999999999903
7.530201042053658 5.530201029811877 4.96e-12
6.530201035932697 5.530201029812032 1.5146e-11
5.525720360509985 4.5302010236911405 2.2818e-11
10.530201060416683 4.530201023691331 6.96e-13
9.530201054295468 4.530201023691491 89.99999999999122
8.528786964384436 4.5302010236897425 89.99999999996099
7.527940214681692 4.530201023690872 89.99999999999216
10.530201060416672 3.5302010175704392 89.99999999999926
9.530201054295667 3.5302010175706293 89.9999999999905
10.530201060416683 2.530201011449553 89.99999999999874
4.52932404966975 6.530201035933042 2.3718e-11
4.530201023690882 5.5302010298121695 2.4636e-11
6.527009138245291 4.530201023691149 1.5376e-11
1.5621501693815367 3.8499449904753487 15.810395258275028
5.53020102981142 6.530201035932907 2.169e-11
7.244210486379654 3.5302010175698384 89.99999999994401
5.24421047413788 3.530201017569766 89.99999999994331
6.244210480258767 3.530201017569856 89.99999999994382
