110 11.040469872915311
1.684076798931974 2.684076799267831 30.336833669227996
1.5072908291026978 9.574229769259434 3.940600769039625
0.5000000001679226 9.162869295093437 3.74e-13
2.540469870060658 9.524855036671088 7.98e-13
1.5582871145563706 8.406761288920592 29.848819682034673
0.6825274287562078 7.923717776149903 29.848819682032804
1.5784109685565184 7.265360949640571 29.84881968203642
2.456867982462682 7.769452514617687 29.84881968203617
3.4569262594390424 8.42714406557456 0.007168098078765
0.6677236112909526 6.768030694920816 25.787358359004905
2.5301905782645258 6.658579607629014 29.848819682036243
3.397532263225074 7.156292780180708 29.8488196820363
0.7339900497958016 5.6894478315143715 25.787358359002162
1.6649349608081936 6.148834273639571 30.336833669219168
3.344796454621431 5.9730828352635745 29.848819682036137
1.61491636144929 4.960909420668909 30.336833669216077
2.477987388886275 5.465991990424236 30.336833669221026
1.6746067312654143 3.837187960367196 30.336833669225953
2.5376777587022747 4.342270530122602 30.33683366922551
3.400748786139162 4.84735309987796 30.33683366922533
4.327289202992549 4.222415175954978 38.45838588154611
3.532451537148943 3.615297656320767 38.458385881546015
2.547147826368831 3.189159369023238 30.33683366922836
9.77475979064726 1.6127191625761288 64.96913539104207
9.3547297787453 0.6687727328818562 64.21238810923852
9.068729409168117 2.4790729208349074 65.69334831492426
8.651434693564495 1.5702803756115715 65.69334831492422
8.23413997796084 0.661487830388249 65.69334831492422
7.5428658408359714 1.5598892343667523 65.33660098286562
7.960152467572721 2.468664163498462 65.33660098286568
8.377439094309416 3.3774390926301976 65.3366009828659
7.099627288159547 0.6630307779342122 65.3366009828656
6.860485402285868 2.4702221845455354 65.3366009828598
7.277772029022633 3.3789971136772876 65.33660098286474
5.978030008276191 0.6667644258104657 64.44744291201641
6.414606493911936 1.566450302270225 64.4474429120164
6.163168549014118 3.348026320330352 65.33660098286201
4.789928343352009 0.6681199221729424 64.11481793126258
5.2864135477641385 1.5387161013856856 64.11481793126234
5.7229826765212835 2.4383868169744596 64.1148179312632
4.088339719694521 1.5128916599893918 64.11481793126313
4.584824924106677 2.3834878392020995 64.11481793126308
5.021394052863814 3.2831585547908495 64.11481793126309
3.36020620008225 2.3541777855353923 52.71577245005873
4.531894778775408 6.447643727117368 0.991257111998889
4.5332945286539506 5.447518270065053 0.991257111999065
5.5085038846226375 4.48552622683786 3.719929747381324
0.5000000001679288 10.540469872747389 3.19e-13
10.540469872747387 0.5000000001679243 89.99999999999989
0.5000000001679226 0.5000000001679359 1.11e-13
1.5000000005037677 0.5000000001679235 2.02e-13
2.500000000839612 0.5000000001679252 1.43e-13
3.500000001175458 0.5000000001679208 89.99999999999994
0.5000000001679386 1.5000000005038094 9.72e-13
1.5000000005038094 1.5000000005037792 1.408e-12
2.500000000839669 1.5000000005037881 1.382e-12
0.500000000167927 2.5000000008396697 6.65e-13
0.5000000001679261 3.5000000011755246 4.43e-13
10.540469872747389 10.540469872746574 7.1e-14
9.540469872411546 10.540469872747387 2.6e-13
8.540469872075697 10.540469872747387 3.76e-13
7.540232341574754 10.540469872747389 1.14e-13
6.540027064335469 10.540469872747387 89.9999999999999
5.539753531314925 10.540469872747382 89.99999999999993
4.523800989304297 10.540469872747362 3.63e-13
3.5001981478521835 10.539787176751169 0.015712339280228
2.4892461471034686 10.532652289447228 89.21827073041136
10.540469872747389 9.540469872409094 2.26e-13
9.540469872411542 9.540469872411542 7.23e-13
8.5404698720757 9.540469872411542 8.11e-13
7.540469871739861 9.540469872411542 7.97e-13
6.54046987140402 9.540469872411535 6.78e-13
5.540469871068179 9.54046987241152 6.47e-13
4.5404698707323385 9.540469872411471 6.2e-13
3.540469870396498 9.538844278724884 5.95e-13
10.540469872747387 8.540469872072293 3.97e-13
9.540469872411546 8.540469872075699 8.1e-13
8.540469872075704 8.540469872075702 1.023e-12
7.540469871739865 8.540469872075695 1.022e-12
6.540469871404026 8.540469872075684 9.93e-13
5.540469871068187 8.540469872075597 9.09e-13
4.540469870732347 8.540469872075553 7.47e-13
10.540469872747368 7.540469871735724 3.18e-13
9.540469872411386 7.540469871739859 7.81e-13
8.540469872075423 7.540469871739858 1.393e-12
7.540469871739494 7.540469871739848 1.148e-12
6.540469871403532 7.540469871739798 5.63e-12
5.540469871067566 7.539835038720525 89.99999999999888
4.540469870731693 7.540469871739664 1.86e-13
10.54046987274738 6.540469871399283 2.63e-13
9.540469872411467 6.540469871404019 7.11e-13
8.540469872075356 6.540469871404018 1.492e-12
7.540469871739417 6.540469871403981 89.99999999999842
6.540469871403477 6.54046987140395 5.634e-12
5.53986304767108 6.5390439898992545 0.003146801817407
10.540469872747385 5.540469871062929 2.58e-13
9.540469872411524 5.540469871068179 6.96e-13
8.540469872075601 5.540469871068178 1.45e-12
7.5404698717397185 5.54000259401421 4.275e-12
6.540469871403852 5.540469871068101 5.875e-12
5.5404698710679945 5.537142068186641 5.927e-12
10.540469872747389 4.540469870726641 7.7e-14
9.540469872411538 4.5404698707323385 6.11e-13
8.54046987207569 4.5404698707323385 1.393e-12
7.540469871739592 4.539495255841845 3.1022e-11
10.540469872747389 3.5404698703904067 1.42e-13
9.540469872411549 3.540469870396496 3.27e-13
10.540469872746971 2.5404698700541575 89.99999999998852
6.509083606433162 4.509083605761447 3.71992974737858
0.5000000001679297 4.521724220055529 7.56e-13
