110 11.020591491192528
1.5804971517817559 9.738360274978955 24.842952598976957
0.6658363944373313 9.325143245292267 24.831009176881896
2.4515472588391054 9.039661016649978 24.84295259902023
1.543727162192086 8.619363092943177 24.842952598953172
0.6638979890199188 8.13861314092941 24.84438469640912
1.570218527121864 7.455293473647114 24.842952598731305
2.4493309027331134 7.936661299817555 24.84295259873251
3.35679369694072 8.356793801460277 24.842952598729983
0.6637976479245111 7.032910493650851 24.84295259873006
2.478112216437802 6.772521666316934 24.842952598723127
3.356793696941614 7.254820201890431 24.842952598722853
0.6637976479244774 5.930936894083152 24.84295259872304
1.5712604421330623 6.35106939572369 24.842952598723166
3.3537914926089316 6.074046368631878 24.852909307654382
1.538044399497457 5.233717601108066 24.84295259874976
2.4455636924988013 5.653788178441422 24.842850140900868
1.6582947843271056 4.183228695310127 23.586428159609042
2.568794849302206 4.597005644083046 23.58642815960909
3.477827128358506 5.0141443505335594 23.58642815960879
3.856459703448272 4.075934547686299 24.471353665841956
2.946060372635597 3.6622034452214987 24.471353665842088
9.738088742107731 1.5986996498473065 66.21069910412302
9.356666174976532 0.5000000104518891 89.99999999999899
9.024466375141966 2.460243187215954 63.5575104327049
8.5791670644943 1.5648613883475524 63.55751043270426
8.132136575239652 0.6703405547579662 63.55751043270442
7.457921094724428 1.560348157650008 63.55751043270143
7.904951583979075 2.4548689912396067 63.55751043270181
8.350250894626715 3.3502507901080336 63.55751043270242
7.001815665258456 0.6703405547579804 63.557510432701406
6.750762809485954 2.3849178552159382 63.2944466336397
7.201037375758908 3.308284115365913 63.50458020491465
5.676897982558804 0.6768978780127028 61.80819662148371
6.28665055480109 1.4846596707516113 61.80819662142695
6.0110860665816475 3.508164094435293 88.55763683318101
5.500000114970842 2.508244987092781 89.99999999998957
0.5000000104519469 10.520591480740613 1.876e-12
10.52059148074061 0.5000000104519566 89.9999999999978
0.5000000104533413 0.5015784165188029 89.99999999999173
1.5000000313610098 0.5000000104528199 89.99999999989477
2.500000052269298 0.5000000104518882 89.99999999999929
3.500000073187334 0.5022003046525736 89.99999999873033
0.5000000104589155 1.5046743931759563 89.99999999971807
1.5000000313759916 1.5000000313608641 89.99999999941174
2.500000052290402 1.5000000313556807 89.99999999999663
0.5000000104519007 2.508677117467652 89.99999999999801
1.5000000313556923 2.5079697671819376 89.99999999999604
0.5802040360509739 3.513933860539362 89.9861537383124
10.520184354716035 10.520591480740642 89.99999999999933
9.518824174475164 10.520591480740611 89.99999999999602
8.517483489574333 10.520591480740597 89.99999999999469
7.516223119256663 10.520591480740553 89.99999999999447
6.514980440392159 10.520591480740578 89.9999999999945
5.51373010477946 10.52059148074057 89.99999999999203
4.512455458653138 10.520591480740604 89.99999999999551
3.508569105537128 10.520591480740595 1.278e-12
2.50535580877341 10.518450027809177 0.011400033792555
10.52018306487549 9.52059145983687 89.99999999999869
9.518675421721763 9.520591459836806 89.99999999999201
8.517435925538697 9.520591459836771 89.99999999998934
7.5162120441966795 9.520591459836625 89.9999999999887
6.514988893339277 9.520591459836709 89.99999999998879
5.513752865203745 9.520591459836712 89.99999999998383
4.512491370455652 9.520591459836789 89.99999999999106
3.5116915312756403 9.520591459836734 2.515e-12
10.520591480740556 8.520591438933097 89.99999999999801
9.520591459836554 8.520591438932989 89.99999999998684
8.520591438932648 8.520591438932929 89.9999999999824
7.5205914180287685 8.520591438932593 89.9999999999779
6.520591397124926 8.52059143893278 89.99999999997826
5.520591376221089 8.52059143893288 89.99999999998006
4.520591355317232 8.520591438932968 89.99999999998607
10.520591480740588 7.520591418029326 89.99999999999743
9.520591459836615 7.5205914180292055 89.99999999998525
8.520591438932705 7.520591418029137 89.99999999998111
7.520591418028708 7.5205914180285145 89.99999999996584
6.52059139712479 7.5205914180288564 89.99999999996872
5.520591376220801 7.520591418029063 89.99999999997685
4.5175985331757476 7.520591418029162 89.99999999998239
10.520591480740617 6.520591397125554 89.99999999999686
9.520591459836734 6.520591397125427 89.99999999998435
8.520591438932929 6.520591397125353 89.99999999998083
7.520591418029136 6.520591397124202 89.99999999997866
6.520591397125356 6.520591397124926 89.99999999997796
5.520591376221576 6.5205913971252585 89.99999999997821
10.520591480740617 5.520591376221781 89.99999999999639
9.520591459836744 5.52059137622165 89.99999999998377
8.520591438932957 5.520591376221571 89.99999999998094
7.520591418029191 5.516041535221001 89.99999999998069
6.520591397125428 5.52059137622043 89.9999999999805
5.520591376221663 5.520591376221445 89.9999999999803
10.520591480740599 4.520591355318009 89.99999999999604
9.520591459836679 4.520591355317875 89.99999999998327
8.52059143893271 4.520591355317662 89.99999999996538
7.520591418028749 4.4636615254985585 89.99999999995387
10.520591480740606 3.5205913344142354 89.99999999999574
9.520591459836716 3.520591334414102 89.9999999999831
10.520591480740602 2.5205913135104625 89.9999999999955
4.520591355317797 6.520591397125355 89.99999999997868
4.520591355317899 5.520591376221566 89.99999999998047
6.520591397124872 4.5121097553822755 89.99999999994236
0.5000000104518803 4.582692627048595 89.99999999999984
4.500000094093454 0.501817167081084 89.99999999872362
4.507943440192999 1.5056998139341466 89.95380979861655
3.50421521128887 1.506616425769142 89.99426373408284
3.500000073163281 2.586113021040968 89.99999999999238
4.500000094067058 2.512014998785121 89.99999999999062
2.500000052259483 2.500000052259472 89.9999999999941
5.520591376220989 4.520591355317271 89.99999999993506
5.011084043808641 3.5206722479747437 88.5576368331811
