110 11.013138046493685
1.5955389950249264 9.68353040576936 18.308355357754717
0.6027430061061612 9.372148172258969 13.474477713069424
2.527069526707812 8.895929188894103 13.4744777130509
1.575216817802262 8.576855046667026 13.47447771304085
0.6027430061058814 8.343842846202122 13.474477713030787
1.4542928184977297 7.457471230601404 6.053051588116042
2.4425080689021716 7.689255137551433 5.402179367987179
0.5000000000003526 6.500000000011277 2.8856e-11
2.5366542508097862 6.693696753129959 5.402179354694941
3.509738227653705 7.025500845257013 5.402179354699962
0.502294255130324 5.5000000000100515 3.9591e-11
1.5499369772297182 6.462006808242117 6.053051588114764
3.416741846089378 5.74690854999118 6.053051587791987
1.5000000000016263 4.5000000000051035 1.22412e-10
2.4320222313592974 5.549936977233925 6.05305158794751
3.500000000006887 2.5000000000100777 6.44061e-10
3.500000000008291 1.5000000000049019 2.03434e-10
9.780175503415844 1.4603609853166644 33.61009426277511
9.089349233669784 0.6931810077262872 33.610094262207014
9.241833769352358 2.310800903263916 33.56620007628058
8.535810950521407 1.5260047400331151 33.61009426219748
7.888614959161622 0.6931810077261362 33.61009426224996
7.276592821512867 1.4871333064302483 33.610094262263225
7.9237888128730845 2.3199570387390533 33.61009426218688
6.500000000050492 0.5000000000028662 4.8986e-11
6.490458988192374 2.1653618506843157 33.610094262214574
5.500000000046326 0.5000000000022657 3.6607e-11
5.5000000000121 1.5000000000074962 2.13206e-10
3.4682857636557305 8.026042274593154 5.40217935476552
4.524196295380962 3.8313332509018334 6.933952444116843
8.5131380464926 3.5131380464664543 3.2117e-11
4.500000000041554 0.5000000000011777 89.99999999997823
4.500000000010159 1.5000000000062164 2.16287e-10
4.500000000008006 2.5000000000125597 7.29472e-10
3.5000000000067555 3.5000000000118394 6.56968e-10
2.500000000005591 2.500000000007983 5.39103e-10
2.5000000000058313 3.500000000009733 5.84805e-10
0.500000000001271 10.513138046493054 3.6787e-11
10.510370231864586 0.5030701381670157 89.98280009969643
0.5000000000071072 0.5000000000005693 89.99999999996508
1.5000000000213038 0.5000000000005231 89.9999999999886
2.5000000000297575 0.5000000000006652 89.99999999999032
3.500000000036201 0.500000000000882 89.99999999998492
0.5000000000012266 1.5000000000016787 89.99999999995372
1.5000000000041327 1.5000000000023785 5.8193e-11
2.5000000000066676 1.5000000000038698 1.73396e-10
0.5000000000002807 2.500000000004367 1.5548e-11
1.5000000000012523 2.5000000000034115 8.5646e-11
0.5000000000005311 3.500000000006904 4.6487e-11
10.513138046493399 10.5131380464924 1.4058e-11
9.51313804649286 10.513138046492113 3.356e-11
8.513138046492328 10.513138046492426 5.132e-11
7.513138046491805 10.513138046492294 6.6607e-11
6.513138046491289 10.513138046492195 8.0192e-11
5.513138046490773 10.513138046492013 9.2484e-11
4.513138046490255 10.5131380464924 1.0381e-10
3.513138046489735 10.513138046492404 1.13914e-10
2.513138046489223 10.513138046492283 1.22779e-10
10.513138046491793 9.513138046485517 2.02263e-10
9.513138046490473 9.513138046486203 3.18011e-10
8.513138046489379 9.513138046487228 4.07951e-10
8.51313804648471 8.513138046483618 5.82645e-10
8.513138046488123 7.513138046481028 5.73098e-10
5.513138046487686 9.513138046486068 4.9522e-10
4.513138046487258 9.513138046487843 5.08876e-10
3.5131380464868553 9.513138046488093 5.19652e-10
10.513138046491047 8.513138046481593 2.44839e-10
9.51313804648745 8.513138046483036 4.70378e-10
7.513138046488703 9.51313804648677 4.49719e-10
7.513138046482051 8.513138046482778 6.56726e-10
7.513138046487242 7.513138046479991 6.47944e-10
7.507437136087855 6.513138046472866 8.4157e-11
4.507161280720698 8.513138046485174 6.94162e-10
10.513138046491893 7.513138046478708 1.93879e-10
9.513138046489313 7.513138046480744 4.6286e-10
6.5131380464881605 9.513138046486578 4.76402e-10
6.513138046479037 8.51313804648234 7.1945e-10
6.513138046486537 7.513138046479643 7.02784e-10
6.505895821263228 6.513138046472644 1.41611e-10
4.513138046485549 7.5131380464836806 7.64288e-10
10.512155123819445 6.513138046476223 1.34759e-10
9.510151468928877 6.513138046477355 2.92601e-10
8.508779806049805 6.513138046474859 9.9734e-11
5.513138046473862 8.513138046479975 9.23988e-10
5.513138046485952 7.513138046475818 7.43949e-10
5.5131380464886 5.5131380464658175 3.11002e-10
10.513138046493275 5.513138046471748 2.3348e-11
9.513138046492601 5.513138046471708 4.4002e-11
8.513138046491886 5.513138046471326 7.0202e-11
7.513138046490875 5.513138046467486 1.31682e-10
6.513138046489958 5.513138046466763 1.95929e-10
5.483068502131048 4.230098742115686 6.933952444123257
10.513138046493445 4.513138046465692 89.99999999999056
9.51313804649301 4.513138046460178 89.99999999998224
8.513138046492585 4.513138046468479 89.99999999997965
7.51313804649197 4.5131380464579625 89.99999999999203
10.513138046493516 3.5131380464609654 3.823e-12
9.51313804649304 3.513138046456033 2.0265e-11
10.513138046491932 2.513138046455604 1.60302e-10
4.4458762654921955 6.11869684810094 6.933952444064334
4.496760067528564 5.117517148945491 6.933952444016294
6.51313804649137 4.5131380464627044 2.7001e-11
0.5000000000006102 4.500000000008626 5.1369e-11
5.503766631323426 6.513138046470226 4.89862e-10
7.513138046491602 3.513138046453681 1.04419e-10
5.511506757718362 2.935675473664053 6.933952443798375
6.469376936735632 3.342680335284272 6.933952443802782
1.500000000001556 3.500000000004396 1.28651e-10
3.5367738444353454 4.727911876523833 6.933952443996088
2.500000000003025 4.500000000016108 2.40571e-10
