110 11.042311342859959
1.6202995338084074 9.749637824474249 21.54280626643868
0.6054094718549061 9.429227640876407 13.890149923219337
2.53734156099608 8.988488225704213 16.158365414446656
1.5931046304865193 8.654078118300085 16.158365414445218
0.6011514504521047 8.395072490515611 13.228697435615823
1.577807069488534 7.5986604158041455 13.491193959208394
2.542441268441208 7.864349331894282 13.49119395921109
3.4903340125831646 8.19981867118646 13.491193959211207
0.5847270198840588 7.352720985231425 10.784538928732339
2.5365235610567645 6.776587138717862 10.784538928715055
3.5037751766621876 7.042904015496822 10.784538928715142
0.5847270198839327 6.334741184346364 10.784538928714468
1.5670648156075773 6.521857428390717 10.78453892871476
4.4470038059796995 6.204228683273624 11.368926457482646
1.4184048512117133 5.47556079565967 10.784538928715945
2.4030157712778664 5.6507434100429945 10.784538928767605
1.591514941166158 3.4725752991099226 10.784538928714168
1.5847270367301656 4.489262136222182 10.784538928713964
3.4184256980472387 5.949530315068109 17.90106913157062
2.873341009536934 3.5059460179534 66.43695508018978
3.188598756000553 1.6803324497633452 66.37385741598177
9.755154935951694 1.573024552402305 65.34745990960933
9.337627888605013 0.6634086995999295 65.24830672520444
9.070168104230044 2.477342763827103 64.9430909455819
8.651365593078063 1.56539273224806 65.34745990963054
8.210375664360399 0.6619566996404593 65.74939586105172
7.515458379397347 1.5774449747246808 65.74982504337191
7.963494351029661 2.4723967635196558 65.74982502397783
8.381070084868758 3.3810700006343075 65.74982502398684
7.107558755719291 0.6584735460996338 66.3738572680814
6.819666473411675 2.489931464168636 66.37385741689862
7.271352874802638 3.3838376795049947 66.37385741689899
6.01607012202722 0.658473545430259 66.37385741689852
6.416837232261669 1.5746535260647594 66.37385741689856
6.141071921548995 3.4323381078139734 64.34675477042462
5.327198976760631 1.578883608992585 66.37385741626554
5.720815664542341 2.50502152714065 65.98226536615375
4.185684003795967 1.464520101639426 66.37385741598314
4.571064946667952 2.387430497679978 66.37385741598067
4.970917593833512 3.3040104941843706 66.37385741597821
3.579568360158208 2.624230369022203 65.9954969831341
3.569661949358822 4.757135622644422 10.784538928715662
2.569337956796159 4.664444750602694 10.784538928714543
4.925084026587435 0.6596223770503125 66.37385741598338
6.542311267051803 4.542311233358269 1.3608e-11
0.5000000084231422 10.542311334436835 9.62e-13
10.542311334436778 0.5000000084232479 89.9999999999963
0.5000000084231617 0.5000000084243945 89.99999999999937
1.5000000252694834 0.5000000084231333 89.99999999999864
2.500000042115827 0.5000000084231493 3.34e-12
3.500000058962168 0.5000000084231342 89.99999999999902
0.5023011052132604 1.500000025273513 8.329e-11
1.507013419562787 1.500000025269408 89.99999999999525
0.5023014215835389 2.500000042121534 5.6373e-11
2.282687496010536 2.5000000421155626 89.99999999999291
0.5022895425036955 3.5000000589695546 2.9442e-11
10.542311334436835 10.54231133236117 1.001e-12
9.54231131759059 10.542311334436576 1.986e-12
8.542311300744345 10.542311334436551 3.133e-12
7.542311283898095 10.542311334436757 4.308e-12
6.542311267051847 10.542311334436771 5.309e-12
5.5423112502056 10.542311334436754 6.181e-12
4.542311233359351 10.542311334436771 6.982e-12
3.5423112165131023 10.54231133443676 7.645e-12
2.5423111996668535 10.54231133443676 8.192e-12
10.542311334436775 9.54231131130424 8.043e-12
9.542311317590435 9.542311317588988 1.971e-11
8.54231130074417 9.542311317589347 2.2922e-11
7.542311283897901 9.542311317590212 2.6404e-11
6.542311267051644 9.542311317590254 2.8663e-11
5.542311250205389 9.542311317590205 3.0568e-11
4.542311233359135 9.542311317590277 3.2163e-11
3.542311216512886 9.542311317590253 3.3526e-11
10.542311334436736 8.542311292508586 1.2415e-11
9.542311317590396 8.542311300742021 2.4971e-11
8.542311300744132 8.542311300742657 2.8623e-11
7.5423112838978845 8.54231130074383 3.0525e-11
6.542311267051637 8.5423113007439 3.2553e-11
5.542311250205388 8.542311300743808 3.4721e-11
4.5423112333591416 8.542311300743965 3.652e-11
10.541219073588415 7.542311273959122 89.99999992443358
9.539018483423174 7.542311283895237 8.384e-12
8.53756178972124 7.542311283895917 1.5149e-11
7.53619330750306 7.542311283897339 1.1212e-11
6.53472104970612 7.54231128389744 1.5504e-11
5.532945449280435 7.5423112838972415 1.0431e-11
4.4575842218986805 7.379792771337007 10.784538928714525
10.542311334436842 6.542311254878985 89.99999999999943
9.542311317590613 6.542311254879752 89.99999999999879
8.542311300744384 6.542311267048633 89.99999999999808
7.5423112838981545 6.542311267049053 89.99999999999736
6.542311267051924 6.542311267050959 89.99999999999665
5.54231125020569 6.542311267050777 89.99999999999541
10.54231133443675 5.542311232816965 9.687e-12
9.542311317590405 5.542311231702634 1.9341e-11
8.542311300744082 5.542311250201974 2.3496e-11
7.542311283897766 5.542311250201899 2.7739e-11
6.542311267051329 5.542311250204535 1.485e-11
5.383837713194302 4.214874349263827 66.37385741597575
10.542311334436818 4.542311210315934 3.373e-12
9.542311317590555 4.542311209810531 6.801e-12
8.542311300744291 4.542311233355457 1.0248e-11
7.542311283898049 4.536764913802028 1.1929e-11
10.542311334436633 3.5210256157177993 89.99999999999433
9.54231131759 3.542311190746712 89.99999999998856
10.539000935886094 2.514324826615617 89.99721372514576
5.542311250204818 5.542311250203834 3.8175e-11
4.505432425997015 5.188724695955336 10.784538928716792
3.993177336720768 3.5697006816775874 66.46539714950835
0.5000000084231306 4.500000075817577 1.994e-12
