110 11.012988718381644
0.6736562503752221 10.339332468006448 27.30609259363476
4.326219882638686 4.320992806850222 58.77511247927452
1.5718928421181655 9.677662216938543 27.306092593731055
0.6776335727014668 9.215980159379072 27.306092593639548
2.4511785074144723 9.006208111220781 27.306092593729485
1.5624388333900128 8.547375672606346 27.306092593697322
0.6737005279818575 8.08854394057336 27.30609259361979
1.5621955527750462 7.4218443799679426 27.30609259369836
2.450764009703194 7.880588423790942 27.30609259369393
3.339332466631247 8.339332467614113 27.30609259369088
0.6736562503754477 6.963043865015164 27.306092593698704
2.444309938526308 6.751850666691018 27.306092593715668
3.334102339843432 7.211226600149377 27.30609259366008
0.6739795036857883 5.8155055021286115 27.308953372392576
1.5545968299984647 6.292442278693386 27.309916676174257
3.3293753836362443 6.0833805061480195 27.306092593685452
1.5587902646140086 5.1445401724795365 27.30991646258969
2.437290217168565 5.622783324460068 27.309916676081183
1.6178467195440227 3.8932172834136773 27.30808716881853
2.4438379465024704 4.473160513699408 27.308087168835453
3.3211488628876666 4.95370809249934 27.308087168841425
3.286604781014636 3.7712508204329227 31.45244588372785
3.2692581426092078 2.518029545043118 31.45244588368305
2.4648588197726533 3.19824278749357 31.452445883726508
9.793515512919967 1.5558439526074306 54.755882726749896
9.267529492665448 0.6958796291677025 55.38191551591032
9.09983833549292 2.3893561103766454 60.49769535441541
8.578387131110093 1.5354250056111578 60.49769535441511
8.057106778467539 0.6813972285091854 60.49769535441512
7.366544512693547 1.4915747799418178 60.49769535441377
7.900248012526934 2.3889547525747665 55.22290491168548
6.767766422096601 0.6813972285091943 60.49769535441741
6.67868074438419 2.3378488692887345 62.294001272957516
6.077773863090297 1.5239090461448108 62.294001272957644
0.5000000039306176 4.6369253343839265 2.55727576e-07
5.269557254121665 2.502473350170335 88.78199011077966
10.512988718284046 0.5000000000976019 89.99999999999987
0.5000000000976002 0.500000000097808 1.56e-13
1.5000000002928013 0.5000000000978098 3.5e-13
2.5000000004880056 0.5000000000976073 5.15e-13
3.50000000068321 0.5000000000976286 3.84e-13
0.5000000000976081 1.500000000294242 1.293e-12
1.5000000002928164 1.500000000293653 2.464e-12
2.5000000004880216 1.5000000002928404 3.354e-12
0.5000000000978018 2.5000000004901066 1.6641e-11
1.5000000002932952 2.500000000489323 3.2261e-11
0.5000000000977387 3.500000000685753 1.0068e-11
10.512988718283621 10.51298871828402 89.99999999999754
9.512988718086676 10.51298871828404 89.99999999999946
8.512988717889545 10.512988718283905 89.99999999998946
7.51298871769202 10.512988718284038 5.7e-14
6.512246791443628 10.512988718284046 3e-13
5.511368857336056 10.512988718284044 1.14e-13
4.510444690591614 10.512239890114579 0.046487017563223
3.495469516057484 10.51298871828365 5.663e-12
2.4880237894367943 10.484928362373848 0.012421845568198
10.512988718283726 9.512988718088788 89.99999999999511
9.512988718086756 9.512988718088838 89.99999999999893
8.51298871788969 9.512988718088515 89.99999999998268
7.512988717692506 9.512988718088831 1.47e-13
6.512988717495578 9.512988718088849 5.83e-13
5.511604075177165 9.512988718088847 2.15e-13
4.511014603164857 9.510981990381183 0.003013211437832
3.510544627442769 9.51298871808767 1.1325e-11
10.51298871828381 8.512988717893558 89.99999999999292
9.512988718086458 8.512988717893633 89.99999999999838
8.51298871789003 8.51298871789315 89.99999999997948
7.512988717693178 8.512988717893622 2.13e-13
6.512988717496156 8.512988717893654 8.38e-13
5.512988717299839 8.51298871789365 3.41e-13
4.512988717104092 8.510167139899448 3.8244e-11
10.512988718283864 7.51298871769833 89.99999999999082
9.512988718087787 7.512988717698429 89.99999999999777
8.512988717892151 7.5129887176977865 89.99999999997756
7.512988717693636 7.512988717698415 2.75e-13
6.512988717496512 7.512988717698457 1.032e-12
5.512988717299928 7.5129887176984536 4.36e-13
4.507115550269331 7.50933095801142 89.96539860182145
10.512988718283882 6.512988717503098 89.9999999999884
9.51298871808804 6.512988717503223 89.9999999999971
8.512988717892439 6.5129887175024495 89.99999999997553
7.512988717696537 6.512988717503207 2.84e-13
6.512988717496301 6.512988717503261 1.236e-12
5.509784273317515 5.512988717308058 7.24e-13
10.512988718283863 5.51298871730786 89.99999999998522
9.512988718088124 5.512988717308017 89.99999999999643
8.512988717892537 5.512988717307122 89.99999999997232
7.51298871769675 5.512988717307999 2.13e-13
6.512988717501191 5.512988717308065 1.442e-12
5.512988717305936 4.512988717112861 8.72e-13
10.51298871828379 4.512988717112605 89.99999999998005
9.512988718088076 4.512988717112813 89.99999999999582
8.512988717892451 4.512988717111799 89.99999999996788
7.512988717696765 4.5129887171127905 5.7e-14
10.512988718284024 3.512988716917037 89.99999999999761
9.512988718088803 3.512988716917608 89.99999999999532
10.5129887182839 2.51298871672156 7.82e-13
4.508212322211749 6.508531466173029 89.93582885856887
4.50643809621301 5.507832641391111 89.92368367384219
6.512988717501276 4.51298871711287 1.469e-12
3.88057237789257 1.500000024021248 2.3333797e-08
5.510189839037762 6.512988717503256 5.73e-13
8.378214957540724 3.5129887169165483 89.99999999995961
7.224859394542228 3.512988716917577 1.066e-12
5.500000001073619 0.5000000000975984 89.9999999999998
5.224859394151824 3.512988716917647 1.755e-12
4.500000000878414 0.5000000001038867 5.8e-14
4.8805723806311585 1.500000000313726 89.99999999762227
6.224859394347024 3.5129887169176657 1.833e-12
4.091004098638469 3.091037586504564 31.452445883682145
