110 11.043376841267131
1.6125132533527182 9.786281934620703 26.054554773412516
0.6827735585035901 9.368581517939928 26.38098519136733
2.477246608764882 9.079421344704217 24.544639959877983
1.572095907673873 8.654193145969233 24.544639959890162
0.6625200335179429 8.23865508451452 24.54463995988873
1.5615726907586596 7.549889813980734 24.553190618380423
2.471218398205475 7.965454572002676 24.544639959905187
3.3808563579975597 8.380856679252286 24.54463995956286
0.662556905216686 7.111236672889929 24.553190618374995
2.4044247190152577 6.835531437889877 24.553190618368994
3.317462896695904 7.252568337939229 24.544639959867794
0.6696848283891503 5.786019491454114 26.012205144199655
1.4917307662866541 6.3890991088457465 26.071789779222414
3.317051884210895 6.153004841596876 24.54851675924523
0.6688705615027226 4.668870819851628 26.071789768555373
1.568969259733925 5.104577454819208 26.0717897736315
2.384693450461504 5.712728743275782 26.071789778716166
1.5000000963717035 3.561797129482535 6.16e-13
2.4318939226271907 4.405414482815418 27.667616579676093
3.262622140335788 5.021582389960294 25.302851632775177
3.537286339817051 3.787506038497866 20.70334903282371
2.6444766147492142 3.321222529396858 20.70334903282195
3.3675476462092697 2.4966094166510637 17.520592759937287
9.783413480739476 1.6135576469282151 64.34186701027929
9.363099142538655 0.6752867292136884 65.99391777819459
9.07571938034226 2.4813001572529236 65.92748233766422
8.655356285189818 1.5735684890728314 65.9560343357338
8.247918730144447 0.6603353480423184 65.9560343357436
7.555320680606562 1.5623057993087852 65.95603433586012
7.962758235652272 2.4755389403387786 65.95603433586012
8.383041364729774 3.383041043490866 65.95603433586056
7.122638859289216 0.6603353480417349 65.95603433586017
6.869115974632273 2.478606332822879 65.95603433574256
7.276553529678171 3.391839473853127 65.95603433577735
6.010015227031484 0.664105893543022 65.08444781414751
6.434119559819103 1.5697246493697583 65.08444781414744
6.173348286193591 3.3734723407972784 65.95603433577658
4.850392420052329 0.6655767703364113 64.73445972215534
5.319055211982292 1.5501652258545384 64.73445972060792
5.744431019782413 2.458576418920751 64.91531327292704
4.3752537138855425 4.398899969526775 20.703349032823567
6.519730296508773 4.543376423652571 2.94264e-10
5.519730232260768 4.535254876493147 3.16005e-10
2.50000016061949 1.500000096371811 1.61e-12
0.5000000321246558 10.543376809142813 1.9402e-11
10.54337680914323 0.5000000321239142 89.99999999999937
0.5016356576926775 0.5000000322922391 89.99999999076573
1.504921426517769 0.5000000321281384 89.99999999951561
2.5079729887504634 0.5000000321239373 8.1e-13
3.5116480162202843 0.5000000321239275 89.99999999999709
1.5380172680129482 2.5397360520281222 1.425852634055669
0.5000000321238991 1.5000000969921023 5.31e-13
0.5057172325269761 2.500000161667256 89.99999999997931
1.5000000963716946 1.5000000970747607 1.062e-12
0.5000000321239018 3.500000226105483 3.05e-13
10.54337680914243 10.543376809143066 5.414e-12
9.543376744891496 10.543376809143187 89.99999999999633
8.5433766806405 10.543376809143215 89.99999999999731
7.543376616389484 10.543376809143211 89.99999999999709
6.543376552138884 10.543376809142806 3.9904e-11
5.543376487888493 10.543376809142575 4.0401e-11
4.543376423638112 10.543376809143236 1.85e-13
3.543376359343541 10.543376809142622 5.4754e-11
2.5433762950720755 10.54337680914206 5.6133e-11
10.54337680914264 9.54337674489496 7.347e-12
9.543376744891415 9.54337674489532 89.99999999999272
8.543376680640305 9.5433767448954 89.99999999999434
7.543376616389434 9.54337674489539 89.99999999999403
6.543376552139085 9.543376744894381 8.6288e-11
5.543376487889774 9.543376744893516 9.8566e-11
4.543376423639282 9.543376744895445 4.26e-13
3.5433763593900807 9.54337674489397 1.09523e-10
10.543376809142593 8.543376680646857 6.978e-12
9.543376744891123 8.543376680647457 89.99999999998958
8.543376680639792 8.543376680647592 89.9999999999914
7.543376616388688 8.543376680647569 89.99999999999115
6.543376552137495 8.543376680646046 1.21887e-10
5.543376487888946 8.543376680643647 8.8107e-11
4.543376423639773 8.543376680647654 5.79e-13
10.543376809142494 7.543376616398751 4.704e-12
9.54337674489048 7.543376616399597 89.99999999998685
8.5433766806383 7.5433766163997795 89.99999999998862
7.543376616386896 7.543376616399751 89.99999999998846
6.532910578952654 7.543376616397017 2.39353e-10
5.5272151966891 7.54068429586582 0.000399881593978
4.467022182311017 7.543376616399863 8.81e-13
10.543376809142298 6.543376552150641 7.96e-13
9.543376744888796 6.543376552151739 89.99999999998454
8.543376680635863 6.543376552151972 89.99999999998603
7.536385925137823 6.543376552151939 89.99999999998613
6.530947739538842 6.543376552148887 2.57003e-10
5.524415305589109 6.538899497108158 89.98754768443449
10.543376809141659 5.543376487902525 89.99999999999537
9.543376744886167 5.543376487903884 89.99999999998276
8.539382958099274 5.543376487904168 89.99999999998396
7.535164925663213 5.543376487904126 89.99999999998406
6.529357458065792 5.543376487900757 2.74895e-10
5.516737656494121 5.537121714021947 89.97609819692819
10.54337680914323 4.543376423652976 3.98e-13
9.543376744895296 4.543376423654556 89.99999999998657
8.54337668064744 4.5433764236563565 89.9999999999812
7.543376616399616 4.543376423656309 89.99999999998178
10.543376809143222 3.54337635940343 89.99999999999967
9.543376744895408 3.5433763594063734 89.99999999999943
10.543376809142199 2.5433762951543586 89.99999999996382
4.520008596579399 6.543376552152073 1.204e-12
4.505185980092781 5.543376487904282 1.386e-12
5.066903673204292 3.369931338253561 64.915313272929
3.9553377564170686 1.5000000963717248 89.99999999999756
4.642946266332987 2.4642491373077817 64.91531327292876
