110 11.03369278682724
1.5621767628470096 9.737121845351869 24.0599787250895
0.6604059589860753 9.304011885019115 24.059978725089316
2.4703182587992565 9.04889441432034 25.932592035815603
1.5684358311589182 8.61576465849577 25.988148555251392
0.6685349637557279 8.179663974308673 25.988148555238492
1.5663596058608356 7.498724413966631 25.354417808709982
2.466292402920038 7.93484066311317 25.354417808709982
0.6659462956161866 7.063622204482154 25.35441780870991
2.4685127180490256 6.819818831404038 25.790994039293935
3.369445228302313 7.256473617370179 25.925455703291796
0.6677383750446273 5.949639674226072 25.790994039076384
1.5681255465466126 6.384729252813354 25.79099403907723
3.3530390726386528 6.136610739812891 25.790994039012766
1.5469973881606984 5.2638862716260535 25.79099403907383
2.4498872374723883 5.700185206663743 25.79099403907954
4.162630878638085 3.0045815048962226 27.7904199316246
1.5916389925588978 4.03312849070547 34.20274842096044
2.4935203794052345 4.610636503933772 25.790994039064227
3.397390189234603 5.047408980378711 25.790994039048666
2.3732868278393484 10.373286827841161 24.05997872508777
3.5336927868222636 9.53369278682687 4.121e-12
4.533692786823354 6.523431021957963 6.268e-12
3.740054777796967 1.5834969202809646 75.52505919535032
9.756433125790501 1.5447230808694994 62.087734613871724
9.260310995128016 0.6758922159603475 62.08773461387166
9.094400922436929 2.4318350707559286 61.50749782450317
8.591725968455545 1.5534273338095623 60.107550919125046
8.09995756667596 0.682667962399333 60.10755091914693
7.438273456420844 1.553427333809375 60.10755091913609
7.9366469449105335 2.420389770118684 60.10755091912048
6.946505054641357 0.682667962399341 60.10755091913931
6.658861599362642 2.4148969455390277 73.94206585799425
5.668372884962535 0.6187958412863361 73.9420658579956
6.153138690297043 1.5198625396143486 73.94206585799343
10.357800570866893 2.3578005708652054 62.08773461387218
8.373085404118298 3.3730854041167855 65.89430631498104
3.3677464912094224 8.367746491210571 25.354417808709314
4.279892953645266 4.3173701749103905 41.88325805226131
4.575908036397329 0.5501843059192142 83.91505602895786
4.808121828170083 1.5310956164038458 83.91505602895658
5.30766711315643 2.4835084809062473 83.91505602895637
3.396786651731163 3.804317801121268 41.883258052261
3.1124862099750037 2.623492948014478 41.8832580522541
2.387624850256655 3.316665603459414 41.88325805225148
9.5336927868268 3.533692786822721 89.99999999999206
7.212478021409723 3.5336927868252195 89.99999999999301
0.5000000000003384 10.533692786827014 6.466e-12
10.533692786827075 0.5000000000002167 89.99999999999714
0.5000000000001252 0.5000000000003295 2.88e-13
1.5000000000003757 0.5000000000003322 1.322e-12
2.5000000000009948 0.5000000000001164 1.236e-12
3.5000000000016525 0.500000000000207 89.99999999999005
0.500000000000119 1.5030329693733595 1.025e-12
1.5000000000003553 1.5000000000009983 2.168e-12
2.500000000000589 1.5000000000003455 2.728e-12
0.5000000000002167 2.5053148451886322 5.883e-12
1.5000000000006288 2.5000000000014264 1.1966e-11
0.5014435321832682 3.507825655439076 89.98163933299502
10.533692786827128 10.533692786827132 4.19e-13
9.533692786826867 10.533692786827132 89.99999999999964
8.533692786826636 10.53369278682704 89.99999999999957
7.53369278682641 10.53369278682711 8.67e-13
6.533692786826183 10.533692786827118 1.776e-12
5.5336927868259576 10.533692786827118 2.428e-12
4.53369278682573 10.533692786827103 3.112e-12
3.5336927868255037 10.5336927868271 3.723e-12
10.533692786827128 9.533692786826915 2.68e-13
9.533692786826885 9.533692786826911 1.71e-13
8.533692786826624 9.533692786826629 3.619e-12
7.533692786826342 9.533692786826792 7.83e-12
6.533692786826066 9.533692786826865 5.888e-12
5.533692786825432 9.533692786826876 6.341e-12
4.533692786823222 9.533692786826625 2.9857e-11
10.533692786827114 8.533692786826698 3.98e-13
9.53369278682685 8.533692786825217 2.757e-12
8.533692786826615 8.533692786826334 3.88e-12
7.533692786826373 8.533692786826522 5.95e-12
6.533692786826149 8.53369278682664 5.898e-12
5.533692786825924 8.533692786826661 6.897e-12
4.533692786825462 8.533692786826332 3.5769e-11
10.533692786827103 7.533692786826472 89.99999999999805
9.53369278682643 7.533692786824532 9.649e-12
8.533692786825835 7.533692786826063 2.117e-12
7.533692786825119 7.533692786826238 1.837e-12
6.533692786824474 7.533692786826391 2.643e-12
5.533692786823809 7.533692786826448 6.381e-12
4.533692786823234 7.533692786825881 3.0795e-11
10.533692786827036 6.533692786826258 89.99999999999696
9.533692786826435 6.533692786824002 3.042e-12
8.533692786825874 6.5336927868257835 89.99999999999801
7.533692786825131 6.533692786825949 89.99999999999568
6.53369278682448 6.533692786826155 4.69e-13
5.533692786823762 5.533692786826017 4.495e-12
10.533692786827018 5.533692786826043 89.99999999999596
9.533692786826355 5.533692786823505 89.9999999999915
8.53369278682575 5.533692786825479 89.99999999999098
7.533692786824907 5.53369278682568 89.99999999999227
6.533692786824146 5.533692786825926 89.99999999999902
5.526188658667595 4.5336927868257995 3.252e-12
10.533692786826968 4.53369278682583 89.99999999999507
9.533692786825995 4.5336927868231 89.99999999998865
8.533692786825316 4.533692786825127 89.9999999999788
7.533692786824544 4.533692786825426 89.99999999999085
10.533692786827071 3.5336927868256156 89.99999999999417
4.5239508102784765 5.523431021957713 4.789e-12
6.529464062070913 4.533692786825695 89.99999999999739
0.5012027461419786 4.739425840183802 0.032727423465915
5.533692786823973 6.533692786826235 5.708e-12
5.212478021409277 3.533692786825548 89.99999999999451
6.212478021409495 3.5336927868254886 89.99999999999449
