110 11.000297260796902
1.571385986170489 9.742476838991347 28.618217207870927
0.6784008597528803 9.291279962861559 28.61821720786021
2.4411959235926792 9.030647944632344 23.642945451964277
1.5473086575246544 8.578958833832306 23.642945451964973
0.6585490824396905 8.115556840463222 23.64294545196459
1.5492452645729458 7.415140391558431 26.807872015717983
2.4360113810477633 7.877535072728911 26.807872015715812
3.328535243841269 8.328535243842675 26.807872015713013
0.6717620169535943 6.934375025631413 26.80787201571816
2.439814446357361 6.744574388107427 27.56217431266304
3.3324264646124626 7.2100832893562545 26.807872015748597
0.6745982490298452 5.80303483495811 27.545298933361643
1.562448717819601 6.2638703609173145 27.56217431266355
3.3256871987912104 6.0789332302563155 27.562174312663387
0.500000000000199 3.5000000000009193 4.74e-13
0.6746100620035689 4.674610062004639 27.562174312658943
2.4485163365243174 5.598330912939673 27.562174312663963
1.562007090370324 5.1356200350861645 27.56217431266124
2.4469727604964286 4.469505428307503 27.562174312803165
3.3521489452042883 4.94131110099763 29.9930004080434
3.556092665048198 3.593150556853695 50.20367021017006
2.3988755642039576 3.316381419329444 27.562174312877943
4.290158869371647 4.283162670512454 50.203670210069774
9.707823632283997 1.5821549857711394 66.54798876064385
8.988861467178873 2.4409076998437618 62.16372644174776
8.521914898287168 1.5566221680155183 62.16372644174604
8.048757900415447 0.6756160503573652 62.1637264417458
7.383229490015328 1.55719807557168 61.86601627828228
7.857734641544081 2.4403956785961443 62.16372644093719
8.324681210436143 3.324681210425455 62.163726441045256
6.909187633537416 0.6766911764732333 61.86601627834841
6.721470215381331 2.4403336490612046 61.86601627827271
7.193824757385176 3.324681210410526 62.16372644104831
5.775893346513424 0.677979409235383 61.8660162928848
6.247428358900374 1.5598267499635141 61.86601627834075
6.058685286370862 3.3218346277243103 61.88133943579633
4.5992021700917505 0.5000000000002576 89.99999999998929
5.108931628829298 1.5617113908789468 61.88133943581862
5.584643054538636 2.4413270266627456 61.881339435805096
3.9039158354140806 1.6427396703160437 58.79967564727132
4.465601672848553 2.4906925482922437 60.696658441748
4.939714355434933 3.371331988525017 60.696658441797744
3.2608328821865484 2.535787989838047 51.61147908582234
2.702404321869281 1.7024043218680922 51.611479085849304
3.5000000000032587 0.500000000000334 89.99999999998506
5.49247095476553 4.493775113138447 0.752344086904756
4.500297260791027 6.487355175376643 1.878e-11
4.50029726079487 5.487355175376022 89.99999999999473
0.5000000000004414 10.5002972607966 8.114e-12
10.500297260796433 0.5000000000008145 89.99999999998015
0.5000000000005311 0.5000000000001306 89.99999999999976
1.5000000000017222 0.5000000000021307 89.99999999996888
2.50000000000249 0.5000000000005054 89.99999999997691
1.5000000000021396 2.5000000000084017 4.248e-11
0.5000000000004112 1.5000000000003926 89.99999999999984
0.5000000000003961 2.5000000000006555 89.99999999999994
1.500000000001763 1.5000000000064508 2.8899e-11
1.5604635143427168 4.0067945504530185 27.562174312794244
10.500297260796742 10.500297260796504 4.457e-12
9.500297260796348 10.500297260796785 89.99999999999943
8.500297260795964 10.500297260796184 3.212e-12
7.500297260795657 10.50029726079623 5.528e-12
6.500297260795352 10.50029726079249 7.484e-12
5.500297260795045 10.500297260796437 9.14e-12
4.5002972607947305 10.500297260796351 1.2226e-11
3.5002972607942735 10.500297260796668 1.4868e-11
2.5002972607937424 10.500297260796486 2.9686e-11
10.50029726079676 9.500297260795719 3.114e-12
9.500297260796422 9.500297260796547 89.9999999999979
8.500297260796124 9.500297260793236 89.99999999999493
7.500297260795865 9.500297260793783 89.99999999999653
6.500297260795475 9.500297260783665 1.2445e-11
5.500297260795161 9.500297260794916 2.1476e-11
4.50029726079492 9.500297260794312 2.2574e-11
3.500297260794678 9.500297260796373 2.332e-11
10.500297260796767 8.500297260795168 1.911e-12
9.500297260796444 8.500297260796309 89.99999999999699
8.500297260796142 8.500297260790905 89.9999999999927
7.500297260795891 8.500297260791267 89.99999999999383
6.500297260795253 8.50029726077982 3.8136e-11
5.500297260794703 8.500297260793651 7.5488e-11
4.500297260794332 8.500297260792582 9.2521e-11
10.500297260796756 7.500297260794703 2.051e-12
9.500297260796401 7.500297260796065 89.99999999999562
8.500297260795573 7.500297260789305 89.99999999993399
7.500297260794678 7.500297260783965 89.99999999986312
6.500297260792407 7.500297260777142 4.872e-12
5.499440947711521 7.500297260792864 5.8222e-11
4.499041049776848 7.499749678578219 0.015020334923634
10.500297260796742 6.50029726079428 3.681e-12
9.500297260796298 6.500297260795822 89.99999999999459
8.500297260795978 6.500297260788125 89.99999999999362
7.500297260795694 6.500297260777439 89.99999999999459
6.500297260795424 6.5002972607751 89.99999999999619
5.500297260791987 6.500297260792283 4.5844e-11
10.500297260796753 5.500297260793888 2.004e-12
9.500297260796366 5.500297260795572 89.99999999999264
8.500297260796007 5.5002972607873515 89.99999999998336
7.500297260795689 5.496925443980378 89.99999999998798
6.500297260795398 5.500297260773331 89.99999999999329
5.500297260795113 5.500297260791407 89.99999999999791
10.50029726079675 4.500297260793518 2.601e-12
9.500297260796263 4.500297260795326 89.99999999999197
8.500297260791331 4.50029726078227 89.9999999994679
7.499814478640161 4.494745997150796 0.002510288690786
10.500297260796724 3.5002972607931455 89.9999999999975
9.500297260796359 3.5002972607950786 89.99999999999169
10.500297260796629 2.500297260792797 89.9999999999942
6.499220416535321 4.500297260737601 3.974075e-09
9.29341904467397 0.5000000000001874 89.99999999999312
