110 11.012972180382361
4.2223877039541735 4.319542190949361 28.76937317140684
1.587906331964473 9.744077785429088 26.08362335311677
0.673974592575167 9.319488318435484 26.53588586468348
2.4469379716828863 9.042152764784225 25.143420053200668
1.5449757921415417 8.61026793544907 25.1434200535404
0.6650664681217471 8.131398025123865 25.14342005349755
1.5411890274361357 7.437502744478648 27.241264988951354
2.4289922881263584 7.920574820199899 26.030369217640263
3.3421762242520807 8.348240928596635 25.063471877950644
0.6734128377278079 6.938370812863633 27.24126498889157
2.4091047713461786 6.757705373763996 29.23353796520317
3.338741570513072 7.242685524578043 25.06347188020711
0.6831678273522712 5.732416612633482 30.029100589141795
1.5365565417165854 6.254851517632976 30.025486711587785
3.28760523087209 6.089171799931197 27.791999077818353
1.540403335666245 5.071957650406512 30.322619831351567
2.395430094476397 5.596234489227175 30.025486711918056
4.097089290205563 3.0929745455125754 30.498627711937505
1.6847649228638786 3.912714732916138 30.55859554113842
2.510684263641257 4.480736514450577 30.558595521726982
3.3834081762448216 4.999711378483658 28.769373171593948
3.3034706280131148 3.7869238021828875 30.59839307324666
3.2705740142677677 2.5258208664502906 30.498627711961664
2.473247859999167 3.216960923911395 30.55859559568961
9.79313495769548 1.556247184657623 54.848419730361876
9.2718534742867 0.6970738232886706 54.95220775310678
9.099558451581286 2.3895514328660545 60.50623552633286
8.578590479950973 1.535340969939857 60.506235526326726
8.057200437907115 0.6813692422702857 60.506235526326506
7.367022407261589 1.4923371869962372 60.50623552632727
7.900714670685793 2.388993500464079 55.31240027882546
6.7696041166302665 0.6813692422703621 60.506235526397795
6.679405184350948 2.3375073770917774 62.205849869428576
6.080006423465856 1.5230380731195012 62.205849869431155
5.272697243978512 2.5021066565946772 88.74123863576155
0.5000001352724519 10.512972045121023 6.37772e-10
10.512972045134921 0.500000135247487 89.99999999999733
0.5000001352474808 0.5007425752011363 3.152e-12
1.5000004057424379 0.5007425913106607 6.324e-12
2.5000006762376232 0.5000001352475403 5.642e-12
3.500000946732905 0.5000001367763858 89.99999999998396
0.5000001352474914 1.5028645339821454 9.31e-12
1.5000004057424388 1.5033376066400086 1.8616e-11
2.5000006762373874 1.5000004057427176 2.8202e-11
0.5027425817375963 2.5040510268918266 0.030173478584004
1.5084186570109908 2.511146839919275 89.99654408033763
0.504015032582533 3.5046679933342486 0.01354523328061
10.512972045115863 10.512972045133912 89.99999999988935
9.51297177455296 10.512972045134838 89.99999999998967
8.512971503995583 10.512972045129471 89.99999999946343
7.512971233445821 10.512972045134727 1.6766e-11
6.51297096290237 10.512972045134875 1.1854e-11
5.512970692349925 10.512972045134815 1.5593e-11
4.51297041753285 10.512972045133017 2.17602e-10
3.5129701449863076 10.512972045121982 8.0354e-10
2.512969872784048 10.512972043692383 4.7096126e-08
10.512972045119124 9.512971774637828 89.99999999977776
9.512971774534396 9.512971774639833 89.99999999997905
8.512971503972189 9.512971774629392 89.99999999913419
7.512971233440603 9.512971774639526 3.395e-11
6.512970962902755 9.512971774639968 2.4096e-11
5.512970692370154 9.512971774639796 3.151e-11
4.512970421846082 9.512971774625404 1.66213e-09
3.5129701513397382 9.512971774604896 1.619536e-09
10.512972045109679 8.51297150414183 89.99999999967615
9.512971774493753 8.512971504144826 89.99999999996828
8.510077873920906 8.512971504130817 89.99999999898554
7.508709676789229 8.512971504144303 4.9747e-11
6.507627966538478 8.512971504144996 4.1302e-11
5.507173883542438 8.512971504144339 8.5848e-11
4.507013248208262 8.512971503967218 2.0328111e-08
10.512972045084826 7.512971233645905 89.99999999958251
9.51135558937803 7.512971233649822 89.99999999995742
8.50996671325398 7.512971233633201 89.99999999885159
7.508487256213073 7.512971233649252 4.8573e-11
6.50747104704863 7.512971233650177 4.3302e-11
5.504123071761508 7.512971233649276 9.8709e-11
4.498415655992842 7.512817492991463 0.017576265498988
10.51265682073974 6.512970963150033 89.99999999949516
9.511134135757052 6.5129709631548165 89.99999999994674
8.509494323356238 6.51297096313561 89.99999999871972
7.508032077654874 6.512970963154203 4.7422e-11
6.505475610962903 6.512970963155354 4.5307e-11
5.500586672512807 5.512970692659512 9.8369e-11
10.512591354828274 5.512970692654165 89.99999999940867
9.510771477504168 5.512970692659811 89.99999999993612
8.508966117277724 5.512970692638039 89.9999999985904
7.506642402438498 5.512970692659151 4.635e-11
6.504948941717325 5.512970692660533 4.7393e-11
5.4920073417261275 4.512970422164623 9.8134e-11
10.512417197180838 4.512970422158304 89.99999999932243
9.510366246493284 4.512970422164806 89.99999999992549
8.50826925336721 4.512970422140494 89.99999999846354
7.50602629371616 4.512970422164101 4.529e-11
10.512972045134513 3.512970151654123 89.99999999995198
9.512971774639237 3.512970151669796 89.99999999991459
10.51297204513209 2.512969881154243 89.99999999999228
4.503911953500506 6.512648525657674 0.037252299274854
4.484589989371467 5.504343583045063 0.026137628010246
6.501836424598622 4.512970422165708 4.9506e-11
0.5000001413748052 4.5052193128268625 89.9999993219094
3.8630470787691458 1.5000004101932696 89.99999996698115
5.504443780099745 6.512970963154398 9.8508e-11
8.377739463603158 3.5129701516467278 89.99999999833781
7.224501606704573 3.5129701516687524 6.0098e-11
5.500001487722895 0.5000001352474461 89.99999999999217
5.22450106571471 3.5129701516691263 7.6156e-11
4.500001217227899 0.5000001353363324 89.99999999998805
4.86304734958288 1.5000004060679037 89.99999996309113
6.224501336209634 3.5129701516705074 6.9246e-11
