110 11.00397733794629
1.5749417943957238 9.746183766166677 28.366517476797398
0.677518224226616 9.303479331822032 28.366517476765946
2.4444291912241995 9.0347934405346 23.693396953091572
1.5467196649280015 8.591934606180763 23.693396953093494
0.6587755799840309 8.126822507819744 23.69339695309247
1.5514845609811174 7.427761907874819 26.258084710409175
2.4375542218974906 7.891949313763699 26.258084710395106
3.334364546611228 8.334364553219425 26.25808471037278
0.6696127820848821 6.955065066591126 26.25808471040956
2.437679483584627 6.749558037746811 27.68266758932326
3.3343645466143292 7.219301562651194 26.258084710366212
0.6750541957081975 5.804316060518951 27.682667589318843
1.5562773675084642 6.277107593746962 27.682667589328926
3.328923132985483 6.087865687596251 27.682667589318473
1.5635471766902724 5.141010616405748 28.05772359822828
2.4447356510821234 5.613783655832077 28.05772359826367
1.5633703393822653 4.006038412440684 28.057723597994404
2.4451387448456243 4.477723406106701 28.057723598690163
3.3289761312410535 4.951693665873403 28.391093585727788
3.3346577259480803 3.8180208042847448 28.391093585724423
2.4532790444751225 3.345597524792903 28.391093585723578
1.677604982871605 2.6776049841931706 28.391093585717897
4.214371167545992 4.293525024623931 28.39109358572528
0.6750541957084755 4.675054200994195 27.68266758934285
9.725736266251097 1.572667618611359 64.16344417205582
9.2920657896028 0.6686785483181987 64.1876367218487
9.032132394688395 2.434814161448186 64.1634441724064
8.59632696256257 1.5347732584082578 64.1634441724015
8.091974682531893 0.6679231675823125 64.16344417240184
7.40699369453762 1.5485672866068922 62.74194867350054
7.916263774803596 2.4248845067751748 64.16344417227471
8.340327817981404 3.3403278113747636 65.19184719548508
6.922090727346138 0.6734758150985165 62.74194867350025
6.740939641116199 2.4401964377596657 61.336148940340834
7.240315469247689 3.34390096840344 65.19184719548618
5.785629426995155 0.6759600467248141 62.06901982855729
6.256248454439289 1.565492371340281 61.3361489403459
6.108055003501801 3.3670837858719276 60.71531979698721
4.675960052008387 0.7177895659915254 62.06901982895941
5.140537877430197 1.610969661349852 61.29049573109481
5.6209068705382315 2.4880361543498397 61.290495726916134
3.983060767406929 1.5793598219627842 61.290495727353544
4.463429760553708 2.4564263148997147 61.29049572732607
4.943798753776304 3.333492807798987 61.29049572690629
3.327241454111254 2.463685962157953 61.29049572885824
2.6787177457134628 1.6787177443742598 61.29049572895969
4.503977329352767 5.5039773306695325 89.99999999974636
4.50397732935642 6.503977331992429 89.9999999996268
5.391976149752943 4.503977329349506 5.7678e-10
5.503977330674356 5.503977330676997 89.99999999978651
6.494595553237687 4.503977329320485 89.99999999941136
0.500000000661398 10.503977337285296 2.3112e-11
10.503977337285704 0.500000000660723 89.99999999999217
0.5000000006606138 0.5000000006607994 5.774e-12
1.5000000019818263 0.5000000006605942 7.905e-12
2.5000000033030427 0.5000000006607612 3.589e-12
3.500000004624264 0.5000000006607257 89.99999999999818
0.5000000006661152 1.5000000019824835 3.0568e-11
1.5000000019983215 1.5000000019819932 3.8874e-11
0.5000000006606502 2.500000003303841 2.2215e-11
0.5000000006700915 3.500000004625182 2.459e-11
10.503977337285498 10.503977337285669 89.99999999998697
6.50397733200032 10.503977337285308 89.99999999998923
7.503977333321478 10.503977337285523 89.9999999999822
8.503977334642677 10.503977337285535 89.99999999997814
9.50397733596396 10.503977337285614 89.99999999997743
5.503977330679192 10.503977337285658 89.99999999999687
4.50397732935806 10.50397733728549 5.443e-12
3.5039773280354036 10.503977337285725 1.2761e-11
2.5039773267134486 10.503977337285063 3.51e-11
10.503977337285553 9.503977335964404 89.99999999996861
6.503977332001082 9.503977335960993 89.99999999992926
7.50397733332213 9.503977335963668 89.99999999992232
8.503977334643153 9.503977335963746 89.9999999999213
9.50397733596419 9.50397733596413 89.99999999992495
5.503977330679989 9.503977335963675 89.9999999999418
4.503977329358588 9.50397733596385 89.99999999998872
3.5039773280372724 9.503977335964695 2.4103e-11
10.503977337285468 8.503977334643162 89.99999999996204
9.503977335963736 8.503977334642784 89.99999999988685
8.503977334642318 8.503977334641885 89.99999999985087
7.503977333321112 8.503977334641784 89.99999999984917
6.503977331999687 8.503977334638646 89.99999999987745
5.503977330677964 8.503977334642045 89.9999999999474
4.503977329356754 8.503977334639291 89.99999999996419
10.503977337285319 7.503977333321842 89.99999999995427
9.503977335963306 7.503977333321705 89.99999999988077
8.503977334641187 7.503977333320174 89.9999999997969
7.503977333319483 7.503977333319952 89.99999999977852
6.503977331997639 7.503977333315868 89.99999999977697
5.503977330675919 7.5039773333193835 89.999999999768
4.50031430346193 7.503977333315882 89.99999999979646
10.503977337285342 6.503977332000389 89.99999999994539
9.50397733596376 6.503977332000661 89.99999999987946
8.503977334641903 6.503977331998758 89.99999999978117
7.503977333320789 6.503977331998639 89.99999999976896
6.503977331999742 6.503977331975806 89.99999999976686
5.503977330678633 6.503977331998229 89.99999999976194
10.503977337285129 5.503977330678607 89.99999999993219
9.503977335963299 5.503977330679622 89.99999999988262
8.503977334640371 5.503977330676967 89.99999999971757
7.503977333318549 5.503977330676904 89.99999999970268
6.503977331996428 5.503977330647889 89.99999999973764
10.503977337285756 4.501017342322008 7.56e-12
9.503977335963395 4.503977329358587 89.99999999988808
8.50397733464021 4.503977329355384 89.9999999996797
7.50397733331865 4.503977329355497 89.99999999967251
10.503977337285361 3.4988666857415534 89.99999999994806
9.503977335963917 3.503977328037562 89.99999999989608
10.502246889112588 2.4966239125771357 89.98378857890808
