110 11.002728012987033
1.5732998464388834 9.74584465124459 28.604038984471167
0.6783514887286417 9.298264281903855 28.60403898445571
2.443480215944603 9.033859720212963 23.60233532624182
1.547904193106656 8.585937079333867 23.602335326242763
0.6583663966480398 8.124195019726717 23.602335326242244
1.5498709153904575 7.423768500899935 26.571941255349554
2.437507329786394 7.884559583645849 26.571941255327474
3.331880734850064 8.331880734851731 26.571941255281217
0.6708472781347918 6.945757041256939 26.57194125534992
2.4375848022734132 6.7494586822556375 27.455437969145496
3.331880734850085 7.213779509636999 26.57194125528904
0.6742141445265357 5.8054608357235 27.455437969141798
1.558925188128692 6.271636361352016 27.45543796915151
3.32851386845374 6.085440629877274 27.455437969149006
1.5635675136232616 5.1357568451767905 27.937927015180172
2.446329105320205 5.605580393998058 27.937927015195665
1.6246806760426602 3.9083208929036637 29.284944183317197
2.458040863499105 4.466724684805701 29.284944183312547
3.3363919346937343 4.944906277792503 29.28494418331068
9.688641275628894 1.5402900275720248 67.03462788613774
9.213728865987536 0.6554577814050324 67.03462788613807
8.987086066823686 2.4401830650051237 61.77639127308039
8.514075206580195 1.5588936873556434 61.77639127306037
8.041952936623868 0.6769925235465548 61.7950653590015
7.379108856379881 1.5588330356381035 61.77639127307594
7.852169804277686 2.4402157340168524 61.77639127306182
8.32523210421337 3.321600951442596 61.77639127310229
6.906665782852739 0.6770289695991556 61.79191850468959
6.718875457626258 2.443270272860551 61.77639127305429
7.192674345851043 3.32602786350114 61.77639127307641
5.771709710718977 0.6774521618163014 61.80032244626612
6.2450730880025915 1.5605061958573194 61.7763912730999
6.040625882275349 3.294140701377909 61.776391273060625
5.091906547376679 1.52653589038536 61.77639127312885
5.566248043809839 2.4103044405847704 61.77639127301592
3.973504115046693 1.6770112642750936 61.776391273029404
4.4962851735433755 2.5313549116593483 61.776391273029745
4.96919903938997 3.4124635743627083 61.77639127302456
6.487777961925608 4.488212174484946 88.31148452261402
4.2758253658521115 4.2962251965386695 47.36827343830022
3.4376822839204535 3.70155664580932 46.34867753214018
2.5087718781963178 3.2056669089436176 46.34867753208856
3.209349531456711 2.4913148225834507 46.34867753210329
0.5000000000002967 4.6312466911966155 1.5226e-11
0.5000000000001856 3.5000000000017026 3.346e-12
4.502728012978181 6.502728012968113 89.99999999921674
4.502728012975422 5.502728012967095 89.99999999919545
5.487228141208652 4.484296854655259 88.31148452314974
0.5000000000005755 10.502728012986653 1.1253e-11
10.50272801298669 0.5000000000005773 89.99999999998657
0.500000000003233 0.500000000000238 4.41e-13
1.5000000000159552 0.5000000000010294 89.9999999999462
2.5037125728349254 0.5000000000013181 3.9833e-11
3.506697248782241 0.5024852743714252 0.000186829295248
0.5000000000033236 1.500000000000714 2e-13
1.5000000000161142 1.5000000000027338 89.9999999999108
2.500000000021587 1.500000000003853 7.9666e-11
0.5000000000007594 2.5000000000012066 3.69e-13
1.5000000000032028 2.500000000004452 89.99999999987314
10.502728012986843 10.502728012986912 89.99999999999807
9.50272801298645 10.50272801290341 89.99999999999335
8.502728012986129 10.502728012936924 89.99999999999676
7.5027280129858065 10.502728012925624 1.85e-13
6.5027280129854415 10.502728012985258 3.737e-12
5.502728012985072 10.502728012985806 8.242e-12
4.502728012984695 10.502728012985541 1.3756e-11
3.502728012984118 10.502728012986749 1.9526e-11
2.50272801298344 10.502728012986495 4.0671e-11
10.50272801298687 9.502728012986685 89.99999999999636
9.502728012986454 9.502728012489799 7.071e-12
8.502728012986132 9.502728012625845 1.3461e-11
7.502728012985808 9.502728012718697 1.9869e-11
6.502728012985484 9.502728012973545 2.6259e-11
5.5027280129852105 9.50272801298015 2.7787e-11
4.502728012984936 9.50272801297992 2.9613e-11
3.5027280129846616 9.502728012986397 3.125e-11
10.502728012986827 8.50272801298643 89.99999999999136
9.502728012986317 8.501948946176128 6.153e-12
8.502728012985934 8.502728012338544 1.5592e-11
7.502728012985549 8.502728012478883 2.5152e-11
6.502728012985164 8.502728012565456 3.4692e-11
5.502728012984781 8.502728012966706 4.4148e-11
4.502728012984392 8.502728012977379 5.4245e-11
10.502728012986658 7.502728012986119 89.99999999998008
9.500774257200186 7.501588010675745 89.9859569249395
8.499773067596694 7.502728001486263 89.99999875592017
7.4989857833831275 7.502728012381469 89.99999999994485
6.498314554596367 7.502728012398024 89.9999999999648
5.49766149930403 7.5027280129594 89.99999999951109
4.497011748279515 7.502728012972796 89.99999999963708
10.502728012986665 6.502728012985855 89.99999999997407
9.502728012985857 6.501087811250337 89.99999999991773
8.502728012985443 6.501304011139737 89.99999999990581
7.502728012985033 6.502728012233513 89.99999999989392
6.502728012984621 6.502728012264809 89.99999999988226
5.50272801298421 6.502728007751669 89.99999999987074
10.502728012986532 5.502728012985596 89.99999999996871
9.50272801298163 5.500356716457397 89.99999999948065
8.502728012980405 5.500409891851672 89.99999999941126
7.502728012979172 5.500073898848882 89.99999999934154
6.502728012977972 5.502728012200258 89.99999999927132
5.50272801297667 5.502728005413327 89.99999999923094
10.502728012983141 4.502728012985341 89.99999999996373
9.50241604748381 4.499810619553152 89.97739605263199
8.501723201102369 4.498482435317754 89.9083295153644
7.501404848416422 4.497400908203399 89.88225330872848
10.502665941628946 3.502728012985087 89.9999999999588
9.502420249304842 3.4995409916614615 89.9857788917802
10.347270231581996 2.347270231580255 67.03462788613986
4.5103101345880425 0.5000000000002505 1.189e-11
