110 11.04775600736499
1.5060165358389623 9.59018264026965 5.008096758939403
0.5000000013650387 9.136974295116866 6.334e-12
3.271461361324156 8.357701193577675 31.449992208619708
1.6107319189138636 8.424491652198027 31.46116987168199
0.5000000013650183 7.964633203429438 2.148e-12
1.6045991343402122 7.248398100064861 31.461169871700257
2.4579189935393986 7.770518037561465 31.46116987169403
2.547755984159796 9.543159879833597 4.7613e-11
0.6715848128270228 6.789339455044884 26.73640218193134
2.4860712808288663 6.615402456118649 31.461169871696942
3.340783676401149 7.13837444332485 31.46116987169996
0.6773385046362703 5.671831919589912 26.66055082731864
1.6315427901028294 6.092542994524884 31.46116987168265
3.3400438819927922 5.965580694648134 31.46116987169209
1.6340557314396222 4.921739493842712 31.461169871628595
2.487049806716438 5.443660094245534 31.46116987169333
1.6874573405695017 3.782073189563598 31.461169871700797
2.540451415846075 4.3039937899664835 31.461169871702523
3.393445491122109 4.825914390370538 31.46116987173165
4.339736355838781 4.230615106446196 35.760464390110556
3.504495715240998 3.6792278105733685 35.7604643901096
2.515105465190581 3.116144297448515 31.461169871727616
3.488705877751379 2.383194271505371 64.87351286799675
9.758504919468766 1.57232833403289 65.5782592714847
9.34464332664138 0.6619884020169398 65.57825927148498
9.074390027762044 2.484345784775942 65.55235673334454
8.6602280345993 1.5733450849454536 65.55235673337639
8.246158766106019 0.6623008807591946 65.55124815137401
7.557932206074806 1.5649756155145953 65.55235673337434
7.971793756609173 2.475315454503006 65.55235673337465
8.385655307143496 3.3856552934914865 65.55235673338197
7.127650641515356 0.6621006947612953 65.55235673337465
6.87330288250743 2.475315454503905 65.55235673334923
7.287164433043302 3.385655293495275 65.55235673336682
6.0001462151358655 0.6663342277707205 64.55187160344013
6.440019094205816 1.564465027602727 64.55187156726737
6.185382412362945 3.378416008188488 65.55235673334832
4.8919091325603254 0.6649953072058068 64.87351286798706
5.318652103985293 1.5693713078250426 64.87351286798402
5.759104332205696 2.467317693282904 64.87351286798103
4.166822287267563 1.474019492847849 64.873512867979
4.592694776405428 2.3788037479885475 64.87351286798066
5.03401748691301 3.276341878924837 64.87351286798264
2.664995312666389 1.6649953099358115 64.87351286799543
9.547756003269821 3.546325593348814 89.99999999999513
10.385767605348043 2.3857675835075156 65.57825927148795
4.507626792442482 6.479887441354702 4.930788757650985
4.536760769082992 5.451211958831584 1.492668948931734
5.504795046666688 4.503492761629675 5.162350192092304
0.500000001365172 10.547756005999943 7.182e-12
10.5477560059998 0.5000000013653798 89.99999999998914
0.5000000013652004 0.5000000013651791 89.99999999999413
1.500000004095579 0.5000000013663879 89.99999999999163
2.5000000068258013 0.500000001365076 89.99999999999193
0.50000000136518 1.500000004095579 89.99999999998342
1.5000000040955648 1.5000000040992134 89.99999999995899
3.5000000095560244 0.5000000013650716 89.99999999999366
0.5000000013652377 2.5000000068259953 89.99999999999118
1.5000000040963046 2.500000006830402 89.99999999995403
0.50000000136518 3.50000000955645 5.777e-12
10.547168563277063 10.54775600599997 89.99999999999885
9.545990325438336 10.54775600599996 5.7e-14
8.545022243717455 10.547756005999904 2.601e-12
7.5440493428023645 10.547756005999654 7.603e-12
6.542982565031963 10.547756005998481 89.99999999983703
5.541728201784058 10.547756005999714 1.9118e-11
4.540121180129204 10.5469382707419 0.000350864976476
3.5379180440153943 10.546939562039228 0.00091042399449
2.4727231528215197 10.546048402148418 89.98268071143339
10.547756005999975 9.547756003269864 3.539e-12
9.547756003269921 9.547756003269761 1.2918e-11
8.547756000539842 9.547756003269548 2.4613e-11
7.5477559978098245 9.547756003268852 2.9366e-11
6.547755995079816 9.547756003262421 3.3376e-11
5.547755992349808 9.547756003269264 3.7264e-11
4.547755989619806 9.542883292840324 4.0693e-11
3.5477559868897988 9.545705048325566 4.4199e-11
10.54775600589741 8.547756000539774 2.743e-12
9.547756002605865 8.547756000539648 1.3259e-11
8.547755998788745 8.54775600053895 7.6213e-11
7.54437526789043 8.54775600008251 5.2232441e-08
6.516012160286012 8.547756000062543 5.3617153e-08
5.456531321051279 8.540990399468095 0.780622611384351
4.451579650437804 8.52640259922779 1.32741072760366
10.547756005897401 7.547755997809734 1.279e-12
9.547756002607546 7.547755997809585 1.247e-11
8.547755999686032 7.547755997808771 8.2153e-11
7.547755996367835 7.547755997332809 5.4781028e-08
6.541027457881265 7.547755997324126 5.7172144e-08
5.5196497094408 7.541757582571568 0.78062261189298
4.498199546557227 7.50933219846867 2.783978449103219
10.547756005999785 6.547755995079663 1.947e-12
9.547756003268919 6.547755995079123 5.1373e-11
8.54775600053833 6.547755995078595 8.7808e-11
7.5477559973164645 6.547755994587702 5.642216e-08
6.547755994565374 6.547755994584553 5.8809849e-08
5.540990391271105 6.541955530798351 0.780622611946797
10.547756005999897 5.5477559923495905 1.521e-12
9.547756003268972 5.547755992348867 7.553e-11
8.547756000538692 5.547755992348511 9.1875e-11
7.547755997304645 5.547755991844114 5.7839186e-08
6.547755994562309 5.54775599184846 5.9240453e-08
5.534901138740322 5.535604162668563 1.492668948928066
10.547756005999966 4.547755989619517 1.18e-12
9.547756003269175 4.5477559896187225 8.7514e-11
8.5477560005391 4.547755989618442 9.1559e-11
7.547755997504044 4.545504524880069 3.5202707e-08
10.547756005999927 3.5477559868894257 89.99999999999666
6.547755994559402 4.54775598911264 5.9637865e-08
0.5000000013651338 4.500000012286845 6.596e-12
