110 11.01082428665462
1.5864054347330012 9.637851669083794 13.55209474542947
0.5000000162970455 9.436910428442058 1.285e-12
2.5379367962288386 8.841763630385028 14.308599921109654
1.5758070515054872 8.56776656673028 14.308599921109591
0.6080615713454227 8.315787106194902 14.308599921109403
1.4344412233345416 7.494546217102634 14.308599921111064
2.422892477972344 7.757023081378725 16.967640764497883
0.5000000162970348 6.505531034099025 1.41e-13
2.541048288372423 6.6916415291539 8.055018926624331
3.511752402878794 6.9690595845788215 8.055018926624367
0.5322572279622637 5.504058415699936 89.9987934812246
1.565129012225496 6.451074482581484 8.055018926624243
3.4804403819706855 5.863287002649362 18.18348743085365
1.5000000488911516 1.5000000488911622 89.99999999999591
2.4414635266243314 5.565129142601883 8.055018926624891
3.501834877376188 2.500000081485942 1.132e-12
3.5000001140793158 1.50000004889168 89.99999999999628
9.808505985023825 1.5147518164153029 46.76500596472987
9.202721016675513 0.7069816984593391 46.41403673360607
9.123340331313306 2.245887614396973 46.765005964730676
8.473878104892313 1.4286530128604946 43.456253040338495
7.780196040025315 0.7068501575170103 43.456253040339654
7.161490278028687 1.5352769981877334 46.62827506484984
7.8054391911309455 2.304052702542515 46.76500596473145
6.500000211861565 0.5000000162970402 89.99999999999963
6.431974610394688 2.2688645935253766 42.57756392117156
5.500000179267483 0.5000000162970446 89.99999999999926
5.500000179267471 1.500000048891149 89.99999999999648
3.3906380496463018 8.03142848742757 16.29156260428824
4.500000146673411 3.503002899288678 89.99999999999643
8.51082420516937 3.402662490482157 89.99999999999868
4.500000146673402 0.5000000162970633 89.99999999999908
4.500000146673393 1.5000000488916925 89.99999999999638
4.5033069870974956 2.501630384258082 0.001567510404286
3.500000114079329 3.500000114080124 89.9999999999965
2.5000000814852448 3.5000001140793073 89.99999999999656
2.500000081485286 2.5000000814852275 89.99999999999599
0.5000000162971103 10.510824270357555 2.56e-12
10.510824270357585 0.5000000162970366 89.99999999999999
0.5000000162970508 0.5000000162970508 89.99999999999923
1.5000000488911507 0.5000000162970499 89.99999999999875
2.500000081485238 0.5000000162970482 89.99999999999869
3.5000001140793215 0.5000000162971574 89.99999999999885
0.5000000162970393 4.502515333214408 5.7e-13
1.5000000488911143 4.502509327195797 1.123e-12
2.5000000814852332 1.500000048891149 89.99999999999615
0.500000016297057 3.501238024457956 89.99999999999773
1.5000000488911551 3.5000001140793655 89.99999999999548
0.5000000162970597 2.500000081485301 89.9999999999976
10.510824270357583 10.510824270357572 89.99999999999984
9.510824237763508 10.510824270357572 89.99999999999979
8.510824205169435 10.509799110635068 89.99999999999969
7.510824172575354 10.510824270357585 5.7e-14
6.5108241399812785 10.510824270357443 89.99999999999993
5.510824107387204 10.51082427035744 2.65e-13
4.51082407479313 10.510824270357576 6.93e-13
3.510824042199056 10.510824270357576 1.025e-12
2.5108240096049825 10.510824270357569 1.304e-12
10.510824270357583 9.510824237763448 89.99999999999993
9.510824237763511 9.510824237763448 89.99999999999987
8.510824205169431 9.473600742023748 89.99999999999969
8.510824205169435 8.471388579207144 6.68e-13
8.510824205169442 7.4688205318250365 6.7e-14
5.510824107387192 9.510824237762794 1.748e-12
4.51082407479311 9.510824237763476 3.197e-12
3.5108240421990367 9.510824237763472 3.595e-12
10.510824270357583 8.510824205169328 1.85e-13
9.510824237763511 8.510824205169321 3.13e-13
7.510824172575354 9.510824237763515 1.42e-13
7.510824172575353 8.510824205169445 1.78e-13
7.510824172575369 7.510824172575376 1.5e-13
7.5108241725753615 6.510824139981298 89.99999999999916
4.434953426427461 8.510824205169385 4.349e-12
10.510824270357585 7.510824172575232 89.99999999999994
9.510824237763511 7.509687237056243 89.99999999999986
6.510824139981278 9.510824237762801 2.8e-14
6.5108241399812385 8.510824205168333 1.947e-12
6.510824139981282 7.51082417251458 2.057e-12
6.510824139981165 6.510824139907909 89.99999999999639
4.510824074793125 7.5108241725753135 4.551e-12
10.510824270357581 6.510824139981149 89.99999999999949
9.510824237763508 6.508899935019233 89.99999999999898
8.510824205169431 6.4643696098653916 89.99999999999903
5.5108241073871405 8.510824205168305 3.354e-12
5.510824107387203 7.51082417257404 3.356e-12
5.486483235833461 5.307856069223289 2.861909192462844
10.510824270357583 5.510824107387067 89.99999999999979
9.510824237763504 5.508096887291138 89.99999999999993
8.510824205169403 5.461705139200083 3.035e-12
7.510824172575234 5.510824107387228 89.99999999999916
6.50838757411815 5.510824107308419 89.99999999999504
5.501048444187229 4.0589859378589495 1.131453360519757
10.510824270357581 4.5108240747929855 89.99999999999945
9.510824237763504 4.50707968726559 89.99999999999885
8.510824205169424 4.459300119008992 89.99999999999905
7.510824172575349 4.510824074793158 89.9999999999992
10.510824270357578 3.5108240421989034 89.99999999999957
9.510824237763465 3.4566923787759305 89.99999999999827
10.51082427035758 2.5108240096048227 89.99999999999973
4.44278349854635 6.137958771741542 18.183487430848604
4.49937231700149 5.02504897004531 2.861909192464306
6.510824139981243 4.510824074711305 89.99999999999503
0.500000016297057 1.5000000488911667 89.99999999999766
5.510824107386997 6.510824139979869 4.847e-12
7.510824172575278 3.5108240421990886 89.9999999999993
5.509775842466891 3.058963257442863 1.13145336051338
6.510824139981084 3.510824042115615 6.763e-12
1.5000000488911729 2.5000000814852616 89.99999999999483
3.500000114079264 4.50000014667431 2.444e-12
2.500000081485188 4.500000146673425 1.693e-12
