110 11.041443808617565
2.7070912968338474 1.70709119320898 45.382596680456565
0.6833096300866446 9.28369104582001 30.09322019006046
2.406786195419068 9.144614453278969 29.723524426291263
1.5523426303310033 8.618393795878381 29.386680314958028
0.6810146296947988 8.127692537124984 29.386680314952887
1.5523426303289258 7.470720123462811 29.386680314925364
2.423670630965063 7.961421382216216 29.38668031491876
0.6810146296946957 6.980018864706072 29.38668031492646
2.4165179419586607 6.809719563288528 29.386680314932537
3.3378271758161326 7.2864532728232225 25.010298086118084
0.6810146296960724 5.815616177256791 29.38668031519059
3.2552109079161506 6.118462947960794 27.775729499322868
1.5008316074404906 5.1296345675747075 29.38668031537157
2.3650069190671346 5.633036694852982 29.386680315224474
1.6779472618994835 3.920894674551403 28.488350580659006
2.486250144225277 4.527987744811002 28.488350580658675
3.3507317170873563 5.031562347622457 28.488350580658246
4.1732513135858 4.326381262452528 33.59122421838052
3.3077100886224966 3.8221028637420087 33.591224218384994
2.487325423290086 3.1882554669017726 37.96934102148656
3.3123529259573274 2.514723459149508 45.38259668045519
6.7201630561889925 2.49972837198229 67.3490215780977
7.17075766247449 3.3952721687282743 67.34902157810009
5.949929799888504 0.6539923256830802 67.34902157810018
6.335046428038718 1.5768603488327013 67.34902157809836
5.990205033504543 3.3471217709750216 67.34902157811446
4.653992740182583 0.6539923256830056 67.34902157811491
5.219971777204039 1.5013857246758864 67.34902157811369
5.6050884053541985 2.4242537478254924 67.34902157811406
3.9680593523626473 1.5874208301033543 61.315719690285356
4.540873564223761 2.470656207187094 67.34902157811541
4.92599019237368 3.39352423033757 67.34902157808429
9.16651892243441 2.4875329347035997 74.42762913978899
4.541443135053133 7.541443445928546 89.99999999976424
4.497215077817813 6.515673729546353 86.85823161952995
4.438684154061869 5.517381062066377 86.85823161949772
3.5414430314263123 9.541443653180085 2.1558e-11
1.5723313043116467 9.837310776675018 35.74116576816254
5.5414432386769885 6.5414433423036975 89.99999999975584
6.478294041299005 5.487314134819001 84.15635809351228
5.448467881342286 5.518349327526959 86.85823161950873
7.39920244548457 4.512191836293143 85.56474897711992
6.38395774453601 4.465495627393525 86.85823161950252
5.385460659304255 4.520302360641148 86.85823161950441
9.853439794538811 1.5045614661081759 42.21934009063418
8.03845646134327 2.53716916747077 85.56474897711357
8.325087347112309 3.517940457926882 85.56474897711044
3.457220026330539 8.436686044949912 10.711978023954472
6.541443342302174 6.537372261477215 89.99999999977015
7.13610971338157 0.500000051812445 89.99999999999818
0.5000000518124823 10.541443756805105 1.263e-12
10.541443756805155 0.5000000518124104 7.1e-14
0.5000000518124335 0.5000000518337098 1.62e-13
1.5000001554373315 0.5000000518124557 89.99999999999952
2.5000002590622854 0.5000000518125125 89.9999999999907
3.500000362687152 0.500000051812636 89.99999999998985
0.5000000518124486 1.5000001555014615 2.552e-12
1.500000155437366 1.5000001554374043 6.236e-12
0.5000000518124805 2.5000002591476562 4.62e-12
1.500000155437422 2.500000259062327 9.255e-12
0.5024271214885436 3.5000003627866985 89.99999999999922
10.541443756804878 10.541443756805148 3.41e-13
9.541443653178396 10.541443756805155 89.99999999999935
8.541443549552731 10.541443756805158 89.99999999999937
7.541443445927242 10.541443756804938 89.99999999997543
6.541443342301964 10.54144375680444 89.99999999998128
5.541443238674016 10.541443756805144 89.99999999999893
4.54144313504728 10.541443756805148 89.99999999999902
3.5414430314210783 10.541443756805052 1.0334e-11
2.541442927795143 10.541443756804487 5.817e-12
10.54144375680493 9.541443653180307 3.84e-13
9.541443653179218 9.5414436531803 89.99999999999545
8.541443549553936 9.541443653180343 89.99999999999882
7.541443445927771 9.541443653179398 89.99999999989512
6.541443342302355 9.541443653177932 89.9999999999149
5.5414432386765515 9.541443653180247 89.99999999999287
4.541443135051501 9.541443653180304 89.99999999999854
10.541443756805034 8.54144354955547 3.41e-13
9.541443653177955 8.541443549555453 89.99999999999241
8.541443549552199 8.541443549555147 89.99999999995437
7.541443445925777 8.54144354955411 89.99999999984337
6.541102513209617 8.54144354955205 89.99999999988626
5.5409834360976555 8.541443549554714 89.99999999991425
4.540904165082216 8.541443549553996 89.99999999983542
10.541443756805034 7.54144344593063 1.14e-13
9.541443653179744 7.541443445930627 89.99999999999045
8.54144354955433 7.541443445930174 89.99999999993594
7.541443445928374 7.541443445929053 89.999999999818
6.541443342303203 7.541443445925435 89.99999999978961
5.541443238678166 7.541443445928695 89.99999999977652
10.54144375680503 6.541443342305791 89.99999999999974
9.54144365317938 6.541443342305806 89.99999999998919
8.541443549553751 6.541443342305319 89.99999999993085
7.54144344592758 6.541443342304103 89.99999999980503
10.541443756805055 5.5414432386809525 89.99999999999932
9.541443653179066 5.541443238680988 89.99999999998813
8.541443549553293 5.541443238680482 89.99999999992774
7.541443445926917 5.541443238679176 89.99999999979465
10.541443756805027 4.541443135056111 89.99999999999842
9.541443653179844 4.54144313505617 89.99999999998718
8.54144354955439 4.541443135055651 89.99999999992536
10.54144375680514 3.541443031431254 89.99999999999804
9.541443653180208 3.5414430314313536 89.99999999998646
10.54144375680514 2.5414429278063944 89.99999999999929
0.5000000518124175 4.500000466421462 89.99999999999858
9.136109920631279 0.500000051812405 1.66e-13
8.553413981201484 1.500000155437224 89.99999999999893
8.136109817006425 0.5000000518124104 89.9999999999995
7.553413877576615 1.5000001554374487 89.9999999999958
1.5451899413209071 6.3190183045294095 29.386680315219596
