110 11.045924502482022
1.5110415200732712 9.58169786618651 4.150958789946898
0.5348807983650063 9.216976509474648 4.150958789913791
2.482634846369033 7.760560814892678 25.13995878431223
1.5703249235932981 8.437067233708921 25.139958784211544
0.6650519670260877 8.012236256223662 25.139958784183356
1.5742457795596612 7.334267491846809 25.139958784254837
2.545922439773098 9.473947732239134 1.93949e-10
3.334823599899161 8.312336401234724 25.559905061016952
0.6661101950287147 6.90809312451935 25.139958784017086
2.4755978801657705 6.652618726828496 25.139958784318175
3.3808708367330085 7.077449704316981 25.139958784320033
0.665051967024084 5.802956771852463 25.139958783559322
1.5703249235986023 6.227787749339863 25.13995878431571
3.380870836741042 5.972809962135415 25.139958784326577
1.5748643665943858 5.113474890503282 25.139958784292322
2.475597880174252 5.547978984646524 25.13995878437159
1.6096317517912726 3.8778755168481194 25.13995878434543
2.462031955524892 4.415373109252941 25.13995878435435
3.3589978781744043 4.857905569650989 25.13995878435795
9.784114593698051 1.5867493739440635 62.95068612788502
9.340163950353691 0.6707743460830695 64.45124586823103
9.104119130319413 2.453993993143793 62.950686127946746
8.64934918068571 1.5633535966827874 62.950686128216766
8.194624929308553 0.6726898164415891 62.951324409323455
7.518505403843333 1.547638158907624 62.95068612820336
7.973262730262487 2.438253833313648 62.95068612822758
8.403758686606508 3.403757473229707 69.74787896911201
7.033071031729815 0.6726865003849438 62.95068612820341
6.8594967416289485 2.455984379344503 62.95068612822146
7.302118678212827 3.387758538469048 66.44254761456718
5.876319705653357 0.6827600206863123 60.634024718399814
6.363750567790018 1.5628490923040665 60.56800491108012
6.137202033106185 3.265011941000237 64.24866886040218
5.168435686044823 1.4789451476937723 60.633424634172435
5.659947161468806 2.35047166270246 60.56800491104018
4.575116875477208 2.516708310871233 62.93689062412973
5.072514971377762 3.385538259682346 62.936890624113865
3.2424656721750957 2.4633685781257384 45.33352115944085
5.54592316777571 5.535984657595026 89.99999999956522
4.545922925087234 6.534228117740285 89.99999999823052
4.545922925102519 5.5085046179050625 89.999999999519
5.545923167786463 4.502613432312529 1.04496e-10
4.345544542428967 4.213836624240006 52.91038332988552
3.8388072219582954 3.343319638445054 52.91038332982922
2.516544308134489 3.1794148882152675 43.03530127383542
0.5000001213366865 10.545924381145973 3.6395e-11
10.54592438114619 0.5000001213359342 89.9999999999941
0.5000001214103333 0.5000001213359484 89.9999999999976
1.5000003642311048 0.500000121339105 89.99999999969408
2.5000006069928973 0.500000121336841 89.99999999993987
3.500000849734375 0.5000001213366696 89.9999999999515
0.5000001213367149 1.5000003640078656 89.99999999999521
1.5000003640108943 1.5000003640179749 89.99999999986512
2.5000006066837277 1.5000003640102832 89.99999999987998
0.500000121336849 2.5000006066798037 89.99999999999974
1.500000364013001 2.500000606694617 3.7843e-11
0.5000001213358347 3.500000849351746 5.434e-12
10.545840191199993 10.545889526979867 89.99804116532117
9.54572038001146 10.545924372485615 89.9999990079207
8.542869935978642 10.54592438114332 89.99999999982694
7.541514649466304 10.545924381142909 1.2818e-11
6.540211712265665 10.545924381123045 89.99999999910581
5.538748752962698 10.545924381095194 9.2079e-11
4.536713423316003 10.545119523549607 0.000610075379865
3.5227231379811057 10.544435595789967 0.035473305501334
2.45565598348316 10.509164896151866 4.140539103171792
10.545924381146136 9.545791766099223 2.1032e-11
9.545924138474494 9.54579918273422 4.3542e-11
8.545923895802847 9.545924138463317 6.6052e-11
7.545923653131136 9.545924138463988 9.4388e-11
6.545923410459474 9.545924138391282 1.15122e-10
5.545923167787815 9.545924138321556 1.35316e-10
4.545922925116166 9.543195191231705 1.55358e-10
3.5459226824445196 9.54140226612072 1.74811e-10
10.5451466006209 8.545699203772687 0.000372185089162
9.543521124320023 8.545659092242962 89.99979273850619
8.541902777712268 8.545923895789883 5.9771e-11
7.539608711659597 8.545923895664183 89.99999999959813
6.536451124713867 8.545923895626839 2.886154e-09
5.520179106922309 8.541887793616588 0.032408006347509
4.506336205550975 8.539698414145432 0.067200041084118
10.545924379363854 7.5456164113599495 2.04156521e-07
9.545924134268384 7.54556587299088 4.81662397e-07
8.54189565984976 7.545923653117055 5.3873e-11
7.539608890764175 7.545923652953039 89.99999999931053
6.537261234266991 7.545923652909362 7.93179e-10
5.535243252073682 7.54017828578372 0.029872155614621
4.490913954320144 7.537381843973964 0.028757228540044
10.545924381145266 6.545455188039638 1.5234e-11
9.545924138471765 6.545451603506715 3.0525e-11
8.545923895795044 6.545923410444223 4.8118e-11
7.5459236531112515 6.545923410220588 89.99999999880652
6.545923410436623 6.545923410191257 89.9999999986101
5.545923167761438 6.5381726509289955 89.99999999837108
10.545924381145351 5.54532729076604 8.0141e-11
9.545924138472511 5.545323083096308 1.60426e-10
8.545923895797964 5.54592316777135 6.4773e-11
7.545923653122131 5.545923167456868 89.99999999969855
6.545923410449 5.54592316746569 89.99999999963488
10.545924381145966 4.545203030253948 2.1449e-11
9.54592413847395 4.545199334167782 4.2803e-11
8.54592389580193 4.54592292509851 6.4304e-11
7.545923653130088 4.5450638162429735 7.7534e-11
10.545924381146023 3.5278646429794653 89.99999999998806
9.54592413847407 3.5451404067695256 89.99999999997603
10.543041238051213 2.523135413804378 89.9795028925899
6.545923410458242 4.5459229247591715 9.0758e-11
0.5218988137250573 4.641755286054495 2.567794283255043
4.500001092464943 0.5000001213361172 9.654e-12
3.987487663696596 1.500000364008999 89.9999999999029
