110 11.02759144696814
1.5996441865525277 9.764632166205487 26.106552284915292
0.6683863799742271 9.337446692278155 25.72939124227341
2.4666246231628683 9.056916314562748 24.121369866879515
1.5608049493857905 8.632920243089641 24.12136986687954
0.6606763563822362 8.196214321238674 24.121369866879544
1.5577149762058786 7.502725591319591 24.97782559174961
2.457528639482609 7.939284807385954 24.977825591749557
3.363222070193793 8.3632220702219 24.9778255917495
0.6643693767350003 7.052281540562244 24.977825591749603
2.453863833980114 6.817527753201834 26.758223179850873
3.371698793336674 7.240233049998158 25.554875128503227
0.6715704667626738 5.910063147028284 26.758223179850983
1.5609494985926538 6.367301155063937 26.758223179851182
1.464251860042027 5.189821879282455 26.758223179851143
2.353630891871996 5.647059887318118 26.758223179851104
2.305438364534198 4.492653744022443 27.809359021591398
2.679052152489286 3.3413623442265834 61.19361637491629
9.795982376823211 1.5833417355353925 58.84486156591452
9.272112529335967 0.688199974319379 58.62802288864827
9.112479574162347 2.3978915517622856 59.57536870849951
8.602228705895788 1.5378543732593597 59.57536870849947
8.06238591599259 0.6790521524780697 61.19361637490892
7.40301430925536 1.5553051523694554 61.193616374910285
7.955170994044833 2.4123574886568337 58.96844827322316
6.921163004190584 0.6790521524780484 61.19361637491521
6.750485312818587 2.444001529999712 61.19361637491139
5.782150993703986 0.6830727058927444 61.19361637491613
6.2666636191210054 1.5641653522019614 61.19361637491527
6.062740106150621 3.2686567614600874 61.19361637491775
5.0990374960212685 1.5161507616772476 61.1936163749163
5.580888801085959 2.3924037615686533 61.19361637491637
4.049145451653317 1.6822371574812078 61.19361637491611
4.534113396077352 2.564157807453837 61.1936163749164
5.0176723267972205 3.4435161472858646 61.193616374917774
4.306636274586792 4.225816666696753 61.19361637491775
3.8192156870320186 3.339435852606432 61.19361637491671
3.331996877148815 2.4534219738925156 61.19361637491595
3.4281400314770245 4.947397999415813 77.03196537209034
3.527591446925946 6.046849414870358 89.99999999999699
1.5000000000084306 3.5000000000196714 1.35e-13
8.40243902708912 3.527591446925948 89.9999999999996
7.24179225863147 3.5275914469259577 3.29e-13
6.527591446942837 4.527591446931573 5.58e-13
0.5000000000028111 4.500000000025303 1.17e-13
0.5000000000028102 3.5000000000196803 7.1e-14
4.527591446931592 6.436748765838377 89.99999999999932
4.527591446931596 5.423331169675571 89.99999999999945
5.527591446937204 4.520274038914506 89.99999999999915
0.500000000002812 10.527591446965328 9.5e-14
10.527591446965332 0.5000000000028102 89.99999999999996
0.5000000000028146 0.500000000002812 6.2e-14
1.5000000000084492 0.5000000000028102 89.99999999999997
2.500000000014077 0.5004377845512815 89.99999999999959
3.5000000000197002 0.513874896065488 89.9999999999997
0.5000000000028146 1.500000000008435 5.3e-14
1.5000000000084563 1.5000000000084306 89.99999999999999
2.561728043841272 1.5299628512009567 88.25105742703396
0.5000000000028111 2.500000000014057 5.9e-14
1.5348092946700156 2.500000000014051 4.6e-14
10.527591446965328 10.527591446965324 1.42e-13
9.527591446959704 10.527591446965328 5.7e-14
8.527591446954082 10.527591446965328 89.99999999999993
7.52759144694846 10.527591446965332 89.99999999999999
6.527591446942839 10.527591446965328 9.6e-14
5.527591446937215 10.527591446965324 3.61e-13
4.527591446931573 10.5275914469653 3.194e-12
3.5275914469258707 10.527591446965328 1.19e-13
2.527591446920177 10.527591446965275 2.18e-12
10.527591446965328 9.527591446959697 7.1e-14
9.527591446959708 9.527591446959711 5.7e-14
8.527591446954089 9.527591446959686 89.99999999999996
7.527591446948467 9.527591446959708 89.99999999999973
6.5275914469428455 9.5275914469597 89.99999999999973
5.527591446937223 9.52759144695969 89.99999999999986
4.527591446931603 9.527591446959566 2.5e-14
3.5275914469259817 9.527591446959708 2.19e-13
10.527591446965328 8.527591446954071 5.7e-14
9.527591446959711 8.527591446954089 7.1e-14
8.527591446954087 8.527591446954059 89.99999999999989
7.527591446948465 8.527591446954085 89.99999999999969
6.527591446942845 8.527591446954078 89.99999999999957
5.527591446937224 8.527591446954066 89.9999999999996
4.527591446931605 8.52759144695391 89.99999999999972
10.527591446965328 7.527591446948449 1.28e-13
9.527591446959708 7.527591446948469 4.3e-14
8.527591446954084 7.527591446948435 89.99999999999982
7.527591446948463 7.527591446948463 89.99999999999966
6.527591446942839 7.527591446948453 89.99999999999926
5.527591446937217 7.52759144694844 89.99999999999916
4.5275914469315826 7.527591446948264 89.999999999999
10.527591446965328 6.527591446942825 5.7e-14
9.527591446959708 6.527591446942849 0.0
8.527591446954084 6.527591446942813 89.99999999999993
7.52759144694846 6.527591446942839 89.99999999999987
6.527591446942837 6.52759144694283 89.99999999999949
5.527591446937214 6.527591446942815 89.99999999999942
10.527591446965328 5.527591446937203 4.7e-14
9.527591446959708 5.527591446937227 89.99999999999987
8.527591446954084 5.52759144693719 89.99999999999993
7.5275914469484615 5.527591446937213 8.7e-14
6.527591446942841 5.527591446937202 89.99999999999999
5.527591446937219 5.5275914469371905 89.99999999999989
10.527591446965328 4.52759144693158 89.99999999999977
9.527591446959704 4.527591446931605 89.9999999999997
8.527591446954082 4.527591446931569 89.99999999999982
7.527591446948456 4.527591446931583 5.16e-13
10.527591446965324 3.5275914469256904 89.99999999999925
9.527591446959697 3.5275914469259737 89.99999999999855
10.527591446965253 2.527591446919946 89.9999999999967
4.500000000025324 0.500000000002812 89.99999999999982
