110 11.034783105011346
1.6099216336527116 9.760203605157052 24.13930151437756
2.472870834245846 9.050866376705073 25.555732705739636
1.5684603709562386 8.618350630020423 25.84419016104315
0.667954093498083 8.18350594697154 25.844190161012524
1.558488302723127 7.502374227349803 25.704988918457204
2.4607281542594017 7.936616757939406 25.55573270573775
0.6673884042715894 7.047988808458202 25.704988918454617
2.4205962154715004 6.807541640168069 25.704988918460113
3.3475531403549037 7.25222660304976 25.555732705623665
0.6673884042692908 5.83854332636567 25.70498891585043
1.529496316958896 6.353156221245981 25.70498891892418
3.2987679902855116 6.1197268672345695 25.631124393485123
1.5454278000719164 5.150664829338069 25.631124393506088
2.4076407242547746 5.665328274279586 25.63112439350257
1.5713541995685087 3.9949394732408385 28.43814160905718
3.3077825176971447 4.98841664687394 28.438141609059425
2.448435260662363 4.475305128444848 28.43814160905836
2.401829425740762 3.3060965612471733 29.12153987806872
3.3628942507887043 8.36800561563322 25.55573270562407
0.6670866319425057 4.66961675213077 25.63112439350669
4.137895515625449 4.299371942696893 29.121539878067733
3.281588631108619 3.78168512302876 29.12153987806819
3.2672199907475967 2.4242532255208498 62.07036245928946
9.157975670281445 2.4924268917143233 76.82459828364455
7.38269081861055 1.5792242411876423 59.30216700411464
6.9002054868213705 0.6756128414203975 62.16460865692113
6.6994918974243305 2.4515404709262407 63.19477799244366
7.193109288469201 3.424092952917616 74.84207848081984
5.7645981850598 0.6634173099730569 65.24628875907919
6.222090929218897 1.572355622527272 63.194777992446106
6.037717119037561 3.3589568162770074 62.07036245918435
4.6634173345073835 0.6634173099730196 65.24628875909389
5.092111355605026 1.5965920085441212 62.07036245923032
5.560498257894462 2.4801154784818826 62.07036245918813
3.956298931049228 1.5890834246663403 62.07036245926133
4.424685833339848 2.472606894603298 62.07036245924781
4.893072735634135 3.3561303645388554 62.07036245917819
5.534783071264081 5.534783071276552 89.99999999995015
4.534783065130128 6.534783077408674 89.99999999983562
5.333098899350025 4.52393450773702 87.97710618128168
6.333493285875454 4.5174452523831174 87.97710618122292
9.843138774565672 1.500029406057596 41.949057660858244
7.3649311664988115 4.486789966570404 84.19684668968627
8.081018663791411 2.5292519808676306 86.5415236417799
8.291796893714277 3.5183381021977738 86.54152364177885
6.534783077400149 5.534783071276446 5.3962e-11
4.409957800057915 5.473306373194757 81.51830017350974
0.5000000030669769 10.534783101944484 6.602e-12
10.534783101944594 0.5000000030667495 1e-13
0.5000000030667797 0.5000000030668552 89.99999999999976
1.5000000092003685 0.5000000030667886 89.99999999999818
2.5000000153341 0.5000000030678224 89.99999999997819
3.500000021467638 0.5000000030669849 89.9999999999782
0.5000000030669502 1.5000000092006447 89.99999999998522
1.50000000920073 1.5000000092004289 89.9999999999939
2.500000015338086 1.5000000092046557 89.99999999978297
0.5000000030667566 2.500000015335314 4.36e-13
1.500000009200268 2.5000000153341047 6.45e-13
0.5000000030669307 3.500000021469458 1.3003e-11
10.534783101944452 10.534783101944562 2.245e-12
9.534783095810393 10.534783101944587 89.9999999999994
8.534783089676342 10.53478310194459 89.9999999999982
7.534783083542349 10.53478310194459 89.9999999999995
6.5347830774084255 10.534783101944587 8.26e-13
5.534783071274728 10.534783101944527 89.99999999999245
4.534783065141143 10.534783101944463 89.99999999999616
3.534783059007573 10.534783101944548 2.215e-12
2.5347830528740376 10.534783101944537 3.842e-12
10.534783101944491 9.534783095811012 3.212e-12
9.534783095810358 9.534783095811072 89.9999999999988
8.53478308967627 9.534783095811086 89.99999999999699
7.534783083542212 9.534783095811072 89.99999999999899
6.534783077408342 9.534783095811054 3.547e-12
5.534783071274538 9.534783095810901 89.99999999997988
4.534783065135483 9.53478309581011 89.99999999992008
3.534783059000278 9.534783095810674 3.421e-11
10.534783101944473 8.534783089677461 3.695e-12
9.534783095810262 8.53478308967756 89.99999999999825
8.534783089676022 8.534783089677589 89.99999999999646
7.534783083541965 8.53478308967756 89.99999999999883
6.534783077404925 8.53478308967724 3.8554e-11
5.5347830712692545 8.53478308967735 89.99999999997618
4.5308341946419075 8.534783089676257 89.99999999988924
10.534783101944445 7.534783083543909 3.936e-12
9.534783095810013 7.5347830835440455 89.99999999999775
8.53478308967565 7.534783083544092 89.99999999999643
7.533343001976553 7.534783083544042 2.8e-14
6.532441865403377 7.534783083543662 4.0703e-11
5.531583096176083 7.53478308354372 89.99999999996415
4.527462204990717 7.534783083542488 89.99999999986366
10.534783101944363 6.534783077410358 4.036e-12
9.534783095809608 6.534783077410531 89.99999999999747
8.534783089672725 6.534783077410593 89.99999999999716
7.534783083537457 6.534783077410539 3.57e-13
6.534783077402025 6.534783077410029 4.7401e-11
5.534783071265384 6.534783077410079 89.99999999995119
10.534783101944328 5.534783071276807 4.15e-12
9.534783095805036 5.534783071277019 89.99999999999741
8.534783089669581 5.5347830712770465 5.68e-13
7.534783083534771 5.53047108217187 3.0388e-11
10.53478310194448 4.534783065143256 3.766e-12
9.534783095809747 4.534783065143491 89.9999999999927
8.534783089675596 4.534783065143165 89.99999999995485
10.534783101944495 3.5347830590096985 1.634e-12
9.534783095810695 3.5347830590099787 89.99999999998975
10.534783101944576 2.5347830528761466 7.39e-13
0.5000000030667788 9.398571222408105 3.459e-12
9.120284456752536 0.500000003066746 1.34e-13
8.567881814186592 1.5000000092002468 5.4e-13
8.120284450618993 0.5000000030667486 89.99999999999925
