110 11.019077551601233
1.6011094938286958 9.699697283673423 19.286774459630067
0.5000000386788228 9.403675912438226 1.12133e-10
2.5278349772704116 8.92171304978839 14.445282947095272
1.55592482712943 8.47816984990488 8.147748006319569
0.565816104505994 8.337859769253054 8.14774800627062
1.4427957247880023 7.450393538425682 7.826103079057418
2.4329120956656323 7.5907047140832224 7.826103078946581
0.5000000386780696 6.500000502826011 2.9803e-11
2.5541125231035218 6.593739096858004 7.826103079003395
3.5109399793126403 7.062717280974567 6.460415239909385
0.5024567858244016 5.500000425469087 3.653e-11
1.5634265387384207 6.457572158460916 7.826103079031804
3.3996183176456776 5.648994308636436 7.826103077613149
1.5000001160339398 4.500000348103567 3.314e-11
2.4019775805995742 5.563426848154291 7.826103077714548
3.500000270755518 2.500000193395166 1.41327e-10
3.5000002707572584 1.5000001160376364 1.90935e-10
9.77969011234976 1.5279040810898983 54.78340579326278
9.2009593307215 0.7026906748618496 54.61578410101737
9.116363173737334 2.322253442805333 54.783405793451394
8.539694172738391 1.5052754639099293 54.78340579346938
7.950946217840859 0.6968234899464587 54.78340579348594
7.248902839438235 1.4363225328832305 54.78340579352293
7.790352355594255 2.5190768940593693 7.3229e-11
6.500000502830717 0.5000000386789676 89.99999999989659
6.570503588034459 2.209318661768244 54.78340579302597
5.50000042547228 0.5000000386787775 89.999999999964
5.500000425473589 1.5000001160370342 89.99999999991111
3.465993681119261 8.064018581828114 6.46041523998235
4.500000348104167 3.500000270757951 2.77916e-10
8.519077358203049 3.5190769714234316 7.99474e-10
4.500000348113998 0.5000000386786612 89.9999999999999
4.500000348116173 1.5000001160407237 89.99999999999275
4.5000003481216595 2.500000193400565 2.94023e-10
3.5000002707482922 3.500000270754438 2.64451e-10
2.5000001933950675 2.5017376589428353 1.49598e-10
2.500000193391784 3.5025006270816634 1.81635e-10
0.5000000386790564 10.519077512922847 3.891e-11
10.51907751292303 0.5000000386783743 89.99999999999014
0.5000000386796026 0.5000000386782224 89.99999999999652
1.5000001160388088 0.5000000386782615 7.64e-13
2.50000019339743 0.5000000386789925 7.268e-11
3.500000270755696 0.5000000386787056 4.1098e-11
0.5000000386782979 1.500000116037361 89.99999999998633
1.5000001160356131 1.5000001160348022 89.99999999998974
2.500000193397319 1.5000001160394119 4.77769e-10
0.5000000386784338 2.5000001933965867 3.206e-11
1.500000116037251 2.500000193391426 6.1556e-11
0.5000000386780492 3.5000002707545144 1.5808e-11
10.519077512923232 10.518411788061464 1.7735e-11
9.519077435567322 10.518411216185221 3.578e-11
8.519077358211398 10.519077512922726 5.4509e-11
7.519077280855507 10.519077512922577 6.8288e-11
6.519077203499625 10.519077512922383 7.9818e-11
5.519077126143748 10.519077512922184 8.9847e-11
4.519077048787869 10.519077512921474 9.8822e-11
3.5190769714319874 10.519077512922184 1.07265e-10
2.5190768940761115 10.51907751292223 1.1474e-10
10.519077512922243 9.516378475833832 1.29127e-10
9.519077435565292 9.516232691157652 2.58856e-10
8.519077358208069 9.519077435563373 4.16561e-10
8.519077358200985 8.519077358205255 6.43175e-10
8.519077358205877 7.519077280848602 7.03774e-10
5.51907712613986 9.519077435561629 5.0218e-10
4.519077048783812 9.519077435558684 5.3108e-10
3.5190769714278645 9.519077435561819 5.48467e-10
10.519077512921154 8.514325910620054 1.71383e-10
9.519077435561972 8.51432422728551 3.41563e-10
7.5190772808518584 9.51907743556279 4.60908e-10
7.519077280840639 8.519077358203337 8.17119e-10
7.519077280848585 7.5190772808463056 8.89319e-10
7.519077280834759 6.519077203489395 9.44319e-10
4.509751252355336 8.519077358194796 9.32302e-10
10.519077512922072 7.512288314086376 1.53934e-10
9.519077435565041 7.512351413155738 3.0893e-10
6.519077203495818 9.519077435562203 4.8618e-10
6.519077203479426 8.519077358201947 9.05342e-10
6.519077203492258 7.5190772808447335 9.64373e-10
6.519077203462555 6.519077203486611 1.120967e-09
4.519077048780494 7.519077280834326 1.013597e-09
10.519077512920708 6.510156244659945 1.88597e-10
9.51907743556065 6.510269841266661 3.75432e-10
8.519077358197805 6.519077203492185 7.38994e-10
5.514355345523061 8.519077358203653 3.89723e-10
5.519077126136317 7.519077280838724 9.9553e-10
5.450703198998332 5.4414635724772555 8.49472762738625
10.519077512921971 5.507858052873527 1.61597e-10
9.519077435564766 5.508025306179201 3.24568e-10
8.519077358205056 5.51907712613586 7.66227e-10
7.519077280847469 5.5190771261326566 9.73118e-10
6.519077203490145 5.519077126129595 1.148634e-09
5.451598847832117 4.276909190023477 12.227097134454985
10.519077512921974 4.5053369517788004 1.61049e-10
9.519077435564773 4.50554012555822 3.22177e-10
8.519077358204864 4.51907704877962 7.84802e-10
7.51907728084729 4.519077048775891 9.88562e-10
10.519077512921248 3.496930315070387 2.15973e-10
9.519077435562528 3.503756225545755 4.69908e-10
10.515788640499625 2.4905076516644424 89.9754126615436
4.409546221158674 6.218122925926329 20.674935260853122
4.487125706897789 5.123334343112933 8.494727627422156
6.519077203490562 4.519077048772454 1.095588e-09
0.5000000386780172 4.500000348111927 1.7703e-11
5.519077126088505 6.519077203461997 2.708692e-09
7.519077280844964 3.51907697141913 9.8982e-10
5.500000425491184 2.7681246848584133 3.338283e-09
6.491560945811169 3.4100594952302403 3.859883716709461
1.500000116034668 3.500000270747413 6.0262e-11
3.5000002707492417 4.500000348114195 4.51003e-10
2.500000193391561 4.503086863231228 2.40076e-10
