110 11.029070792722834
0.5000000001651603 10.529070792557675 1.24e-13
10.529070792557679 0.500000000165155 89.99999999999993
0.500000000165155 0.5000000001652216 2.7e-14
1.5000000004954632 0.5000000001652225 5.2e-14
2.500000000825774 0.500000000165155 6.9e-14
3.500000001156085 0.5000000001651577 1.4e-14
0.500000000165155 1.5000000004958087 1.4e-13
1.500000000495466 1.5000000004957945 2.7e-13
2.5000000008257763 1.5000000004954677 4.26e-13
0.5000000001652936 2.5000000008262715 4.018e-12
1.5000000004958824 2.5000000008263177 9.877e-12
0.5000000001651781 3.500000001156677 1.302e-12
10.529070792557656 10.529070792557665 89.99999999999825
9.529070792227307 10.529070792557679 89.99999999999982
8.529070791896963 10.529070792557679 89.99999999999984
7.52907079156663 10.529070792557679 89.9999999999998
6.529070791236302 10.52907079255768 89.99999999999986
5.529070790905976 10.529070792557679 89.99999999999994
4.529070790575652 10.529070792557679 1.21e-13
3.5290707902453295 10.529070792557674 3.1e-13
2.529070789915009 10.52907079255767 3.3e-13
10.52907079255768 9.52907079220658 89.99999999999997
9.52907079222737 9.529070792227367 89.99999999999994
8.52907079189706 9.529070792227369 2.3e-14
7.529070791566751 9.529070792227367 89.99999999999991
6.529070791236441 9.529070792227369 89.9999999999999
5.529070790906131 9.52907079222737 5.4e-14
4.529070790575816 9.529070792227365 6.81e-13
3.529070790245502 9.529070792227344 1.277e-12
10.529070792557297 8.529070791867099 4.175e-11
9.529070792225388 8.529070791897057 89.99999999999993
8.529070791894222 8.529070791897041 89.9999999999988
7.529070791563365 8.529070791897052 89.99999999999933
6.529070791232629 8.529070791897055 89.99999999999933
5.529070790901959 8.52907079189706 89.99999999999994
4.529070790571329 8.529070791897034 89.99999999999952
10.52907079255766 7.529070791530643 1.253e-12
9.52907079222729 7.529070791566749 89.9999999999999
8.529070791896912 7.52907079156671 89.99999999999666
7.529070791566532 7.529070791566735 89.99999999999851
6.529070791236151 7.529070791566745 89.99999999999918
5.529070790905684 7.529070791566751 89.99999999999982
4.529070790575293 7.529070791566712 89.99999999999856
10.529070792557652 6.529070791196027 1.795e-12
9.529070792227268 6.529070791236441 89.99999999999991
8.529070791896867 6.529070791236391 89.99999999999602
7.529070791566493 6.529070791236425 89.99999999999832
6.529070791236135 6.529070791236437 89.99999999999909
5.5290707909058305 5.529070790906135 89.99999999999974
10.529070792557658 5.529070790862646 1.458e-12
9.529070792227289 5.5290707909061325 89.99999999999987
8.529070791896912 5.529070790906074 89.99999999999562
7.52907079156655 5.529070790906114 89.99999999999825
6.529070791236201 5.529070790906128 89.99999999999908
5.529070790905784 4.529070790575828 89.99999999999977
10.529070792557667 4.529070790530371 1.615e-12
9.529070792227307 4.529070790575825 89.99999999999987
8.529070791896936 4.529070790575753 89.9999999999957
7.529070791566578 4.529070790575804 89.99999999999831
10.529070792557679 3.529070790199197 89.99999999999993
9.529070792227367 3.529070790245516 89.99999999999989
10.529070792556414 2.529070789868534 89.9999999999963
4.529070790575465 6.529070791236398 89.99999999999827
4.529070790575451 5.529070790906082 89.99999999999775
6.529070791236217 4.529070790575819 89.99999999999912
4.303143504806689 4.325922779834132 38.93433921288297
0.500000000165155 9.270808470205486 89.99999999999993
1.5741213034897514 9.810285871983446 33.60890767078446
2.5200850031696858 9.044000730739592 9.230545651735632
1.573729159412021 8.633180457894088 9.230545651735527
0.500000000165179 8.270808469875139 89.9999999999994
1.5000000004955014 7.438381372104667 89.9999999999969
2.514535395370059 7.7108658063618645 1.690825648221326
3.5290707902407603 8.120157437967606 1.2736e-11
0.5000000001651603 7.270808469544792 89.99999999999966
2.5145353953703116 6.710430213916388 1.69082564822074
3.529070790244921 7.120157437637176 2.848e-12
0.5000000001652012 6.270808469214438 1.55e-12
1.5000000004958238 6.435346426344857 89.99999999997729
3.5290707902451324 6.120157437306797 89.99999999999883
0.575259010561628 4.796483860287058 9.443165916551376
1.497485510404518 5.346683118920357 9.443165916552436
2.5145353953706335 5.709994621470916 1.69082564822107
3.723587559870679 1.5035328829691892 0.005302907368858
4.203900435556575 2.9132324577181463 34.580195275548675
5.529070790905797 6.5290707912364425 89.99999999999977
9.78953050305625 1.5900958415811393 60.36400704626818
9.28785499528354 0.6931799602959519 57.838275222965805
9.105328421411109 2.4109479848081548 60.43272762436916
8.61149131653044 1.5413934335348345 60.43272762436909
8.100429222229007 0.6816110282111127 60.43272762436911
7.444154269639414 1.5513879581141135 60.43272762436848
7.955402338941178 2.4116397841877157 60.373046813880734
8.381144141580243 3.5290707902454432 89.99999999999577
6.950709143120127 0.681611028211111 60.432727624369676
6.678283639794448 2.391640814926634 70.6490736490343
7.231335996153604 3.5290707902454916 89.99999999999933
5.637429976805275 0.637429975153724 70.6490736490344
6.176888923669282 1.5078514462011245 70.64907364903425
5.2313359954929854 3.5290707902455187 89.9999999999994
4.500000001486397 0.5000000001651559 89.99999999999982
4.792709631931144 1.534121141836855 81.98486704934245
5.359063611155182 2.464237829216164 81.98486704934251
1.5466535020339767 4.024052068603143 26.48736813577831
2.4055009200627384 4.542669127294412 26.487368135775938
3.4435188031301354 4.91700942623481 38.93433921288276
6.231335995823295 3.5290707902455125 89.9999999999994
3.525276854324889 3.697493408502347 38.9343392128824
3.1300039863935925 2.603072510503832 41.97683580790958
2.4057261155514156 3.296602982881165 41.976835807908515
