110 11.002285835532568
0.5000000275637673 10.502285807968907 6.018e-12
10.502285807968189 0.5000000275650862 89.99999999995956
0.5000000275635434 0.500619961311326 89.99999999999942
1.500000082690634 0.5000000275648704 89.99999999999882
2.50000013781773 0.5000000275661023 89.99999999999575
3.5000001929448272 0.5000000275638445 89.99999999999228
0.5000000275667107 1.5018801514169593 1.47565e-10
1.5000000827350597 1.5000000826968618 3.32481e-10
2.5000001378878522 1.5000000827106605 89.99999999952777
0.5000000275652843 2.503005851110704 1.72919e-10
1.5000000826947222 2.5000001378258148 3.50461e-10
0.501167264239661 3.5043220510443813 89.99998306813893
10.50228580796377 10.50228580796897 89.99999999999977
9.502285752826168 10.502285807968931 89.9999999999895
8.502285697692933 10.5022858079688 89.99999999995808
7.50228564256103 10.502285807968054 89.99999999988164
6.502285587429716 10.502285807969045 89.9999999999918
5.50228553229929 10.502285807969013 89.99999999999265
4.502285477169038 10.5022858079682 89.99999999991644
3.5022854220391473 10.502285807968722 89.99999999997813
2.502285366909595 10.502285807967446 1.5505e-11
10.502285807968867 9.502285752841264 1.3742e-11
9.5022857528411 9.502285752841509 89.99999999998334
8.502285697712448 9.50228575284157 89.99999999991589
7.502285642584175 9.502285752840223 89.9999999998292
6.502285587455625 9.502285752841754 89.9999999999703
5.502285532327634 9.502285752841885 89.99999999998545
4.502285477199904 9.502285752839061 89.999999999945
3.502285422072804 9.502285752841118 89.99999999995784
10.502285807968612 8.502285697713528 3.52e-11
9.50228575284044 8.502285697714235 89.99999999999194
8.502285697711368 8.502285697714655 89.99999999991009
7.502285642583504 8.501182484024076 89.99999999994301
6.502285587455741 8.502285697714708 89.99999999997262
5.5022855323266375 8.502285697714786 7.546e-12
4.502285477192673 8.502285697708462 2.58495e-10
10.502285807968377 7.5022856425862 3.0242e-11
9.502285752839402 7.50228564258669 89.99999999997824
8.50228569771064 7.502285642587741 89.99999999990376
7.502285642581646 7.500664785942453 89.99999999995607
6.502285587454047 7.502285642587686 89.99999999998819
5.502285532322773 7.502285642584808 3.60463e-10
4.502285477194431 7.50228564257915 3.18402e-10
10.502285807968363 6.502285587458956 1.1965e-11
9.50228575283673 6.502285587459173 89.99999999998307
8.502285697707926 6.502285587460729 89.99999999988884
7.502285642165942 6.500223968564617 89.99999998718587
6.502285586344942 6.502285587443887 1.926209e-09
5.495711762083812 6.502285587457108 4.47259e-10
10.502285807967215 5.502285532331742 89.9999999999979
9.50228575232056 5.502285532332 89.99999999997995
8.502285696980234 5.5022855323334925 89.99999999985248
7.50228564174857 5.499644868887927 89.99999999696311
6.502285586365542 5.502285532313812 2.292874e-09
5.50228553111366 5.502285532330119 4.66953e-10
10.502285807864538 4.502285477204529 89.99999999998407
9.502285752318258 4.502285477204923 89.99999999996894
8.502285696706021 4.502285477206262 89.99999999981686
7.502285642574755 4.4977177607726535 1.408417e-09
10.502285807968985 3.5022854220757855 89.99999999998019
9.502285752841932 3.502285422077846 89.99999999995792
10.502285807967965 2.502285366947003 3.78e-12
4.492008312502639 6.49328309679005 0.058174780699754
4.502285474598108 5.487353998492723 89.99999986714029
6.502285586520802 4.502285477183591 2.676369e-09
5.502285530466622 4.502285477203079 4.85667e-10
1.5441060753176967 9.781481430518337 36.2869015698609
0.6822694341844029 9.175174934730013 29.769030240914258
2.377973070254543 9.08672451359848 29.76903023901923
1.5503034350554201 8.51965106911141 29.76903023900761
0.6822694341777957 8.023146201629777 29.769030238995008
1.5546413710458884 7.370103582584555 29.76903023898144
2.42624356736222 7.86457919813782 29.717235429525353
0.6814151747207138 6.8713108365196955 29.288164226700342
2.421473040982568 6.709078028388625 29.28816422681813
3.3058226619063826 7.189690885187438 28.537207017961652
0.6806863586122249 5.724336971710033 29.28816422674387
1.5528567537518878 6.21353929379636 29.288164226788798
3.3241672040531838 6.061371755987253 28.537207018512202
0.5000000275648109 4.5063037237955275 89.99999999989232
1.544877085976247 5.062498410373668 29.288164226744737
2.419254074151411 5.5529384153840775 29.288164226821163
1.6806864137401876 3.9921090952818252 29.288164226559648
2.5528568088840005 4.481311417364879 29.28816422634534
3.4250272040790843 4.9705137393583465 29.28816422602738
9.745396224805592 1.5728723638895454 61.36590160085041
9.29680194253825 0.678456148880052 61.36590160090642
9.033939237202777 2.4422968200392994 66.29154362854455
8.585009436933102 1.5472660919280679 66.29154362854108
8.12103277289508 0.6588431241183548 66.2915436285411
7.423098191192891 1.5539310747638124 64.25113555136608
7.886304712789352 2.440757291172317 64.25113555137408
8.33471856061672 3.334718284982315 64.25113555139019
6.958933160984746 0.6675671646618131 64.2511355513659
6.7406374701648 2.4412395041951274 62.42106221137077
7.2036077267040515 3.3276133823154055 62.4210622115028
5.802864504399129 0.6746720673281184 62.421062211363214
6.276724438931548 1.5553580555590623 62.421062211362425
6.07541551014314 3.327613382314079 62.421062211230115
4.674672287837074 0.6746720673286069 62.42106221123478
5.1376425443775 1.561045945447105 62.42106221122206
5.611502478909969 2.441731933677978 62.4210622112209
4.006369767187439 1.5614124204481667 62.29288038304559
3.3376285258513807 3.772085933276407 29.29366334644921
4.945709651830905 3.3271288863158244 62.29288037305606
4.2890538494149055 4.283522795523833 39.15532158723203
4.471861334127888 2.446465015627589 62.29288038300996
2.425568961594023 3.263350309587654 29.288164226650107
3.284578429734204 2.411824668966314 58.12243248848103
3.502285422062486 8.367809159009871 2.24162e-10
