110 11.036915509697778
0.5000000000015756 10.536915509696207 2.65e-13
10.536380885869916 0.5005859605684639 89.99360198085763
0.500401866977481 0.5008630810677657 0.007058946630337
1.5013142307799425 0.5000000000015774 89.99999999999872
2.5023256057623073 0.5006075546635005 89.99280136674308
3.5036154571623213 0.5004239520026914 89.98120827539678
0.5000000000027303 1.5224487005760494 1.29222e-10
1.5010430900102403 1.5000000000047233 89.9999999999974
2.5016897355623198 1.6232260284494138 89.99263593171199
0.5000000000016449 2.523914909735739 89.99999999999804
1.5000000000049303 2.5000000000078684 89.99999999999608
0.5000000000015774 3.525246737917404 89.99999999999986
10.536915509696204 10.536018940769651 89.99999999999986
9.536915509693054 10.535924136794574 89.99999999999976
8.536915509689907 10.535886211142852 89.99999999999966
7.536915509686757 10.535907776835462 89.99999999999956
6.536915509683608 10.536197700642491 89.99999999999945
5.536915509680459 10.536402066938928 89.99999999999935
4.536915509677311 10.53691550969619 89.99999999999922
3.5369155096741594 10.536915509696195 89.9999999999998
2.5369155096710103 10.536915509696199 89.9999999999999
10.536915509696207 9.534505697693293 1.89e-13
9.536915509693067 9.534411182965126 3.27e-13
8.536915509689926 9.534346019533324 4.41e-13
7.536915509686784 9.534368924376412 5.7e-13
6.536915509683642 9.534607704357944 6.87e-13
5.536915509680502 9.535573039137024 8.16e-13
4.53691550967736 9.535779685240026 9.81e-13
3.536915509674219 9.536915509693022 1.123e-12
10.536915509696207 8.532802563153286 4.35e-13
9.53691550969307 8.5326864146746 9.23e-13
8.536915509689935 8.53250282426855 1.443e-12
7.536915509686796 8.532605925969362 1.976e-12
6.536915509683659 8.531413339792678 2.501e-12
5.536915509680523 8.533165302587605 3.012e-12
4.536915509677386 8.53518033230653 3.551e-12
10.53684095222005 7.5309897681854014 89.99836594360076
9.536696203177755 7.530976801433786 89.99789844270947
8.53655305595655 7.530474076534005 89.99781893422715
7.536407161406871 7.52961797718107 89.99990891342793
6.536260626475288 7.528264632221863 0.002370811568824
5.536108820948579 7.527012884738372 0.006011625778269
4.53596266192082 7.534792979119527 0.008321250423273
10.53634659246959 6.528979697670423 0.00188246950762
9.535233535890335 6.5288861906031235 0.006084383540539
8.534260970398673 6.528226859167441 0.001586733807926
7.532979719734749 6.526300382115028 0.008800169686182
6.531665218125942 6.522507941868051 0.018437513765647
5.530109905757249 6.508910635159313 0.018460869003562
10.536488278651227 5.526902434948662 89.99706151448652
9.535570259648075 5.527004713828449 0.003043143204024
8.53475839588134 5.527124010588505 0.011862291623785
7.533683509480825 5.5240146148992055 0.02337379157936
6.532435808938487 5.506212102865058 0.008788934740338
5.530896688893276 5.505719237831109 0.03835346147828
10.53691550969621 4.5249491970716305 1.2e-13
9.536915509693072 4.525437540845905 1.3e-13
8.536915509689933 4.525910542154814 1.54e-13
7.536915509686796 4.499437452200153 2.13e-13
10.536551955356959 3.514050581670785 89.9848022131037
9.535925395389633 3.5242669315923285 89.97898783568657
10.53581167488452 2.511916305735465 89.97081091418747
4.528862887425088 6.37943778296027 0.03680466832428
4.523327362682752 5.378203705866547 0.023192144836045
6.536915509683659 4.504514298789871 1.99e-13
5.536915509680522 4.499760016936545 1.99e-13
1.5950466319078238 9.802315151703173 29.900324870859688
0.669248960669111 9.347464834479641 26.16655013564797
2.4685827370855655 9.090250278462852 23.485046319510595
1.5770134700858534 8.632834413810597 23.485046319499638
0.6514583353430119 8.224040473599466 22.11705786952733
1.5778749171803148 7.521112560389665 22.11705786950171
2.4984884261883717 7.9118916973817734 22.117057869501707
3.385457174332958 8.385457174348534 22.117057869501696
0.6514583353428867 7.14461247154117 22.11705786950169
2.5045858031480264 6.8183042537729985 22.11705786951622
3.4299412306038497 7.197892350467052 22.109572069946655
0.6514946234975092 6.065199217161124 22.117057869501732
1.57803940457618 6.441751406788515 22.117057869510436
3.3446038457936975 6.080263564821028 22.117057869517417
0.5000000000016582 4.526828612876008 89.9999999999942
1.4441110268438297 5.30789427737663 22.11705786950908
2.3925041294314995 5.693325728397551 22.117057869510923
1.5000000000048281 3.942433371913552 89.99999999998822
2.459040592495402 4.640938460223514 22.117057869509203
3.3854571743328896 5.017438549071886 22.117057869508844
9.77537196196992 1.580852135142611 62.27862717028556
9.34000416767514 0.6769869148105503 62.28203530421821
9.06827042787305 2.461816080501656 65.99242168323264
8.635890549423545 1.5589691546415128 65.98388697355728
8.194016860281426 0.6604439795706787 65.98075920400198
7.497901883598311 1.5550710557910787 64.33793752745763
7.939341548464369 2.4534142377227597 64.37569920128476
8.369111933056427 3.3589818726706944 64.57913175249733
7.0344668370931975 0.6675261421491783 64.33331220958983
6.8054708797772 2.425635188274921 63.304217274099656
7.250175779726179 3.3367788023149285 64.62943548545067
5.811319761485815 0.6758009383589263 62.31634826526068
6.337361998499865 1.5305668295281971 62.32723324716793
6.131703645511968 3.3272819497787527 64.01544365904749
4.6750893167119045 0.6705725514324046 63.60059321820014
5.147399089298106 1.5654832224729236 62.35027956960373
5.673302208665789 2.4204449794119554 62.35957970758707
3.5025350843958334 1.5011659870965568 89.97037176259317
4.421657062994905 2.3488181433606514 62.9095484208161
4.536915509677384 4.377165698574519 9.9e-14
4.947713989697723 3.203714861565396 62.92510213638922
3.5369155096742304 3.806007918021079 89.99999999999974
2.502892868708927 3.4656878438516983 85.95522320603976
3.4003695405114 2.643316676668063 70.10380120548574
