110 11.041775420203521
4.264528671545695 4.283166326865203 41.99008048236481
1.5733687315924363 9.837179658878402 35.57888957860069
4.337705076602514 2.6332712577280475 80.25589455854931
1.5197272919767064 4.045410658127837 21.579473295933173
2.3987546557947717 4.541847614240206 21.579473295933646
3.478051506193696 4.920688787509764 41.990080482287894
3.521267954230979 3.6141643372195604 41.99008048236737
3.1194084399539905 2.563335662936764 48.29164888543098
2.413181552408889 3.2966994257453597 46.277611587839864
3.8323854890843876 1.5751200978253235 80.576207728331
9.842213314600475 1.566125695679006 53.013826556574024
9.26525638179279 0.685048613092909 59.34881322782744
9.150820810167039 2.3939004302685882 59.11093686384509
8.609083964364784 1.546202547114076 59.753779279131784
8.102864401676957 0.6837929327146535 59.75377927913298
7.418624854247682 1.495572070141697 59.753779279143615
7.924844416935506 2.357981684541106 59.75377927914347
6.825574608262139 0.6837929327146135 59.75377927914533
6.725864989725209 2.3765690084121855 64.82333834240752
5.665206110686114 0.6652056088438725 64.82333834240964
6.126215553397394 1.5534723400658152 64.82333834240784
2.5201717191979554 7.690517339225909 2.532278003824441
2.5150010766983746 6.683887872837438 3.156540304075369
2.5267737412936992 5.683017522264022 3.156540304075939
2.5417745666448535 8.93359539546522 4.5048895e-08
1.5294693061874471 8.64281410226687 3.158338967523771
1.5105635654136353 5.362281640826212 10.086663940310986
4.50000045165803 0.5000000501842896 89.99999999999429
4.839163900438723 1.5335352887751523 80.57620772832526
5.323919744876993 2.4677563747664357 80.25589455854788
0.5000000501842337 10.541775370019295 5.12e-13
10.541775370019312 0.5000000501842123 89.9999999999998
0.5000000501842177 0.5000000501842656 89.99999999999972
1.5000001505526548 0.5000000501842683 0.0
2.500000250921107 0.5000000501842194 89.99999999999994
0.5000000501842354 1.5000001505529816 2.392e-12
1.5000001505526876 1.5000001505529008 3.145e-12
2.5000002509211416 1.5000001505526734 2.078e-12
0.5000000501843127 2.5000002509215578 6.295e-12
1.5000001505529212 2.5000002509214796 1.3774e-11
0.500000050184239 3.5000003512900792 3.49e-12
10.541775370019117 10.541775370019288 89.9999999999981
9.54177526965028 10.541775370019216 89.99999999998927
8.541775169281621 10.541775370019224 89.99999999999046
7.541775068913028 10.541775370019234 89.99999999999125
6.541774968544473 10.541775370019245 89.99999999999153
5.5417748681759464 10.541775370019224 89.99999999999186
4.541774767807444 10.541775370019227 89.99999999999302
3.5417746674389523 10.54081072445495 89.9999999999955
2.5417745670704863 10.541775370019277 89.99999999999807
10.541775370019216 9.541775269650831 89.99999999999623
9.541775269650476 9.541775269650707 89.99999999997993
8.54177516928183 9.541775269650643 89.99999999997524
7.541775068913207 9.541775269650689 89.99999999997713
6.5417749685445745 9.54177526965075 89.99999999998171
5.541774868175877 9.541775269650536 89.9999999999691
4.5417747678071985 9.541775269650566 89.99999999997247
3.5417746670427066 9.538723076576247 89.9999999986487
10.54177537001921 8.541775169282369 89.99999999999451
9.541775269650476 8.541775169282259 89.99999999997794
8.541775169281813 8.541775169282165 89.99999999997249
7.5417750689131395 8.541775169282245 89.99999999997529
6.541774968544383 8.541775169282326 89.99999999998023
5.541774868175442 8.541775169282035 89.99999999996726
4.541774767786746 8.541775169282072 89.99999999997401
10.541775370019241 7.5417750689139 89.99999999999294
9.541775269650653 7.541775068913818 89.9999999999769
8.54177516928217 7.541775068913697 89.9999999999731
7.541775068913705 7.54177506891381 89.99999999997497
6.541774968545228 7.541775068913907 89.99999999997908
5.541774868176754 7.541775068913486 89.99999999997495
4.54177476780831 7.5417750689135765 89.99999999997551
10.541775370019227 6.541774968545422 89.99999999999167
9.541775269650625 6.541774968545379 89.99999999997623
8.541775169282118 6.541774968545223 89.99999999997247
7.541775068913618 6.541774968545376 89.99999999997485
6.541774968545102 6.541774968545495 89.9999999999788
5.541774868176701 5.541774868176424 89.99999999996857
10.541775370019224 5.54177486817693 89.99999999999056
9.541775269650646 5.541774868176944 89.99999999997588
8.541775169282175 5.54177486817674 89.99999999997377
7.541775068913707 5.541774868176938 89.99999999997554
6.541774968545232 5.541774868177082 89.99999999997866
5.496727647825396 4.496727547456932 84.57303300283003
10.54177537001921 4.541774767808407 89.99999999998967
9.541775269650618 4.54177476780851 89.99999999997576
8.541775169282117 4.541774767808227 89.99999999997765
7.541775068913616 4.541774767808481 89.99999999997867
10.54177537001923 3.5417746674397925 89.99999999999102
9.541775269650659 3.5417746674400785 89.99999999997533
10.541775370019199 2.5417745670711773 89.99999999999288
4.541774767807996 6.5417749685450595 89.99999999996925
4.541774767808251 5.541774868176589 89.99999999996845
6.5417749685450755 4.541774767808671 89.99999999997887
0.5000000501842994 9.279308771270177 1.97e-12
0.5000000501842186 8.279308670901498 89.9999999999992
1.521602998425994 7.636049879855466 2.532278003824609
3.5417746674107162 8.53659438305243 8.3524e-11
0.5000000501843234 7.279308570532809 89.9999999999934
3.541774667439853 7.534294099618251 89.99999999997839
0.5000000501842985 6.27930847016409 3.681e-12
1.5000001505528848 6.4421225266707856 4.951e-12
3.54177466743921 6.531357647738857 89.99999999999125
0.5000000501844397 4.877538984324019 2.4045e-11
5.541774868176534 6.541774968544951 89.99999999996987
8.455757511085535 3.5417746674397037 89.99999999998828
7.455757410717102 3.541774667439988 89.9999999999892
5.410709989626288 3.500396740408124 84.57303300280432
6.455757310348591 3.5417746674402846 89.99999999997893
3.5000003512895956 0.5059429762716539 89.99999999999439
