110 11.038620443738981
1.6178646557826784 9.704611115658908 16.99296416791922
2.552861784643354 8.920047566287295 14.224460883264594
1.565889954444824 8.610559125198458 10.335596927120138
4.489176202695109 6.244260398392715 11.020592250792472
9.706225833868983 1.5379989707053814 56.38660956138455
9.148586552581222 0.6991097864766695 56.386609561407724
9.042173406117985 2.345429997229516 56.386609561395574
8.48858711887924 1.5126379705406556 56.38660956139474
7.914927895767336 0.6931891569520587 56.386609561388596
7.2210396630494715 1.478779823203693 53.38167352450726
7.823232425918259 2.318109976282213 56.38660956151646
6.531755309140702 2.2277753963510016 53.38167352449195
7.538619879550922 4.538619395961209 9.61655e-10
6.4577727294482 4.457772407055185 10.229371962496634
7.53667298044315 3.5243566197048066 0.229182610757434
1.403538965119675 7.563125477484936 9.849857040636513
2.388002951620362 7.7387744207559 9.849857036622438
2.564666051327997 6.736644289093305 9.951263491070945
3.522587118465893 7.079910630110303 10.443068987461494
1.5763237118607183 6.578164232245465 9.849857040624913
3.500000564179893 5.640444440194796 4.484e-12
2.5000004029856666 5.642852745577841 2.25e-12
3.456272254960604 8.084531709149267 10.443068987504443
4.55630289671356 3.7327571093753757 10.229371962501032
5.519179735594415 5.36219431819083 3.292243215934652
5.47389064317308 4.278948640601897 10.229371962505647
4.527889965114953 5.182033778368918 3.292243215932691
5.532906646390644 2.904531161474688 12.392726674155561
6.457148029247933 3.4407289200999176 10.317236206705884
3.5000005642020464 4.640444278997614 2.29218e-10
0.5000000805971103 6.474664693937233 2.12e-12
0.5000000805971272 5.473941427784264 89.99999999999791
1.5000002417913638 4.500000725375228 89.99999999997185
3.500000564185163 2.500000402989436 1.62811e-10
3.500000564182944 1.500000241793062 89.99999999997222
6.513983567353489 0.5026608316955494 0.018865589052758
5.510813555857288 0.5000000805973697 89.99999999998471
5.50000088657215 1.500000241792062 89.99999999996832
8.538620040743481 3.53861923477663 3.31067e-10
4.5084682838265016 0.5000000805981184 89.99999999990392
4.500000725377544 1.500000241794952 89.9999999999725
4.500000725382431 2.5000004030014957 3.88699e-10
3.5000005641812155 3.5000005641841345 1.59107e-10
2.5000004029885194 2.505193394548367 9.1965e-11
2.5000004029865197 3.5073199795028307 1.04723e-10
0.500000080597415 10.538620363141758 1.117e-11
10.34543128678699 0.693189156952025 56.38660956142121
0.5000000805978662 0.5000000805973075 9.793e-12
1.5027728958101552 0.5000000805972054 4.238e-12
2.5046663160331377 0.5000000805978448 89.99999999998586
3.506492369090924 0.5000000805976592 89.99999999996902
0.50000008059751 1.5000002417918674 5.996e-12
1.500000241793428 1.5000002417916054 8.643e-12
2.500000402988343 1.5030490960132656 89.99999999997384
0.5000000805972364 2.5000004029864265 2.673e-12
1.5000002417930371 2.5000004029860525 2.0558e-11
0.5000000805971503 3.5000005641809815 2.727e-12
10.538620363141845 10.537471611912714 5.718e-12
9.538620201947609 10.537470149678043 1.1566e-11
8.53862004075337 10.53862036314162 1.7604e-11
7.538619879559139 10.538620363141513 2.2291e-11
6.538619718364911 10.538620363141495 2.6379e-11
5.538619557170689 10.538620363141334 2.9937e-11
4.5386193959764665 10.538620363141442 3.3168e-11
3.538619234782246 10.538620363141474 3.6067e-11
2.538619073588028 10.53862036314151 3.8646e-11
10.53862036314149 9.534248885247884 4.5205e-11
9.538620201946873 9.534157149394325 9.0267e-11
8.53862004075206 9.538620201945946 1.56859e-10
8.538620040749777 8.53862004075139 1.68128e-10
8.538620040751933 7.538619879556908 1.71516e-10
5.538619557168579 9.538620201944436 2.49468e-10
4.538619395974289 9.538620201944862 2.57142e-10
3.5386192347800147 9.538620201945012 2.6301e-10
10.538620363141229 8.53087596424732 4.2803e-11
9.538620201945925 8.531036209344055 8.6587e-11
7.538619879557274 9.53862020194508 2.21193e-10
7.538619879552533 8.538620040748848 3.90228e-10
7.538619879555387 7.538619879553515 4.38608e-10
7.538619879554146 6.538619718357512 5.38592e-10
4.533350641890762 8.538620040748647 4.38809e-10
10.53862036314153 7.5272699894258235 4.097e-11
9.538620201946944 7.527610589639368 8.2731e-11
6.538619718362899 9.538620201945012 2.38525e-10
6.538619718356463 8.538620040748642 4.39834e-10
6.538619718360859 7.538619879553702 4.74174e-10
6.538619718359429 6.538619718358141 5.8357e-10
4.538619395972205 7.538619879553577 4.99314e-10
10.538620363141485 6.523107056235959 4.1803e-11
9.538620201946792 6.5236930972288425 8.385e-11
8.53862004075172 6.53861971836245 1.65844e-10
5.538619557159599 8.5386200407472 5.13197e-10
5.538619557166492 7.5386198795519 4.91405e-10
10.538620363141531 5.517860759468526 2.6162e-11
9.538620201946763 5.51900155120198 5.2495e-11
8.538620040751109 5.538619557167953 1.49906e-10
7.538619879552201 5.5386195571601045 6.3442e-10
6.53861971835752 5.538619557162663 6.84355e-10
10.53862036314173 4.509674863135744 1.9611e-11
9.538620201947381 4.513341274951945 3.8495e-11
8.538620040752768 4.538619395973079 8.6094e-11
10.53862036313995 3.453620511050923 7.6319e-11
9.53862020194196 3.4897981594545926 1.77069e-10
10.509011563519163 2.448905322846456 89.87625617296992
1.5000002417914162 5.50000088656969 89.9999999999959
5.538619557164894 6.538619718355776 6.07575e-10
1.500000241791593 3.5000005641804486 2.3597e-11
2.50000040300077 4.510056209120397 1.46377e-10
0.5000000805973688 9.515603433095668 3.2659e-11
0.5815937004307479 8.43400965206769 10.335596927096917
