110 11.01537854474669
1.5952327905250137 9.726334123495763 23.179120050168304
0.5000000566767193 9.346211800708069 2.5738e-11
2.460928281877302 9.00919709153197 26.251041096402453
1.5640634754407414 8.5668920302377 26.2510410966144
0.5000000566772487 8.080205122979294 4.6455e-11
1.4854612760856094 7.319555621875241 36.92027990043139
2.4224724562105977 7.875236372312592 26.25104109637251
0.7000877052369745 6.700088388172041 36.92027989840967
2.3810841232163575 6.688451559695116 31.809432179125736
3.3352370866173078 7.173759810268812 24.356405226208594
0.500000056677167 5.500000626222571 8.51e-11
1.5000001700308028 5.50453225917616 1.71574e-10
3.502274949435081 6.035833170907379 10.889098473147715
1.5000001700305807 4.500000512723316 1.47419e-10
2.5000002833843684 5.500000623448093 2.4625e-10
3.50000039674087 2.5000002833849715 2.17936e-10
3.500000396745419 1.5000001700308019 1.16231e-10
9.815575581629773 1.5002637734143098 43.61850922719541
9.190260464600836 0.7069013078054986 43.61850922714044
9.17842847043841 2.3109648575361614 39.99688616319404
8.500406954283992 1.4308504131737259 43.61850922709973
7.720309089286895 0.5000000566768357 7.015e-12
7.163820806170614 1.5953293145580636 38.68809781300103
7.8927718983975605 2.2927570919016493 39.371142833068006
6.500000736891982 0.50000005668951 89.99999999977467
6.417378828218908 2.278702376165133 38.688097812986825
5.500000623511588 0.5000000566773535 6.6213e-11
5.500000623458482 1.5000001700318233 1.47012e-10
3.3409165688707967 8.291111546084288 25.557351474066326
4.500000510090387 3.5000003967388316 2.98593e-10
8.515378261357927 3.435696667722546 5.96427e-10
4.5000005101056475 0.5000000566781972 1.90421e-10
4.50000051010326 1.5000001700317664 2.27858e-10
4.5000005101919625 2.5000002833854595 2.80503e-10
3.500000396737375 3.500000396738854 2.79205e-10
2.500000283386327 2.500000283386996 2.50759e-10
2.5000002833842876 3.500000396740815 2.51423e-10
0.5000000566785623 10.515378488069189 6.0795e-11
10.515378488047414 0.5000000566981679 6.4651e-11
0.500000056677484 0.5000000568528078 4.4162e-11
1.500000170032341 0.5000000568520084 9.2329e-11
2.5000002833879216 0.50000005667812 1.51519e-10
3.5000003967450493 0.5000000566770959 6.3878e-11
0.5000000566775382 1.5000001709326138 6.5187e-11
1.5000001700323757 1.5000001710930917 1.35788e-10
2.5000002833883848 1.5000001700329992 2.58601e-10
0.5000000566772593 2.5000002849653504 6.4909e-11
1.5000001700314485 2.5000002850520002 1.33853e-10
0.5000000566770257 3.500000398867837 7.0929e-11
10.515378488069484 10.515378488069704 89.99999999998847
9.515378374715047 10.51537848803347 1.0985e-11
8.515378261361288 10.515378488033356 2.8365e-11
7.515378148007163 10.515378488069384 2.814e-12
6.515378034653077 10.5153784880697 89.9999999999868
5.51537792129902 10.515378488069981 89.99999999998577
4.515377807944834 10.51537848806953 7.333e-12
3.515377694591521 10.515378488069373 2.5573e-11
2.5153775812382504 10.51537848806964 3.7299e-11
10.515378488069484 9.515378374715619 89.99999999995302
9.515378374713961 9.515378374583495 89.99999999998684
8.515378261359604 9.515378374367307 9.535e-12
8.515378261358354 8.515378260908228 89.99999999978877
8.515378261361494 7.51537814748751 89.99999999999034
5.515377921294902 9.515378374713512 89.9999999996229
4.51537780792761 9.515378374713867 2.0233e-10
3.5153776945709776 9.51537837471074 4.70272e-10
10.515378488069416 8.51537826136164 89.9999999999422
9.515378374713489 8.515378261189909 89.99999999974365
7.515378148005386 9.515378374714176 1.833e-12
7.51537814800205 8.51537826136003 89.99999999997453
7.515378147998678 7.515378148005868 4.761e-12
7.515378148009653 6.515378034650208 1.81389e-10
4.5099943496887285 8.51537826135986 2.13604e-10
10.515378488069661 7.515378148007552 89.99999999997588
9.515378374715448 7.51537814780017 89.99999999995096
6.5153780346493155 9.515378374712538 89.99999999972735
6.515378034643785 8.515378261358617 89.99999999972415
6.515378034633005 7.515378148004632 89.99999999974665
6.515378034656709 6.515378034646857 1.88628e-10
4.5088459135989005 7.515378148006121 2.14965e-10
10.515378488070095 6.515378034653452 1.0306e-11
9.515378374716606 6.515378034412753 5.5955e-11
8.515378261362859 6.515378034083195 1.46736e-10
5.5153779212809155 8.515378261360095 89.9999999996257
5.512253454801663 7.515378148006567 89.99999999965348
5.515377921303808 5.5153779212948875 1.85308e-10
10.51537848807018 5.515377921299425 89.99999999999103
9.515378374717157 5.515377921026575 89.99999999998478
8.515378261363534 5.515377920688278 6.197e-11
7.515378148010329 5.515377921293405 9.8131e-11
6.51537803465728 5.515377921292022 1.17328e-10
5.437704968830784 4.371485199983354 10.88909847306557
10.51537848807023 4.515377807945432 89.99999999999773
9.515378374717251 4.515377807641374 89.9999999999968
8.515378261364216 4.515377807262594 1.2243e-11
7.515378148011244 4.515377807264574 2.6518e-11
10.515378488069885 3.5153776945912694 89.99999999995562
9.515378374716525 3.5153776942589285 89.99999999990949
10.515378488069896 2.5153775812371975 89.99999999998268
4.515377807950696 6.5153780346524055 2.17002e-10
4.469989959132802 5.20365918544557 10.889098473034482
6.515378034658272 4.515377807937821 4.1109e-11
0.5000000566770613 4.500000512693177 7.3624e-11
5.515377921303752 6.515378034648456 1.9676e-10
7.515378147997668 3.5153776938478805 1.283426e-09
5.500000623549781 3.0850274091431014 1.2168027e-08
6.50289552862467 3.4819020486425454 1.511308659008043
1.5000001700305141 3.500000398929318 1.44989e-10
3.500000396737569 4.500000510092453 2.88409e-10
2.50000028338436 4.500000510094503 2.50452e-10
