110 11.021636880194698
1.5000000000598313 9.52163688013486 89.99999999999858
0.5000000000199405 9.417785812692161 89.99999999999997
2.450557070365639 8.797180041873203 56.8838139032345
1.4245678035922786 8.273581434418134 40.92890312840445
0.5000000000199476 7.500000000299457 89.99999999999945
1.500000000060064 6.501342059112097 2.632e-11
2.4225516792264257 7.537275266764869 0.704260152591205
0.5000000000199556 6.500000000259524 1.245e-12
2.5000000001000693 6.5000001926391535 4.0104e-11
3.4996531821751575 7.112707231988498 0.177528019682014
0.5000000000199423 5.500000000219594 89.99999999999997
1.5005136341292946 5.500187204354742 89.97854397351837
3.5015468217967243 6.112708299101421 0.177528019688148
1.500000000059825 4.500000100161858 89.99999999999991
2.5013812864956253 5.500000123301658 2.368745715e-06
3.5000000001397966 2.5000000000999965 89.9999999999854
3.500000000139648 1.5000000000599867 89.99999999999557
9.825010380728173 1.5178891669139412 46.28919424932208
9.225620647202717 0.7069394930196289 46.246339443687205
9.12150565755231 2.2291301774278924 46.28919424932331
8.500922258149195 1.4134065738293993 44.85092629932915
7.793010283338208 0.7071043878351402 44.850926299330254
7.189208883313493 1.5181911172386302 44.94898160304348
7.819879450865345 2.314709088401204 46.289194249322236
6.500000000259317 0.5000000000199458 89.99999999999967
6.480813089757663 2.225522948643849 44.826290220745
5.5000000002194245 0.5000000000199485 89.99999999999936
5.5000000002194245 1.5000000000598668 89.99999999999571
3.490069867391814 8.183058306145432 8.945782108107284
4.500000000179508 3.500000000141577 89.99999999999815
8.521636880094956 3.4071229255797597 1.297e-12
4.500000000179532 0.5000000000199636 89.99999999999937
4.500000000179539 1.5000000000611085 89.99999999999554
4.50000000017993 2.5000000001014135 89.99999999999423
3.5000000001396145 3.5000000001400213 89.99999999999858
2.500000000099886 2.500000000100237 89.99999999998528
2.500000000099721 3.500000000170788 89.99999999999905
0.5000008542316801 10.521634035423213 89.99990211618095
10.521636880174755 0.5000000000199432 89.99999999999997
0.500000000019952 0.5000000000199627 89.99999999999939
1.5000000000598543 0.5000000000200302 89.99999999999865
2.5000000000997478 0.5000000000199858 89.99999999999898
3.5000000001396403 0.5000000000199778 89.99999999999922
0.5000000000199503 1.500000000059888 89.99999999999908
1.500000000059865 1.500000000060381 89.99999999999605
2.500000000099757 1.5000000000601297 89.99999999999572
0.5000000000199583 2.5000000000998144 89.99999999999872
1.5000000000599627 2.500000000118644 89.99999999998735
0.5000000000199458 3.500000000139742 89.99999999999949
10.420421337074046 10.521636880174752 0.0
9.417152888275348 10.521470828357991 0.000106499995092
8.412885182552834 10.521636880174743 89.99999999999808
7.396065827796799 10.521636880174755 2.91e-13
6.391211414307335 10.521636880174716 89.99999999999704
5.385288306059364 10.521636880174727 89.99999999999991
4.3805725142193275 10.521636880174707 89.99999999999598
1.8341596464960204 10.521636880174746 89.99999999999925
3.3753594368091995 10.52163688017473 89.99999999999952
10.521636880174743 9.52163688013486 89.99999999999976
9.521636880134828 9.521159503984837 89.99999999999882
8.521636880094928 9.521159360794336 89.99999999999946
8.521636880094942 8.520795583818957 89.9999999999995
8.521636880094949 7.520322523340253 89.99999999999967
5.52163687997509 9.521636880134754 89.99999999999869
4.5216368799351505 9.521636880134693 89.99999999999838
3.521636879895212 9.521636880134785 89.99999999999767
10.52163688017475 8.521636880094967 89.99999999999967
9.521636880134839 8.52079497697943 89.99999999999889
7.521636880054979 9.52163688013487 3.85e-13
7.5216368800550235 8.521636880094988 6.88e-13
7.521636880055034 7.521636880055109 7.74e-13
7.521636880055043 6.521636880015228 1.006e-12
4.521636879935236 8.521636880094594 1.5602e-11
10.52163688017475 7.5216368800550715 89.99999999999972
9.521636880134842 7.520322648045804 89.99999999999906
6.521636880015028 9.521636880134725 89.99999999999852
6.521636880015101 8.521636880094743 4.223e-12
6.520624637332087 7.521636880054826 3.186e-12
6.521636880015141 6.521636880014915 2.045e-12
4.507888656967436 7.270386521245513 1.597918107723649
10.521636880174754 6.521636880015179 89.99999999999986
9.521636880134853 6.519882658815348 3.27e-13
8.521636880094963 6.519879238914139 5.97e-13
5.521636879975128 8.52163688009463 1.4612e-11
5.519701441526018 7.521636880053352 6.887e-12
5.463653591659831 5.347210255850059 9.025594971995826
10.521636880174754 5.521636879975286 89.99999999999973
9.521636880134867 5.519424990060566 89.99999999999964
8.521636880094977 5.519413516763064 1.59e-13
7.521636880055084 5.521636879975348 1.098e-12
6.521636880015198 5.5216368799750075 8.89e-13
5.451895920513519 4.328445048833486 9.52126011574453
10.521636880174757 4.521636879935391 2.2e-14
9.521636880134867 4.518968567216121 5.25e-13
8.52163688009498 4.518927749374254 8.52e-13
7.521636880055096 4.521636879935467 1.249e-12
10.521636880174755 3.521636879895498 89.99999999999966
9.52163688013485 3.442465376972378 8.4e-13
10.521636880174752 2.521636879855605 89.99999999999959
4.514508908105721 6.270182178481862 1.597918107723322
4.477153838535613 5.183292344487998 9.025594971995934
6.47041113541587 4.470411135335542 6.219476792620133
0.5000000000199414 4.500000000179669 89.99999999999994
5.521636879975249 6.521636880012722 2.667e-12
7.521636880055059 3.5216368798955813 2.069e-12
5.500000000220034 2.9525892041192496 7.3477e-11
6.501446773100244 3.434071950163528 2.724183910666196
1.5000000000598366 3.5000000001709597 89.999999999999
3.500000000139603 4.500000000179949 2.234e-12
2.5000000000997145 4.500000000220074 1.076e-12
