110 11.007664536963834
1.579607907654748 9.747377702569107 27.717188367377283
0.6736869655273816 9.311652184022737 27.238022322346268
2.4466562073190854 9.038118088007145 24.026788605599855
1.5456418074632978 8.603271257003353 24.026788605601585
0.6602594793887588 8.133358349104826 24.026788605601123
1.5584226529938543 7.4394458308352345 24.888292353958875
2.4429704869664346 7.908971586717078 24.88829235395758
3.3436740364016777 8.343674202962216 24.888292353954476
0.6639902673774714 6.991225916729247 24.888292353958626
2.4531357561298903 6.752658204931161 26.616465394340224
3.336643505223303 7.221662751190061 26.61646539433542
0.6710207985553502 5.844780402169857 26.616465394346083
1.5591102012310527 6.304642162719062 26.616465394346182
3.32140131620927 6.06647111479297 26.604720690136805
1.5353308112447626 5.159368978139781 26.616465394462686
2.423918800923848 5.6194805922341695 26.616465394369218
1.6675981687406582 4.104605472268128 25.756480764893652
2.563986427480448 4.547983752988679 25.75648076489368
3.4523543581944214 5.007985090113569 25.75648076489362
4.199736698673123 4.243337891768048 30.077906100534694
3.337405749529402 3.6876816943179134 27.677352038367793
2.38885267372975 3.335253290460935 27.637271606099
9.76429377835494 1.5706986563863956 59.39822645635057
9.296931569510889 0.6846904642041816 59.465435792939566
9.05392920446159 2.439399069674379 65.93332066236364
8.583559180181553 1.5542730222264511 65.93332066236945
8.132694252996519 0.6604355307020873 65.9333206623775
7.431030088906075 1.571544850481109 67.35125678542764
7.878621403372323 2.4683447177188707 67.35125678542809
8.353682679864805 3.3536825133048387 67.35125678542903
7.033199780645413 0.6539817904747052 67.35125678542784
6.7327476063167895 2.492314569545599 66.61610703288264
7.17720791958162 3.3896111508657776 66.6161070328872
5.937126868209816 0.6573780773852924 66.61610703288147
6.334954978848777 1.5748386519166568 66.61610703288117
6.002294240730966 3.3226243687696004 66.61610703280839
4.5124683539607116 0.5030281074051954 0.006445677104019
5.200685730388397 1.4739511121644888 66.5575405898087
5.60129085399171 2.3978159599546838 66.55754058980665
4.484113883591624 2.33506213294779 66.55754058980828
4.881941786395933 3.2525222281763937 66.55754058980443
3.500000116598603 1.5000000499680608 89.99999999999451
3.5090835260554814 0.5000000166560241 89.99999999999736
0.5000000166561902 10.50766452030773 4.931e-12
10.507664520307756 0.5000000166561307 89.9999999999969
0.5013571974398028 0.5000000166640612 89.99999999998833
1.5040730182748536 0.5000000166564185 89.99999999997814
2.506456075310288 0.5000000166562533 89.99999999997061
0.5000000166569736 1.500000050005716 89.99999999997279
1.500000049970823 1.5000000500144592 89.99999999996007
2.50000008328466 1.5000000499684107 89.99999999995522
0.5000000166598868 2.505413305803048 2.00255e-10
1.5000000499788904 2.5000000833479805 4.07479e-10
0.557381102161858 3.511053970797388 0.000364917484077
10.50766452030208 10.507664520307701 89.99999999998883
9.507664486978582 10.507664520307786 89.99999999999471
8.507664453659842 10.507664520307829 9.9e-14
7.507664420342681 10.507664520307825 89.99999999999876
6.507664387026361 10.50766452030777 89.99999999999721
5.507664353710577 10.507664520307792 89.99999999999771
4.507664320395165 10.50766452030779 89.99999999999497
3.507664287080021 10.507664520307797 89.99999999999974
2.5076642537648333 10.507664520304997 7.3604e-11
10.507664520307818 9.507664486995287 9.81e-13
9.507664486995779 9.507664486995582 2.359e-12
8.507664453683718 9.50766448699576 4.007e-12
7.507664420371587 9.507664486995813 89.99999999999739
6.507664387059452 9.507664486995512 89.99999999999031
5.5076643537473835 9.5076644869956 89.99999999999352
4.507664320435241 9.50766448699574 89.99999999999316
3.5076642871231196 9.507664486995724 89.99999999999939
10.507664520307786 8.50766445368291 5.016e-12
9.507664486995708 8.507664453683432 1.0004e-11
8.507664453683663 8.507664453683704 9.791e-12
7.5076644203715315 8.507664453683812 89.9999999999976
6.507664387059367 8.507664453683219 89.99999999998155
5.507664353747322 8.507664453683425 89.99999999998143
4.507664320435195 8.507664453683718 89.99999999999312
10.507664520307788 7.507664420370674 4.647e-12
9.50766448699568 7.507664420371336 1.1795e-11
8.507664453683597 7.507664420371685 1.171e-11
7.507664420371423 7.50766442037181 89.99999999999778
6.5076643870591075 7.507664420370789 89.99999999996825
5.507664353746991 7.507664420371269 89.9999999999685
4.504561122204023 7.507664420371673 89.99999999999223
10.507664520307788 6.507664387058494 6.082e-12
9.507664486995742 6.507664387059253 1.1127e-11
8.507664453683715 6.507664387059678 1.2051e-11
7.507664420371392 6.507664387059804 89.99999999999797
6.50766438705904 6.503858363429721 89.9999999999669
5.507664353746903 6.507664387059175 89.9999999999594
10.507664520307822 5.507664353746324 89.99999999999996
9.5076644869958 5.507664353747105 9.9e-14
8.507664453683798 5.507664353747574 89.99999999999966
7.5076644203718 5.507664353747794 89.99999999999885
6.507664387059812 5.500590501581297 89.99999999999872
5.507664353747828 5.500408910681124 89.99999999999876
10.507664520307824 4.507664320433643 89.99999999999837
9.50766448699565 4.507664320434392 89.99999999997851
8.507664453683569 4.507664320435311 89.99999999996945
7.507664420371555 4.507664320435526 89.99999999996844
10.507664520307753 3.5076642871211896 89.99999999999618
9.50766448699555 3.5076642871222408 89.99999999998514
10.507664520307618 2.5076642538088807 89.99999999999699
4.507664320434556 6.507664387059627 89.99999999999127
4.507664320435844 5.507664353747534 89.99999999999885
6.390815489784958 4.495674027475312 89.995005898674
5.38693119416394 4.494356182560073 89.94078752336804
0.5000000166559913 4.523723526245826 89.99999999999972
3.326469867919293 2.500000083280102 89.99999999999213
