110 11.001772040044157
1.5832031238526216 9.710924009928622 23.59902663318949
0.5000000000531424 9.296926245009864 2.56e-12
2.442291282688055 8.993713985280044 27.496872053881535
1.5592497163224048 8.52433946154375 27.49687205388214
0.6743681141118607 8.058500084970722 27.496872053882203
1.558531457232569 7.391223809042279 27.764230200463107
2.4434034256801156 7.857058113991955 27.764230200457217
3.3264189026010476 8.326418903132904 27.764230200454993
0.6753531366985515 6.922172348234213 27.764230200462872
2.449465856614603 6.730142642077013 27.764230200462446
3.3350020170915116 7.194894661344777 27.75521309074691
0.6696175494592422 5.789817922916075 26.25892859305413
1.5662817774331321 6.261088149671732 27.764230200500958
3.3334691791830164 6.047620792952165 25.930500662877247
1.5640983761755405 5.112842562263545 25.930500662876113
2.449734480918788 5.5782764312017665 25.93050066287704
1.5939713819551056 3.966362230209967 29.571575481384425
2.4730195606243304 4.443468144220053 29.57157548139861
3.362530429842914 4.91105149890863 30.078062127318635
4.289119153577324 4.268207155514423 44.1862328676349
3.466704473791141 3.6753897309340773 43.89225610252224
2.424011866674141 3.265890977680724 29.57157548142367
0.6683028601172669 4.6683028605424 25.930500662875012
2.6792054135375203 1.6796590167306698 61.42387600149539
9.744862035166664 1.5723829980603758 61.333181096949346
9.295123076800808 0.6785697840380767 61.333181096963074
9.033138380047465 2.4421367964310683 66.33855319061037
8.582998442389158 1.547590170741438 66.3385531906095
8.120103877933477 0.6586322016959141 66.33855319060994
7.421114538798735 1.5521688172588766 63.873214626899525
7.883143527893976 2.4393620158880367 63.873214626901735
8.33268166350829 3.3326816629771665 63.87321462690508
6.950696213566618 0.6690903763229707 63.873214626899475
6.742377967502312 2.439656028398396 62.484322677026604
7.205074366780596 3.3280440654974064 62.67477585077477
5.801980472909978 0.6744378783491554 62.484322677031514
6.272198822755725 1.5570367421142368 62.48432267702531
6.077240111985586 3.327334160945802 62.484322676371335
4.674437878774796 0.6744378783491625 62.484322677050436
5.136622885813283 1.5617350021896779 62.43210478730276
5.60683751525183 2.4443267397482114 62.43210478728065
3.999205947912034 1.569831243153125 61.41634133024974
4.472270090129767 2.4508805133558114 61.41634133024144
4.942488955856422 3.333480026090404 61.4163413302283
3.3385884311872474 2.4602694693534986 61.41634133010742
6.50177203956464 4.501772039352142 89.9999999999331
5.501772039459181 5.501772039457543 89.99999999991647
4.5005971828184075 6.477258566185553 0.008641976892449
4.501772039352897 5.4761911318729695 89.99999999991428
5.501772039458064 4.501772039351081 89.99999999992782
0.5000000000533662 10.501772039990914 7.113e-12
10.501772039990794 0.5000000000535385 89.99999999998997
0.5000000000531948 0.5000000000531566 3.553e-12
1.5000000001596145 0.5000000000531619 1.151e-12
2.5000000002661977 0.5004368854163808 89.99999999997684
3.500000000372521 0.5000000000533609 89.99999999997756
0.5000000000533342 1.5000000001594893 1.1817e-11
1.5000000001599352 1.5000000001595728 7.405e-12
0.5000000000547002 2.50000000026576 1.3594e-11
1.5000000001647988 2.5000000002692424 1.61125e-10
0.5000000000532907 3.5000000003720126 1.3688e-11
10.501772039990968 10.501772039991 89.99999999999724
9.501772039884607 10.501772039990993 89.99999999999547
8.501772039778293 10.501772039990986 89.99999999999544
7.501772039672002 10.501772039990925 89.99999999999625
6.50177203956572 10.501772039990982 89.99999999999719
5.501772039459439 10.501772039990769 89.99999999999754
4.501772039353167 10.501772039990971 89.99999999999807
3.5017720392468936 10.501772039991021 89.99999999999834
2.5017720391406097 10.501772039990989 8.51e-13
10.501772039990978 9.501772039884665 89.99999999999254
9.501772039884687 9.501772039884631 89.99999999998623
8.501772039778444 9.501772039884617 89.99999999998566
7.501772039672201 9.501772039884074 89.99999999998586
6.50177203956596 9.501772039884528 89.99999999998629
5.501772039459715 9.501772039883964 89.99999999998725
4.501772039353469 9.501669734833268 89.99999999998867
3.5017720392472262 9.5017720398847 89.99999999999008
10.501772039990957 8.501772039778333 89.99999999999027
9.501772039884438 8.501772039778123 89.99999999995921
8.501772039778128 8.50177203977806 89.99999999995275
7.501772039671855 8.501772039777281 89.99999999995109
6.501772039565587 8.501772039777867 89.99999999995008
5.501772039459316 8.50177203977724 89.99999999995053
4.5017720393529945 8.501636388044073 89.99999999995671
10.501772039990897 7.501772039671981 89.99999999998694
9.501772039884257 7.5017720396718035 89.99999999995342
8.501772039777704 7.501772039671605 89.99999999993126
7.501772039671201 7.501772039670586 89.99999999991711
6.501772039564749 7.5017720396712475 89.9999999999159
5.50177203945814 7.501772039670436 89.99999999990145
4.501724724806296 7.501615332468448 0.000352373610852
10.501772039990819 6.501772039565614 89.99999999998401
9.501772039883983 6.501772039565509 89.99999999995063
8.501772039777205 6.501772039565301 89.99999999992718
7.50177203967035 6.501772039564017 89.9999999999033
6.501772039563324 6.501772039564907 89.99999999991529
5.5017367054639505 6.501772039563988 89.99999999990898
10.501772039990882 5.501772039459221 89.99999999998121
9.501772039884377 5.501772039459222 89.9999999999493
8.501772039777935 5.501772039459008 89.9999999999247
7.501772039671669 5.501772039457351 89.9999999999202
6.501772039565427 5.501772039458564 89.99999999991861
10.501772039990822 4.501772039352783 89.99999999997924
9.501772039884184 4.501772039352943 89.99999999994908
8.501772039777563 4.501772039352712 89.99999999992127
7.501772039671101 4.500620030120674 89.99999999992721
10.501772039990858 3.5017720392462306 89.99999999997918
9.501772039884345 3.5017720392466676 89.99999999994965
10.501772039990744 2.5017720391396785 89.99999999997827
