110 11.033669026538846
4.39484043243716 4.366166940255424 19.613997005289743
1.566311030004969 9.826525231380213 35.92307133238364
0.6832248105083165 9.259371063907496 30.066548859604254
2.3977164440855607 9.13422955624468 30.066548840743266
1.5486688829283586 8.604900442193786 30.066548840743653
0.6832248104480518 8.103894893777678 30.06654884074376
1.5572545627461851 7.45439452209286 30.066548840774956
2.427650980510524 7.958266983002243 30.066548840771603
0.687230315821358 6.950737510910422 30.06654884071852
2.392103255796678 6.782212236360741 30.066548840770466
3.3037119968976953 7.251893503289647 27.066295744424572
0.6832248104482552 5.7421812729563495 30.066548840788148
1.5266591833164873 6.281206687943726 30.066548840783582
3.3609181255560054 6.158135846208607 27.06629574447122
1.5610563868318725 5.08875458720017 33.699676309456486
2.434695287968437 5.6513925924907165 30.066548840795285
4.218735083738476 3.0485571490358403 19.61399700527004
1.5000000016011938 3.5000000037777323 6.36e-13
2.333118516190992 4.4016648896807125 33.69967630944429
3.2194881343018453 4.941972495005411 29.2413646734375
3.513972708625501 3.8590073042932747 19.613997005290148
3.3435909649438518 2.5253361810400397 19.613997005288084
2.638828589831762 3.335786336296546 19.613997005289413
9.781854055522196 1.5630013728030834 59.93322632263386
9.279339166046931 0.6898585107806188 59.7885358377863
9.115778594017208 2.408395962616942 59.9332263227437
8.614769649282561 1.5429538561920042 59.93322632273739
8.103890737965266 0.683225525544592 59.93322632274196
7.415871900755473 1.4907151618065138 59.933226322729965
7.92675081207299 2.3504434924535005 59.93322632273164
8.400013025094253 3.533669018492919 1.20849e-10
6.814755944866631 0.6832255255445778 59.93322632272915
6.758094315941827 2.3504434924495166 59.933226322736616
6.15697836005324 1.542953856187121 59.933226322730306
3.533669018524913 8.424644397317541 8.1116e-11
4.5096624474240805 0.5000000005373675 89.99999999977511
4.973752833975933 1.5000000016074022 89.99999999954989
5.351465966143912 2.503332287140765 88.5174803634998
0.500000000533789 10.533669026005075 9.82e-13
10.533669026005054 0.5000000005338379 89.9999999999975
0.5009942593465766 0.5000000005371268 89.99999999987436
1.5027922896194887 0.5000000005392629 89.99999999944444
2.504605636857352 0.5000000005348886 2.1387e-11
3.5066398106100922 0.5000000005337499 89.99999999999983
0.5000000005340297 1.5000000016132509 1.0829e-11
1.500000001602082 1.5000000016254624 2.5576e-11
2.500000002670082 1.5000000016046329 4.2771e-11
0.500007590771264 2.5000075929201615 89.99913022238212
1.5042598864362065 2.5000000027026053 1.38816e-10
0.5000000005337313 3.5040475052711706 3.13e-13
10.533669026004759 10.533669026003313 3.5087e-11
9.533669024936952 10.533669026004524 4.5716e-11
8.53366902386892 10.533669026004144 8.4071e-11
7.533669022797692 10.53366902600509 4.3e-14
6.533669021728223 10.533669026004755 89.99999999997661
5.533669020659248 10.533669026004759 89.99999999997968
4.533669019590493 10.533669026004755 89.99999999996433
3.5336690185217696 10.533669026005029 1.776e-12
2.533669017453293 10.533669026004464 1.2209e-11
10.533669026004969 9.53366902493233 1.3031e-11
9.533669024937302 9.533669024935609 1.8048e-11
8.53366902386971 9.533669024935003 1.8744e-11
7.533669022801941 9.533669024937577 6.54e-13
6.533669021734359 9.533669024936328 1.877e-12
5.533669020666851 9.533669024936428 3.226e-12
4.533669019599345 9.53366902493579 4.079e-12
3.53366901853184 9.533669024937394 4.59e-12
10.533669026004986 8.533669023862736 7.452e-12
9.53366902493717 8.533669023867036 1.14e-13
8.53366902386949 8.533669023849544 89.99999999999338
7.533669022801899 8.533669023870061 89.99999999999889
6.53366902172973 8.533669023868335 89.99999999999332
5.533669020661209 8.533669023867336 89.99999999999457
4.533669019593138 8.533669023865372 8.2e-12
10.53366902600495 7.533669022793729 6.006e-12
9.533669024937275 4.533669019594659 4.3386e-11
8.533669023869491 4.5336690195630105 8.0462e-11
7.533669022801707 4.533669019599037 1.17907e-10
6.533669021730221 7.53366902280051 1.809e-12
5.533669020662187 7.533669022799101 8.91e-12
4.53366901959356 7.533669022795966 89.99999999996336
10.533669026004866 5.533669020656484 1.2932e-11
9.533669024936495 5.5336690206629715 7.219e-12
8.533669023868292 5.533669020633352 2.2041e-11
7.533669022795278 5.53366902066705 5.8819e-11
6.533669021734077 4.53366901959624 1.37876e-10
5.533669020655709 5.53366902066057 1.67006e-10
10.53366902600472 6.533669021725002 2.5257e-11
9.533669024936069 6.533669021731077 89.99999999999248
8.533669023867054 6.533669021704075 2.4187e-11
7.533669022798611 6.5336690217347275 3.8042e-11
6.533669021724999 5.533669020664205 1.07302e-10
5.533669020666224 4.533669019592526 1.83476e-10
10.53366902600499 4.533669019588118 1.4619e-11
9.53366902493709 7.533669022799085 89.9999999999981
8.533669023867603 7.533669022775749 1.1141e-11
7.533669022799074 7.5336690228023855 1.9554e-11
10.533669026003512 3.526356505861134 89.99999999981681
9.533669024934477 3.533669018523123 89.99999999963349
10.527044940623917 2.5194404609160634 89.99252917219071
4.524347547942319 6.529429263191371 0.034140054314364
4.533669019580417 5.52609201582647 89.99999999938098
6.530618265898348 6.533669021731964 9.7026e-11
0.5029488691155315 4.5072834545024225 89.98808654412579
5.52800095960097 6.533669021728783 1.83235e-10
7.400013024025274 3.5336690185307784 1.73665e-10
5.3872444086102815 3.5027411675318008 88.51748036420966
6.4000130229565295 3.533669018527431 1.80951e-10
3.834924245744004 1.63882858876431 19.613997005282002
5.512320450946297 0.5000000005346594 1.9539e-11
