110 11.029946274166553
0.6757264190657271 9.340562494898666 26.016635693442844
2.46904062971957 9.059681759406923 24.07134296462777
1.5629069875375214 8.636351634607845 24.071342964627807
0.660456070426271 8.204777615173695 24.07134296462779
2.4550443362834375 7.940331666195917 25.558263078779348
1.5528972971504786 7.508902968615869 25.55826307878071
2.4474043741059464 6.828211294768051 25.558263078780666
3.364846465581185 7.261685410376302 25.010934512184377
0.6942500691847018 5.712758200071104 33.144435024304144
1.5387059735675357 6.261410077870052 33.24868377917864
3.3207933378338197 6.1349039362914715 25.297518252632614
1.549977926833042 5.073054983370073 33.248683779168104
2.3862766786130023 5.621329001615543 33.248683779162434
1.6922863856682913 3.970606882385747 33.24868377917076
2.528585137448121 4.518880900631193 33.24868377917063
3.409262335283998 4.999463148324525 33.24868377918304
1.6016393236954167 9.767649513592932 26.068398373214357
4.2193806843754125 4.334828461715478 33.24868377919583
3.424284879260449 3.717462821725979 33.23344816227568
2.4968720503098107 3.302344990542077 33.24868377917533
3.3654371024143224 8.3654371056927 25.01093451218378
1.6959275541434788 2.695187178168568 33.19529987787255
0.5423528082690865 3.5000000022962294 89.99999999999986
9.139629954193166 2.4853457862439825 75.54939814129861
7.351526498446685 1.568029409847426 64.18184645312819
6.916010164392656 0.6678485813004835 64.18184645312829
6.67311012174202 2.4619168597293855 64.1818464531288
7.10862645579597 3.3620976882764446 64.18184645313724
5.7890694941660055 0.6678485813004809 64.18184645312887
6.237593787687988 1.5617360311824457 64.1818464531288
5.997738543502326 3.3620976882763984 64.18184645313539
4.678181581872289 0.6678485813004791 64.18184645312945
5.113697915926332 1.5680294098474188 64.18184645312918
5.562222209448317 2.461916859729386 64.18184645312918
3.9973429736798085 1.556729453524846 64.18184645313109
4.43285930773385 2.45691028207178 64.18184645313107
4.881383601255836 3.350797731953741 64.18184645313107
3.299531122206798 2.410527856953651 64.18184645312331
4.52937156602102 6.529946271215629 3.157e-11
4.500102367263949 5.529946270559835 3.9509e-11
5.416331963370866 4.529946269904582 1.6952e-11
8.045562539282287 2.5190238607410858 87.77632253959727
8.273609241031771 3.510922410147176 87.77632253959723
4.524700118423331 7.529946271871414 2.3582e-11
5.529396373745716 6.529946271215991 1.0389e-11
5.506139221907599 5.52994627056029 1.3759e-11
6.421672500330744 4.529946269904588 1.7145e-11
9.837517063822439 1.508229083372676 43.80218060254456
0.5000000003278293 7.0061091307775 1.59e-13
7.514671575493237 4.529946269904763 2.393e-12
0.5000000003278293 10.529946273838725 5.1e-14
10.529946273838725 0.5000000003278275 89.99999999999999
0.5000000003278284 0.5000000003280096 0.0
1.500000000983487 0.5000000003280096 0.0
2.500000001639146 0.500000000327832 0.0
3.5000000022948052 0.5000000003278275 89.99999999999996
0.5000000003278382 1.5000000009844126 3.13e-13
1.5000000009835164 1.500000000984504 5.4e-13
2.5000000016391932 1.5000000009835013 4.12e-13
0.5015496186075534 2.5000000016404216 1.32e-13
10.529946273838721 10.529946273838725 89.99999999999994
9.529946273183057 10.529946273838725 89.99999999999986
8.529946272527397 10.529946273838723 89.99999999999973
7.5299462718717365 10.529946273838725 1.5e-14
6.529946271216079 10.529946273838723 6.4e-14
5.529946270560419 10.52994627383872 2.76e-13
4.529946269904759 10.529946273838712 6.56e-13
3.5299462692489207 10.529946273838721 5.88e-13
2.529946268593162 10.529946273838645 3.185e-12
10.529946273838725 9.529946273183064 89.99999999999986
9.529946273183066 9.529946273183068 89.99999999999979
8.529946272527406 9.527654844301452 1.89e-13
7.529946271871748 9.529946273183063 4.6e-13
6.5299462712160885 9.529946273183052 9.64e-13
5.529946270560431 9.529946273183045 1.089e-12
4.529946269904775 9.529946273182993 1.156e-12
3.529946269249118 9.529946273183059 1.222e-12
10.529946273838725 8.529946272527402 5.5e-14
9.52994627318306 8.52994627252741 89.99999999999945
8.529946272527354 8.526264434172937 9.92e-13
7.529946271871682 8.529946272527393 1.896e-12
6.529946271215971 8.529946272527337 7.432e-12
5.529946270560301 8.529946272527322 8.228e-12
4.529946269904586 8.52994627252719 1.4362e-11
10.529946273838712 7.529946271871743 1.19e-13
9.529946273183025 7.529946271871753 89.99999999999932
8.52971718262383 7.525183342349338 89.99434066492641
7.529584793479062 7.5299462718717365 2.059e-12
6.529443205338287 7.529946271871658 1.0094e-11
5.525122980628131 7.5299462718716565 8.679e-12
10.529887100957152 6.529946271216086 5.3e-14
9.52974752499713 6.5299462712160965 89.99999999999913
8.529598739850032 6.524154979428696 89.99695677434849
7.529523053542001 6.52994627121608 2.156e-12
6.529443572318291 6.52994627121599 1.121e-11
10.529887079099915 5.529946270560427 89.99999999999996
9.529653732224393 5.529946270560439 89.99999999999893
8.520982767927428 5.523077353855007 89.98339061062237
7.515859595915442 5.52994627056042 2.304e-12
6.510494424261375 5.529946270560308 1.2479e-11
10.529843153359657 4.52994626990477 89.99999999999987
9.525105131725837 4.529946269904784 89.99999999999876
8.520797192671562 4.522003958713992 89.97636051550839
10.529946273838723 3.5299462692491117 89.99999999999984
9.529946273183054 3.529946269249126 89.99999999999856
10.529946273838723 2.5299462685934526 89.9999999999999
0.500000000327832 4.5000000029520395 89.99999999999956
9.132152243412463 0.5000000003278267 1.2e-14
8.519375080074997 1.5000000009834862 89.99999999999962
8.132152242756804 0.5000000003278284 89.99999999999989
