110 11.020967812672694
1.5980720941263882 9.742657589640043 24.33086967374754
0.5000000013263168 9.3517634115345 1.059e-12
2.3047048541820088 8.960254162324432 25.591268832812656
1.309989527834933 8.454732768726684 31.02053306065652
0.5000000013264874 7.500000019897091 1.2776e-11
1.5000000039789878 6.500000017243682 8.66e-12
2.4521460914276907 7.922096150710131 25.591268832846648
0.5000000013263479 6.50000001724409 5.104e-12
2.513277089777647 6.770603083181154 3.12686562115721
3.4944386838214743 7.142743683678104 3.126865621152863
0.5000000013263142 5.500000014590765 1.304e-12
1.5000000039789354 5.50000001459083 3.076e-12
3.5359335757413857 5.899070393987701 12.867049068198643
1.50000000397893 4.500000011937858 2.506e-12
2.500000006631556 5.500000014589635 4.58e-12
3.5000000092843324 2.5000000066315886 89.99999999999568
3.5000000092844616 1.500000003978962 89.99999999999577
9.797964063925747 1.5689668699473769 56.498943049449636
9.251669505182228 0.5000000013263115 89.99999999999953
9.093258459008544 2.3254210756062785 55.37453781690783
8.50203188690545 1.5184306564216992 55.37453781690534
7.933822395918792 0.69554671584494 55.3745378169047
7.245299000635286 1.4583378460156808 55.37453781689611
7.828940622103721 2.303570677094993 55.374537816908145
6.5057031502112475 0.5014981329112906 0.002314767890347
6.557725282439621 2.2225043039148473 55.37453781689489
5.504386951169124 0.5000000013263284 89.99999999999802
5.500000014589779 1.5000000039789736 89.99999999999598
3.354044454270415 8.354044467533903 25.59126883284506
4.500000011936724 3.5000000092842125 5.57e-13
8.520967806041163 3.5209677927775394 89.99999999999847
4.503382219657821 0.5000000013263168 89.9999999999991
4.500000011937124 1.500000003978954 89.99999999999788
4.500000011937005 2.500000006631587 89.99999999999932
3.5000000092841184 3.5000000092842525 4.27e-13
2.5000000066316677 2.5000000066316415 89.99999999999272
2.500000006631513 3.5000000092843453 3.06e-13
0.5000000013263293 10.52096781134638 8.2e-13
10.520967811346358 0.5000000013263524 89.99999999999909
0.5003974112765226 0.5000000013263426 89.99999999999835
1.5011669367972518 0.5000000013263417 89.99999999999704
2.5018463309303263 0.5000000013263266 89.99999999999794
3.5025628426347764 0.5000000013263168 89.99999999999882
0.5000000013263666 1.5000000039790526 89.99999999999636
1.5000000039790988 1.5000000039790518 89.99999999999088
2.500000006631783 1.5000000039790002 89.99999999999267
0.5000000013263488 2.500000006631841 89.99999999999568
1.5000000039790153 2.5000000066317414 89.99999999999201
0.5000000013263026 3.5000000092848116 1.05e-13
10.52096781134638 10.520967811346372 1.53e-13
9.520967808693749 10.520967811346377 1.5e-13
8.52096780604112 10.520967811346376 9.3e-14
7.520967803388491 10.52096781134638 3.35e-13
6.52096780073586 10.520967811346377 4.41e-13
5.52096779808323 10.52096781134638 6.64e-13
4.5209677954305985 10.520967811346372 1.362e-12
3.5209677927779666 10.520967811346358 1.824e-12
2.520967790125335 10.520967811346356 2.355e-12
10.431800454821957 9.520967808693717 1.066e-12
9.42950736613873 9.520967808693712 6.6e-13
8.426633258950739 9.520967808693696 89.99999999999686
8.52096780604077 8.520967806041025 89.99999999999353
8.520967806040906 7.5209678033883804 89.99999999999328
5.415480970395011 9.520967808693714 89.99999999999746
4.409332452113135 9.520967808693696 3.119e-12
3.404511631034452 9.520967808693527 1.6669e-11
10.520967811346301 8.520967806041076 89.99999999999982
9.520967808693497 8.520967806041027 89.99999999999503
7.4234426077804345 9.520967808693703 89.99999999999687
7.520967803388077 8.520967806041028 89.99999999999261
7.5209678033881975 7.5209678033883876 89.99999999999248
7.520967803388576 6.52096780073569 7.2e-14
4.520967795430037 8.520967806041051 1.232e-12
10.520967811346349 7.520967803388427 89.99999999999865
9.520967808693614 7.520967803388382 89.99999999999466
6.4198635101675325 9.520967808693696 89.99999999999531
6.520967800735396 8.52096780604104 89.999999999994
6.520967800735477 7.520967803388389 89.99999999999312
6.520967800735971 6.520967800735684 1.58e-13
4.515585077036187 7.520967803388421 7.9e-13
10.520967811346392 6.520967800735758 89.99999999999997
9.520967808693786 6.5209678007357015 89.99999999999999
8.520967806041181 6.520967800735687 2e-14
5.520967798082723 8.520967806041066 89.9999999999961
5.520967798082714 7.520967803388432 89.999999999995
5.520967798083328 5.5209677980831104 3.927e-12
10.520967811346381 5.520967798083042 1.334e-12
9.520967808693767 5.520967798083009 2.164e-12
8.52096780604116 5.5209677980829195 2.532e-12
7.520967803388551 5.520967798083006 2.811e-12
6.52096780073594 5.5209677980829985 3.176e-12
5.447936083860639 4.284305581952448 12.867049068199416
10.520967811346392 4.52096779543038 89.99999999999989
9.520967808693781 4.520967795430189 89.99999999999974
8.520967806041172 4.520967795430205 1.1e-14
7.520967803388563 4.5209677954293594 3.4e-13
10.52096781134639 3.5209677927777507 89.99999999999979
9.520967808693772 3.5191284775764404 89.99999999999861
10.520967811346384 2.5209677901251206 89.99999999999952
4.520967795430758 6.52096780073579 3.71e-13
4.491934829801017 5.091687987970072 12.867049068199123
6.5209678007359555 4.52096779543035 6.13e-13
0.5000000013263133 4.500000011937786 1.24e-12
5.520967798083365 6.520967800735763 2.68e-13
7.52096780338848 3.5209677927764105 6.084e-12
5.500000014589859 2.794760819809126 5.7884e-11
6.492393711675099 3.4234334522213854 3.89688816265391
1.5000000039789079 3.5000000092847974 2.08e-13
3.5000000092841574 4.500000011936907 4.31e-12
2.5000000066315473 4.5000000119370025 3.766e-12
