110 11.010516295883953
1.5905149556496156 9.723035663040491 23.620361671736347
2.4506401577062076 9.006788993943307 27.124312031072574
1.5606207323195465 8.550866388192272 27.12431203107279
0.6729710155688187 8.090317807129017 27.12431203107264
1.5598761381762771 7.421074093500431 27.12431203107199
2.447525854927001 7.881622674563687 27.124312031072
3.3375452803136674 8.337545280314705 27.124312031071796
0.6729710155688151 6.959071969131417 27.124312031071764
2.4486886263588197 6.752716890229282 27.432137564783215
3.338963983427278 7.214701044925168 27.124312031082116
0.5000000000001137 5.786100953562495 1.002e-12
1.561418940879165 6.290525534912221 27.432137564989524
3.336388890808923 6.086800833069704 27.43213756477764
1.5613724913018392 5.060054870541453 33.77817360507525
2.4495035308977378 5.624808966778537 27.43213756499145
3.365373281289133 4.951193665852237 29.92439740674857
2.5017954767685904 4.446939606295013 29.92439740675092
9.723035663040449 1.5905149556495708 66.37963832826392
9.00678899394324 2.45064015770614 62.87568796892478
8.550866388192123 1.560620732319514 62.8756879689243
8.09031780712877 0.6729710155688302 62.875687968924524
7.421074093500247 1.5598761381763642 62.875687968923685
7.8816226745636015 2.4475258549270356 62.87568796892375
8.337545280314691 3.337545280313664 62.8756879689239
6.959071969131376 0.6729710155688311 62.875687968923685
6.753024456278751 2.4492964863863644 62.542231458527155
6.052903988679118 3.270705741201617 62.54223145852708
5.829405255187043 0.67439971111469 62.51146217519865
6.290775314909771 1.5619394998277616 62.50474475355939
7.215057839693367 3.3396604925949096 62.87568796892409
5.129312624849788 1.4963643944958012 62.50474475355873
5.59098778174139 2.383413462763015 62.50474475355949
4.04081156920435 1.674362112578204 62.50474475356062
4.544826440013483 2.5393749770242606 62.504744753560445
5.006501596904122 3.426424045289638 62.504744753558754
4.510516295881364 6.496925888249194 89.99999999997596
4.510516295882234 5.4969258882489145 89.99999999997169
2.548826585063626 3.1740704578526975 47.32388533571073
3.245153010050931 2.454058066188664 47.32388533571156
3.4609743346775725 3.6932477207937344 47.32388533571273
4.288549954158955 4.2904006470657094 47.3238853357218
9.325467512518236 0.5000000000001066 89.99999999999952
5.495067049811946 4.496596374860294 0.022324339602593
6.4951295041796895 4.507248583529681 0.019509751796413
5.5105162958816925 6.507855909863261 89.9999999999796
5.510516295882464 5.507327262788901 89.99999999997283
0.5000000000001075 4.500000000001065 89.9999999999999
0.5000000000001155 3.5000000000008265 2.5e-14
0.5000000000001315 10.510516295883837 9.32e-13
10.51051629588383 0.5000000000001448 89.99999999999876
0.500000000000175 0.5000000000001146 9.9e-14
1.5000000000276454 0.5000000000001252 89.99999999999827
2.5000000000367013 0.5000000000001474 89.99999999999693
3.5000000000420517 0.5023756094678289 89.99999999988823
0.5000000000001759 1.5000000000003464 89.9999999999996
1.5000000000005445 1.5000000000003775 89.99999999999594
2.5000000000008145 1.5000000000004272 89.99999999999389
0.500000000000119 2.5000000000005858 89.99999999999932
1.5000000000003855 2.5000000000006195 89.9999999999953
10.51051629588385 10.510516295883837 1.71e-13
9.51051629588364 10.510516295883846 3.08e-13
8.510516295883432 10.510516295883848 3.8e-13
7.510516295883218 10.510516295883848 2.19e-13
6.5105162958830025 10.510333137247128 89.99999999999974
5.510516295882796 10.51037142313104 89.99999999999999
4.5105162958825895 10.510307216575168 2.12e-13
3.5105162958823817 10.510516295883846 4.81e-13
2.510516295882175 10.510516295883845 6.09e-13
10.510516295883845 9.510516295883605 7.67e-13
9.510516295883633 9.510516295883622 1.307e-12
8.510516295883424 9.510516295883637 1.037e-12
7.510516295883218 9.510516295883626 1.208e-12
6.510516295883008 9.509671080364033 1.407e-12
5.510516295882796 9.509591458893269 1.634e-12
4.510516295882585 9.509438578476445 1.864e-12
3.5105162958823746 9.510516295883626 2.072e-12
10.510516295883843 8.510516295883383 8.24e-13
9.510516295883622 8.510516295883404 1.606e-12
8.510516295883404 8.510516295883432 8.53e-13
7.510516295883187 8.508982267691996 1.677e-12
6.5105162958829785 8.50897644300616 2.345e-12
5.510516295882769 8.508845836295658 2.998e-12
4.51051629588256 8.508645151772685 3.61e-12
10.510516295883841 7.510516295883168 5.4e-13
9.510516295883619 7.510516295883179 5.7e-14
8.5105162958834 7.510516295883215 89.99999999999905
7.509140956200738 7.508532086497974 0.008699908328595
6.5083003979191325 7.508403990369555 89.99355636736912
5.507635935770295 7.508222375431124 0.013057678470986
4.507098949071115 7.507626884162448 0.022647186932638
10.510516295883821 6.510516295882956 6.25e-13
9.510516295883104 6.510516295882946 89.99999999999815
8.510516295882706 6.510516295882961 89.99999999999305
7.510516295882333 6.508092119540133 89.99999999998478
6.510516295882014 6.508002240252304 89.99999999998224
10.51051629588383 5.510516295882746 1.85e-13
9.510516295883548 5.510516295882725 89.9999999999975
8.510516295883265 5.510516295882734 89.99999999999038
7.510516295882915 5.507206179133257 89.99999999997497
6.51051629588269 5.507516804915249 89.99999999997394
10.51051629588382 4.510516295882536 89.99999999999982
9.510516295883427 4.510516295882508 89.9999999999975
8.510516295882912 4.510516295882528 89.99999999998988
7.50988415329227 4.506732143398762 89.98883001093466
10.510516295883846 3.510516295882325 89.9999999999994
9.510516295883626 3.51051629588229 89.99999999999775
10.510516295883841 2.510516295882115 89.99999999999923
4.500000000045645 0.5000000000001119 7e-13
0.5000000000001039 9.325467512518383 3.47e-13
1.5000000000003535 3.816437865723854 1.688e-12
