110 10.998342336990648
1.5690788924098071 9.741359356985441 28.899190746943383
0.6793706868188236 9.283880209967771 28.89919074693062
2.43957230767843 9.028915658550991 23.553531307616844
1.5484531224946365 8.570657634953145 23.553531307617675
0.6581464141622595 8.110535806447748 23.5535313076172
1.5473569905886033 7.408580329989227 27.21449238624378
2.4357297891818113 7.86770764544864 27.214492386235346
3.325030517538316 8.325030527658631 27.21449238622298
0.6733118052829683 6.921591830609554 27.214492386237165
2.436657718944422 6.741424200586633 27.214492386247834
3.3250305175377948 7.20055151604563 27.214492386244544
0.6733118052658735 5.797112818942599 27.214492381703096
1.562612533638939 6.254435701206651 27.21449238623858
3.3262435231321024 6.071292985022287 26.895482968145323
0.6720987996885714 4.672098807784635 26.895482968134814
1.5634169665459892 5.125478588424362 26.895482968139433
2.4520193806023496 5.584212456892971 26.895482968144012
1.5701009371772798 3.992243820212374 27.943160503114733
2.45657007785898 4.455077492867661 27.943160503147986
3.371114561952855 4.929417981145056 31.51689007611214
3.549571431505785 3.5509408064910164 44.82505182677496
2.4082077077542907 3.29745074981438 27.94316050287985
2.5000000065280577 1.5000000033359426 89.99999999259735
9.741504534292929 1.5690072796123982 61.07603086317535
9.28371589390317 0.6794554298616422 61.07603086319173
9.02896242110292 2.4396349182610484 66.4638179860304
8.57037522937327 1.5486379244822235 66.46381798602934
8.110807315892444 0.6580680972697115 66.46381798602995
7.408516406045947 1.546929269272891 62.70454447001355
7.867095478483833 2.435582879163458 62.704544470022135
8.324725991777768 3.3247259816582733 62.70454447002809
6.920209522064715 0.6736163411639895 62.704544470015996
6.744630313629133 2.4410721907416084 62.70454446999337
7.201488521839425 3.3307071275773623 62.713440712118555
5.792517706480024 0.6681263283512235 64.11323354582335
6.256320083946681 1.5677527792006365 62.70454446983451
6.07295693709714 3.325871895150377 63.00736298497842
4.672470435767439 0.6724704276713744 63.00736298499331
5.117836433555475 1.5678699709026782 63.007362984986614
5.584562569245076 2.4523894371570165 63.00736298497995
3.981001194364908 1.5805126807532344 61.28627378460184
4.4511931255251005 2.463154125836384 61.286273784560734
4.929477486131528 3.36959659337669 58.37346526932851
3.273463980473483 2.4194156323888976 59.90685542136928
4.262751334522244 4.26117942701586 45.05399888023774
0.5000000010123458 10.498342335978467 9.493e-12
10.4983423359784 0.5000000010124603 89.99999999998786
0.5000000010120127 0.5000000010120189 3.24e-12
1.5000000030360199 0.5000000010121246 3.055e-12
2.500000005060029 0.5000000010268337 1.73e-12
3.5000000070840382 0.5000000010123467 3.98e-13
1.50000000305497 2.5000000051099796 6.87953e-10
0.5000000013833672 1.5000000030361296 1.7416e-11
0.500000001017022 2.5000000050601057 1.8034e-11
1.500000004151167 1.5000000030691436 1.138327e-09
0.5000000010123768 3.5000000070840818 1.8602e-11
10.498342335978581 10.498342335978641 89.99999999999663
9.498342333954433 10.49834233597861 89.99999999999018
8.498342331930386 10.49834233597857 89.99999999999396
7.498342329906361 10.498325682252812 89.99999999999945
6.498342327882365 10.4983256777247 3.939e-12
5.498342325857773 10.49834233597866 89.99999999999847
4.498342323833187 10.498342335978645 89.99999999999638
3.4983423218088165 10.49834233597861 4.051e-12
2.498342319784563 10.49834233597841 5.716e-12
10.498342335978641 9.498342333954623 89.99999999999342
9.498342333954575 9.498342333954561 89.999999999977
8.498342331930623 9.498342333954355 89.99999999997743
7.498342329906583 9.498260814961686 89.99999999998963
6.49834232788257 9.498260817847587 89.9999999999992
5.498342325858528 9.498342333954518 1.1746e-11
4.4983423238346125 9.498342333954447 1.2597e-11
3.4983423218106933 9.498342333954499 1.3975e-11
10.498342335978602 8.498342331930598 89.99999999999083
9.498342333954241 8.498342331930386 89.99999999994749
8.498342331930147 8.49834233193002 89.99999999993987
7.498342329905779 8.498213493891635 89.9999999999721
6.4983423278815575 8.498213508808536 89.99999999999213
5.498342325857334 8.498342331930472 1.2124e-11
4.4983423238326985 8.498342331929793 8.2721e-11
10.498342335978549 7.498342329906562 89.99999999998988
9.498342333954007 7.498342329906403 89.9999999999387
8.498342331929784 7.498342329905937 89.99999999992892
7.49834232990543 7.498172825528605 89.99999999995366
6.498342327881187 7.4981728493050275 89.99999999997038
5.497525600634093 7.498342329906437 89.99999999999997
4.494903243694131 7.498342329904486 89.99999999999547
10.498342335978549 6.4983423278825105 89.99999999999186
9.498342333953934 6.498342327882444 89.99999999993177
8.498342331929742 6.498342327881885 89.99999999992012
7.498342329905469 6.498135949661283 89.99999999993976
6.4983423278812795 6.498135982224642 89.99999999995327
5.498342325856717 6.498342327882435 89.99999999998707
10.49834233597866 5.498342325858384 3.769e-12
9.498342333953799 5.4983423258584905 89.99999999992643
8.498342331929468 5.498342325857821 89.99999999990696
7.498342329905028 5.498118343571725 89.99999999993045
6.498342327880617 5.497452496235161 89.99999999994829
5.498342325856476 5.498342325858467 89.99999999997885
10.498342335978169 4.4983423238337705 89.99999999993751
9.498342333954191 4.498342323834539 89.99999999992458
8.498342331929123 4.498342323832698 89.99999999977513
7.49834232242284 4.498108467070315 89.99999914234364
10.498342335978379 3.498342321809183 89.99999999996437
9.498342333954088 3.498342321810593 89.99999999992632
10.498342335978258 2.498342319784687 89.9999999999773
4.498342323832025 6.498342327879179 89.99999999990821
4.49834232383251 5.498342325854163 89.99999999997345
6.478212386290898 4.493822149150079 89.97972496454749
5.474863224771568 4.498342323831915 2.80494e-10
