110 11.029779081781017
0.5000000571497907 10.52977902463137 8.258e-12
10.52977902463147 0.5000000571495908 89.99999999999754
0.5000000571496361 0.5005677607310455 1.3014e-11
1.5000001714488107 0.5000000571501326 1.6514e-11
2.500000285748175 0.5000000571495606 2.061e-12
3.500000400047804 0.5000000571499479 89.99999999995522
0.5000000571496201 1.5016995069423995 4.292e-12
1.5000001714488862 1.5000001714503446 8.935e-12
2.50000028574804 1.5000001714486988 6.168e-12
0.5000000571499861 2.502480311447488 2.8024e-11
1.5000001714498419 2.5000002857503354 5.6177e-11
0.5002192064374027 3.503158335952938 0.007774458225008
10.529779024631381 10.529779024630809 5.627e-12
9.529778910332027 10.529779024631392 1.2577e-11
8.529778796032538 10.529779024631473 3.498e-12
7.529778681732659 10.529779024631505 7.2e-14
6.52864571320917 10.529779024631388 1.3362e-11
5.527567997819914 10.529779024631505 5.97e-13
4.526142849201571 10.529779024631452 3.922e-12
3.5223889155478725 10.529779024631427 2.304e-12
2.5194105396166773 10.527812692854964 0.015355019821237
10.5297790246313 9.529778910330387 1.5769e-11
9.529778910331753 9.529778910332181 2.9516e-11
8.529778796031847 9.529778910332391 4.917e-12
7.5297786817325125 9.529778910332453 89.9999999999992
6.52977856743314 9.529778910332224 2.6469e-11
5.527459159606289 9.529778910332485 1.176e-12
4.526118966745565 9.529778910332341 7.773e-12
3.5253197351279013 9.529778910332253 4.661e-12
10.529779024631377 8.529778796030532 1.2465e-11
9.52977891033208 8.5297787960331 3.179e-11
8.529778796032847 8.529778796032971 4.1033e-11
7.529778681733627 8.52977879603299 3.4305e-11
6.52977856743423 8.529778796033144 2.8535e-11
5.529778453134368 8.529778796033394 8.924e-12
4.529778338835269 8.529778796033229 1.1558e-11
10.52977902463136 7.529778681730874 1.2705e-11
9.529778910332013 7.52977868173402 3.2955e-11
8.529778796032701 7.529778681733711 5.0932e-11
7.5297786817334496 7.529778681733903 3.9992e-11
6.529778567434203 7.529778681734109 3.0668e-11
5.5297784531348535 7.529778681734345 9.294e-12
4.52687573057967 7.529778681734183 1.1518e-11
10.529779024631296 6.529778567431321 1.4111e-11
9.529778910331894 6.5297785674349536 3.2052e-11
8.529778796032549 6.529778567434427 5.2324e-11
7.529778681733314 6.52977856743485 4.1439e-11
6.5297785674341124 6.529778567435081 3.1505e-11
5.525605048838627 5.5297784531361325 89.99999999999864
10.529779024628809 5.529778453131839 1.1927e-11
9.52832046872838 5.529778453135889 2.8876e-11
8.527674527673387 5.529778453133286 89.99999999989065
7.527043707342056 5.529778453135801 4.1808e-11
6.525994475170759 5.5297784531360525 3.2188e-11
5.525994360862683 4.529778338837065 89.99999999999262
10.529779024631257 4.529778338832408 9.922e-12
9.529778910324717 4.529778338836843 2.5949e-11
8.529778796022056 4.529778338833047 89.99999999980871
7.525994589480461 4.52977833883676 4.1519e-11
10.529779024631395 3.5297782245329756 7.248e-12
9.52977891033211 3.5297782245377967 2.3022e-11
10.529779024631157 2.529778110233506 89.99999999999535
4.529778338835741 6.5297785674351365 1.1491e-11
4.525391316344223 5.529778453135986 7.532e-12
6.525994475171176 4.5297783388370325 3.233e-11
4.293226639203675 4.326254917169515 39.22934144551924
1.5928785503165308 9.752137550016203 24.702193872448788
0.6701579793972936 9.331504381227557 26.01740906515978
2.4642888464240595 9.052256861309692 24.70219387231512
1.5554437543176176 8.634192661407145 24.702193872346783
0.6632956810724036 8.179841903128462 24.70465973960795
1.566551203920278 7.493919764454846 24.702193871436815
2.458088906861037 7.948679850513104 24.702193871437412
3.366581187312751 8.366581758809579 24.702193871431245
0.6631970943730856 7.064847798128211 24.702193871436098
2.4752656025668904 6.810613732286864 24.702193871552797
3.366581187312543 7.265856689243643 24.702193871548797
0.6631970943735999 5.964122728560873 24.702193871555224
1.5716893748246252 6.382024636858795 24.702193871555696
3.3620897565483636 6.11732342453133 24.69682922442003
0.5001173674746955 4.7686076096727525 0.007187012345045
1.549467816989433 5.2710777617589075 24.70219387186605
2.4581352812358226 5.6890602537228885 24.702193871735535
3.7521356013301617 1.612573457506314 71.19818259168336
4.152900712804988 3.012201282742617 29.06727144280715
5.529778453134841 6.529778567435283 9.924e-12
9.793275867587067 1.5889390694559347 59.89562399251986
9.327288289311849 0.6710863341101216 63.36670329990401
9.083906303940164 2.457753334253482 65.88747484914245
8.632429908013329 1.5642304356270262 65.88747484914136
8.203452116048254 0.6606375220641176 65.88747484914164
7.468120533987616 1.465547731761161 65.88747484912072
7.8970983259526655 2.369140645324099 65.88747484912379
8.352451971564095 3.4034502259463326 72.46421864081938
6.818664114287702 0.6606375220642029 65.88747484912268
6.776957750263314 2.3691406453242734 65.88747484911649
7.225036686337895 3.529778224537484 4.5247e-11
5.698523538598882 0.6606375220642065 65.88747484912125
6.127501330563366 1.564230435627382 65.88747484911744
5.219087600977919 3.5274310580799186 89.31419067338862
4.5501398872576635 0.5501394300604057 83.92085239356565
4.846772572205506 1.5242030918197966 83.92085239355261
5.299835211579499 2.4816067937166637 83.92085239355642
1.5701683849590333 4.034228660942818 31.91114906359319
2.4695049674311926 4.593565182919923 24.702193871717892
3.3783019628364817 5.01160725859478 24.702193872312918
6.225036572038641 3.529778224537817 3.6337e-11
3.4229668065234202 3.810971267643649 39.22934144553456
3.1124126620033086 2.6248809926041297 41.75547203227089
2.3867496797516146 3.3175714028576753 41.75547203226049
