110 11.041590227614744
4.264170226507626 4.282836273775965 41.82789053550621
1.5678351023287345 9.84076213704272 36.636550956529774
4.334701298714042 2.633179635948833 80.30290038519466
1.5171074579319406 4.050150557257396 21.300685719522583
2.39776599001766 4.544289304935475 21.300685719527117
3.4781650392263193 4.921386824191629 41.82789053497426
3.5190187553206638 3.615940984566884 41.827890535529754
3.117392365982072 2.5629105908041936 48.62453316036445
2.41028334267472 3.29945779257227 46.27161853728755
3.8315277754060486 1.5749519942229493 80.59959598082781
9.841943184061599 1.5660023713924547 53.01275822686418
9.26834218856732 0.6859900871496754 59.03766874210227
9.150546897245837 2.393750659956458 59.108807207624906
8.608784595387633 1.5460387103213966 59.75470062971158
8.10228916983062 0.6837899818026427 59.7547006297228
7.418032726481949 1.4955513663471267 59.7547006298196
7.924528152038949 2.3578000948657603 59.7547006298182
6.824948900292268 0.683789981802275 59.7547006298356
6.723934841823583 2.3771645991866275 65.00889658587529
5.6644255718238155 0.6644254774814433 65.00889658589568
6.123933050527683 1.5535385469477987 65.00889658587879
2.5200861613726717 7.691442883647827 2.52040541777482
2.5149421518932145 6.684854128833054 3.141289971708403
2.526647962504762 5.683991713074382 3.141289971715693
2.5415900615731633 8.941220476663823 5.5603023e-07
1.5297020823399357 8.64397582316909 3.143316924852209
1.5061110098790529 5.35635993703426 11.12054696663675
4.5000000849082555 0.5000000094348476 89.99999999994496
4.838289864603287 1.5335780460446338 80.59959598077484
5.321005577676537 2.4682060908176666 80.30290038518187
0.500000009434312 10.54159021818051 4.391e-12
10.541590218180653 0.5000000094341184 89.99999999999825
0.5000000094342951 0.5000000094345722 89.999999999989
1.5000000283028632 0.5000000094344363 89.99999999997658
2.500000047171514 0.5000000094345722 89.99999999995151
3.500000066039932 0.5040440815415828 89.99999999994625
0.5000000094342534 1.5000000283040409 89.99999999998849
1.5000000283036634 1.5000000283052985 89.99999999986414
2.500000047172172 1.500000028303826 89.99999999985393
0.5000000094344195 2.5000000471728767 89.99999999998532
1.500000028304287 2.500000047174835 89.999999999862
0.5000000094341734 3.5000000660417885 7.795e-12
10.541590218180506 10.541590218180088 8.559e-12
9.541590199312028 10.541590218180497 1.4936e-11
8.541590180443531 10.541590218180524 1.1666e-11
7.541590161574977 10.54159021818062 89.99999999999969
6.541590142706408 10.541590218180563 1.4111e-11
5.541590123837887 10.541590218180529 1.4637e-11
4.541590104969364 10.54159021818031 1.8047e-11
3.541590086100843 10.541590218179252 1.9e-11
2.541590067232323 10.541590218180332 1.8048e-11
10.541590218179785 9.541590199310699 3.9447e-11
9.541590199308592 9.541590199311361 1.07946e-10
8.541590180436303 9.541590199312024 3.0681e-11
7.541590161564839 9.541590199312145 89.99999999997607
6.5415901423540275 9.541590199312132 2.4315e-11
5.54159012325521 9.541590199311841 5.2765e-11
4.54159009820259 9.541590199309935 1.15211e-10
3.5415900747785396 9.540906871760916 2.36272029e-07
10.541590218180069 8.541590180441784 1.7451e-11
9.541590199309733 8.541590180442942 1.11758e-10
8.541590180438543 8.541590180443734 2.7839e-11
7.541590161565081 8.541590180443876 89.9999999999617
6.541590142695224 8.541590180443855 1.8034e-11
5.54159012325624 8.541590180443512 5.4712e-11
4.541590104255806 8.541590180440759 9.8112e-11
10.541590218180051 7.541590161572989 89.99999999998852
9.541590199309493 7.541590161574456 1.05956e-10
8.541590180439227 7.541590161575378 1.7792e-11
7.541590161567042 7.541590161575607 89.99999999995237
6.541590142697057 7.541590161575426 89.999999999992
5.541590123827361 7.541590161575115 6.3357e-11
4.54159010495888 7.541590161571575 7.9154e-11
10.541590218179321 6.541590142703924 89.999999999915
9.541590199308327 6.541590142705769 6.9166e-11
8.541590180437993 6.541590142706343 89.99999999993075
7.5415901615687275 6.541590142707312 89.99999999994863
6.541590142699652 6.541590142707139 89.99999999998761
5.541590123835585 5.541590123838239 3.959e-11
10.541590218180541 5.541590123829595 89.99999999999945
9.54159019931205 5.541590123836295 89.99999999999764
8.541590180443189 5.541590123837007 89.99999999995788
7.5415901615741205 5.54159012383891 89.9999999999549
6.541590142704281 5.541590123838773 1.4e-14
5.496493457314871 4.496493438452229 84.56674345048172
10.541590218180062 4.541590104957763 5.7142e-11
9.541590199310177 4.541590104967901 8.978e-12
8.541590180441032 4.54159010496816 89.99999999997581
7.541590161572387 4.541590104970644 89.99999999996163
10.541590218180417 3.5415900860868215 2.966e-12
9.541590199311768 3.5415900860996326 4.945e-12
10.54159021817939 2.5415900672164815 89.9999999999799
4.541590104961259 6.5415901427024705 2.7857e-11
4.541590104967095 5.541590123833779 3.5499e-11
6.541590142701242 4.541590104970477 1.1408e-11
0.5000000094351025 9.266444357983795 1.8389e-11
0.5000000094341681 8.266444339112873 89.99999999999378
1.5215039341524599 7.637235119601006 2.520405417776046
3.5415900853249833 8.53673740381582 8.87436e-10
0.5000000094350439 7.266444320241878 89.99999999994787
3.541590086090383 7.53284526524388 1.05913e-10
0.5000000094352082 6.266444301370438 6.7899e-11
1.5000000283051014 6.443408665666725 1.17168e-10
3.5415900860904395 6.508874521017815 1.92983e-10
0.5870487191787781 4.847247662133414 11.120546966569462
5.541590123830447 6.5415901427065375 3.4589e-11
8.455482622217 3.541590086099566 89.99999999998981
7.455482603348685 3.5415900861021785 89.99999999999814
5.410385899069285 3.500170305614861 84.56674345023967
6.455482584480401 3.541590086102221 89.99999999999775
