110 11.001413327868164
0.5000000000005294 10.501413327867816 1.0532e-11
10.501413327867837 0.5000000000004974 89.99999999999025
0.5000000000002167 0.5000000000038192 2.096e-12
1.5000000000007239 0.5000000000003002 2.927e-12
2.5000000000012585 0.500000000000175 89.99999999999471
3.500000000001766 0.5000000000002274 89.99999999999352
0.5000000000002949 1.5000000000114548 1.4012e-11
1.5000000000009308 1.5000000000010925 3.3855e-11
2.671241736976866 1.6712417369759471 63.32667906297705
0.5000000000003428 2.5000000000160947 1.9367e-11
1.5000000000009148 2.5000000000016045 3.8694e-11
0.5000000000011893 3.5000000000197145 3.0809e-11
10.50141332786793 10.501413327868004 89.99999999999577
9.50141332786744 10.50141332786794 89.99999999998657
8.501413327867066 10.501413327867944 89.99999999998924
7.501413327866726 10.501413327867873 89.99999999999278
6.501413327866402 10.501413327867699 89.99999999999704
5.501413327866094 10.501413327867859 1.066e-12
4.501413327865791 10.501413327867812 4.461e-12
3.5014133278651114 10.501413327868011 4.988e-12
2.5014133278644004 10.501413327867724 1.5632e-11
10.50141332786798 9.501413327867695 89.99999999999203
9.501413327867507 9.501413327867533 89.9999999999667
8.50141332786723 9.501413327867448 89.99999999996528
7.5014133278669535 9.501413327867116 89.99999999996662
6.5014133278666435 9.501413327865784 89.99999999997304
5.501413327866328 9.501413327866503 89.99999999998124
4.5014133278659845 9.501413327866684 89.99999999999274
3.5014133278656034 9.50141332786775 8.595e-12
10.501413327867944 8.501413327867379 89.99999999998889
9.501413327867308 8.501413327867144 89.9999999999483
8.501413327866874 8.501413327866878 89.99999999993177
7.501413327866539 8.501413327866352 89.99999999993064
6.501413327866165 8.50141332786411 89.999999999936
5.501413327865803 8.50141332786529 89.99999999994216
4.501413327865363 8.501413327865677 89.99999999995812
10.501413327867905 7.501413327867052 89.99999999998673
9.501413327867194 7.50141332786688 89.99999999994427
8.501413327866434 7.501413327866293 89.99999999989582
7.501413327866036 7.501413327865603 89.99999999989296
6.501413327865631 7.501413327862335 89.99999999989795
5.501413327865226 7.501413327864296 89.9999999999091
4.50141332786449 7.501413327865142 89.99999999995622
10.501413327867837 6.501413327866707 89.99999999998586
9.501413327866695 6.501413327866632 89.99999999994225
8.501413327865087 6.501413327865548 89.9999999998415
7.5014133278638635 6.501413327864536 89.99999999981584
6.5013906153507985 6.501413325214663 89.99999969656183
5.501384642755998 6.501413327863285 89.99999999992568
10.501413327867642 5.501413327866352 89.99999999998226
9.501413327865885 5.501413327866393 89.99999999994122
8.5014133278642 5.501413327865162 89.99999999982839
7.501413327863233 5.501413327864082 89.9999999998116
6.501413327861965 5.497678483856554 89.99999999987858
5.501413327860934 5.501413327862715 89.99999999992535
10.501413327867748 4.501413327865961 89.99999999997893
9.501413327866805 4.501413327866153 89.99999999994051
8.50141332786519 4.501413327864777 89.99999999981547
7.501413327864513 4.501413327863613 89.99999999980241
10.501413327867859 3.501413327865494 89.99999999997722
9.50141332786731 3.5014133278659196 89.99999999994047
10.501413327867752 2.5014133278650283 89.99999999997587
4.499783782394362 6.489738742368499 0.187037772564096
4.4998165734415565 5.489733521153063 0.187037772562918
6.485558252029722 4.494848808521123 89.95118914753806
5.371931488771688 4.495638742622071 0.665599757847502
1.5740270644968657 9.740154865114125 27.97511401739373
0.6761197189688062 9.298847808819227 27.975114017380573
2.4416545745024254 9.030141205922463 23.92779070435584
1.543504919681138 8.588705446459286 23.92779070435667
0.6598211631525706 8.114668232623796 23.927790704356717
1.5516538128913973 7.417376515621367 26.345435759653103
2.4333043052196266 7.890406820677021 26.345435759412187
3.3321522272353374 8.332152227238028 26.16959754421433
0.6699583799478992 6.944436959748512 26.34543575965296
2.43941744505057 6.740641032438224 28.20901427229236
3.3367864719767435 7.2202140860607695 26.169597544219616
0.6769592543601126 5.795262205686212 28.209014272291558
1.558188349705583 6.267951619061772 28.209014272295715
3.3215976556860554 6.079061930223038 28.20901427229716
0.5000000000003775 4.618302951325647 1.4751e-11
1.5591394649929016 5.133683103468815 28.209014272404715
2.440368560339257 5.60637251684548 28.209014272434008
1.642016990841424 3.9658094376107265 35.90171474334256
2.545957906585016 4.528231725893371 28.209014272412247
3.4271870019313613 5.000921139270726 28.209014272455352
9.738249482891078 1.5748353606189025 62.33129290527144
9.300945596858398 0.6750028899382672 62.33129290528344
9.029201987187134 2.4413486491882628 65.92273611086031
8.591874674523792 1.5414714980763544 65.92273611085955
8.112278116386841 0.6604821682194615 65.92273611085989
7.41580015354833 1.5511271202506483 63.61454572281803
7.894353081921368 2.430012730751815 63.614545722956535
8.333214584110815 3.3332145841095153 64.09530438502777
6.941531383519793 0.6701161905403108 63.614545722817816
6.739486946414919 2.4390592307486556 61.67061441161085
7.223655138883369 3.337625206221753 64.09530438503786
5.791783942189263 0.6771286105499961 61.74341745569827
6.265204809200448 1.5579649646367844 61.743417455592706
6.0988178428770174 3.3579732751138414 61.67061440671543
4.6771286105511845 0.7155110792763137 61.74341745617818
5.150549477562561 1.5963474333652767 61.743417456211155
5.624278121098791 2.477739185440978 61.67061441603451
3.9998733461999976 1.567710401862413 61.74341745621411
4.460689206691786 2.455321536649034 61.74341745424009
4.94749486249814 3.3296642952383464 61.67061441609438
4.198244678674899 4.278322911151738 28.644139456240783
3.3182065277365718 3.8033929930529404 28.644139456242826
2.4193402180255412 3.272413501409155 33.86107229546441
3.3287204374297445 2.460041240301416 63.32667906297086
