110 11.015309558157437
1.5977583229429793 9.696913025364152 19.54142519588761
0.6093094482906132 9.366761383446986 14.50728331832431
2.523537150253094 8.919871568103291 14.507283318300503
1.5774252696664854 8.58433016274628 14.507283318295894
0.6093094482903902 8.333827087543447 14.507283318291124
1.446553102875554 7.455851054310355 7.17612954922914
2.4226483010463453 7.708418818859905 7.176129549162964
0.5000000085759728 6.5000001114903085 1.32e-11
2.5509922515995394 6.584736289947822 7.176129547136009
3.50750083321002 7.059998260593935 6.206951021023965
0.5535090450736178 5.500000094338078 2.9055e-11
1.5585433873054355 6.462056289083344 7.176129547139189
3.3912621380470718 5.552661932136711 2.46959e-10
1.5000000257278652 4.50000007718507 2.4257e-11
2.391262120894301 5.500000094339202 2.40921e-10
3.5019836709389627 2.500000042881054 89.99999999999599
3.50000006004195 1.5000000257287436 1.599e-11
9.815261492142316 1.4984189676918716 43.28023817007563
9.157991578498496 0.7068959611545322 46.39918244016363
9.204698595867757 2.3091723448429153 41.9989908187648
8.467334494322497 1.4317085146981574 46.39918244023189
7.777205636343409 0.7070225259503067 46.3991824410501
7.174541936305257 1.5242345806378315 46.399182440625445
7.864171822192796 2.2483966169347624 46.39918244060607
6.500000111489621 0.5000000085760838 8.417e-12
6.4741943063811025 2.238871342622113 46.39918244060234
5.500000094337295 0.5000000085761593 2.0909e-11
5.500000094346822 1.5000000257287063 7.0391e-11
3.4641805196958826 8.061183581185475 6.206951021047501
4.500000077183032 3.5000000600335808 2.4824e-11
8.511177093823232 3.38266753820123 0.639635471550759
4.500000077184986 0.5000000085762322 2.9339e-11
4.5000000771945405 1.5000000257287374 6.2218e-11
4.503640655772468 2.5000000428812728 3.8421e-11
3.5000000600312453 3.500000060033592 1.9372e-11
2.5000000428890745 2.5000000428806777 89.9999999999781
2.5000000428794475 3.500000060033126 1.2601e-11
0.5000000085763183 10.515309549581358 1.4248e-11
10.515309549581314 0.5000000085761087 9.49e-13
0.5000000085760776 0.5000000085760821 6.572e-12
1.5000000257282409 0.5000000085760403 7.587e-12
2.5000000428804343 0.5000000085760616 6.244e-12
3.500000060032712 0.5000000085761727 2.1113e-11
0.5000000085771266 1.5000000257282728 2.0362e-11
1.5000000257339057 1.5000000257283457 2.0462e-11
2.5000000428888858 1.5000000257285242 89.99999999999214
0.5000000085770608 2.5000000428802873 1.2191e-11
1.500000025733783 2.5000000428805573 89.99999999999294
0.5000000085758858 3.5000000600324936 2.62e-12
10.515309549581476 10.51530954958128 89.99999999999672
9.51530953242957 10.515309549581366 89.99999999999663
8.515309515277664 10.515309549581266 89.99999999999832
7.515309498125765 10.514659171768624 89.99999999999935
6.515309480973852 10.515309549581305 1.2171e-11
5.515309463821972 10.515309549581236 1.9957e-11
4.515309446670097 10.515309549581223 2.6146e-11
3.5153094295182195 10.515309549581216 3.117e-11
2.5153094123663484 10.515309549581161 3.5307e-11
10.515309549581511 9.515309532428383 1.192e-12
9.515309532429661 9.515309532428315 2.953e-12
8.515309515277817 9.515309532428237 1.885e-12
8.515309515277764 8.515309515274986 3.215e-12
8.515309515277929 4.510682025799546 4.292e-12
5.5153094638212465 9.515309532428141 1.22659e-10
4.5153094466694 9.515309532428219 1.3123e-10
3.515309429517581 9.515309532428308 1.36948e-10
10.515309549581502 8.515309515275524 5.66e-13
9.51530953242943 7.515309498122331 3.9892e-11
7.5153094981258635 9.513316207614386 5.1e-13
7.515309498125358 7.510492653816735 9.5966e-11
7.515309498125117 5.501544470213507 8.4299e-11
7.515309498077608 6.502963756945593 5.39279e-09
4.513071432952505 8.515309515275542 1.98439e-10
10.515309549581369 7.51530949812276 2.1823e-11
9.515309532429526 5.51530946381695 89.99999999999248
6.515309480973164 9.515309532428414 1.06316e-10
6.515309480971201 8.515309515276144 1.35379e-10
6.51530948097322 7.515309498124091 1.41076e-10
6.486104386430037 6.515309480971988 1.31821e-10
4.515309446669024 7.515309498123266 2.24903e-10
10.51530954958143 6.515309480970183 89.99999999998649
9.515309532429374 6.515309480969225 89.9999999999569
8.515309515277467 5.511991020397263 1.9426e-11
5.5153094638179345 8.515309515275229 2.01472e-10
5.515309463820899 7.515309498122779 2.08375e-10
5.515309463820789 5.515309463817285 1.72315e-10
10.515309549581467 5.5153094638179825 89.99999999999335
9.51530953242963 8.515309515275296 3.155e-12
8.515309515277105 6.513282627589584 89.99999999990034
7.515309498124046 8.512159435541786 8.5848e-11
6.515309480972694 5.515309463819699 1.56044e-10
5.444392976373361 4.337306111458693 10.863285521464284
10.51530954958155 4.515309446665523 89.9999999999992
9.515309532429761 4.515309446664951 89.99999999999882
8.515309515277567 7.51530949812153 4.8885e-11
7.515309498125675 4.50052570748738 6.3833e-11
10.51530954958149 3.5153094295117917 89.99999999999204
9.515309532429619 3.5153094295128744 89.9999999999817
10.515309549581291 2.515309412359222 1.0871e-11
4.382000637606485 6.1699221885302595 10.863285521006587
4.4765350854566375 5.169816504275785 10.863285520996191
6.515309480973263 4.5153094466673735 1.38089e-10
0.5000000085760217 4.500000077185643 1.6857e-11
5.483897296139779 6.515309480969843 1.86859e-10
7.509873581025534 3.4938422591403384 0.639635472906587
5.5145179811009415 2.9990322278886272 1.688757431647181
6.5017361286074635 3.4473056374875033 1.688757432241741
1.5000000257276556 3.5000000600328587 6.285e-12
3.5000000600323755 4.500000077186763 1.34848e-10
2.500000042880492 4.500000077186415 1.22108e-10
