110 11.011192854141742
1.5676678444641046 9.748888904430874 28.288210757752267
0.6769240088411328 9.279124598199221 27.79959836877803
2.4127656242721414 9.068081103382305 28.288210757601416
1.5321907147416747 8.594174058494161 28.288210757605217
0.677240977208843 8.072652436598597 28.28821075760585
1.5435780479133672 7.403275180014029 28.288210757639682
2.398527785446319 7.924796801909694 28.288210757622654
3.3710865809343495 8.371086726557298 19.85652425368371
0.6772409772089629 6.902912559737114 28.2882107576352
2.443133542789329 6.751441575958437 29.114261837713396
3.350663796771434 7.26214791874822 24.155185269638896
0.6640433847591218 5.762688400376749 24.900813527241183
1.577084081913696 6.251239131035835 29.11426183770226
3.346476509501739 6.109272604878361 30.244292318947355
0.6541684601026123 4.654168576600075 22.688551824991524
1.613331074342382 5.107035012166 30.006954535800766
2.4786764518572246 5.608212594919134 30.006954535950932
1.6112329009571438 3.951041785388169 30.006954535838933
2.4814170498803154 4.4535836779659475 30.00695453576244
3.3984750130709065 4.982228485978892 29.76855656267414
3.2899487861552377 3.765739049077686 30.006954535777343
2.4239840533282115 3.2656339204351243 30.006954535778533
9.759716487713618 1.5788920289340989 61.08912790827326
9.319920914470863 0.67941067170905 61.08912790829418
9.04676163982048 2.4510020787991653 66.6019414391645
8.607046429027829 1.551666232634874 66.60194143916323
8.155516822679372 0.657442456678444 66.60194143916401
7.455197925873115 1.5540342343578755 64.68479962476592
7.906118765593877 2.446971038360598 64.68479962476975
8.345409356688545 3.345409211068282 64.68479962477639
6.994370560903263 0.6657834392045263 64.68479962476586
6.7715227877497215 2.44684761544113 63.20685049023181
7.222293617563724 3.3394873620571914 63.20685049028542
5.849906986906552 0.6717052882144632 63.206850490227694
6.310972845242661 1.559146186618745 63.20685049022774
6.097310454864613 3.3301597242105 63.206850490205966
4.676612063336455 0.6747257667544027 62.592153024577875
5.17131318359398 1.5470423570404566 62.54607380513303
5.633270809923825 2.436199694380443 62.546073805130455
3.9297827418989284 1.5999364496583541 62.5460738051423
4.502714658608948 2.4291829033895698 62.546073805132416
4.963749855521707 3.316564785927492 62.54607380512958
3.240910687166885 2.582637446628977 30.006954536044905
6.511192723081228 4.5111926648341525 89.99999999992102
5.511192693955382 4.503364452580245 89.99999999975826
4.17371508048054 4.235019609962358 30.006954535783755
2.5000000728116927 1.5000000436873613 9.0012e-11
0.5000000145621231 10.51119283957967 2.767e-12
10.511192839579376 0.5000000145626009 89.99999999998633
0.5000000145621302 0.5000000145622554 3.951e-12
1.500000043686411 0.5000000145621675 6.935e-12
2.5000000728107183 0.5000000145622172 6.324e-12
3.5000001019350555 0.5000000145620822 89.99999999999802
1.5000000436865273 2.5000000728117717 1.9148e-11
0.5000000145622874 1.5000000436867724 1.1383e-11
0.5000000145621657 2.500000072811287 5.9e-12
1.5000000436871241 1.500000043686991 6.1718e-11
0.5000000145622128 3.5000001019357287 89.99999999998808
10.510402882806414 10.511192839579637 89.99999999999362
9.508753363724807 10.51119283957954 89.99999999998063
8.507497059266798 10.511192839579529 89.99999999997989
7.50631996781913 10.511192839579504 89.99999999998155
6.505124911963806 10.511192839579513 89.99999999997894
5.503846876543043 10.511192839579019 89.99999999998843
4.5024124344913945 10.511192839579587 89.9999999999939
3.5007089940479275 10.511192839579651 89.99999999999365
2.498504859115597 10.509345796869145 0.009352608482898
10.511192839579552 9.51119281045543 89.99999999998616
9.511192810455057 9.511192810455167 89.99999999994924
8.511192781330855 9.511192810455118 89.99999999994627
7.511192752206687 9.51119281045495 89.99999999994711
6.511192723082527 9.511192810455128 89.99999999995029
5.51119269395834 9.511192810452268 89.99999999995923
4.5111926648341445 9.511192810452588 89.99999999997097
3.511192635709915 9.511192810455498 89.99999999998677
10.51119283957952 8.511192781331225 89.99999999998127
9.511192810454894 8.511192781330912 89.99999999993126
8.5111927813305 8.511192781330685 89.99999999990925
7.511192752206219 8.511192781330337 89.99999999990547
6.5111927230818765 8.511192781330717 89.99999999991682
5.511192693957064 8.511192781324613 89.99999999997695
4.511192664832599 8.511192781326017 3.871e-12
10.511192839579447 7.511192752207001 89.99999999997698
9.511192810454709 7.511192752206775 89.99999999992694
8.511192781330141 7.511192752206472 89.99999999989743
7.511192752205683 7.5111927522058695 89.99999999988361
6.511192723081104 7.511192752206557 89.99999999991215
5.511192693956614 7.508038394712388 89.99999999990287
4.511192664832288 7.511192752200348 89.99999999991245
10.511192839579362 6.511192723082747 89.99999999997313
9.511192810454435 6.511192723082653 89.99999999992487
8.511192781329626 6.5111927230823206 89.9999999998934
7.511192752204822 6.511192723081441 89.99999999987311
6.511192723079714 6.511192723082429 89.99999999991226
5.507285250869567 6.5065396206090025 89.98403414240967
10.511192839579424 5.511192693958443 89.99999999996945
9.511192810454876 5.511192693958539 89.99999999992419
8.511192781330443 5.5111926939581855 89.99999999989159
7.511192752206258 5.511192693956868 89.999999999892
6.511192723081935 5.511192693958311 89.99999999991313
5.511192693957751 5.505001806338187 89.99999999991218
10.51119283957937 4.511192664834043 89.99999999996672
9.511192810454741 4.511192664834428 89.99999999992491
8.511192781330127 4.51119266483402 89.99999999988461
7.511192752205673 4.507914841847073 89.99999999990267
10.511192839579495 3.5111926357092615 89.99999999997429
9.511192810455015 3.511192635710321 89.99999999992681
10.511192839579273 2.5111926065844545 89.99999999998845
4.501184709400903 6.5011682160610045 89.59165925463229
4.511192664833468 5.418054555258292 89.99999999991363
