110 10.998393206170181
1.56978720995349 9.740049475182992 28.664876808455254
0.6785630435144219 9.285577047042711 28.664876808454714
2.4422977907431687 9.026114981295416 23.248263557924798
1.5495286914688053 8.57079795766165 23.24826355792482
0.6567595921945175 8.115480934027705 23.248263557924812
1.5441444548566907 7.409785379635318 27.02182519172402
2.4349779800701974 7.864115250128424 27.021825191723785
3.3258115052837858 8.318445120621378 27.021825191723146
0.6725816978532588 6.91767008605407 27.02182519172344
2.4349779800703244 6.741571056894388 27.02182519172342
3.3258115052838435 7.195900927387467 27.021825191722844
0.6725816978531727 5.795125892820056 27.021825191701
1.5634152230669103 6.24945576331309 27.021825191721607
3.325811505283914 6.073356734153233 27.02182519170264
1.5634152230669778 5.12691157007888 27.02182519170197
2.45424874828052 5.5812414405719 27.021825191702394
1.5626482707115525 3.9973016503507957 27.021825191713518
2.450780379287625 4.456928360569491 27.021825191719298
3.378684735141046 4.930760883530628 32.04822340354833
4.177124686191359 4.250758742851934 32.063622019404704
3.3295679246679337 3.7200539561048256 32.0636220194041
2.415639390212679 3.27908127905988 30.97735797248502
0.6725816978531736 4.672581699586369 27.021825191701325
9.7366531654286 1.5713379276786443 61.899228420306336
9.289311109010857 0.6765721420121258 61.899228420309164
9.026490242601941 2.4389476528180363 66.07911201849569
8.578816129107183 1.5435599996640734 66.07911201849558
8.104949879010835 0.6597905294854982 66.07911201849555
7.407579837671093 1.5515066626662035 63.43595798255989
7.8803789083524345 2.433141680029615 63.43595798256092
8.32757675028893 3.3275767481222993 63.4359579825625
6.932891064357788 0.6708164550146059 63.43595798255983
6.73095615533303 2.435380126381133 61.99081661699188
7.2095526068492175 3.3275767481220786 63.43595798256288
5.779308378974482 0.6762427054543059 61.99081661699236
6.256482029973527 1.5550934567692951 61.99081661699162
6.098927912825142 3.376199642577421 61.67535221203992
4.676242707187659 0.7318924244102183 61.990816617008406
5.145855783224902 1.6147647592822718 61.99081661696076
5.62446097925402 2.495926315812121 61.67535221203776
3.990200401954972 1.5715458521936454 61.990816616855646
4.444915792178378 2.4623424902574547 61.99081661677396
4.940392644704146 3.3344102314000605 61.67535221203736
3.28947346263 2.4146476391875837 63.687390375370974
5.3662845694079175 4.498393203351084 2.1761e-10
0.5000000002166658 10.498393205953523 4.51e-13
10.49839320595348 0.5000000002167422 89.99999999999763
0.500000000216672 0.5000000002166516 4.79e-13
1.5000000006500525 0.5000000002166551 8.5e-14
2.50000000108339 0.5000000002166614 89.9999999999992
3.5000000015167267 0.5000000002166667 89.99999999999864
0.5000000002166631 1.500000000649953 9.68e-13
1.5000000006500245 1.5000000006500094 5.315e-12
2.5000000010834262 1.5000000006500134 89.99999999999524
0.5000000002175602 2.500000001083255 1.494e-12
1.5000000006570668 2.500000001089599 5.48863e-10
0.5000000002167173 3.5000000015165496 1.522e-12
10.498393205953509 10.498393205953523 89.99999999999913
9.498393205520166 10.498393205953516 89.99999999999861
8.498393205086842 10.498393205953516 89.99999999999858
7.498393204653526 10.49839320595352 89.99999999999865
6.498393204220213 10.498393205953516 89.99999999999868
5.498393203786904 10.498393205953512 89.99999999999882
4.498393203353597 10.49839320595352 89.99999999999866
3.498393202920284 10.49839320595353 89.99999999999999
2.498393202486978 10.498393205953523 3.95e-13
10.498393205953533 9.498393205520195 89.9999999999999
9.498393205520244 9.498393205520191 89.99999999999991
8.498393205086952 9.498393205520184 89.9999999999999
7.498393204653659 9.498393205520184 89.99999999999991
6.498393204220367 9.49839320552018 89.99999999999989
5.498393203787075 9.49839320552018 89.99999999999987
4.498393203353783 9.498393205518312 89.9999999999999
3.498393202920493 9.498393205520234 0.0
10.498393205953526 8.498393205086849 89.9999999999989
9.498393205520227 8.498393205086813 89.99999999999821
8.498393205086934 8.498393205086838 89.99999999999805
7.498393204653639 8.49839320508682 89.99999999999777
6.498393204220341 8.498393205086792 89.99999999999712
5.498393203787045 8.498393205086838 89.99999999999663
4.498393203353712 8.498393205084469 89.99999999999744
10.498393205953505 7.498393204653523 89.9999999999969
9.498393205520156 7.498393204653452 89.99999999999272
8.498393205086813 7.498393204653394 89.99999999998886
7.498393204653486 7.498393204653266 89.9999999999866
6.498393204220168 7.4983932046533655 89.99999999998536
5.498393203786756 7.498393204653258 89.99999999997283
4.494395473598137 7.498393204650758 89.9999999999827
10.498393205953501 6.498393204220202 89.99999999999646
9.49839320552017 6.4983932042201475 89.99999999999213
8.498393205086838 6.498393204220078 89.99999999998772
7.498393204653524 6.49839320421987 89.99999999998587
6.49839320422022 6.498393204220057 89.99999999998496
5.4983932037868275 6.498393204219871 89.99999999997392
10.498393205953498 5.498393203786874 89.99999999999581
9.498393205520173 5.498393203786846 89.99999999999197
8.498393205086838 5.498393203786768 89.99999999998707
7.49839320465354 5.4966119299501734 89.99999999998647
6.49839320422024 5.498393203786749 89.99999999998543
5.498393203786919 5.498393203786443 89.99999999998214
10.498393205953473 4.498393203353527 89.99999999999399
9.49839320552012 4.498393203353546 89.99999999999213
8.498393205086717 4.498393203353439 89.99999999998406
7.498393204653346 4.494734229058078 89.99999999998597
10.498393205953509 3.498393202920119 89.99999999999686
9.498393205520173 3.4983932029202434 89.9999999999926
10.49839320595347 2.4983932024867164 89.99999999999876
4.498393203353473 6.4983932042170345 89.99999999996706
4.498393203353624 5.498393203783356 89.99999999998175
6.498393204219976 4.498393203353429 89.99999999998786
