110 11.002518797757476
1.5759211918925464 9.739278103706091 27.584268706200703
0.6746917915551771 9.30474274768562 27.584268705959577
2.4422684538517223 9.030434900632585 24.103562319148402
1.5411355762195318 8.59594997171753 24.1035623191543
0.6605980668386353 8.1154311991355 24.10356231915234
1.5488296940807689 7.418025610993023 26.63187515218026
2.427121333466749 7.8974181724925945 26.631875151827536
3.3351041480633477 8.33510464578981 25.711239638306136
0.6710807960349996 6.9375507226697195 26.631875152181937
2.4380424728056065 6.744785965778935 28.28466391339693
3.3393568659762276 7.227264407931774 25.711239638577243
0.677311129454921 5.793836985804403 28.26497159534117
1.560388285729108 6.2643620405134905 28.28466391349948
3.318518616378891 6.0829855219265845 28.28466391327323
1.5625056240135722 5.125624889909505 28.284663913271622
2.441318792760408 5.6028060901883805 28.284663913296594
1.6352701032201709 3.915476585521115 31.14310078171369
2.482216311874727 4.481084422781866 29.11253854358524
3.3594166419394127 4.961264127054118 29.112538543571056
4.257296740640139 4.283045936260373 43.97207292052396
3.4349272831318407 3.6798869325540595 42.32930300102324
2.4890184335429804 3.213011576524928 43.920046997611486
9.668592287458287 1.5714796502997967 62.29196538488227
9.19992566211737 0.6789298798569314 62.52748563122876
8.994529357359236 2.443121704950197 62.52748563166524
8.529742929174471 1.5576901645461545 62.527485631664746
8.061073325277983 0.6742777104369164 62.527485631664554
7.393059859940514 1.5576848048557927 62.053072799624886
7.861713398055935 2.441066975989519 62.05307279963725
8.326500744084175 3.3265002464683757 62.053072799644106
6.921173239305833 0.6760178546242388 62.053072799629696
6.733081603506301 2.4474405413654625 62.05307279960538
7.19786894948721 3.3328738119167824 62.0530728036361
5.786945413651397 0.670094852493782 63.619978523335085
6.261194982866832 1.5657735911259407 62.053072799632815
6.053287457911613 3.331922575708116 63.802765998481725
4.6693715783361265 0.6693711802424147 63.802765998487565
5.11305336901033 1.5655590989365527 63.80276599848396
5.581129835266823 2.4497448038312273 63.80276599848203
3.993617083202956 1.5610808531194365 63.66105867069035
4.437297517428527 2.457266031955372 63.66105867065365
4.920449494855787 3.369533734755446 59.8748369443874
3.298199390053008 2.410289290476254 63.661058670672176
10.49909589427033 2.4783035910428297 89.88733781499461
9.502518648472115 3.5025180513315486 89.99999999996459
4.498758450939776 6.4918340487202855 0.438513402400354
4.498729877194785 5.491804445633273 0.438513402397612
6.487081767148881 4.502476648550167 0.004755957987555
5.483678723953799 4.498943478930248 0.396095445038586
0.5000000497625878 10.502518747995289 2.2944e-11
10.327371414384338 0.675147383373206 62.29196538488085
0.5000000497617112 0.5000000497631687 89.99999999999963
1.5000001492851336 0.5000000497631492 89.99999999999926
2.500000248808557 0.5000000497633197 89.99999999999814
3.5000003483319806 0.5000000497620753 89.99999999999714
0.50000004976597 1.5000001492897397 89.99999999999037
1.5000001492998836 1.5000001493231947 89.99999999958577
2.5000002488299073 1.5000001492913029 89.99999999980498
0.5000000497650703 2.500000248814718 89.9999999999964
1.5000001493033093 2.5000002488599256 89.99999999932565
0.500000049762173 3.5000003483397246 1.5322e-11
10.5025187479951 10.502518747995666 89.99999999998607
9.502518648470371 10.502518747995758 89.99999999999892
8.502518548946217 10.502518747995722 89.99999999999348
7.502518449422256 10.502518747995577 6.548e-12
6.50251834989834 10.50251874797327 3.027e-11
5.502518250374202 10.502518747995438 4.3457e-11
4.50251815085009 10.502518747963276 4.8987e-11
3.5025180513200955 10.502518747995374 4.7614e-11
2.5025179517896112 10.502518747990944 2.05088e-10
10.502518747995602 9.502518648472051 89.99999999998532
9.50251864847187 9.502518648472218 89.99999999999959
8.502518548948107 9.502518648472215 89.99999999999235
7.502518449424221 9.502518648471806 5.945e-12
6.502518349899859 9.502518648404848 6.3503e-11
5.50251825037558 9.502518648471515 1.10376e-10
4.502518150851618 9.502518648374878 1.01789e-10
3.502518051327648 9.502518648471575 9.1737e-11
10.502518747987256 8.502518548948261 89.99999999995704
9.502518648429714 8.5025185489487 4.65e-13
8.502518548881408 8.502518548948393 9.907e-12
7.502518449298503 8.502518548856386 5.86235e-09
6.50251834975146 8.502518548793224 8.068767e-09
5.502518250214733 8.502518548869814 9.090371e-09
4.502518150680768 8.502518548734008 9.795849e-09
10.502518747987121 7.502518449424688 89.99999999993992
9.502518648429518 7.502518449425224 89.99999999998803
8.50251854888212 7.502518449424489 89.99999999995435
7.502518449269404 7.50251844929846 5.434669e-09
6.502518349672758 7.502518449232804 9.695657e-09
5.502518249980918 7.502518449336616 1.0220361e-08
4.502518150305329 7.502518449030225 1.6406746e-08
10.502518747994962 6.502518349901109 89.99999999993187
9.502518648469515 6.502518349901729 89.9999999999741
8.5025185489446 6.502518349900671 89.99999999990882
7.502518449384308 6.502518349742554 4.072524e-09
6.502518349808116 6.502518349674902 1.0075699e-08
5.502518250280356 6.502518349810585 1.0529106e-08
10.50251874799481 5.502518250377428 89.99999999991053
9.502518648469273 5.502518250378335 89.9999999999707
8.502518548944266 5.502518250376895 89.99999999986719
7.502518449392975 5.502518250195308 2.993346e-09
6.502518345386147 5.50251824569519 5.16716014e-07
5.499082178306187 5.499082178312808 0.39511057058499
10.502518747994081 4.502518150853319 89.99999999983905
9.502518648468193 4.502518150854941 89.99999999996749
8.502518548942106 4.502518150853077 89.99999999981992
7.502518449392035 4.502518150644163 1.026535e-09
10.502518747995644 3.4855490943138534 89.99999999998225
0.5000000497619927 4.615800456108081 2.0572e-11
