110 11.00101193911395
0.5000000051211027 10.501011933992885 2.304e-12
10.501011933992594 0.5000000051215396 89.99999999998771
0.5000000051210529 0.5000000051219349 2.093e-12
1.5000000153631712 0.5000000051215059 4.704e-12
2.5000000256052997 0.5000000051212048 4.596e-12
3.500000035847433 0.5000000051212092 2.237e-12
0.5000000051214659 1.500000015365826 89.99999999998644
1.5000000153647974 1.5000000153655337 6.157e-11
2.5000000256074344 1.500000015364023 5.8445e-11
0.5000000051212155 2.5000000256155968 1.3715e-11
1.5000000153635948 2.500000025609019 2.8184e-11
0.5012629938590116 3.50000003586145 89.99999999999947
10.501011933992594 10.50101193399291 89.99999999999747
9.50101192374989 10.501011933992874 89.99999999999099
8.501011913507483 10.501011933992885 89.99999999999311
7.501011903265148 10.501011933992885 3.823e-12
6.50101189302291 10.501011933992615 8.782e-12
5.501011882780651 10.501011933992828 1.4452e-11
4.501011872538368 10.501011933992498 2.4386e-11
3.501011862295904 10.501011933992668 2.801e-11
2.5010118520534417 10.501011933992572 2.5381e-11
10.501011933992867 9.5010119237508 89.99999999999528
9.501011923750598 9.501011923750706 89.99999999997787
8.501011913508396 9.501011923750701 89.99999999998882
7.501011903265958 9.50101192375054 3.2131e-11
6.501011893023528 9.501011923749592 7.0131e-11
5.501011882781252 9.501011923750136 9.0267e-11
4.501011872539083 9.501011923748791 1.02261e-10
3.501011862296979 9.50101192374986 1.05288e-10
10.501011933992874 8.501011913508641 89.99999999999712
9.501011923750383 8.50101191350863 89.99999999997237
8.501011913506478 8.501011913508595 89.99999999999336
7.501011903262901 8.501011913507906 9.6094e-11
6.501011893020085 8.501011913507043 9.976e-11
5.499253772461353 8.501011913508034 9.4374e-11
4.498125160426449 8.499031955841676 0.010040035573624
10.501011933992817 7.501011903266484 89.99999999999667
9.501011923749935 7.501011903266599 89.99999999997266
8.501011913507032 7.501011903266562 89.99999999999226
7.501011903263647 7.501011903265725 1.10049e-10
6.5010118930213805 7.501011903264526 1.10552e-10
5.501011882779064 7.501011903265992 9.716e-11
4.501011872535422 7.497234522426682 89.99999999992016
10.50101193399276 6.5010118930243195 89.99999999999302
9.501011923749699 6.5010118930245735 89.99999999997252
8.501011913507089 6.501011893024521 89.99999999999005
7.501011903263745 6.501011893023565 1.23261e-10
6.501011893021504 6.501011893021436 1.18959e-10
5.501011882779191 6.501011893023943 9.9519e-11
10.501011933992608 5.501011882782105 89.99999999998138
9.501011923749395 5.501011882782548 89.9999999999729
8.501011913463444 5.501011882782459 89.99999999998462
7.501011903209527 5.501011882778635 89.99999999999615
6.501011892960049 5.501011882777901 9.8323e-11
5.501011882712919 5.501011882781882 1.04393e-10
10.50101193398979 4.501011872539748 89.99999999995232
9.50101192374149 4.501011872540463 89.99999999996932
8.501011913496956 4.501011872540418 89.99999999997769
7.5010119032529925 4.501011872535057 89.99999999990801
10.501011933992782 3.5010118622971955 89.99999999997958
9.501011923750665 3.501011862298384 89.99999999996676
10.501011933992615 2.501011852054777 89.99999999998613
4.501011872501272 6.494916870968117 89.99999999599713
4.485660440264531 5.49057074341129 89.79848323416718
6.484505235565343 4.501011872534707 9.2285e-11
5.484505225322789 4.5010118725397765 1.11419e-10
1.549438677458351 9.77448218249627 34.8736193969413
0.6960917134998743 9.249966869286814 34.87361939691327
2.3769271148337228 9.082394285214978 29.967342703980098
1.524619255298973 8.558603150252887 29.967342703974392
0.6829082848524504 8.01643348116367 29.967342703957975
1.5497950474343924 7.361951318028398 29.96734270388405
2.3915060178811354 7.904120987117892 29.967342703895554
0.6825382547109937 6.862076577728718 29.85217418394019
2.4163137441794653 6.7060979655574 29.852174183880667
3.355218893239299 7.222257234069279 20.963923482335893
0.6825382547107743 5.709089666976352 29.85217418389028
1.549850807142366 6.206853623966768 29.85217418389078
3.2824137294752314 6.048488868464608 29.68394033437456
0.5000000051212412 4.500000046106142 89.99999999998926
1.5466370926942492 5.052022313274153 29.852174183886977
2.4139496451271687 5.549786270264973 29.852174183874887
1.6825382649534313 3.9770311666485885 29.852174183906843
2.5498508173857775 4.47479512363889 29.852174183894643
3.417163369818587 4.972559080628378 29.852174183899198
9.744988695452832 1.5712091206272119 61.12960952332352
9.291582484832706 0.6792720348131835 61.12960952333524
9.032929464938903 2.4413588607462313 66.38485274014955
8.578977309471046 1.5484315883961477 66.38485274014793
8.118346904644556 0.6584240739688436 66.38485274014892
7.4190873585762995 1.5523251907921982 63.92953818022244
7.878887546076992 2.4406358070757013 63.92953818022414
8.332146708969272 3.3321466577592243 63.92953818022693
6.949372858982996 0.6688652096603658 63.92953818022237
6.742782596657995 2.4454554400803388 62.741071224022825
7.202711302633876 3.334028210709852 62.678294598301854
5.81527690658391 0.6734791210013125 62.741071224085665
6.273289362215439 1.5624249073728298 62.74107122405882
6.0723281813942425 3.3275327464182496 62.74107122406455
4.673479161969748 0.6734791210011988 62.741071224075306
5.144822491319474 1.5555564273414388 62.7410712240699
5.602834946952059 2.4445022137115084 62.74107122406542
3.978123235382994 1.5737356251458063 62.74107122409724
4.4765459808669315 2.441860778653334 62.74107122406841
4.940338673777625 3.3427093613831604 61.20442363964602
4.278693884868979 4.278399240257013 41.531255596238054
3.713866738444877 3.3430393158556795 52.48195239928591
2.430962215322033 3.253576223348883 29.852174183936125
3.256211464291644 2.433662431881444 52.48195239931672
3.4849622600291146 8.363149267668616 1.869994209783769
