110 11.00488713991475
1.5760119507644261 9.746680071768345 28.236644284257757
0.6770577539697564 9.306996655539749 28.23664428425221
2.4451498502174815 9.035610277054058 23.74082481943116
1.5461051139760182 8.59587823942012 23.74082481943152
0.6589881061126572 8.129026597032627 23.74082481943132
1.5524425572383276 7.43071519906956 26.063732997991934
2.4377420981074187 7.896677899636273 26.06373299799113
3.3360480619832766 8.336048596099197 26.063732997990112
0.6688383301691703 6.961286380939773 26.063732997991888
2.441916981821477 6.752319080459203 27.86047485342152
3.3405919003777607 7.225064338685174 26.063732997987103
0.6757042026430042 5.81396363977974 27.860474853422556
1.5588056120798548 6.283150781701328 27.86047485342248
3.3010539370807193 6.075341176911124 27.860474853447528
1.532854713262064 5.135606502530524 28.13649221390979
2.417108529588635 5.605598882987063 27.97610221977887
1.5000001602349746 1.500000160235003 5.696e-12
2.5274051742781674 4.531866500316245 27.976102219776422
3.4105485988849247 5.000969799405452 27.97610221978535
9.751763969891293 1.5735375568897991 60.91567179839067
9.300960819349447 0.6800008859378677 60.915671798393824
9.038830646879614 2.445191417070214 66.55892322138436
8.587599996597842 1.5508861713546347 66.55892322138419
8.133931778485296 0.6576377804768132 66.5589232213843
7.433278792353533 1.5521340247274424 64.11143168909533
7.8862100275233535 2.4438638903265817 64.11143168909581
8.336753251676848 3.3367527175609997 64.11143168909679
6.964421189144691 0.6681336745914326 64.11143168909635
6.756871178531086 2.4484589885541928 63.07288080259624
7.209728008145866 3.3400423641509245 63.07288080265021
6.288233287536404 1.5648912072635195 63.07288080259744
6.0843651684941795 3.332634729881845 63.07288080240016
5.061704833464527 1.5563394070909964 56.956270614362026
5.615727241608952 2.4490669727315537 63.07288080237977
4.466029957704825 2.5218830839352564 59.99685574090342
4.962569606196187 3.3899066591657 59.99685574091214
4.489128368114539 5.488949405300156 1.835452828554591
4.267294730385242 4.275134547993572 43.668628975996825
3.4059918124241757 3.728977585736728 43.666024418691016
2.477656162792853 3.2305387624388118 45.25058176721106
3.183494469699084 2.522138624109859 45.250581767212324
6.486514621439531 4.504782865236768 0.011870622866189
0.5000000534116609 1.504573869312035 6.844e-12
0.500000053411652 2.507468137921421 1.943e-12
4.478697389619194 6.4891285818447315 1.83545282846758
5.486488237255919 4.504756609093102 0.014880094399687
0.5000000534117408 10.50488708650308 4.045e-12
10.504887086503127 0.5000000534116609 89.99999999999784
0.5000000534116236 0.5015219901092713 5.07e-13
1.5000001602349338 0.5000000534116431 2.07e-13
2.5000002670582466 0.5000000534116325 89.99999999999837
3.5000003738815573 0.5000000534116342 89.9999999999975
0.5000000534116378 4.517359277185244 89.99999999999979
1.500000160234909 3.95890621897564 89.99999999999957
2.500000267058403 1.5000001602350705 89.99999999998217
0.500000053411652 3.511089219730824 4.117e-12
1.5000001602349533 2.500000267058267 4.039e-12
10.50488708650313 10.504887086503164 89.99999999999903
9.504886979679881 10.504887086503143 89.99999999999588
8.504886872856673 10.50488708650314 89.9999999999967
7.504886766033483 10.504887086503153 89.99999999999763
6.504886659210296 10.504887086503071 89.99999999999925
5.504886552387098 10.504887086503137 1.62e-12
4.504886445563885 10.504887086503134 2.643e-12
3.5048863387405307 10.504887086503148 3.051e-12
2.504886231917161 10.504887086503029 7.802e-12
10.504887086503153 9.504886979679998 89.99999999999811
9.50488697967992 9.504886979679952 89.99999999999103
8.50488687285673 9.504886979679906 89.99999999998971
7.504886766033547 9.504886979679934 89.99999999999085
6.50488665921036 9.50488697967969 89.99999999999184
5.504886552387078 9.504886979679885 5.155e-12
4.504886445563902 9.504886979679878 6.664e-12
3.5048863387407403 9.50488697967996 6.886e-12
10.504887086503153 8.504886872856826 89.9999999999975
9.504886979679927 8.50488687285679 89.99999999998987
8.504886872856762 8.504886872856716 89.99999999998931
7.504886766033598 8.504886872856769 89.9999999999902
6.5048866592104195 8.504886872788632 89.99999999999275
5.5048865523872275 8.504886872856577 89.99999999999524
4.504886445564044 8.504886872856563 89.99999999999645
10.50488708650315 7.50488676603365 89.99999999999719
9.50488697967991 7.5048867660336285 89.99999999998816
8.504886872856737 7.504886766033508 89.99999999998755
7.504886766033556 7.504886766033607 89.99999999998953
6.504886659210344 7.504886765944162 89.9999999999951
5.504886552387166 7.504886766033373 89.99999999999793
4.504886445564004 7.5048867660333585 89.99999999999844
10.504887086503146 6.504886659210465 89.99999999999761
9.504886979679867 6.50488665921047 89.99999999998698
8.50488687285663 6.504886659210254 89.99999999998279
7.504886766033392 6.504886659210451 89.99999999998926
6.504886659120733 6.504886659096678 1.543458e-09
5.499187221646146 6.504886659205836 4.97527e-10
10.504887086503127 5.504886552387282 89.99999999999748
9.504886979679608 5.504886552387319 89.99999999998654
8.50488687281662 5.504886552387035 89.99999999998111
7.504886765980922 5.504886552387226 89.99999999998339
6.504886659138726 5.504886552259886 1.156525e-09
5.504886552302821 5.504886552381825 5.99488e-10
10.504887086503087 4.504886445564093 89.99999999999615
9.504886979679675 4.504886445564167 89.99999999998616
8.504886872856396 4.504886445563856 89.99999999997823
7.504886766033177 4.504886445563999 89.99999999997749
10.504887086503134 3.504886338740879 89.99999999999532
9.504886979679899 3.5048863387410156 89.9999999999859
10.504887086503109 2.5048862319176655 89.99999999999498
4.500000480704799 0.5000000534115943 89.99999999999908
3.869937893804885 1.5000001602348814 3.69e-13
5.796287461141658 0.5000000534115845 89.99999999999893
