104 10.7071067811865475244008443621
0.5 10.207106781186548 0.0
1.5 10.207106781186548 0.0
2.5 10.207106781186548 0.0
3.5 10.207106781186548 0.0
4.5 10.207106781186548 0.0
5.5 10.207106781186548 0.0
6.5 10.207106781186548 0.0
7.5 10.207106781186548 0.0
8.5 10.207106781186548 0.0
0.5 9.207106781186548 0.0
1.5 9.207106781186548 0.0
2.5 9.207106781186548 0.0
3.5 9.207106781186548 0.0
4.5 9.207106781186548 0.0
5.5 9.207106781186548 0.0
6.5 9.207106781186548 0.0
7.5 9.207106781186548 0.0
0.5 8.207106781186548 0.0
1.5 8.207106781186548 0.0
2.5 8.207106781186548 0.0
3.5 8.207106781186548 0.0
4.5 8.207106781186548 0.0
5.5 8.207106781186548 0.0
6.5 8.207106781186548 0.0
0.5 7.207106781186548 0.0
1.5 7.207106781186548 0.0
2.5 7.207106781186548 0.0
3.5 7.207106781186548 0.0
4.5 7.207106781186548 0.0
5.5 7.207106781186548 0.0
0.5 6.207106781186548 0.0
1.5 6.207106781186548 0.0
2.5 6.207106781186548 0.0
3.5 6.207106781186548 0.0
4.5 6.207106781186548 0.0
0.5 5.207106781186548 0.0
1.5 5.207106781186548 0.0
2.5 5.207106781186548 0.0
3.5 5.207106781186548 0.0
0.5 4.207106781186548 0.0
1.5 4.207106781186548 0.0
2.5 4.207106781186548 0.0
0.5 3.2071067811865475 0.0
1.5 3.2071067811865475 0.0
0.5 2.2071067811865475 0.0
10.207106781186548 10.207106781186548 0.0
10.207106781186548 0.5 0.0
9.207106781186548 0.5 0.0
8.207106781186548 0.5 0.0
7.207106781186548 0.5 0.0
6.207106781186548 0.5 0.0
5.207106781186548 0.5 0.0
4.207106781186548 0.5 0.0
3.2071067811865475 0.5 0.0
2.2071067811865475 0.5 0.0
10.207106781186548 1.5 0.0
9.207106781186548 1.5 0.0
8.207106781186548 1.5 0.0
7.207106781186548 1.5 0.0
6.207106781186548 1.5 0.0
5.207106781186548 1.5 0.0
4.207106781186548 1.5 0.0
3.2071067811865475 1.5 0.0
10.207106781186548 2.5 0.0
9.207106781186548 2.5 0.0
8.207106781186548 2.5 0.0
7.207106781186548 2.5 0.0
6.207106781186548 2.5 0.0
5.207106781186548 2.5 0.0
4.207106781186548 2.5 0.0
10.207106781186548 3.5 0.0
9.207106781186548 3.5 0.0
8.207106781186548 3.5 0.0
7.207106781186548 3.5 0.0
6.207106781186548 3.5 0.0
5.207106781186548 3.5 0.0
10.207106781186548 4.5 0.0
9.207106781186548 4.5 0.0
8.207106781186548 4.5 0.0
7.207106781186548 4.5 0.0
6.207106781186548 4.5 0.0
10.207106781186548 5.5 0.0
9.207106781186548 5.5 0.0
8.207106781186548 5.5 0.0
7.207106781186548 5.5 0.0
10.207106781186548 6.5 0.0
9.207106781186548 6.5 0.0
8.207106781186548 6.5 0.0
10.207106781186548 7.5 0.0
9.207106781186548 7.5 0.0
10.207106781186548 8.5 0.0
0.5 0.5 0.0
9.242640687119286 9.242640687119286 45.0
8.535533905932738 8.535533905932738 45.0
7.82842712474619 7.82842712474619 45.0
7.121320343559643 7.121320343559643 45.0
6.414213562373095 6.414213562373095 45.0
5.707106781186548 5.707106781186548 45.0
5.0 5.0 45.0
4.292893218813452 4.292893218813452 45.0
3.585786437626905 3.585786437626905 45.0
2.8786796564403576 2.8786796564403576 45.0
2.1715728752538097 2.1715728752538097 45.0
1.4644660940672625 1.4644660940672625 45.0
