102 10.607174680176072
0.5297870270262794 10.10717468017607 5.536985510746994e-16
1.5328328118124062 10.10717468017607 0.0
2.5349302988980758 10.10717468017607 1.260242600064831e-16
3.537031900830551 10.10717468017607 0.0
4.542519220957778 10.10717468017607 89.99999999999997
5.562863642514698 10.10717468017607 89.99999999999993
6.7220296471393555 10.10717468017607 89.99999999999993
0.5000000000000009 9.107174680176069 0.0
1.5000000000000027 9.107174680176069 90.0
2.5000000000000044 9.107174680176069 90.0
3.500000000000006 9.107174680176069 90.0
4.500000000000008 9.107174680176069 0.0
5.50000000000001 9.10717452045309 0.0
0.5000000000000009 8.107174680176067 0.0
1.5000000000000027 8.107174680176067 0.0
2.5000000000000044 8.107174680176067 90.0
3.500000000000006 8.107174680176067 90.0
4.500000000000008 8.107174680176067 89.99999999999999
0.5001429545957364 7.107174680176065 5.635394318171747e-15
1.5001650201374583 7.107174680176065 89.99999999999999
2.500171922704564 7.107174680176065 90.0
3.5001748221289817 7.107169785968222 89.9998777194425
0.5000000000000009 6.107174680176064 90.0
1.5000000000000027 6.107174680176064 90.0
2.5000000000000044 6.107174680176064 2.5527723566135584e-15
0.5983217373671484 5.107174680176062 89.99999999999997
1.6843188365849262 5.106298924768338 89.90556285324413
0.5000000000000009 4.10717468017606 2.295638421751536e-16
10.10717468017607 4.662850940178653 89.99999999999999
9.106769311478295 10.10717468017607 0.0
8.106052021073744 10.107174314555394 89.99997259478604
10.10717468017607 3.6628257862620246 89.99999999999999
9.107174680176069 9.107174680176069 90.0
10.10717468017607 0.6612006079112762 8.526512829121202e-14
9.107057052686798 0.5000000000000009 0.0
8.106577169265444 0.5000000000006716 7.685089339480188e-11
7.106072019128166 0.5000000000000013 5.684341886080802e-14
6.105056747581418 0.5000000000000009 90.0
5.10414508448206 0.5000000000000009 90.0
4.096808895127635 0.5000000000000009 0.0
3.0868768250065357 0.6020049957712755 0.3215631498743382
10.107174489871777 8.107174417623233 89.9999979167332
9.107174680176069 1.5000000000000027 90.0
8.107174680176067 1.5000203756375519 0.0
7.1071746801760645 1.5000000000000033 1.1690032643776156e-14
6.107174680176063 1.5003119000740806 1.071059609100796e-14
5.107174680176061 1.5000000000000027 2.551375582211073e-16
4.107174680176059 1.5000000000000027 0.0
10.10717468017607 1.6620132838205468 5.305763155336718e-14
9.107174680176069 2.5000000000000044 0.0
8.107174680176067 2.50002271207824 0.0
7.1071746801760645 2.5000000000000053 1.4210854715202004e-14
6.107174680176063 2.500376958113446 1.4210854715202004e-14
5.107174680176061 2.5000000000000044 1.1946131490910708e-15
10.10717468017607 2.6625194539890047 89.99999999999996
9.107174680176069 3.500000000000006 0.0
8.107174680176067 3.500026274389756 89.99999999999999
7.1071746801760645 3.500000000000007 1.4210854715202004e-14
6.107170946445169 3.500404085096132 89.99970923089397
10.10717468017607 5.662856765032943 1.4511546392064897e-14
9.107174680176069 4.500000000000008 1.759927225778569e-14
8.107174680176067 4.500027187996948 1.0312066300038467e-14
7.107174680176065 4.500000000000009 89.99999999999999
10.107174201867824 6.662858964987415 89.99999617329632
9.107174680176069 5.50000000000001 2.1534146401746165e-14
7.873316872260032 5.500027639974089 3.800480608617818e-05
10.107169338573616 10.10717468017607 5.7176964472957056e-15
8.50456263619005 6.590081836711545 43.26851144369123
10.10717468017607 9.107174500089359 1.2387238983129193e-16
0.5000000000000009 0.502427748126346 0.0
1.5000000000000027 0.5000000000000009 0.0
0.5018556263283521 1.5034202879882534 89.9266503367519
3.726616416744209 5.666172827570238 43.16804310067762
4.456491600800378 4.978786139969517 43.147053200912595
5.149422218383652 4.25619783403743 43.2685114436913
3.0286202339986925 4.947443224702389 43.268511443691345
3.757820270833938 4.260506100070337 43.26851144369135
4.450768623053946 3.539444712045229 43.26851144369135
2.4120405120485637 4.121095986741377 45.910217826599016
3.8413535965035566 2.7125571054019746 45.12789333685588
3.147735876184848 3.433830990820392 45.15709102883523
1.5952988633755847 3.5101049098232013 46.73148855630874
2.3217901559015464 2.8229249805926804 46.731488556308726
3.017092499511907 2.102611678590243 46.73148855630876
0.7407210757940003 2.8204911564551756 47.74488551826312
1.535036995945807 2.188638205039317 46.61924748206014
2.2387800271051015 1.4619048382913467 46.731488556308754
5.885128390346327 4.93358839728928 43.2685114436913
5.186076522549126 5.662714536746787 43.14995630564025
4.4565412022574264 6.349700870501124 43.168043070104666
6.576639701664576 5.65792907727309 43.26851144369126
5.885377689823843 6.380577843205831 43.26851144369126
5.155764892154857 7.067126429772458 43.26851144369126
7.165620403951993 6.491192468911695 43.26851144369126
6.474779708179945 7.214238072937416 43.26849372883435
5.744745162066794 7.900390497164844 43.26850882318965
7.788029959353543 7.288942940427041 43.268511443691295
7.097189934563496 8.011988929203875 43.26851144369129
6.5000000000000115 9.107174680176069 2.1657595889797472e-14
9.122142054560525 7.392963650646585 43.268511229652624
8.405608964898077 8.091825114505973 43.268511443691295
7.723604983102485 9.10717437720384 89.99998052219775
