110 10.996783396634358
0.5000000000000018 10.496783396634358 1.947466626871693e-15
10.496783396634358 0.5 0.0
0.5000000000000018 0.5 2.343326562239106e-15
1.5000000000002043 0.5 2.3422856280048197e-15
2.500000000000407 0.5 7.607637408067947e-20
3.5000000000006057 0.5 7.607637408067947e-20
0.5000000000000018 1.5000000000002025 4.948388343576608e-19
1.5000000000002043 1.5000000000002025 2.3434961254169223e-15
2.500000000000407 1.5000000000002025 7.607618894803106e-20
0.5000000000000018 2.5000000000004037 4.948269858681622e-19
1.5000000000002043 2.5000000000004037 7.60791510704057e-20
0.5540452749945484 3.5000000000006057 1.9136139934477514e-18
10.496783396634358 10.496783396634358 2.1817715666831634e-15
9.496783396634155 10.496783396634358 90.0
8.496783396633955 10.496783396634358 90.0
7.496783396633752 10.496783396634358 2.886610920993386e-15
6.496783396633551 10.496783396634358 4.299710683234879e-15
5.496783396633349 10.496783396634358 6.923006062481242e-15
4.496783396633147 10.496783396634358 7.631212839335592e-15
3.496783396632946 10.496783396634358 6.8633366902147104e-15
2.496783396632745 10.496783396634358 7.892117715549397e-15
10.496783396634358 9.496783396634155 2.191512970957125e-15
9.496783396634155 9.496783396634155 2.191500763888828e-15
8.496783396633955 9.496783396634155 2.776339374444175e-15
7.496783396633752 9.496783396634155 5.006960980129329e-15
6.496783396633551 9.496783396634155 90.0
5.496783396633349 9.496783396634155 89.99999999999999
4.496783396633147 9.496783396634155 89.99999999999999
3.496783396632945 9.496783396634155 89.99999999999999
10.496783396634358 8.496783396633953 90.0
9.496783396634155 8.496783396633953 90.0
8.496783396633955 8.496783396633953 4.941141333459694e-16
7.496783396633752 8.496783396633953 1.7624829590491202e-16
6.496783396633551 8.496783396633955 89.99999999999999
5.496783396633349 8.496783396633953 89.99999999999997
4.496783396633148 8.496783396633953 90.0
10.496783396634358 7.496783396633751 1.9114215248836895e-15
9.496783396634155 7.496783396633752 1.9849652458264557e-15
8.496783396633955 7.496783396633752 2.4819821061800107e-15
7.496783396633752 7.496783396633752 89.99999999999997
6.496783396633551 7.496783396633752 89.99999999999999
5.49678339663335 7.496783396633752 89.99999999999997
4.496783396633148 7.496783396633752 89.99999999999997
10.496783396634358 6.49678339663355 5.99255135863945e-15
9.496783396634155 6.49678339663355 4.961392797166412e-15
8.496783396633955 6.49678339663355 1.0527431165059761e-15
7.496783396633752 6.49678339663355 1.4096771701681372e-15
6.496783396633551 6.496783396633551 89.99999999999999
5.496783396633348 6.496783396633551 5.998684378568643e-14
10.496783396634358 5.496783396633348 2.9060761756801353e-15
9.496783396634157 5.496783396633348 4.7710278271391905e-15
8.496783396633955 5.496783396633348 1.522453827180555e-14
7.496783396633752 5.496783396633348 5.83308938320229e-15
6.4967833966335515 5.496783396633349 89.99999999999999
5.484659279097734 5.496783396633349 3.993285641839124e-14
10.496783396634358 4.4967833966331465 0.0
9.496783396634155 4.4967833966331465 0.0
8.496783396633955 4.4967833966331465 7.640950151645768e-15
7.496783396633753 4.4967833966331465 89.99999999999999
10.496783396634358 3.4967833966329445 9.679813256832548e-20
9.496783396634155 3.496783396632945 0.0
10.496783396634358 2.496783396632743 7.687375817013871e-16
4.4967833966331465 6.496783396633551 4.161096613783642e-14
4.484659279097532 5.496783396633348 4.2706528974495315e-14
6.4846592790979365 4.4967833966331465 89.99999999999999
5.3581510327933035 4.496783396633147 4.056579103331671e-14
1.5748811231842463 9.72139413522024 26.068126234663712
0.6698279698833094 9.290974688451977 26.312427998762825
2.435908067892454 9.017851438459488 24.87040308354223
1.5328209301767561 8.588279403898941 24.87040308354223
0.6639142981570654 8.084972061140883 24.87040308354223
1.5454029091363122 7.391199682575589 27.48753625542996
2.4229982424344545 7.898985655300016 25.990002641021324
3.3305759174325127 8.33057591743352 25.417463373227847
0.6743334528872769 6.898811646624587 27.48753625542996
2.426625025092351 6.721015872288927 29.478103827726976
3.330575917432511 7.2234069605247795 25.417463373227847
0.6825067630426052 5.735758490349215 29.842174356604247
1.556081207977721 6.228924963529279 29.478103827726986
3.2766523341679905 6.0528021907135425 29.47810382772697
0.5000000000000018 4.500000000000807 1.9136139934477514e-18
1.5355646999387336 5.068620373194246 29.47810382772696
2.4061085170533634 5.560711281953894 29.478103827726954
1.6813173629376035 3.987782614407157 29.47810382772697
2.545641058154713 4.49087736120403 29.47810382772697
3.4161848752693436 4.982968269963677 29.478103827726976
9.735494059369099 1.5695914710295487 61.71455439151407
9.283488296287105 0.6772311435251988 61.71455439151407
9.025184131607627 2.437225458263718 66.08373654611599
8.572695961070698 1.543968657418052 66.08373654611599
8.099782581580282 0.6597700004112212 66.08373654611599
7.4027409784808835 1.552293026530294 63.58672142337376
7.8746454144335445 2.4344603621449594 63.58672142337376
8.326557675319563 3.3265576753185533 63.58672142337376
6.930635149802797 0.6702257213143916 63.58672142337376
6.726814512664301 2.440281928158466 61.88419402713802
7.201836705983258 3.3279796589792587 62.66920011337619
5.783671642992203 0.6766260542522726 61.88419402713802
6.254926855332465 1.5586229504160505 61.88419402713802
6.0912072241953625 3.372643221529217 61.84310950321451
4.67662605425308 0.7266822153365213 61.88419402713802
5.147881266593341 1.6086791115003 61.88419402713802
5.6193196881800205 2.490984470450449 61.84310950321451
3.993593996050893 1.5703181779211839 61.88419402713802
4.464547410008047 2.452476326422396 61.88419402713802
4.936554320427397 3.3344776933247395 61.84310950321451
4.168708882371214 4.247862140962106 32.166187396516975
3.303946417819298 3.744511711615664 32.166187396516975
2.4323869074851725 3.251676274824488 32.184044917339385
3.304926650744078 2.404023471529077 61.917484093224914
