124 11.65685424949238019520675489684
0.5 11.15685424949238 0.0
1.5 11.15685424949238 0.0
2.5 11.15685424949238 0.0
3.5 11.15685424949238 0.0
4.5 11.15685424949238 0.0
0.5 10.15685424949238 0.0
1.5 10.15685424949238 0.0
2.5 10.15685424949238 0.0
3.5 10.15685424949238 0.0
0.5 9.15685424949238 0.0
1.5 9.15685424949238 0.0
2.5 9.15685424949238 0.0
0.5 8.15685424949238 0.0
1.5 8.15685424949238 0.0
0.5 7.156854249492381 0.0
11.15685424949238 11.15685424949238 0.0
10.15685424949238 11.15685424949238 0.0
9.15685424949238 11.15685424949238 0.0
8.15685424949238 11.15685424949238 0.0
7.156854249492381 11.15685424949238 0.0
11.15685424949238 10.15685424949238 0.0
10.15685424949238 10.15685424949238 0.0
9.15685424949238 10.15685424949238 0.0
8.15685424949238 10.15685424949238 0.0
11.15685424949238 9.15685424949238 0.0
10.15685424949238 9.15685424949238 0.0
9.15685424949238 9.15685424949238 0.0
11.15685424949238 8.15685424949238 0.0
10.15685424949238 8.15685424949238 0.0
11.15685424949238 7.156854249492381 0.0
11.15685424949238 0.5 0.0
10.15685424949238 0.5 0.0
9.15685424949238 0.5 0.0
8.15685424949238 0.5 0.0
7.156854249492381 0.5 0.0
11.15685424949238 1.5 0.0
10.15685424949238 1.5 0.0
9.15685424949238 1.5 0.0
8.15685424949238 1.5 0.0
11.15685424949238 2.5 0.0
10.15685424949238 2.5 0.0
9.15685424949238 2.5 0.0
11.15685424949238 3.5 0.0
10.15685424949238 3.5 0.0
11.15685424949238 4.5 0.0
0.5 0.5 0.0
1.5 0.5 0.0
2.5 0.5 0.0
3.5 0.5 0.0
4.5 0.5 0.0
0.5 1.5 0.0
1.5 1.5 0.0
2.5 1.5 0.0
3.5 1.5 0.0
0.5 2.5 0.0
1.5 2.5 0.0
2.5 2.5 0.0
0.5 3.5 0.0
1.5 3.5 0.0
0.5 4.5 0.0
5.82842712474619 10.778174593052023 45.0
5.121320343559643 10.071067811865476 45.0
4.414213562373095 9.363961030678928 45.0
3.7071067811865475 8.65685424949238 45.0
3.0 7.949747468305833 45.0
2.2928932188134525 7.242640687119285 45.0
1.5857864376269049 6.535533905932738 45.0
0.8786796564403574 5.82842712474619 45.0
6.535533905932738 10.071067811865476 45.0
5.82842712474619 9.363961030678928 45.0
5.121320343559643 8.65685424949238 45.0
4.414213562373095 7.949747468305833 45.0
3.7071067811865475 7.242640687119285 45.0
3.0 6.535533905932738 45.0
2.2928932188134525 5.82842712474619 45.0
1.5857864376269049 5.121320343559643 45.0
7.242640687119285 9.363961030678928 45.0
6.535533905932738 8.65685424949238 45.0
5.82842712474619 7.949747468305833 45.0
5.121320343559643 7.242640687119285 45.0
4.414213562373095 6.535533905932738 45.0
3.7071067811865475 5.82842712474619 45.0
3.0 5.121320343559643 45.0
2.2928932188134525 4.414213562373095 45.0
7.949747468305833 8.65685424949238 45.0
7.242640687119285 7.949747468305833 45.0
6.535533905932738 7.242640687119285 45.0
5.82842712474619 6.535533905932738 45.0
5.121320343559643 5.82842712474619 45.0
4.414213562373095 5.121320343559643 45.0
3.7071067811865475 4.414213562373095 45.0
3.0 3.7071067811865475 45.0
8.65685424949238 7.949747468305833 45.0
7.949747468305833 7.242640687119285 45.0
7.242640687119285 6.535533905932738 45.0
6.535533905932738 5.82842712474619 45.0
5.82842712474619 5.121320343559643 45.0
5.121320343559643 4.414213562373095 45.0
4.414213562373095 3.7071067811865475 45.0
3.7071067811865475 3.0 45.0
9.363961030678928 7.242640687119285 45.0
8.65685424949238 6.535533905932738 45.0
7.949747468305833 5.82842712474619 45.0
7.242640687119285 5.121320343559643 45.0
6.535533905932738 4.414213562373095 45.0
5.82842712474619 3.7071067811865475 45.0
5.121320343559643 3.0 45.0
4.414213562373095 2.2928932188134525 45.0
10.071067811865476 6.535533905932738 45.0
9.363961030678928 5.82842712474619 45.0
8.65685424949238 5.121320343559643 45.0
7.949747468305833 4.414213562373095 45.0
7.242640687119285 3.7071067811865475 45.0
6.535533905932738 3.0 45.0
5.82842712474619 2.2928932188134525 45.0
5.121320343559643 1.5857864376269049 45.0
10.778174593052023 5.82842712474619 45.0
10.071067811865476 5.121320343559643 45.0
9.363961030678928 4.414213562373095 45.0
8.65685424949238 3.7071067811865475 45.0
7.949747468305833 3.0 45.0
7.242640687119285 2.2928932188134525 45.0
6.535533905932738 1.5857864376269049 45.0
5.82842712474619 0.8786796564403574 45.0
