129 11.881306218090025
0.5000000000000009 11.381306218090023 90.0
1.5000000000000027 11.381306218090023 90.0
2.5000000000000044 11.381306218090023 90.0
3.500000000000027 11.381306218090023 0.0
4.500000000000028 11.381306218090023 90.0
5.50000000000003 11.381306218090023 0.0
6.500000000000032 11.381306215549714 89.99999999999999
7.500000000000043 11.381306218090023 0.0
8.500000000000046 11.38130617490569 1.717499527990582e-13
0.5000000000000009 10.381306218090021 90.0
1.5000000000000027 10.381306218090021 90.0
2.5000000000000044 10.381306218090021 90.0
3.500000000000016 10.381306218090012 1.1127417494074319e-12
4.500000000000028 10.381306218090021 90.0
5.50000000000003 10.381306218090021 0.0
6.500000000000032 10.381306174905626 90.0
7.500000000000034 10.381306218090021 0.0
0.5000000000000009 9.38130621809002 0.0
1.5000000000000027 9.38130621809002 90.0
2.5000000000000044 9.38130621809002 90.0
3.500000000000006 9.38130621554981 90.0
4.500000000000008 9.38130621809002 7.252907249549582e-16
5.50000000000003 9.38130621809002 1.590277340731758e-15
6.50000000000004 9.381306169825148 8.954518158881985e-13
0.5000000000000009 8.381306218089989 0.0
1.5000000000000027 8.381306218090018 90.0
2.5000000000000044 8.381306218090018 90.0
3.500000000000006 8.38130621554973 90.0
4.500000000000008 8.381306218090018 7.252907249549582e-16
5.50000000000001 8.381306218090018 7.25290724954958e-16
0.5000000000000009 7.3813062155498015 0.0
1.5000000000000027 7.381306218090017 90.0
2.5000000000000044 7.381306218090017 90.0
3.500000000000006 7.381306215549697 90.0
4.500000000000008 7.381306218090017 7.252907249549582e-16
0.5000000000000009 6.381306215549797 0.0
1.5000000000000027 6.381306218090015 0.0
2.5000000000000044 6.381306218090015 0.0
3.5000000000000346 6.381306174905654 1.6220828875463942e-12
0.5000000000000009 5.381306215549795 0.0
1.5000000000000027 5.381306218090013 0.0
2.5000000000000044 5.381306218090013 0.0
0.5000000000000009 4.3813062155497935 0.0
1.5000000000000027 4.381306218090011 0.0
0.5000000000000292 3.3813062155497917 0.0
11.381306218090023 0.5000000000000009 0.0
10.381306218089993 0.5000000000000009 0.0
9.38130621554981 0.5000000000000009 0.0
8.38130621554973 0.5000000000000009 0.0
7.381306215549696 0.5000000000000009 0.0
6.38130618667457 0.5000000000000009 0.0
5.381306181593944 0.5000000000000021 0.0
4.381306174905582 0.5000000000000178 1.6204043827887948e-12
3.381306169825105 0.5000000000000022 1.563102555668651e-13
2.3813061698251006 0.5000000000000292 4.3619906753565586e-13
11.381306218090023 1.5000000000000027 0.0
10.381306218090021 1.5000000000000027 0.0
9.38130621809002 1.5000000000000027 0.0
8.381306218089989 1.5000000000000027 0.0
7.3813062155498015 1.5000000000000027 0.0
6.381306215549721 1.5000000000000027 0.0
5.381306215549687 1.500000000000004 0.0
4.381306186674618 1.5000000000000309 1.620580839139385e-12
3.3813061866745917 1.500000000000004 1.5631025556686502e-13
11.381306218090023 2.5000000000000044 0.0
10.381306218090021 2.5000000000000044 0.0
9.38130621809002 2.5000000000000044 0.0
8.381306218090018 2.5000000000000044 0.0
7.381306218090017 2.5000000000000044 0.0
6.381306218089986 2.5000000000000044 0.0
5.381306215549792 2.5000000000000058 0.0
4.38130621554973 2.500000000000033 1.625263534561198e-12
11.381306218090023 3.500000000000006 0.0
10.381306218090021 3.500000000000006 0.0
9.38130621809002 3.500000000000006 0.0
8.381306218090018 3.500000000000006 0.0
7.381306218090017 3.500000000000006 0.0
6.381306218090015 3.500000000000006 0.0
5.381306218090013 3.5000000000000075 0.0
11.381306218090023 4.500000000000008 0.0
10.381306218090021 4.500000000000008 0.0
9.38130621809002 4.500000000000008 0.0
8.381306218090018 4.500000000000008 0.0
7.381306218090017 4.500000000000036 0.0
6.381306218090015 4.500000000000008 0.0
11.381306218090023 5.50000000000001 0.0
10.381306218090021 5.50000000000001 0.0
9.38130621809002 5.50000000000001 0.0
8.381306218090018 5.50000000000001 0.0
7.381306215549745 5.500000000000038 0.0
11.381306218090023 6.5000000000000115 0.0
10.381306218090021 6.5000000000000115 0.0
9.38130621809002 6.5000000000000115 0.0
8.381306218090018 6.5000000000000115 0.0
11.381306218090023 7.500000000000013 0.0
10.381306218090021 7.500000000000013 0.0
9.38130621809002 7.500000000000013 0.0
11.381306218090023 8.500000002540322 0.0
10.381306218090021 8.500000000000014 0.0
11.381306215549714 9.500000043184471 89.99999985445152
0.5000000431844016 0.5000000431844016 89.99999723461482
11.381306174905594 11.381306169825011 89.99999723461482
10.381306169825004 11.381306174905594 89.99999723461482
9.378617580974153 10.55473495423562 49.199679289239995
10.135609006023648 9.901310108417588 49.199677358084344
8.646793725663768 9.865416535538547 49.199679289239995
9.403785123808792 9.211991694310079 49.199679289239995
7.9149698917139375 9.176098098403276 49.199679289238354
8.671961289858968 8.52267325717482 49.1996792892383
7.261545074359105 8.419106679650852 49.199679289238354
8.018536472504135 7.7656818384223945 49.19967928923834
6.529721216535679 7.729788263123005 49.19967928923831
7.286712614680709 7.076363421894547 49.19967928923831
6.554888778190613 6.387044986952054 49.19967928923831
5.747760266470338 7.042641639904581 44.489091608504346
5.059345968170664 6.272023376434557 40.80032071076171
1.5026886102115422 1.3265712454033383 49.199681882254936
0.7456972120663816 1.9799960866317123 49.199681882256506
2.234512470939777 2.0158896656155165 49.199681882254886
1.477521072794672 2.6693145068438904 49.199681882254836
2.9663363263760854 2.7052081196867483 49.19967928923842
2.2093449254657656 3.358632957711624 49.19967928923842
3.619761165064238 3.462199520024536 49.19967928923842
2.862769721194606 4.115624395140468 49.199679288446056
4.351585001554344 4.151517954967019 49.19967928923841
3.594593603409315 4.804942796195481 49.19967928923841
4.3264174587197415 5.494261214892536 49.19967928923635
5.133545948006564 4.838664579948045 44.48909180103753
5.82196024991936 5.609282841655468 40.80032071076171
