128 11.825091968213687029149282424753443
0.5 11.325091968213687 0.0
0.5 10.325091968213687 0.0
0.5 9.325091968213687 0.0
0.5 8.325091968213687 0.0
0.5 7.3250919682136875 0.0
0.5 6.3250919682136875 0.0
0.5 5.3250919682136875 0.0
0.5 4.3250919682136875 0.0
0.5 3.325091968213687 0.0
1.5 11.325091968213687 0.0
1.5 10.325091968213687 0.0
1.5 9.325091968213687 0.0
1.5 8.325091968213687 0.0
1.5 7.3250919682136875 0.0
1.5 6.3250919682136875 0.0
1.5 5.3250919682136875 0.0
1.5 4.3250919682136875 0.0
2.5 11.325091968213687 0.0
2.5 10.325091968213687 0.0
2.5 9.325091968213687 0.0
2.5 8.325091968213687 0.0
2.5 7.3250919682136875 0.0
2.5 6.3250919682136875 0.0
2.5 5.3250919682136875 0.0
3.5 11.325091968213687 0.0
3.5 10.325091968213687 0.0
3.5 9.325091968213687 0.0
3.5 8.325091968213687 0.0
3.5 7.3250919682136875 0.0
3.5 6.3250919682136875 0.0
4.5 11.325091968213687 0.0
4.5 10.325091968213687 0.0
4.5 9.325091968213687 0.0
4.5 8.325091968213687 0.0
4.5 7.3250919682136875 0.0
5.5 11.325091968213687 0.0
5.5 10.325091968213687 0.0
5.5 9.325091968213687 0.0
5.5 8.325091968213687 0.0
6.5 11.325091968213687 0.0
6.5 10.325091968213687 0.0
6.5 9.325091968213687 0.0
7.5 11.325091968213687 0.0
7.5 10.325091968213687 0.0
8.5 11.325091968213687 0.0
11.325091968213687 0.5 0.0
11.325091968213687 1.5 0.0
11.325091968213687 2.5 0.0
11.325091968213687 3.5 0.0
11.325091968213687 4.5 0.0
11.325091968213687 5.5 0.0
11.325091968213687 6.5 0.0
11.325091968213687 7.5 0.0
11.325091968213687 8.5 0.0
11.325091968213687 9.5 0.0
10.325091968213687 0.5 0.0
10.325091968213687 1.5 0.0
10.325091968213687 2.5 0.0
10.325091968213687 3.5 0.0
10.325091968213687 4.5 0.0
10.325091968213687 5.5 0.0
10.325091968213687 6.5 0.0
10.325091968213687 7.5 0.0
10.325091968213687 8.5 0.0
9.325091968213687 0.5 0.0
9.325091968213687 1.5 0.0
9.325091968213687 2.5 0.0
9.325091968213687 3.5 0.0
9.325091968213687 4.5 0.0
9.325091968213687 5.5 0.0
9.325091968213687 6.5 0.0
9.325091968213687 7.5 0.0
8.325091968213687 0.5 0.0
8.325091968213687 1.5 0.0
8.325091968213687 2.5 0.0
8.325091968213687 3.5 0.0
8.325091968213687 4.5 0.0
8.325091968213687 5.5 0.0
8.325091968213687 6.5 0.0
7.3250919682136875 0.5 0.0
7.3250919682136875 1.5 0.0
7.3250919682136875 2.5 0.0
7.3250919682136875 3.5 0.0
7.3250919682136875 4.5 0.0
7.3250919682136875 5.5 0.0
6.3250919682136875 0.5 0.0
6.3250919682136875 1.5 0.0
6.3250919682136875 2.5 0.0
6.3250919682136875 3.5 0.0
6.3250919682136875 4.5 0.0
5.3250919682136875 0.5 0.0
5.3250919682136875 1.5 0.0
5.3250919682136875 2.5 0.0
5.3250919682136875 3.5 0.0
4.3250919682136875 0.5 0.0
4.3250919682136875 1.5 0.0
4.3250919682136875 2.5 0.0
3.325091968213687 0.5 0.0
3.325091968213687 1.5 0.0
2.325091968213687 0.5 0.0
0.5 0.5 0.0
11.325091968213687 11.325091968213687 0.0
0.9116778430995829 2.2159355545498194 27.427556563929237
1.3885491344014342 1.336771902416327 27.427556563929237
1.6741103384559177 2.917739229991686 27.427556563929237
2.1509816297577693 2.0385755778581935 27.427556563929237
2.490193225769629 3.5161625320508367 27.427556563929237
2.96706451707148 2.636998879917344 27.427556563929237
3.1811146603392504 4.355762780740442 27.427556563929237
3.657985951641102 3.47659912860695 27.427556563929237
3.872036094908872 5.195363029430048 27.427556563929237
4.3489073862107235 4.316199377296556 27.427556563929237
4.674110338455918 5.8207799613648925 27.427556563929237
5.150981629757769 4.9416163092314 27.427556563929237
5.450551477578918 6.4955900069310655 27.427556563929237
5.92742276888077 5.616426354797573 27.427556563929237
6.141472912148539 7.335190255620671 27.427556563929237
6.618344203450391 6.456026603487179 27.427556563929237
6.832394346718162 8.174790504310277 27.427556563929237
7.309265638020013 7.295626852176785 27.427556563929237
7.674110338455918 8.7238206927381 27.427556563929237
8.15098162975777 7.8446570406046074 27.427556563929237
8.410909729388207 9.475017481811294 27.427556563929237
8.887781020690058 8.595853829677802 27.427556563929237
9.10183116395783 10.3146177305009 27.427556563929237
9.57870245525968 9.435454078367409 27.427556563929237
9.809951370928335 11.137910352832856 31.366064891902802
10.330455370887687 10.284051122030544 31.366064891902802
