125 11.7071067811865475244008443621
0.5 11.207106781186548 0.0
1.5 11.207106781186548 0.0
2.5 11.207106781186548 0.0
3.5 11.207106781186548 0.0
4.5 11.207106781186548 0.0
5.5 11.207106781186548 0.0
6.5 11.207106781186548 0.0
7.5 11.207106781186548 0.0
8.5 11.207106781186548 0.0
9.5 11.207106781186548 0.0
0.5 10.207106781186548 0.0
1.5 10.207106781186548 0.0
2.5 10.207106781186548 0.0
3.5 10.207106781186548 0.0
4.5 10.207106781186548 0.0
5.5 10.207106781186548 0.0
6.5 10.207106781186548 0.0
7.5 10.207106781186548 0.0
8.5 10.207106781186548 0.0
0.5 9.207106781186548 0.0
1.5 9.207106781186548 0.0
2.5 9.207106781186548 0.0
3.5 9.207106781186548 0.0
4.5 9.207106781186548 0.0
5.5 9.207106781186548 0.0
6.5 9.207106781186548 0.0
7.5 9.207106781186548 0.0
0.5 8.207106781186548 0.0
1.5 8.207106781186548 0.0
2.5 8.207106781186548 0.0
3.5 8.207106781186548 0.0
4.5 8.207106781186548 0.0
5.5 8.207106781186548 0.0
6.5 8.207106781186548 0.0
0.5 7.207106781186548 0.0
1.5 7.207106781186548 0.0
2.5 7.207106781186548 0.0
3.5 7.207106781186548 0.0
4.5 7.207106781186548 0.0
5.5 7.207106781186548 0.0
0.5 6.207106781186548 0.0
1.5 6.207106781186548 0.0
2.5 6.207106781186548 0.0
3.5 6.207106781186548 0.0
4.5 6.207106781186548 0.0
0.5 5.207106781186548 0.0
1.5 5.207106781186548 0.0
2.5 5.207106781186548 0.0
3.5 5.207106781186548 0.0
0.5 4.207106781186548 0.0
1.5 4.207106781186548 0.0
2.5 4.207106781186548 0.0
0.5 3.2071067811865475 0.0
1.5 3.2071067811865475 0.0
0.5 2.2071067811865475 0.0
11.207106781186548 11.207106781186548 0.0
11.207106781186548 0.5 0.0
10.207106781186548 0.5 0.0
9.207106781186548 0.5 0.0
8.207106781186548 0.5 0.0
7.207106781186548 0.5 0.0
6.207106781186548 0.5 0.0
5.207106781186548 0.5 0.0
4.207106781186548 0.5 0.0
3.2071067811865475 0.5 0.0
2.2071067811865475 0.5 0.0
11.207106781186548 1.5 0.0
10.207106781186548 1.5 0.0
9.207106781186548 1.5 0.0
8.207106781186548 1.5 0.0
7.207106781186548 1.5 0.0
6.207106781186548 1.5 0.0
5.207106781186548 1.5 0.0
4.207106781186548 1.5 0.0
3.2071067811865475 1.5 0.0
11.207106781186548 2.5 0.0
10.207106781186548 2.5 0.0
9.207106781186548 2.5 0.0
8.207106781186548 2.5 0.0
7.207106781186548 2.5 0.0
6.207106781186548 2.5 0.0
5.207106781186548 2.5 0.0
4.207106781186548 2.5 0.0
11.207106781186548 3.5 0.0
10.207106781186548 3.5 0.0
9.207106781186548 3.5 0.0
8.207106781186548 3.5 0.0
7.207106781186548 3.5 0.0
6.207106781186548 3.5 0.0
5.207106781186548 3.5 0.0
11.207106781186548 4.5 0.0
10.207106781186548 4.5 0.0
9.207106781186548 4.5 0.0
8.207106781186548 4.5 0.0
7.207106781186548 4.5 0.0
6.207106781186548 4.5 0.0
11.207106781186548 5.5 0.0
10.207106781186548 5.5 0.0
9.207106781186548 5.5 0.0
8.207106781186548 5.5 0.0
7.207106781186548 5.5 0.0
11.207106781186548 6.5 0.0
10.207106781186548 6.5 0.0
9.207106781186548 6.5 0.0
8.207106781186548 6.5 0.0
11.207106781186548 7.5 0.0
10.207106781186548 7.5 0.0
9.207106781186548 7.5 0.0
11.207106781186548 8.5 0.0
10.207106781186548 8.5 0.0
11.207106781186548 9.5 0.0
0.5 0.5 0.0
10.096194077712559 10.096194077712559 45.0
9.38908729652601 9.38908729652601 45.0
8.681980515339465 8.681980515339465 45.0
7.974873734152916 7.974873734152916 45.0
7.267766952966369 7.267766952966369 45.0
6.560660171779821 6.560660171779821 45.0
5.853553390593274 5.853553390593274 45.0
5.146446609406726 5.146446609406726 45.0
4.439339828220179 4.439339828220179 45.0
3.732233047033631 3.732233047033631 45.0
3.0251262658470837 3.0251262658470837 45.0
2.318019484660536 2.318019484660536 45.0
1.6109127034739885 1.6109127034739885 45.0
