132 11.991327887694469
0.5 11.491327887694467 7.942484518801374e-16
11.491327887694466 0.5 2.0375428428125655e-15
0.5243376225618253 5.501346550358396 89.8455060010874
0.5 4.500000000000831 90.0
1.5000000000002078 4.500000000000831 9.043925872804096e-15
0.5 3.5000000000006235 0.0
1.5000000000002078 3.5000000000006235 1.5388707675620776e-17
0.5836944367691981 2.5000000000004157 1.5095210687821931e-15
1.608834505017109 2.5000000000004157 90.0
0.5 1.5000000000002078 1.2579342246022699e-15
1.5000000000002078 1.5000000000002078 9.349091397661313e-16
2.500000000000414 1.5000000000002078 90.0
0.5 0.5 2.8699536383518453e-15
1.5000000000002078 0.5 90.0
2.500000000000414 0.5 9.442271710594815e-16
3.5000000000006217 0.5 90.0
2.4913278876925986 11.491327887694464 89.99999999999991
3.4913278876928064 11.491327887694467 89.99999999999999
4.491327887693013 11.491327887694467 89.99999999999999
5.49132788769322 11.489091521140924 89.99999999999999
6.491327887693428 11.488754928667902 89.99999999999999
7.491327887693635 11.491327887694467 8.222257925255291e-15
8.491327887693842 11.491327887694467 90.0
9.491327887694052 11.491327887694467 89.99999999999999
10.49132788769426 11.491327887694467 90.0
11.491327887694466 11.491327887694467 90.0
3.4913278876928064 10.491327887694261 89.99999999999983
4.491327887693013 10.491327887694258 89.99999999999987
5.491327887693223 10.48660291055219 89.99999999999969
6.491327887693431 10.487332037935357 89.99999999999999
7.491327887693635 10.491327887694258 89.99999999999997
8.491327887693842 10.49132788769426 90.0
9.491327887694052 10.49132788769426 90.0
10.49132788769426 10.49132788769426 3.2952197700600674e-15
11.491327887694466 10.49132788769426 90.0
4.491327887693013 9.49132788769405 89.99999999999997
5.491327887693222 9.485505384263503 89.99999999999996
6.491327887693428 9.484907804627866 89.99999999999999
7.491327887693635 9.49132788769405 89.99999999999999
8.491327887693842 9.491327887694052 89.99999999999994
9.49132788769405 9.491327887694052 89.99999999999999
10.49132788769426 9.491327887694052 90.0
11.491327887694466 9.491327887694052 90.0
4.491327887693008 8.491327887693842 89.99999999999994
5.491327887693216 8.442119214618161 89.9999999999999
6.491327887693424 8.484167949977284 3.0024957991330634e-13
7.491327887693635 8.491327887693842 1.1252469457947285e-15
8.491327887693842 8.491327887693846 1.0370509638341892e-14
9.491327887694052 8.491327887693846 1.323039359280504e-14
10.491327887694258 8.491327887693846 90.0
11.491327887694466 8.491327887693846 90.0
5.491327887693219 7.43905212664783 3.0220300840688747e-13
6.491327887693423 7.483843307081905 89.99999999999986
7.491327887693631 7.491327887693636 90.0
8.491327887693839 7.491327887693636 5.081439820877614e-14
9.491327887694048 7.491327887693638 89.99999999999989
10.491327887694258 7.491327887693635 89.99999999999989
11.491327887694466 7.491327887693636 90.0
5.491327887693211 6.437685292376589 6.909024479251958e-13
6.491327887693427 6.483843307081697 1.2344008888943144e-13
7.491327887693634 6.491327887693427 89.9999999999999
8.491327887693842 6.491327887693425 89.99999999999991
9.491327887694052 6.491327887693429 7.783524511703958e-15
10.49132788769426 6.491327887693427 2.594091751196602e-15
11.491327887694467 6.491327887693427 1.7479132998952764e-13
5.491327887693214 5.435556773701534 3.5526857999261014e-13
6.49132788769342 5.483843307081492 89.99999999999986
7.491327887693632 5.4913278876932194 89.99999999999984
8.49132788769384 5.491327887693219 89.99999999999973
9.49132788769405 5.491327887693217 4.797220907656783e-14
10.49132788769426 5.49132788769322 1.593901561781718e-14
11.491327887694467 5.4913278876932194 1.7652082349851218e-13
8.491327887693831 4.4913278876930125 89.9999999999996
9.491327887694052 4.491327887693009 89.99999999999997
10.49132788769426 4.491327887693013 3.2497861043643684e-15
11.491327887694466 4.491327887693013 1.832455157959513e-15
10.49132788769426 3.491327887692806 3.753808690000261e-15
11.491327887694466 3.491327887692806 5.417565189158331e-15
11.491327887694466 2.491327887692598 5.417691239313861e-15
4.408986039720488 5.35948098928035 86.47350177488565
4.491327887692999 7.386168510557048 89.99999999999986
4.491327887693001 6.3861685105568355 3.569582528067306e-13
0.6858207249174395 10.251769384520111 30.905870418815667
1.557609241242174 10.742385495176851 30.905870418815667
1.5521458915838107 9.53731028310593 23.803515725923894
2.4277015785478717 10.030181523140952 23.803515725923894
2.4574859659583073 8.840475166131805 23.463851371022272
3.3335869514370398 9.333586951438285 23.463851371022272
3.3671087835002425 8.146679886254457 25.011333540898733
0.6592681713071773 9.08370682405543 23.803515725923894
0.6577409362557685 7.963782069062917 23.463851371022272
1.5642957395622172 8.386733852553348 23.463851371022272
0.6645108501224062 6.843833042320018 25.011333540898733
1.5688464489216525 7.2706785383713415 25.011333540898733
2.4750706211220876 7.693476066415265 25.011333540898733
1.514145209960633 6.136587601278253 25.288102228548027
2.4205928653699598 6.564579826556939 25.011333540898733
3.326817037570395 6.987377354600862 25.011333540898736
2.3516098830229595 5.426257449359949 25.288102228548027
3.2589988328350437 5.8522571482824395 25.011333540898736
2.6590605334803037 3.5141900394867243 66.24296799603877
3.0626944318824396 4.4291110157556295 66.24296799603877
3.2725515518761377 2.4262544459096365 66.19446058255859
3.6761853056248945 3.341175094291288 66.19446058255846
4.079529724436184 4.2568419066358585 66.25934417870111
3.981099551734612 1.554833755014406 66.19446058255859
4.384733305483368 2.4697544033960575 66.19446058255849
4.788367059232125 3.38467505177771 66.1944605825585
5.191435252319559 4.301054220820632 66.3213568099655
4.67899958007601 0.6592772010654198 66.1944605825585
5.082633333824766 1.5741978494470725 66.1944605825585
5.486267087573522 2.489118497828724 66.19446058255862
5.889900841322278 3.4040391462103754 66.19446058255846
6.297753202516972 4.331766048569595 67.75362509215901
5.7719905424826985 0.6592772010654198 66.19446058255846
6.175624296231455 1.5741978494470716 66.19446058255846
6.579258049980211 2.489118497828725 66.19446058255846
6.993971614691089 3.399151087669587 66.19446058255846
6.864981504889389 0.6592772010654198 66.19446058255855
7.268615258638145 1.5741978494470716 66.19446058255855
7.683899445442698 2.4860647879332483 65.97087006063674
7.957972467296079 0.6592772010654198 66.19446058255855
8.372272891798698 1.5694920551642584 66.19446058255855
8.870900642265493 2.442504387729975 66.19446058255855
9.33205068662863 3.3320506866273822 66.19446058255855
9.065069853704177 0.6646683986323563 64.95128760292654
9.562843528724748 1.5358532186195797 64.95128760292654
10.023515771139621 2.4243771382010264 64.95128760292653
7.431610819312779 4.431610819312166 82.66851394473468
8.182365308879064 3.358714013218658 65.97087006063674
10.727992400770272 1.5652598135460254 61.67601264084031
10.267660741196769 0.6773677910344524 61.676012640840305
