146 12.600907778513018240112031047079092473
0.5 12.100907778513019 0.0
1.5 12.100907778513019 0.0
2.5 12.100907778513019 0.0
3.5 12.100907778513019 0.0
4.5 12.100907778513019 0.0
5.5 12.100907778513019 0.0
6.5 12.100907778513019 0.0
7.5 12.100907778513019 0.0
8.5 12.100907778513019 0.0
0.5 11.100907778513019 0.0
1.5 11.100907778513019 0.0
2.5 11.100907778513019 0.0
3.5 11.100907778513019 0.0
4.5 11.100907778513019 0.0
5.5 11.100907778513019 0.0
6.5 11.100907778513019 0.0
7.5 11.100907778513019 0.0
0.5 10.100907778513019 0.0
1.5 10.100907778513019 0.0
2.5 10.100907778513019 0.0
3.5 10.100907778513019 0.0
4.5 10.100907778513019 0.0
5.5 10.100907778513019 0.0
6.5 10.100907778513019 0.0
0.5 9.100907778513019 0.0
1.5 9.100907778513019 0.0
2.5 9.100907778513019 0.0
3.5 9.100907778513019 0.0
4.5 9.100907778513019 0.0
5.5 9.100907778513019 0.0
0.5 8.100907778513019 0.0
1.5 8.100907778513019 0.0
2.5 8.100907778513019 0.0
3.5 8.100907778513019 0.0
4.5 8.100907778513019 0.0
0.5 7.100907778513018 0.0
1.5 7.100907778513018 0.0
2.5 7.100907778513018 0.0
3.5 7.100907778513018 0.0
4.5 7.100907778513018 0.0
0.5 6.100907778513018 0.0
1.5 6.100907778513018 0.0
2.5 6.100907778513018 0.0
3.5 6.100907778513018 0.0
0.5 5.100907778513018 0.0
1.5 5.100907778513018 0.0
2.5 5.100907778513018 0.0
0.5 4.100907778513018 0.0
1.5 4.100907778513018 0.0
0.5 3.1009077785130184 0.0
12.100907778513019 0.5 0.0
11.100907778513019 0.5 0.0
10.100907778513019 0.5 0.0
9.100907778513019 0.5 0.0
8.100907778513019 0.5 0.0
7.100907778513018 0.5 0.0
6.100907778513018 0.5 0.0
5.100907778513018 0.5 0.0
4.100907778513018 0.5 0.0
12.100907778513019 1.5 0.0
11.100907778513019 1.5 0.0
10.100907778513019 1.5 0.0
9.100907778513019 1.5 0.0
8.100907778513019 1.5 0.0
7.100907778513018 1.5 0.0
6.100907778513018 1.5 0.0
5.100907778513018 1.5 0.0
12.100907778513019 2.5 0.0
11.100907778513019 2.5 0.0
10.100907778513019 2.5 0.0
9.100907778513019 2.5 0.0
8.100907778513019 2.5 0.0
7.100907778513018 2.5 0.0
6.100907778513018 2.5 0.0
12.100907778513019 3.5 0.0
11.100907778513019 3.5 0.0
10.100907778513019 3.5 0.0
9.100907778513019 3.5 0.0
8.100907778513019 3.5 0.0
7.100907778513018 3.5 0.0
12.100907778513019 4.5 0.0
11.100907778513019 4.5 0.0
10.100907778513019 4.5 0.0
9.100907778513019 4.5 0.0
8.100907778513019 4.5 0.0
12.100907778513019 5.5 0.0
11.100907778513019 5.5 0.0
10.100907778513019 5.5 0.0
9.100907778513019 5.5 0.0
8.100907778513019 5.5 0.0
12.100907778513019 6.5 0.0
11.100907778513019 6.5 0.0
10.100907778513019 6.5 0.0
9.100907778513019 6.5 0.0
12.100907778513019 7.5 0.0
11.100907778513019 7.5 0.0
10.100907778513019 7.5 0.0
12.100907778513019 8.5 0.0
11.100907778513019 8.5 0.0
12.100907778513019 9.5 0.0
0.5 0.5 0.0
1.5 0.5 0.0
2.5 0.5 0.0
0.5 1.5 0.0
1.5 1.5 0.0
12.100907778513019 12.100907778513019 0.0
11.100907778513019 12.100907778513019 0.0
10.100907778513019 12.100907778513019 0.0
12.100907778513019 11.100907778513019 0.0
11.100907778513019 11.100907778513019 0.0
1.9075944930375444 2.8530326785656763 47.584956989133744
2.6016155775478818 2.130094170744128 47.584956989133744
3.29563666205822 1.4071556629225799 47.584956989133744
2.629179626976539 3.548290215009376 47.584956989133744
3.3232007114868765 2.825351707187828 47.584956989133744
4.017221795997214 2.1024131993662794 47.584956989133744
3.3637615245054646 4.257607551420116 45.131290074135784
4.056441522857815 3.5360039977491295 45.131290074135784
4.749121521210165 2.8144004440781427 45.131290074135784
4.075559837762719 4.9926883752625555 42.415043010866256
4.76827227067737 4.271052535333667 42.415043010866256
5.460984703592021 3.5494166954047794 42.415043010866256
4.770817374206418 5.71427350920155 42.415043010866256
5.463529807121069 4.9926376692726615 42.415043010866256
6.15624224003572 4.271001829343774 42.415043010866256
5.509095651244128 6.388769755043015 42.415043010866256
6.201808084158779 5.6671339151141265 42.415043010866256
6.89452051707343 4.945498075185239 42.415043010866256
10.693313285475474 9.747875099947342 47.584956989133744
9.999292200965137 10.470813607768891 47.584956989133744
9.305271116454799 11.193752115590438 47.584956989133744
9.97172815153648 9.052617563503642 47.584956989133744
9.277707067026142 9.775556071325191 47.584956989133744
8.583685982515805 10.498494579146739 47.584956989133744
9.237146254007554 8.343300227092902 45.131290074135784
8.544466255655204 9.064903780763888 45.131290074135784
7.8517862573028525 9.786507334434875 45.131290074135784
8.525347940750299 7.608219403250463 42.415043010866256
7.832635507835649 8.32985524317935 42.415043010866256
7.139923074920998 9.051491083108239 42.415043010866256
7.8300904043066 6.886634269311468 42.415043010866256
7.137377971391949 7.608270109240356 42.415043010866256
6.444665538477298 8.329905949169245 42.415043010866256
7.09181212726889 6.212138023470003 42.415043010866256
6.399099694354239 6.9337738633988915 42.415043010866256
5.706387261439588 7.65540970332778 42.415043010866256
