155 12.955619592137850
0.5000000000000017 12.455619592137847 2.178866317428376e-15
12.14104802626025 0.5000000000000017 90.0
12.455619592137845 1.500000000000238 90.0
0.5000000000000017 0.5000000000000017 1.8694326767645707e-14
1.5000000000002363 0.5000000000000017 1.984423746639109e-14
2.5000000000004707 0.5000000000000017 90.0
3.5000000000007065 0.5000000000000017 1.654743270883702e-14
4.500000000000941 0.5000000000000017 90.0
5.500000000001177 0.5000000000000008 89.9999999999999
0.5000000000000026 1.5000000000002371 1.397961887552564e-14
1.5000000000002371 1.500000000000238 1.5159017040183778e-14
2.5000000000004707 1.5000000000002371 1.1144731569815896e-15
3.500000000000708 1.500000000000238 90.0
4.500000000000942 1.5000000000002371 1.454276876112705e-15
0.5000000000000017 2.5000000000004716 2.1084223096073805e-14
1.5000000000002363 2.5000000000004725 3.316078654014911e-14
2.5000000000004716 2.5000000000004725 3.193730815641835e-14
3.500000000000704 2.5000000000004725 8.945313779145225e-14
0.5000000000000017 3.500000000000706 1.2359252214319492e-15
1.5000000000002363 3.5000000000007074 4.364842504738633e-15
2.500000000000469 3.5000000000007048 2.470231389603921e-13
0.5000000000000008 4.5000000000009415 89.99999999999991
1.5000000000002363 4.500000000000938 3.852820818345706e-15
0.5000000000000017 5.500000000001176 90.0
1.5000000000002363 5.500000000001172 90.0
0.5000000000000017 6.500000000001411 90.0
1.5000000000002363 6.500000000001408 90.0
0.5000000000000017 7.500000000001646 90.0
12.455619592137845 12.452896707380708 5.6001368073034384e-15
11.455619592137607 12.455619592137843 1.9555861085622045e-13
10.455619592137369 12.455619592137845 1.9354196725916245e-13
9.455619592137138 12.455619592137845 89.99999999999982
8.455619592136888 12.455074222578935 1.5928031952162585e-12
7.4556195921366415 12.455619592137845 1.9560141765429498e-13
6.45561959213644 12.455619592137847 9.432503735666605e-16
5.4556195921362045 12.455619592137847 4.030303270985484e-15
4.45561959213597 12.455619592137847 90.0
3.4556195921357356 12.455619592137847 1.652596765043073e-15
2.455619592135501 12.455619592137847 1.347018486279736e-14
12.455619592137845 11.452103480640252 89.99999999999939
11.45561959213761 11.455619592137607 90.0
10.455619592137374 11.45561959213761 1.9402106653709812e-13
9.455619592137138 11.45561959213761 1.3620217060249042e-13
8.455619592136902 11.455072160022215 1.347807008427316e-13
7.45561959213667 11.45561959213761 1.9405637799257427e-13
6.455619592136415 11.455619592137603 7.376531380163572e-13
5.4556195921362045 11.45561959213761 89.99999999999996
4.45561959213597 11.45561959213761 89.99999999999999
3.4556195921357356 11.45561959213761 89.99999999999999
12.455619592137849 10.451303482725082 89.99999999999987
11.455619592137614 10.455619592137372 89.99999999999987
10.455619592137378 10.455619592137376 89.99999999999991
9.455619592137142 10.455619592137376 1.3393394383588882e-13
8.455619592136909 10.455071255074673 2.2127078896502538e-15
7.455619592136674 10.455619592137376 8.180587171271596e-16
6.45561959213644 10.455619592137362 89.99999999999984
5.4556195921362045 10.455619592137376 89.99999999999999
4.45561959213597 10.455619592137376 89.99999999999999
12.455619592137845 9.450630345300512 2.0312846756129707e-13
11.455619592137612 9.455619592137138 89.99999999999987
10.455619592137381 9.455619592137138 2.0400842815662778e-13
9.455619592137143 9.455619592137142 89.99999999999997
8.455619592136912 9.455071037199028 2.054722581094911e-13
7.438976975855234 9.455619592137134 1.9832515147692117e-13
6.435970782127259 9.455619592137142 90.0
5.434846530747059 9.455619592137142 89.99999999999999
4.431704405649963 9.455619592137142 90.0
12.455619592137847 8.449772455150072 2.5378531900295013e-15
11.45561959213761 8.455619592136902 89.99999999999982
10.455619592137374 8.455619592136905 89.9999999999998
9.455619592137136 8.455619592136907 1.829032696351143e-13
8.455619592136898 8.455071037198794 1.8376896556430034e-13
7.4556195921366735 8.455619592136912 89.99999999999933
6.455619592136437 8.455619592136898 89.99999999999915
5.455619592136202 8.455619592136898 89.99999999999912
12.455619592137845 7.449125761461632 2.361473971029508e-13
11.455619592137612 7.455619592136668 89.9999999999998
10.455619592137378 7.455619592136679 89.99999999999984
9.455619592137143 7.455619592136677 89.99999999999974
8.455619592136905 7.45507103719856 89.99999999999997
7.45561959213667 7.45561959213667 2.0298354369310534e-13
6.455619592136433 7.455619592136671 1.1927734774817875e-14
5.455619592136201 7.455619592136669 89.99999999999967
12.455619592137845 6.446332534748669 90.0
11.45561959213761 6.455619592136433 7.489307540336902e-15
10.455619592137376 6.455619592136443 3.169872789834445e-14
9.455619592137138 6.455619592136442 89.99999999999974
8.455619592136905 6.455071037198326 89.99999999999993
12.455619592137845 5.445816937306772 89.99999999999996
11.45561959213761 5.455619592136198 89.99999999999999
10.455619592137376 5.455619592136209 89.99999999999999
12.455619592137845 4.4452969385878 1.2317642641562984e-15
11.455619592137609 4.455619592135964 2.11849361126659e-15
12.451587782122552 3.4448593991519227 89.98660488165382
6.515036718951768 0.515036718950359 88.24992113038694
4.455619592135959 8.455619592136905 90.0
4.455619592135969 7.455619592136672 3.3457291654399765e-14
7.455619592136671 6.455619592136435 89.99999999999994
2.65274752534661 5.882360926463911 67.61279083972333
2.65274752534661 4.800848505009591 67.61279083972333
3.5363334383545597 4.319509579479443 67.56661501370276
3.9159442238022173 5.248545574991538 67.97985964947105
4.230045586231671 6.2001999401715855 67.97985964947105
5.372241025196517 6.381788155402395 80.75527388039121
6.418007314761893 6.418007314761892 85.50947341695415
0.6693324946550926 11.172170027996895 26.187528705126194
1.5414859508462362 11.664723901234037 26.187528705126198
0.6657174314944293 9.950048748255247 25.299332969646006
1.5258293332115995 10.470430039625256 25.299332969646006
2.3988850565955007 10.963427639444431 25.299332969646006
0.686620797002022 8.73716650555219 31.174600952832368
1.5422146129295875 9.254814283628155 31.174600952832368
2.3978084288571546 9.772462061704116 31.174600952832368
3.2689987951337147 10.2643310909984 31.174600952832375
1.5349835666640388 8.081660485239814 31.174600952832364
2.390577382591605 8.599308263315775 31.174600952832368
3.2670305434025475 9.089909597262158 30.95368927488119
2.341775884842983 7.401003684915669 31.174600952832368
3.455619592135725 7.8567782778855255 90.0
3.3305358861839727 6.693323340416538 65.23747582223763
10.979841503896903 0.6280115741176128 72.35924740428004
11.296683060303826 1.5766004930259445 72.35924740428004
11.599201117953125 2.5301746138919947 72.40628321006604
9.871174202374679 0.6277445901143713 72.40628321006604
10.227642123047954 1.5637808875571872 72.40628321006604
10.544487382532019 2.512381451299853 72.40628321006604
10.846752741999268 3.4656052720610666 72.40628321006604
8.716422168196692 0.6277445901143713 72.40628321006604
9.114712574914691 1.5505190612129534 72.40628321006604
9.471180495587964 2.48655535865577 72.40628321006604
9.78802575507203 3.435155922398436 72.40628321006604
10.089584900254211 4.388603682291348 72.40628321006604
7.631470377496389 0.6231113389197337 73.21102499493858
7.958495336860495 1.568968020442881 73.21102499493858
8.35724326167072 2.4931853202688723 73.21102499493858
8.713982420613554 3.430076994523982 73.21102499493858
9.030922436694334 4.378976382602062 73.21102499493858
9.332508253217409 5.332508253216478 73.21102499493858
6.850320057487362 1.58310329036882 72.08801514996044
7.204601616354339 2.5195305339954954 72.08801514996044
7.602716667389322 3.4417898193287852 72.08801514996044
7.9590874458390255 4.377541780780808 72.08801514996044
8.275909662601894 5.326076715818299 72.08801514996044
6.113244956392776 2.5455046743632606 71.26672673845633
6.467333451746042 3.4813626252545555 71.26672673845633
6.865043375119557 4.402427297322287 71.26672673845633
7.221210982520229 5.337580161616957 71.26672673845633
5.705312563308364 1.6279067353109768 71.26672673845633
5.376676431563266 3.4656908089253786 67.97985964947105
5.730634309438888 4.401225797116636 67.97985964947105
6.127223437317346 5.319519208049909 67.97985964947105
4.646339285256685 4.387361973423474 67.97985964947105
5.021271774952818 5.314414090712857 67.97985964947105
4.970096877381262 2.551437877849987 67.97985964947105
4.25070231246024 3.4341525471147136 64.18302253259706
