150 12.778174593052022768409287983153339432
0.5 12.278174593052023 0.0
1.5 12.278174593052023 0.0
2.5 12.278174593052023 0.0
3.5 12.278174593052023 0.0
4.5 12.278174593052023 0.0
5.5 12.278174593052023 0.0
6.5 12.278174593052023 0.0
0.5 11.278174593052023 0.0
1.5 11.278174593052023 0.0
2.5 11.278174593052023 0.0
3.5 11.278174593052023 0.0
4.5 11.278174593052023 0.0
5.5 11.278174593052023 0.0
0.5 10.278174593052023 0.0
1.5 10.278174593052023 0.0
2.5 10.278174593052023 0.0
3.5 10.278174593052023 0.0
4.5 10.278174593052023 0.0
0.5 9.278174593052023 0.0
1.5 9.278174593052023 0.0
2.5 9.278174593052023 0.0
3.5 9.278174593052023 0.0
0.5 8.278174593052023 0.0
1.5 8.278174593052023 0.0
2.5 8.278174593052023 0.0
0.5 7.2781745930520225 0.0
1.5 7.2781745930520225 0.0
0.5 6.2781745930520225 0.0
12.278174593052023 0.5 0.0
11.278174593052023 0.5 0.0
10.278174593052023 0.5 0.0
9.278174593052023 0.5 0.0
8.278174593052023 0.5 0.0
7.2781745930520225 0.5 0.0
6.2781745930520225 0.5 0.0
5.2781745930520225 0.5 0.0
12.278174593052023 1.5 0.0
11.278174593052023 1.5 0.0
10.278174593052023 1.5 0.0
9.278174593052023 1.5 0.0
8.278174593052023 1.5 0.0
7.2781745930520225 1.5 0.0
6.2781745930520225 1.5 0.0
12.278174593052023 2.5 0.0
11.278174593052023 2.5 0.0
10.278174593052023 2.5 0.0
9.278174593052023 2.5 0.0
8.278174593052023 2.5 0.0
7.2781745930520225 2.5 0.0
12.278174593052023 3.5 0.0
11.278174593052023 3.5 0.0
10.278174593052023 3.5 0.0
9.278174593052023 3.5 0.0
8.278174593052023 3.5 0.0
12.278174593052023 4.5 0.0
11.278174593052023 4.5 0.0
10.278174593052023 4.5 0.0
9.278174593052023 4.5 0.0
12.278174593052023 5.5 0.0
11.278174593052023 5.5 0.0
10.278174593052023 5.5 0.0
12.278174593052023 6.5 0.0
11.278174593052023 6.5 0.0
12.278174593052023 7.5 0.0
0.5 0.5 0.0
1.5 0.5 0.0
2.5 0.5 0.0
3.5 0.5 0.0
0.5 1.5 0.0
1.5 1.5 0.0
2.5 1.5 0.0
0.5 2.5 0.0
1.5 2.5 0.0
0.5 3.5 0.0
12.278174593052023 12.278174593052023 0.0
11.278174593052023 12.278174593052023 0.0
10.278174593052023 12.278174593052023 0.0
9.278174593052023 12.278174593052023 0.0
12.278174593052023 11.278174593052023 0.0
11.278174593052023 11.278174593052023 0.0
10.278174593052023 11.278174593052023 0.0
12.278174593052023 10.278174593052023 0.0
11.278174593052023 10.278174593052023 0.0
12.278174593052023 9.278174593052023 0.0
7.906854249492381 11.942388155425117 45.0
7.199747468305833 11.23528137423857 45.0
6.492640687119285 10.528174593052023 45.0
5.785533905932738 9.821067811865476 45.0
5.07842712474619 9.113961030678928 45.0
4.371320343559643 8.40685424949238 45.0
3.664213562373095 7.699747468305833 45.0
2.9571067811865475 6.992640687119285 45.0
2.25 6.285533905932738 45.0
1.5428932188134525 5.57842712474619 45.0
0.835786437626905 4.871320343559643 45.0
8.613961030678928 11.23528137423857 45.0
7.906854249492381 10.528174593052023 45.0
7.199747468305833 9.821067811865476 45.0
6.492640687119285 9.113961030678928 45.0
5.785533905932738 8.40685424949238 45.0
5.07842712474619 7.699747468305833 45.0
4.371320343559643 6.992640687119285 45.0
3.664213562373095 6.285533905932738 45.0
2.9571067811865475 5.57842712474619 45.0
2.25 4.871320343559643 45.0
1.5428932188134525 4.164213562373095 45.0
9.321067811865476 10.528174593052023 45.0
8.613961030678928 9.821067811865476 45.0
7.906854249492381 9.113961030678928 45.0
7.199747468305833 8.40685424949238 45.0
6.492640687119285 7.699747468305833 45.0
5.785533905932738 6.992640687119285 45.0
5.07842712474619 6.285533905932738 45.0
4.371320343559643 5.57842712474619 45.0
3.664213562373095 4.871320343559643 45.0
2.9571067811865475 4.164213562373095 45.0
2.25 3.4571067811865475 45.0
10.028174593052023 9.821067811865476 45.0
9.321067811865476 9.113961030678928 45.0
8.613961030678928 8.40685424949238 45.0
7.906854249492381 7.699747468305833 45.0
7.199747468305833 6.992640687119285 45.0
6.492640687119285 6.285533905932738 45.0
5.785533905932738 5.57842712474619 45.0
5.07842712474619 4.871320343559643 45.0
4.371320343559643 4.164213562373095 45.0
3.664213562373095 3.4571067811865475 45.0
2.9571067811865475 2.75 45.0
10.73528137423857 9.113961030678928 45.0
10.028174593052023 8.40685424949238 45.0
9.321067811865476 7.699747468305833 45.0
8.613961030678928 6.992640687119285 45.0
7.906854249492381 6.285533905932738 45.0
7.199747468305833 5.57842712474619 45.0
6.492640687119285 4.871320343559643 45.0
5.785533905932738 4.164213562373095 45.0
5.07842712474619 3.4571067811865475 45.0
4.371320343559643 2.75 45.0
3.664213562373095 2.0428932188134525 45.0
11.442388155425117 8.40685424949238 45.0
10.73528137423857 7.699747468305833 45.0
10.028174593052023 6.992640687119285 45.0
9.321067811865476 6.285533905932738 45.0
8.613961030678928 5.57842712474619 45.0
7.906854249492381 4.871320343559643 45.0
7.199747468305833 4.164213562373095 45.0
6.492640687119285 3.4571067811865475 45.0
5.785533905932738 2.75 45.0
5.07842712474619 2.0428932188134525 45.0
4.371320343559643 1.3357864376269049 45.0
