171 13.571428571428571428571428571428571428571
8.5 7.071428571428571 0.0
9.5 7.071428571428571 0.0
8.5 6.071428571428571 0.0
8.5 0.5 0.0
9.5 0.5 0.0
10.5 0.5 0.0
8.5 1.5 0.0
9.5 1.5 0.0
8.5 2.5 0.0
8.5 3.5 0.0
10.265714285714285 6.145714285714286 36.86989764584402
9.585714285714285 5.385714285714286 36.86989764584402
8.785714285714286 4.785714285714286 36.86989764584402
11.025714285714285 5.465714285714285 36.86989764584402
10.345714285714285 4.7057142857142855 36.86989764584402
9.545714285714286 4.105714285714286 36.86989764584402
11.865714285714287 4.845714285714286 36.86989764584402
11.185714285714285 4.085714285714285 36.86989764584402
10.385714285714286 3.4857142857142858 36.86989764584402
9.705714285714286 2.7257142857142855 36.86989764584402
13.071428571428571 0.5 0.0
12.071428571428571 0.5 0.0
13.071428571428571 1.5 0.0
13.071428571428571 7.071428571428571 0.0
12.071428571428571 7.071428571428571 0.0
11.071428571428571 7.071428571428571 0.0
13.071428571428571 6.071428571428571 0.0
12.071428571428571 6.071428571428571 0.0
13.071428571428571 5.071428571428571 0.0
13.071428571428571 4.071428571428571 0.0
11.305714285714286 1.4257142857142857 36.86989764584402
11.985714285714286 2.1857142857142855 36.86989764584402
12.785714285714286 2.7857142857142856 36.86989764584402
10.545714285714286 2.105714285714286 36.86989764584402
11.225714285714286 2.8657142857142857 36.86989764584402
12.025714285714285 3.4657142857142857 36.86989764584402
7.071428571428571 8.5 0.0
7.071428571428571 9.5 0.0
6.071428571428571 8.5 0.0
0.5 8.5 0.0
0.5 9.5 0.0
0.5 10.5 0.0
1.5 8.5 0.0
1.5 9.5 0.0
2.5 8.5 0.0
3.5 8.5 0.0
6.145714285714286 10.265714285714285 53.13010235415598
5.385714285714286 9.585714285714285 53.13010235415598
4.785714285714286 8.785714285714286 53.13010235415598
5.465714285714285 11.025714285714285 53.13010235415598
4.7057142857142855 10.345714285714285 53.13010235415598
4.105714285714286 9.545714285714286 53.13010235415598
4.845714285714286 11.865714285714287 53.13010235415598
4.085714285714285 11.185714285714285 53.13010235415598
3.4857142857142858 10.385714285714286 53.13010235415598
2.7257142857142855 9.705714285714286 53.13010235415598
0.5 13.071428571428571 0.0
0.5 12.071428571428571 0.0
1.5 13.071428571428571 0.0
7.071428571428571 13.071428571428571 0.0
7.071428571428571 12.071428571428571 0.0
7.071428571428571 11.071428571428571 0.0
6.071428571428571 13.071428571428571 0.0
6.071428571428571 12.071428571428571 0.0
5.071428571428571 13.071428571428571 0.0
4.071428571428571 13.071428571428571 0.0
1.4257142857142857 11.305714285714286 53.13010235415598
2.1857142857142855 11.985714285714286 53.13010235415598
2.7857142857142856 12.785714285714286 53.13010235415598
2.105714285714286 10.545714285714286 53.13010235415598
2.8657142857142857 11.225714285714286 53.13010235415598
3.4657142857142857 12.025714285714285 53.13010235415598
8.071428571428571 13.071428571428571 0.0
9.071428571428571 13.071428571428571 0.0
10.071428571428571 13.071428571428571 0.0
11.071428571428571 13.071428571428571 0.0
12.071428571428571 13.071428571428571 0.0
13.071428571428571 13.071428571428571 0.0
8.071428571428571 12.071428571428571 0.0
9.071428571428571 12.071428571428571 0.0
10.071428571428571 12.071428571428571 0.0
11.071428571428571 12.071428571428571 0.0
12.071428571428571 12.071428571428571 0.0
13.071428571428571 12.071428571428571 0.0
8.071428571428571 11.071428571428571 0.0
9.071428571428571 11.071428571428571 0.0
10.071428571428571 11.071428571428571 0.0
11.071428571428571 11.071428571428571 0.0
12.071428571428571 11.071428571428571 0.0
13.071428571428571 11.071428571428571 0.0
8.071428571428571 10.071428571428571 0.0
9.071428571428571 10.071428571428571 0.0
10.071428571428571 10.071428571428571 0.0
11.071428571428571 10.071428571428571 0.0
12.071428571428571 10.071428571428571 0.0
13.071428571428571 10.071428571428571 0.0
8.071428571428571 9.071428571428571 0.0
9.071428571428571 9.071428571428571 0.0
10.071428571428571 9.071428571428571 0.0
11.071428571428571 9.071428571428571 0.0
12.071428571428571 9.071428571428571 0.0
13.071428571428571 9.071428571428571 0.0
8.071428571428571 8.071428571428571 0.0
9.071428571428571 8.071428571428571 0.0
10.071428571428571 8.071428571428571 0.0
11.071428571428571 8.071428571428571 0.0
12.071428571428571 8.071428571428571 0.0
13.071428571428571 8.071428571428571 0.0
0.5 0.5 0.0
1.5 0.5 0.0
2.5 0.5 0.0
3.5 0.5 0.0
4.5 0.5 0.0
5.5 0.5 0.0
6.5 0.5 0.0
7.5 0.5 0.0
0.5 1.5 0.0
1.5 1.5 0.0
2.5 1.5 0.0
3.5 1.5 0.0
4.5 1.5 0.0
5.5 1.5 0.0
6.5 1.5 0.0
7.5 1.5 0.0
0.5 2.5 0.0
1.5 2.5 0.0
2.5 2.5 0.0
3.5 2.5 0.0
4.5 2.5 0.0
5.5 2.5 0.0
6.5 2.5 0.0
7.5 2.5 0.0
0.5 3.5 0.0
1.5 3.5 0.0
2.5 3.5 0.0
3.5 3.5 0.0
4.5 3.5 0.0
5.5 3.5 0.0
6.5 3.5 0.0
7.5 3.5 0.0
0.5 4.5 0.0
1.5 4.5 0.0
2.5 4.5 0.0
3.5 4.5 0.0
4.5 4.5 0.0
5.5 4.5 0.0
6.5 4.5 0.0
7.5 4.5 0.0
0.5 5.5 0.0
1.5 5.5 0.0
2.5 5.5 0.0
3.5 5.5 0.0
4.5 5.5 0.0
5.5 5.5 0.0
6.5 5.5 0.0
7.5 5.5 0.0
0.5 6.5 0.0
1.5 6.5 0.0
2.5 6.5 0.0
3.5 6.5 0.0
4.5 6.5 0.0
5.5 6.5 0.0
6.5 6.5 0.0
7.5 6.5 0.0
0.5 7.5 0.0
1.5 7.5 0.0
2.5 7.5 0.0
3.5 7.5 0.0
4.5 7.5 0.0
5.5 7.5 0.0
6.5 7.5 0.0
