179 13.89534106997649073158514397365170131237088274862618912443978028604330848041421293391059106377633671
0.5 13.39534106997649 0.0
1.5 13.39534106997649 0.0
2.5 13.39534106997649 0.0
3.5 13.39534106997649 0.0
4.5 13.39534106997649 0.0
5.5 13.39534106997649 0.0
6.5 13.39534106997649 0.0
7.5 13.39534106997649 0.0
8.5 13.39534106997649 0.0
9.5 13.39534106997649 0.0
10.5 13.39534106997649 0.0
0.5 12.39534106997649 0.0
1.5 12.39534106997649 0.0
2.5 12.39534106997649 0.0
3.5 12.39534106997649 0.0
4.5 12.39534106997649 0.0
5.5 12.39534106997649 0.0
6.5 12.39534106997649 0.0
7.5 12.39534106997649 0.0
8.5 12.39534106997649 0.0
9.5 12.39534106997649 0.0
0.5 11.39534106997649 0.0
1.5 11.39534106997649 0.0
2.5 11.39534106997649 0.0
3.5 11.39534106997649 0.0
4.5 11.39534106997649 0.0
5.5 11.39534106997649 0.0
6.5 11.39534106997649 0.0
7.5 11.39534106997649 0.0
8.5 11.39534106997649 0.0
0.5 10.39534106997649 0.0
1.5 10.39534106997649 0.0
2.5 10.39534106997649 0.0
3.5 10.39534106997649 0.0
4.5 10.39534106997649 0.0
5.5 10.39534106997649 0.0
6.5 10.39534106997649 0.0
7.5 10.39534106997649 0.0
0.5 9.39534106997649 0.0
1.5 9.39534106997649 0.0
2.5 9.39534106997649 0.0
3.5 9.39534106997649 0.0
4.5 9.39534106997649 0.0
5.5 9.39534106997649 0.0
6.5 9.39534106997649 0.0
0.5 8.39534106997649 0.0
1.5 8.39534106997649 0.0
2.5 8.39534106997649 0.0
3.5 8.39534106997649 0.0
4.5 8.39534106997649 0.0
5.5 8.39534106997649 0.0
0.5 7.3953410699764905 0.0
1.5 7.3953410699764905 0.0
2.5 7.3953410699764905 0.0
3.5 7.3953410699764905 0.0
4.5 7.3953410699764905 0.0
0.5 6.3953410699764905 0.0
1.5 6.3953410699764905 0.0
2.5 6.3953410699764905 0.0
3.5 6.3953410699764905 0.0
0.5 5.3953410699764905 0.0
1.5 5.3953410699764905 0.0
2.5 5.3953410699764905 0.0
0.5 4.3953410699764905 0.0
1.5 4.3953410699764905 0.0
0.5 3.3953410699764905 0.0
13.39534106997649 0.5 0.0
12.39534106997649 0.5 0.0
11.39534106997649 0.5 0.0
10.39534106997649 0.5 0.0
9.39534106997649 0.5 0.0
8.39534106997649 0.5 0.0
7.3953410699764905 0.5 0.0
6.3953410699764905 0.5 0.0
5.3953410699764905 0.5 0.0
4.3953410699764905 0.5 0.0
3.3953410699764905 0.5 0.0
2.3953410699764905 0.5 0.0
13.39534106997649 1.5 0.0
12.39534106997649 1.5 0.0
11.39534106997649 1.5 0.0
10.39534106997649 1.5 0.0
9.39534106997649 1.5 0.0
8.39534106997649 1.5 0.0
7.3953410699764905 1.5 0.0
6.3953410699764905 1.5 0.0
5.3953410699764905 1.5 0.0
4.3953410699764905 1.5 0.0
3.3953410699764905 1.5 0.0
13.39534106997649 2.5 0.0
12.39534106997649 2.5 0.0
11.39534106997649 2.5 0.0
10.39534106997649 2.5 0.0
9.39534106997649 2.5 0.0
8.39534106997649 2.5 0.0
7.3953410699764905 2.5 0.0
6.3953410699764905 2.5 0.0
5.3953410699764905 2.5 0.0
4.3953410699764905 2.5 0.0
13.39534106997649 3.5 0.0
12.39534106997649 3.5 0.0
11.39534106997649 3.5 0.0
10.39534106997649 3.5 0.0
9.39534106997649 3.5 0.0
8.39534106997649 3.5 0.0
7.3953410699764905 3.5 0.0
6.3953410699764905 3.5 0.0
5.3953410699764905 3.5 0.0
13.39534106997649 4.5 0.0
12.39534106997649 4.5 0.0
11.39534106997649 4.5 0.0
10.39534106997649 4.5 0.0
9.39534106997649 4.5 0.0
8.39534106997649 4.5 0.0
7.3953410699764905 4.5 0.0
6.3953410699764905 4.5 0.0
13.39534106997649 5.5 0.0
12.39534106997649 5.5 0.0
11.39534106997649 5.5 0.0
10.39534106997649 5.5 0.0
9.39534106997649 5.5 0.0
8.39534106997649 5.5 0.0
7.3953410699764905 5.5 0.0
13.39534106997649 6.5 0.0
12.39534106997649 6.5 0.0
11.39534106997649 6.5 0.0
10.39534106997649 6.5 0.0
9.39534106997649 6.5 0.0
8.39534106997649 6.5 0.0
13.39534106997649 7.5 0.0
12.39534106997649 7.5 0.0
11.39534106997649 7.5 0.0
10.39534106997649 7.5 0.0
9.39534106997649 7.5 0.0
13.39534106997649 8.5 0.0
12.39534106997649 8.5 0.0
11.39534106997649 8.5 0.0
10.39534106997649 8.5 0.0
13.39534106997649 9.5 0.0
12.39534106997649 9.5 0.0
11.39534106997649 9.5 0.0
13.39534106997649 10.5 0.0
12.39534106997649 10.5 0.0
13.39534106997649 11.5 0.0
13.39534106997649 13.39534106997649 0.0
12.39534106997649 13.39534106997649 0.0
0.5 0.5 0.0
0.7065415566256944 1.9440112728730423 42.70894995797719
1.4401743455264535 1.2603018281689742 42.70894995797719
1.4413502100414852 2.62228573270864 42.70894995797719
2.1749829989422444 1.938576288004572 42.70894995797719
2.1378131638444295 3.3421020072008476 42.70894995797719
2.871445952745189 2.6583925624967795 42.70894995797719
4.30728424456885 5.495037383725918 45.29075581448174
3.578668050905177 4.7850764010727636 47.29105004202281
2.8473500463365085 4.075462192043117 45.085870227539885
5.041152619429368 4.812942358337148 45.12892905472127
4.310297941331444 4.10335822827114 47.29105004202281
3.581234542855119 3.3933494336255716 45.247691721090476
5.713449033213664 6.950387306864684 42.70894995797719
6.447083383347036 6.2666793032762085 42.70894995797719
5.016986079410719 6.2305710323724774 42.70894995797719
5.750620429544092 5.546863028784001 42.70894995797719
12.188799513350796 11.951329797103448 42.70894995797719
11.455166724450038 12.635039241807517 42.70894995797719
11.453990859935006 11.27305533726785 42.70894995797719
10.720358071034246 11.956764781971918 42.70894995797719
10.757527906132061 10.553239062775644 42.70894995797719
10.023895117231302 11.236948507479712 42.70894995797719
8.58805682540764 8.400303686250572 45.29075581448174
9.316673019071313 9.110264668903728 47.29105004202281
10.047991023639982 9.819878877933373 45.085870227539885
7.854188450547123 9.082398711639343 45.12892905472127
8.585043128645047 9.791982841705352 47.29105004202281
9.314106527121371 10.501991636350919 45.247691721090476
7.181892036762827 6.944953763111807 42.70894995797719
6.4482576866294545 7.628661766700282 42.70894995797719
7.8783549905657715 7.664770037604014 42.70894995797719
7.144720640432399 8.34847804119249 42.70894995797719
