18 4.82287565553229529525080787682
0.5 0.5 0.0
0.5 1.5 0.0
0.5 2.5 0.0
1.5 0.5 0.0
0.5 4.322875655532295 0.0
3.4700161985907583 1.3892972847076845 24.295188945364572
3.058578370824611 2.300735112473832 24.295188945364572
2.566421629175389 3.175735112473832 24.295188945364572
2.1549838014092417 4.08717294023998 24.295188945364572
4.322875655532295 4.322875655532295 0.0
4.322875655532295 3.3228756555322954 0.0
4.322875655532295 2.3228756555322954 0.0
3.3228756555322954 4.322875655532295 0.0
4.322875655532295 0.5 0.0
1.3528594569415369 3.433578370824611 24.295188945364572
1.7642972847076845 2.522140543058463 24.295188945364572
2.256454026356906 1.6471405430584631 24.295188945364572
2.6678918541230536 0.7357027152923155 24.295188945364572
