180 13.927888140501693
0.5 13.071149852310835 90.0
1.5000000000002345 13.427888140501691 1.982440684096074e-17
13.357472633170135 0.5 3.1803484229583254e-15
13.427888140501693 1.5000000000002345 9.49570479629262e-15
0.5 8.500000000001874 8.32977248125228e-18
0.5 7.50000000000164 90.0
1.5000000000002345 7.50000000000164 90.0
0.5 6.500000000001405 0.0
1.5000000000002345 6.500000000001405 1.3542545297309821e-14
2.500000000000469 6.500000000001405 90.0
0.5183306068003937 5.5000000000011715 2.534961484287938e-15
1.5183306068006264 5.5000000000011715 1.3546784165518877e-14
2.518330606800861 5.5000000000011715 90.0
3.722231106068115 5.72425069862704 50.45833545824514
0.5405163332310963 4.500000000000938 2.534962621789213e-15
1.5409541099798858 4.500000000000938 1.5423670969522246e-14
2.5409541099801185 4.500000000000938 90.0
3.540954109980353 4.500000000000938 90.0
0.5 3.500000000000703 2.5353626791409417e-15
1.5000000000002363 3.500000000000703 1.5404507080425362e-14
2.500000000000469 3.500000000000703 90.0
3.5000000000007034 3.500000000000703 3.781032334772975e-15
4.500000000000938 3.5000000000007034 3.905889374070251e-15
0.5 2.500000000000469 2.5353636744140597e-15
1.5000000000002345 2.500000000000469 3.9837068411485215e-15
2.500000000000469 2.500000000000469 4.145955245438841e-15
3.5000000000007034 2.500000000000469 4.0791458786125475e-15
4.500000000000936 2.500000000000469 2.567125604237765e-15
5.500000000001174 2.5000000000004707 89.99999999999973
0.5 1.5000000000002354 2.5353636744140597e-15
1.5000000000002345 1.5000000000002354 3.2051360697153346e-15
2.500000000000469 1.5000000000002354 2.4178027670809823e-18
3.5000000000007034 1.5000000000002345 1.2180049497686109e-15
4.500000000000936 1.5000000000002354 1.3126647880289841e-15
5.500000000001172 1.5000000000002354 90.0
6.500000000001406 1.5000000000002354 90.0
0.5 0.5 4.125541627539754e-15
1.5000000000002345 0.5 1.6442083016244874e-16
2.500000000000469 0.5 2.4169378273475855e-18
3.5000000000007034 0.5 4.432907864663311e-15
4.500000000000936 0.5 1.2550781602787176e-15
5.500000000001172 0.5 1.259881784518131e-15
6.500000000001406 0.5 90.0
7.500000000001641 0.5 90.0
8.500000000001876 0.5 90.0
3.4278881404993484 13.427888140501691 90.0
4.427888140499579 13.427888140501691 90.0
5.427888140499814 13.427888140501691 89.99999999999999
6.42788814050005 13.427888140501693 89.99999999999999
7.4278881405002855 13.427888140501691 89.99999999999989
8.42788814050052 13.426906240450014 5.545968865568318e-14
9.427888140500755 13.427888140501683 5.727049273702423e-14
10.427888140500992 13.42788814050169 1.727856447845908e-13
11.427888140501224 13.427888140501691 4.470833069784072e-16
12.427888140501459 13.427888140501691 3.1060104311167156e-17
13.427888140501693 13.427888140501691 3.090480378961132e-16
4.427888140499583 12.427888140501455 7.411030671758508e-14
5.427888140499817 12.427888140501455 7.509169378492543e-14
6.4278881405000545 12.427888140501459 5.354616400338221e-15
7.427888140500288 12.427888140501455 7.532680724835038e-14
8.427888140500523 12.426906240449782 1.1079603287910254e-14
9.427888140500755 12.427888140501452 2.77283630982391e-13
10.42788814050099 12.427888140501459 1.0717334494732977e-14
11.427888140501224 12.427888140501459 7.358061079270148e-15
12.427888140501459 12.427888140501459 90.0
13.427888140501693 12.427888140501459 90.0
5.427888140499817 11.427888140501224 7.948538862216565e-14
6.427888140500054 11.42788814050122 5.633839515746547e-15
7.427888140500288 11.42788814050122 3.180351456171637e-15
8.42788814050052 11.426906240449547 3.1803150576118972e-15
9.427888140500755 11.427888140501224 90.0
10.42788814050099 11.427888140501224 90.0
11.427888140501224 11.427888140501224 90.0
12.427888140501459 11.427888140501224 90.0
13.427888140501693 11.427888140501224 90.0
6.427888140500051 10.42788814050099 90.0
7.427888140500288 10.427888140500988 90.0
8.427888140500517 10.426906240449313 2.5327573809237366e-15
9.427888140500755 10.42788814050099 1.0629297568966191e-13
10.42788814050099 10.42788814050099 89.99999999999999
11.427888140501224 10.42788814050099 5.741347625410075e-15
12.427888140501459 10.42788814050099 5.252964472492546e-15
13.427888140501693 10.42788814050099 9.643191019414694e-15
6.427888140500051 9.427888140500754 90.0
7.427888140500286 9.427888140500754 90.0
8.427888140500519 9.426906240449078 89.99999999999999
9.427888140500752 9.427888140500755 1.0689929422865165e-13
10.42788814050099 9.427888140500754 89.9999999999999
11.427888140501224 9.427888140500755 90.0
12.427888140501459 9.427888140500755 90.0
13.427888140501693 9.427888140500754 90.0
6.427888140500053 8.42788814050052 89.99999999999999
7.427888140500288 8.42788814050052 6.927255898853623e-15
8.42788814050052 8.426906240448844 4.5096953085387574e-15
9.427888140500755 8.427888140500524 3.3579791570193742e-15
10.42788814050099 8.42788814050052 1.0497453946057228e-13
11.427888140501224 8.427888140500517 90.0
12.427888140501459 8.42788814050052 90.0
13.427888140501693 8.42788814050052 90.0
6.427888140500054 7.427888140500286 90.0
7.427888140500288 7.427888140500286 90.0
8.42788814050052 7.42690624044861 8.370044716538721e-15
9.427888140500755 7.427888140500286 90.0
10.42788814050099 7.427888140500285 90.0
11.427888140501224 7.427888140500286 90.0
12.427888140501459 7.427888140500286 90.0
13.427888140501693 7.427888140500286 90.0
8.42788814050052 6.4269062404483766 89.99999999999999
9.427888140500755 6.427888140500052 90.0
10.42788814050099 6.42788814050005 90.0
11.427888140501224 6.427888140500052 90.0
12.427888140501459 6.427888140500053 1.5770233368814385e-15
13.427888140501693 6.427888140500052 5.722600993790395e-16
11.427888140501224 5.427888140499817 4.551966298305453e-15
12.427888140501459 5.427888140499817 1.3369677961588821e-15
13.427888140501693 5.427888140499817 2.8939273980636996e-15
12.427888140501459 4.427888140499584 3.473373676957521e-15
13.427888140501693 4.427888140499584 1.6018270587191459e-15
13.427888140501693 3.4278881404993493 2.716998501595275e-15
4.585321757252636 5.198965027874207 50.45833545824514
5.221960921918427 5.970126861741871 50.45833545824514
5.269602821188995 4.425799450527505 50.45833545824514
5.890881269229148 5.209642453731755 50.45833545824514
0.6666028862566584 11.828217271061025 25.513281207010653
1.5842644910302415 12.22713911365591 25.513281207010657
2.517384690245059 12.633681768180118 27.52378904503055
0.6466508509324527 10.709027915369607 21.13516030475777
1.5645253954480385 11.108032074737864 21.13516030475777
2.4875511933697787 11.493710802042223 21.13516030475777
3.4000010538318346 11.9067477128836 21.13516030475777
0.5 9.500000000002109 90.0
1.5424823212683165 9.981479676163453 20.949549201534133
2.4604862713457294 10.380533860239197 20.949549201534133
3.383598306609576 10.766245924579092 20.949549201534133
4.296223032240004 11.179350433588386 20.949549201534133
1.651499087026714 8.651499087028354 22.12555119426414
2.4788248829245454 9.271718529131917 22.12555119426414
3.3961789231660973 9.670508474511507 22.12555119426414
4.318912668489617 10.05606673468491 22.12555119426414
5.427888140499816 10.385794267975394 90.0
2.563071525270823 7.942630854891834 22.125551194264144
3.390397321168656 8.562850296995398 22.125551194264144
4.307751361410208 8.961640242374989 22.125551194264144
5.427888140499816 9.26391591733601 9.305652663521359e-15
3.4471039956059 7.224415012940374 24.79193573614794
4.264307731983321 7.839959135646443 24.79193573614794
5.427888140499817 8.174027361009358 89.99999999999999
4.358870270733908 6.495412532494704 50.45833545824514
5.427888140499817 7.174027361009125 90.0
11.796101263570149 0.6751937197241524 62.27931119960089
12.252694420777306 1.5649219827138303 62.27931119960089
12.648452616395069 2.512111711558494 59.63104296000557
10.660576385099013 0.660576385096669 65.90134772494059
11.097224010109901 1.5607444821125185 65.90134772494059
11.48358748139327 2.483404348638193 65.90134772494059
11.936085563164589 3.376482641140019 65.90134772494059
9.50000000000211 0.5 90.0
9.938239826052138 1.559264619158995 69.00318935649226
10.376173428532763 2.46230773624608 69.00318935649226
10.762604041527132 3.385117709419255 69.00318935649226
11.216772299408511 4.281929963014431 69.00318935649226
8.711115841094578 1.6459581774853875 69.00318935649226
9.234405635379694 2.5162415737041055 69.00318935649226
9.672339237860317 3.4192846907911902 69.00318935649226
10.058769850854688 4.342094663964366 69.00318935649226
10.42788814050099 5.427888140499816 90.0
7.989966237324263 2.5491297835028623 66.60466102135149
8.51066747318352 3.413430038794077 66.60466102135149
8.947531804825783 4.314001665165833 66.60466102135149
9.294256203767144 5.294256203766207 71.35110471175571
7.5000000000016405 1.5000000000002354 90.0
7.300487091637682 3.4705239150715084 65.45269189300127
7.8201472306076285 4.3325446813199715 65.45269189300127
8.238842632671755 5.294256203766206 71.35110471175571
6.614141326622912 4.371990119972782 62.162435828854996
7.136241520222206 5.271694482877537 66.87514486641612
6.662531497978758 2.6625314979778176 65.45269189300127
5.981972096058434 3.574955097976978 62.162435828854996
6.4278881405000465 6.427888140500044 89.99999999999918
7.427888140500295 6.427888140500059 89.99999999999919
