182 13.974090713124822
13.443102470687265 0.5 0.0
13.474090713124822 1.500000000000215 0.0
0.500000000000014 7.5000000000015 0.0
0.500000000000014 6.500000000001285 0.0
0.5008459572935704 5.500000000001071 0.0
0.500000000000014 4.500000000000856 0.0
0.500000000000014 3.5000000000006426 0.0
1.500000000000228 3.5000000000006426 0.0
2.5000000000004423 3.5000000000006426 90.0
0.500000000000014 2.500000000000429 0.0
1.500000000000228 2.500000000000429 0.0
2.5000000000004423 2.500000000000429 90.0
3.5000000000006573 2.500000000000429 0.0
0.500000000000014 1.500000000000215 0.0
1.500000000000228 1.500000000000215 0.0
2.5000000000004423 1.500000000000215 0.0
3.5000000000006573 1.500000000000215 0.0
4.500000000000871 1.500000000000215 0.0
0.500000000000014 0.5 0.0
1.500000000000228 0.5 0.0
2.5000000000004423 0.5 0.0
3.5000000000006573 0.5 0.0
4.500000000000871 0.5 0.0
5.500000000001085 0.5007158524988302 0.0
6.500000000001299 0.5 0.0
2.4740907131224654 13.474090713124808 0.0
3.4740907131226795 13.474090713124808 0.0
4.4740907131228935 13.474090713124808 0.0
5.4740907131231085 13.474090713124808 0.0
6.4740907131233225 13.474090713124808 0.0
7.474090713123537 13.474090713124808 0.0
8.47409071312375 13.474090713124808 90.0
9.474090713123966 13.474090713124808 90.0
10.474090713124179 13.474090713124808 0.0
11.474090713124392 13.474090713124808 0.0
12.474090713124607 13.474090713124808 0.0
13.474090713124822 13.474090713124808 0.0
3.4740907131226795 12.474090713124593 0.0
4.4740907131228935 12.474090713124593 0.0
5.4740907131231085 12.474090713124593 0.0
6.4740907131233225 12.474090713124593 3.931751233415879e-15
7.474090713123537 12.474090713124593 90.0
8.47409071312375 12.474090713124593 0.0
9.474090713123966 12.474090713124593 0.0
10.474090713124179 12.474090713124593 0.0
11.474090713124392 12.474090713124593 0.0
12.474090713124607 12.474090713124593 0.0
13.474090713124822 12.474090713124593 0.0
4.4740907131228935 11.47409071312438 0.0
5.4740907131231085 11.47409071312438 0.0
6.4740907131233225 11.47409071312438 0.0
7.474090713123537 11.47409071312438 90.0
8.47409071312375 11.47409071312438 0.0
9.474090713123966 11.47409071312438 0.0
10.474090713124179 11.47409071312438 0.0
11.474090713124392 11.47409071312438 0.0
12.474090713124607 11.47409071312438 0.0
13.474090713124822 11.47409071312438 0.0
4.465005462628313 10.474090713124166 0.0
5.465865397803531 10.474090713124166 0.0
6.466358885922551 10.474090713124166 3.687831678908668e-17
7.467869111123759 10.474090713124166 0.0
8.468724352824912 10.474090713124166 0.0
9.469545256364675 10.474090713124166 0.0
10.470273300854116 10.474090713124166 0.0
11.471227642492202 10.474090713124166 89.99999999999999
12.471840195172826 10.474090713124166 0.0
13.473313478322764 10.474090713124166 0.0
4.4740907131228935 9.474090713123951 0.0
5.4740907131231085 9.474090713123951 2.440159444949324e-15
6.4740907131233225 9.474090713123951 0.0
7.474090713123537 9.474090713123951 0.0
8.47409071312375 9.468924939146078 0.0
9.474090713123966 9.474090713123951 0.0
10.474090713124179 9.474090713123951 0.0
11.474090713124392 9.474090713123951 0.0
12.474090713124607 9.474090713123951 90.0
13.474090713124822 9.474090713123951 0.0
4.474090713122895 8.474090713123736 0.0
5.4740907131231085 8.474090713123736 0.0
6.4740907131233225 8.474090713123736 0.0
7.474090713123537 8.474090713123736 0.0
8.47409071312375 8.468318282490737 0.0
9.474090713123966 8.474090713123736 0.0
10.474090713124179 8.474090713123736 0.0
11.474090713124392 8.474090713123736 0.0
12.474090713124607 8.474090713123736 0.0
13.474090713124822 8.474090713123736 0.0
4.4704007536106545 7.474090713123522 0.0
5.471082785223836 7.474090713123522 0.0
6.471589769262407 7.474090713123528 6.329129699829624e-15
7.472150422707609 7.474090713123522 0.0
8.47409071312375 7.467112056525045 0.0
9.474090713123966 7.474090713123522 0.0
10.474090713124179 7.474090713123522 0.0
11.474090713124392 7.474090713123522 0.0
12.474090713124607 7.474090713123522 0.0
13.474090713124822 7.474090713123522 0.0
7.474090713123537 6.474090713123308 0.0
8.47409071312375 6.466580738552768 0.0
9.474090713123966 6.474090713123308 0.0
10.474090713124179 6.474090713123308 0.0
11.474090713124392 6.474090713123308 0.0
12.474090713124607 6.474090713123308 0.0
13.474090713124822 6.474090713123308 0.0
11.474090713124392 5.474090713123094 0.0
12.474090713124607 5.474090713123094 0.0
13.474090713124822 5.474090713123094 0.0
12.474090713124607 4.474090713122879 0.0
13.474090713124822 4.474090713122879 0.0
13.474090713124822 3.4740907131226653 0.0
2.5029361876862906 5.500000000001071 0.0
2.5000000000004423 4.500000000000856 90.0
3.5000000000006564 4.474090713122879 3.035541002707793e-15
3.587385527421901 5.474090713123094 3.1417166924319046e-15
1.500000000000228 6.500000000001285 90.0
1.5016724097573906 5.500000000001071 5.332243407619621e-15
1.500000000000228 4.500000000000856 90.0
4.360863085605365 6.474090713123308 0.0
5.360863085605579 6.474090713123308 90.0
6.360863085605794 6.474090713123311 4.134721085902572e-13
10.433303631909245 5.43330363190816 85.1118269959791
0.5000000000000069 13.474090713124815 89.9999999999992
0.6773389680918267 12.218481252258337 28.315850582066847
1.5519222337580627 12.703508800019641 28.315850582066847
0.6616888892805626 11.02018423390078 24.3528046597028
1.5383038358976913 11.50855829111339 24.3528046597028
2.415738191044146 11.995122009955331 24.3528046597028
0.6797476009014518 9.823208828446633 29.00968532888073
1.5462281289089368 10.322696094089496 29.00968532888073
2.4198053702212396 10.809385652420573 29.009685328880742
3.2943431122212417 11.294343112222942 29.009685328880725
0.6797476009014518 8.679747600903152 29.00968532888073
1.5542853429014538 9.164705060705518 29.00968532888073
2.420765870908939 9.664192326348381 29.00968532888073
3.2943431122212417 10.150881884679459 29.00968532888074
1.5590338539635524 8.003999847077111 26.98137950112317
2.434119869146752 8.489261340836428 26.98137950112317
3.3016632493744105 8.98933798997652 26.98137950112317
2.401193915635715 7.301142309904083 32.25739439420756
3.2833637592309852 7.791821117872313 31.248105248798982
3.3608630856051507 6.500000000001285 90.0
11.938595161345125 0.6495468468169072 68.27803364143551
12.287140009933333 1.5871261788521798 68.27803364143551
10.862158175960397 0.6495468468169072 68.27803364143551
11.210703024548605 1.5871261788521798 68.27803364143551
11.554861124917169 2.526453158474504 68.27803364143551
9.772517258595537 0.6317409854703033 71.69422529782305
10.121185909954566 1.5696945359799006 71.69422529782305
10.465042187675083 2.5092401649986114 71.69422529782305
10.796980331171232 3.4527286726864825 71.69422529782305
11.239263377117899 4.359711754782379 71.69422529782305
8.69663346472412 0.6327233339272604 71.51648828036554
9.03182454950225 1.5750680405457143 71.51648828036554
9.380458904883348 2.5129189930709996 71.51648828036554
9.724285871684197 3.452376937134875 71.51648828036554
10.056207050058827 4.395814692886907 71.51648828036554
7.632723333928774 0.6327233339272604 71.51648828036554
7.958317600951925 1.5782760202361876 71.51648828036554
8.293508685730055 2.5206207268546414 71.51648828036554
8.642143041111153 3.458471679379927 71.51648828036554
8.985970007912002 4.397929623443802 71.51648828036554
9.31789118628663 5.341367379195834 71.51648828036554
6.881753625206155 1.5744753130396925 70.11426153847344
7.220952091557114 2.515190686903936 70.11426153847344
7.556085661996585 3.4573763882665247 70.11426153847344
7.90454451892455 4.394742154365341 70.11426153847344
8.248238179049894 5.333831556209445 70.11426153847344
6.162158032907789 2.5534595998755325 71.23514216392621
6.501414896511034 3.4943364199157414 71.23514216392621
6.836578096431452 4.436604035515876 71.23514216392621
7.185160887541624 5.3743124324579155 71.23514216392621
5.759079204097183 1.6342658766193905 71.23514216392621
5.412898634777074 3.447192845797462 69.43111326502972
5.735970983620326 4.394048381684474 69.43111326502972
6.087304272779658 5.3302988395903235 69.43111326502972
4.650654617312045 4.400512573680137 69.43111326502972
5.019214007449205 5.3302988395903235 69.43111326502972
12.700660350577722 2.5530427476717907 62.16878820889694
11.978124595640518 3.4342651518926224 68.27803364143551
5.010596447532107 2.5300687556899373 69.43111326502972
4.281363167220811 3.418371273498928 63.46336271477857
