199 14.618988956907218
0.5000000000000098 14.117958713810943 0.0
1.5000000000005294 14.118988956907206 0.0
2.500000000001049 14.118987907003582 0.0
3.50000000000157 14.118988956907206 0.0
4.500000000002089 14.118988956907206 0.0
5.5000000000026095 14.11898895690721 0.0
6.500000000003129 14.11898895690721 0.0
7.500000505702921 14.118988956907206 0.0
8.50286247011641 14.118988956907206 0.0
9.503755194832973 14.118988956907213 0.0
10.504443476786408 14.118988956907206 0.0
0.5000000000000098 13.117529612162905 0.0
1.5000000000005294 13.118988956906687 0.0
2.500000000001049 13.118986895661948 0.0
3.50000000000157 13.118988956906687 0.0
4.500000000002089 13.118988956906687 0.0
5.5000000000026095 13.118988956906687 0.0
6.500000000003129 13.118988956906687 0.0
7.5000000000036495 13.118988956906687 0.0
8.500000000004169 13.118988956906687 0.0
9.50000000000469 13.11663999193837 0.0
10.50000000000521 13.118988956906687 0.0
0.5000000000000098 12.1168266893179 0.0
1.5000000000005294 12.118988956906165 0.0
2.500000000001049 12.11796939124351 0.0
3.50000000000157 12.118988956906165 0.0
4.500000000002089 12.118988956906165 0.0
5.5000000000026095 12.118988956906165 0.0
6.500000000003129 12.118988956906165 0.0
7.5000000000036495 12.118988956906165 0.0
8.500000000004169 12.118988956906165 0.0
9.500001858465822 12.116633990926271 89.99978703565296
0.5000000000000098 11.116554374775038 0.0
1.5000000000005294 11.118988956905646 0.0
2.500000000001049 11.117939930689037 0.0
3.5000000000015694 11.118988956905646 0.0
4.500000000002089 11.118988956905646 0.0
5.5000000000026095 11.118988956905646 0.0
6.500000000003129 11.118988956905646 0.0
7.5000000000036495 11.118988956905646 0.0
8.500000000004169 11.118988956905646 0.0
0.5000000000000098 10.116319274347383 0.0
1.5000000000005294 10.118988956905127 0.0
2.500000000001049 10.116004254343515 0.0
3.50000000000157 10.118988956905127 0.0
4.500000000002089 10.118988956905127 0.0
5.5000000000026095 10.118988956905127 0.0
6.500000000003129 10.118988956905127 0.0
7.5000000000036495 10.118988956905127 0.0
0.5 9.116192321020307 0.0
1.5000000000005294 9.118988956904609 0.0
2.500000000001049 9.115950388611282 0.0
3.50000000000157 9.118988956904609 0.0
4.500000000002089 9.118988956904609 0.0
5.5000000000026095 9.118988956904609 0.0
6.500000000003129 9.118988956904609 0.0
0.5000000000000098 8.116027281868078 0.0
1.5000000000005294 8.118988956904087 0.0
2.500000000001049 8.11592421400973 0.0
3.50000000000157 8.118988956904087 0.0
4.500000000002089 8.118988956904087 0.0
5.5000000000026095 8.118988956904087 0.0
0.5000000000000098 7.113812730878309 0.0
1.5000000000005294 7.118988956903568 0.0
2.500000000001049 7.115880897809469 0.0
3.50000000000157 7.118988956903568 0.0
4.500000000002089 7.118988956903568 0.0
0.5000000000000098 6.111598180013627 0.0
1.5000000000005294 6.118988956903047 0.0
2.500000000001049 6.115851437230813 0.0
3.50000000000157 6.118988956903047 0.0
0.5000000000000098 5.109334806505814 0.0
1.5000000000005294 5.118988956902528 0.0
2.500000000001049 5.115358125450972 0.0
0.5000000000000098 4.107334806426745 0.0
1.5000000000005294 4.118988956902007 0.0
14.118988956907215 14.116447097866011 0.0
13.109841350494586 14.118988956907206 0.0
12.107334807377123 14.10733480791163 89.97760869054291
14.118988956907215 13.116055901513747 0.0
13.118988956906696 13.118988956906687 0.0
14.116792309107629 12.115833638181638 89.99389672243367
0.5000000000000098 0.5 0.0
1.5000000000005294 0.5 0.0
2.500000000001049 0.5 0.0
0.5000000000000098 1.5000020615665788 0.0
1.5000000000005294 1.5000000000005196 0.0
0.5114881306154171 2.5000843586036163 89.99051294483344
14.116057806496213 0.5 0.0
13.115759293724933 0.5 0.0
12.115697342103532 0.5 0.0
11.115643932289512 0.5 0.0
10.115609215880577 0.5 0.0
9.115574203206164 0.5 0.0
8.115563891863022 0.5 0.0
7.115547854043147 0.5 0.0
6.115545753585495 0.5 0.0
5.11554499508119 0.5 0.0
4.115544742211689 0.5000010502249417 89.99997102325906
14.118988956907215 1.5000000000005196 0.0
13.118988956906696 1.5000000000005196 0.0
12.118988956906177 1.5000000000005196 4.263256414560601e-14
11.118988956905659 1.5000000000005196 0.0
10.118988956905136 1.5000000000005196 0.0
9.118988956904616 1.5000000000005196 0.0
8.118988956904097 1.5000000000005196 0.0
7.118988956903577 1.5000000000005196 0.0
6.118988956903057 1.5000000000005196 0.0
5.1189889569025375 1.5000000000005196 0.0
14.118988956907218 2.50000000000104 0.0
13.118988956906696 2.50000000000104 0.0
12.118988956906177 2.50000000000104 0.0
11.118988956905657 2.50000000000104 0.0
10.118988956905136 2.500000000001041 0.0
9.118988956904616 2.50000000000104 0.0
8.118988956904097 2.50000000000104 0.0
7.118988956903577 2.50000000000104 0.0
6.118988956903057 2.50000000000104 0.0
14.118988956907215 3.5000000000015605 0.0
13.118988956906696 3.5000000000015605 0.0
12.118988956906177 3.5000000000015605 0.0
11.118988956905657 3.5000000000015605 0.0
10.118988956905136 3.5000000000015605 0.0
9.118988956904616 3.5000000000015605 0.0
8.118988956904097 3.5000000000015605 0.0
7.118988956903577 3.5000000000015605 0.0
14.118988956907215 4.50000000000208 0.0
13.118988956906696 4.50000000000208 0.0
12.118988956906177 4.50000000000208 0.0
11.118988956905657 4.50000000000208 0.0
10.118988956905136 4.50000000000208 0.0
9.118988956904616 4.50000000000208 0.0
8.118988956904097 4.50000000000208 0.0
14.116958720720222 5.5000000000026 0.0
13.116529619070173 5.5000000000026 0.0
12.116120022321573 5.5000000000026 0.0
11.115873666760642 5.5000000000026 0.0
10.115785540606 5.5000000000026 0.0
9.115753049493149 5.5000097293204115 89.99906562369533
14.118988956907218 6.50000000000312 0.0
13.118988956906696 6.500000000003121 0.0
12.118988956906177 6.50000000000312 0.0
11.118988956905657 6.50000000000312 0.0
10.118988956905138 6.50000000000312 0.0
14.118988956907215 7.500000000003641 0.0
13.118988956906696 7.500000000003641 0.0
12.118988956906177 7.500000000003641 0.0
11.118988956905657 7.500000000003641 0.0
14.118988956907218 8.50000000000416 0.0
13.118988956906696 8.50000000000416 0.0
12.118988956906177 8.50000000000416 0.0
14.118988956907215 9.500002061708724 0.0
13.118988956906696 9.500000000004679 0.0
14.117100213303333 10.500010626754776 89.999136629466
1.8845689182725245 2.8111492159525477 45.26596663857136
2.5995863320515307 2.109834937223618 45.26985134176268
3.3068447908438285 1.3998318796877802 45.26985134176268
2.6014089959582902 3.515629055202049 45.26985134176268
3.3118382498298953 2.8118604318289444 45.26985134176268
4.017579960944777 2.103359901700478 45.26985134176268
3.3130613994392424 4.221280956756215 45.022441926365666
4.02460413483791 3.5162712399691 45.029614299102015
4.730695611185465 2.8077124665629123 45.005591308144375
4.018568207950445 4.93358323184176 44.73014865823732
4.729007980419189 4.229762581697789 44.73014865823732
5.434736759446983 3.521275106038692 44.73014865823732
4.719119651815834 5.64732315112028 44.73014865823732
5.43474969153407 4.938263111826253 44.73014865823732
6.140478470561863 4.229775636167159 44.73014865823732
5.434739172936929 6.3458523853433295 44.73014865823731
6.145178945405674 5.642031735199359 44.73014865823732
6.850908764134181 4.93354320999958 44.73014865823732
6.14048088405181 7.054352915471797 44.73014865823732
6.850920656520556 6.350532265327825 44.73014865823732
7.556649435548349 5.64204478966873 44.73014865823731
6.844835689621283 7.767318273378561 44.98208492361614
7.5554726098302165 7.063517086372676 45.000060918056654
8.261201689013665 6.354768351233254 44.978561813863195
11.794101496103677 12.734214738476258 44.716232232412665
12.501516744295092 12.02711218120087 44.7301486582373
13.215309835783929 11.310493812139008 44.72960849375114
11.096695956569496 12.010978493640525 44.7301486582373
11.807128525078273 11.307150707077323 44.7301486582373
12.512857396908458 10.59866332335055 44.7301486582373
10.390204254410426 11.299747344526704 45.01531028215353
11.101861559143511 10.595241865361807 44.970385700897985
11.807591286935653 9.886503830065092 44.99091977381713
9.67882470546454 10.593777445050463 45.26985134176271
10.389226375209427 9.889980976488026 45.26985134176271
11.094968191652947 9.181480552685056 45.26985134176271
8.967275974474099 9.891055356385962 45.269851341762724
9.68072584508096 9.184239265373147 45.26985134176271
10.386467661524483 8.475738841570173 45.26985134176274
8.26655555196297 9.177606480063975 45.269851341762724
8.976957221707858 8.473810011501541 45.26985134176271
9.68269954389032 7.765309086701182 45.2698513417627
7.5580550218345035 8.471864768949096 45.2698513417627
8.268456691579392 7.76806830038666 45.2698513417627
8.974198508022912 7.059567876583688 45.2698513417627
