205 14.824451146124088223515481554221872
0.5 14.324451146124089 0.0
0.5 13.324451146124089 0.0
0.5 12.324451146124089 0.0
0.5 11.324451146124089 0.0
0.5 10.324451146124089 0.0
0.5 9.324451146124089 0.0
0.5 8.324451146124089 0.0
0.5 7.324451146124089 0.0
0.5 6.324451146124089 0.0
0.5 5.324451146124089 0.0
0.5 4.324451146124089 0.0
0.5 3.324451146124088 0.0
1.5 14.324451146124089 0.0
1.5 13.324451146124089 0.0
1.5 12.324451146124089 0.0
1.5 11.324451146124089 0.0
1.5 10.324451146124089 0.0
1.5 9.324451146124089 0.0
1.5 8.324451146124089 0.0
1.5 7.324451146124089 0.0
1.5 6.324451146124089 0.0
1.5 5.324451146124089 0.0
1.5 4.324451146124089 0.0
2.5 14.324451146124089 0.0
2.5 13.324451146124089 0.0
2.5 12.324451146124089 0.0
2.5 11.324451146124089 0.0
2.5 10.324451146124089 0.0
2.5 9.324451146124089 0.0
2.5 8.324451146124089 0.0
2.5 7.324451146124089 0.0
2.5 6.324451146124089 0.0
2.5 5.324451146124089 0.0
3.5 14.324451146124089 0.0
3.5 13.324451146124089 0.0
3.5 12.324451146124089 0.0
3.5 11.324451146124089 0.0
3.5 10.324451146124089 0.0
3.5 9.324451146124089 0.0
3.5 8.324451146124089 0.0
3.5 7.324451146124089 0.0
3.5 6.324451146124089 0.0
4.5 14.324451146124089 0.0
4.5 13.324451146124089 0.0
4.5 12.324451146124089 0.0
4.5 11.324451146124089 0.0
4.5 10.324451146124089 0.0
4.5 9.324451146124089 0.0
4.5 8.324451146124089 0.0
4.5 7.324451146124089 0.0
5.5 14.324451146124089 0.0
5.5 13.324451146124089 0.0
5.5 12.324451146124089 0.0
5.5 11.324451146124089 0.0
5.5 10.324451146124089 0.0
5.5 9.324451146124089 0.0
5.5 8.324451146124089 0.0
6.5 14.324451146124089 0.0
6.5 13.324451146124089 0.0
6.5 12.324451146124089 0.0
6.5 11.324451146124089 0.0
6.5 10.324451146124089 0.0
6.5 9.324451146124089 0.0
7.5 14.324451146124089 0.0
7.5 13.324451146124089 0.0
7.5 12.324451146124089 0.0
7.5 11.324451146124089 0.0
7.5 10.324451146124089 0.0
8.5 14.324451146124089 0.0
8.5 13.324451146124089 0.0
8.5 12.324451146124089 0.0
8.5 11.324451146124089 0.0
9.5 14.324451146124089 0.0
9.5 13.324451146124089 0.0
9.5 12.324451146124089 0.0
10.5 14.324451146124089 0.0
10.5 13.324451146124089 0.0
11.5 14.324451146124089 0.0
14.324451146124089 0.5 0.0
14.324451146124089 1.5 0.0
14.324451146124089 2.5 0.0
14.324451146124089 3.5 0.0
14.324451146124089 4.5 0.0
14.324451146124089 5.5 0.0
14.324451146124089 6.5 0.0
14.324451146124089 7.5 0.0
14.324451146124089 8.5 0.0
14.324451146124089 9.5 0.0
14.324451146124089 10.5 0.0
14.324451146124089 11.5 0.0
14.324451146124089 12.5 0.0
13.324451146124089 0.5 0.0
13.324451146124089 1.5 0.0
13.324451146124089 2.5 0.0
13.324451146124089 3.5 0.0
13.324451146124089 4.5 0.0
13.324451146124089 5.5 0.0
13.324451146124089 6.5 0.0
13.324451146124089 7.5 0.0
13.324451146124089 8.5 0.0
13.324451146124089 9.5 0.0
13.324451146124089 10.5 0.0
13.324451146124089 11.5 0.0
12.324451146124089 0.5 0.0
12.324451146124089 1.5 0.0
12.324451146124089 2.5 0.0
12.324451146124089 3.5 0.0
12.324451146124089 4.5 0.0
12.324451146124089 5.5 0.0
12.324451146124089 6.5 0.0
12.324451146124089 7.5 0.0
12.324451146124089 8.5 0.0
12.324451146124089 9.5 0.0
12.324451146124089 10.5 0.0
11.324451146124089 0.5 0.0
11.324451146124089 1.5 0.0
11.324451146124089 2.5 0.0
11.324451146124089 3.5 0.0
11.324451146124089 4.5 0.0
11.324451146124089 5.5 0.0
11.324451146124089 6.5 0.0
11.324451146124089 7.5 0.0
11.324451146124089 8.5 0.0
11.324451146124089 9.5 0.0
10.324451146124089 0.5 0.0
10.324451146124089 1.5 0.0
10.324451146124089 2.5 0.0
10.324451146124089 3.5 0.0
10.324451146124089 4.5 0.0
10.324451146124089 5.5 0.0
10.324451146124089 6.5 0.0
10.324451146124089 7.5 0.0
10.324451146124089 8.5 0.0
9.324451146124089 0.5 0.0
9.324451146124089 1.5 0.0
9.324451146124089 2.5 0.0
9.324451146124089 3.5 0.0
9.324451146124089 4.5 0.0
9.324451146124089 5.5 0.0
9.324451146124089 6.5 0.0
9.324451146124089 7.5 0.0
8.324451146124089 0.5 0.0
8.324451146124089 1.5 0.0
8.324451146124089 2.5 0.0
8.324451146124089 3.5 0.0
8.324451146124089 4.5 0.0
8.324451146124089 5.5 0.0
8.324451146124089 6.5 0.0
7.324451146124089 0.5 0.0
7.324451146124089 1.5 0.0
7.324451146124089 2.5 0.0
7.324451146124089 3.5 0.0
7.324451146124089 4.5 0.0
7.324451146124089 5.5 0.0
6.324451146124089 0.5 0.0
6.324451146124089 1.5 0.0
6.324451146124089 2.5 0.0
6.324451146124089 3.5 0.0
6.324451146124089 4.5 0.0
5.324451146124089 0.5 0.0
5.324451146124089 1.5 0.0
5.324451146124089 2.5 0.0
5.324451146124089 3.5 0.0
4.324451146124089 0.5 0.0
4.324451146124089 1.5 0.0
4.324451146124089 2.5 0.0
3.324451146124088 0.5 0.0
3.324451146124088 1.5 0.0
2.324451146124088 0.5 0.0
0.5 0.5 0.0
14.324451146124089 14.324451146124089 0.0
0.9084698780599 2.217123749378398 26.932407586884867
1.3884404883067094 1.3393153893603071 26.932407586884867
1.6722402679386394 2.9215607194579887 26.932407586884867
2.152210878185449 2.043752359439898 26.932407586884867
2.4928926720949933 3.514034115745007 26.932407586884867
2.9728632823418026 2.636225755726916 26.932407586884867
3.1857739848756377 4.358005427488787 26.932407586884867
3.6657445951224474 3.4801970674706957 26.932407586884867
3.8786552976562825 5.201976739232566 26.932407586884867
4.358625907903091 4.324168379214475 26.932407586884867
4.67224026793864 5.84772825283688 26.932407586884867
5.152210878185449 4.9699198928187895 26.932407586884867
5.463078091691376 6.4988871055991755 26.932407586884867
5.943048701938185 5.621078745581085 26.932407586884867
6.1559594044720205 7.342858417342955 26.932407586884867
6.63593001471883 6.465050057324865 26.932407586884867
6.848840717252664 8.186829729086735 26.932407586884867
7.328811327499474 7.309021369068644 26.932407586884867
7.67224026793864 8.773895786215771 26.932407586884867
8.152210878185448 7.89608742619768 26.932407586884867
8.433263511287759 9.483740095453344 26.932407586884867
8.913234121534568 8.605931735435252 26.932407586884867
9.126144824068403 10.327711407197123 26.932407586884867
9.606115434315212 9.449903047179033 26.932407586884867
9.819026136849047 11.171682718940904 26.932407586884867
10.298996747095856 10.293874358922812 26.932407586884867
10.672240267938639 11.700063319594664 26.932407586884867
11.152210878185448 10.822254959576572 26.932407586884867
11.40344893088414 12.468593085307512 26.932407586884867
11.88341954113095 11.59078472528942 26.932407586884867
12.096330243664784 13.312564397051291 26.932407586884867
12.576300853911594 12.434756037033202 26.932407586884867
12.808829963319484 14.136896475846974 31.494900594563177
13.331252639785198 13.284209811758458 31.494900594563177
