209 14.953939011860642
0.5000000000000021 14.124512738697115 2.08433068854961e-15
1.5000000000002127 14.453939011860639 2.548515466516353e-15
14.080882661254792 0.5000000000000001 90.0
14.453939011860639 1.5000000000002105 90.0
0.5000000000000021 8.500000000001682 90.0
0.5000000000000012 7.500000000001471 89.99999999999989
0.5000000000000021 6.500000000001261 90.0
1.5000000000002127 6.50000000000126 90.0
0.500000000000003 5.500000000001051 89.99999999999987
1.5000000000002127 5.500000000001051 6.652505583303329e-14
2.5000000000004223 5.5000000000010525 6.454166269700064e-14
0.5000000000000012 4.500000000000841 89.99999999999986
1.5000000000002127 4.500000000000839 89.9999999999999
2.5000000000004223 4.500000000000841 3.4430566015603344e-14
0.5000000000000012 3.5000000000006315 89.99999999999986
1.5000000000002083 3.5000000000006306 1.3805011057116168e-14
2.500000000000417 3.5000000000006306 7.258636836308735e-14
3.500000000000633 2.50000000000042 90.0
4.500000000000842 3.5000000000006297 90.0
0.5000000000000021 2.50000000000042 89.99999999999999
1.5000000000002127 2.50000000000042 1.0923167205123104e-14
2.5000000000004223 2.500000000000422 6.957720317598689e-14
3.500000000000632 1.5000000000002105 89.99999999999999
4.500000000000842 2.500000000000422 89.99999999999999
5.500000000001053 2.50000000000042 89.99999999999993
0.5000000000000021 1.5000000000002105 90.0
1.5000000000002127 1.5000000000002105 90.0
2.5000000000004223 1.5000000000002105 90.0
3.500000000000633 0.5000000000000001 90.0
4.500000000000842 1.5000000000002114 89.9999999999999
5.500000000001052 1.5000000000002105 89.9999999999999
6.500000000001262 1.5000000000002105 89.99999999999997
0.5000000000000021 0.5000000000000001 90.0
1.5000000000002127 0.5000000000000001 90.0
2.5000000000004223 0.5000000000000001 89.99999999999999
3.5000000000006284 3.5000000000006297 90.0
4.500000000000842 0.5000000000000001 90.0
5.500000000001052 0.5000000000000001 90.0
6.500000000001262 0.5000000000000001 90.0
7.500000000001473 0.5000000000000001 90.0
3.453939011858331 14.453939011860639 90.0
4.45393901185854 14.453939011860639 90.0
5.45393901185875 14.453939011860639 90.0
6.453939011858959 14.453939011860639 90.0
7.45393901185917 14.453939011860639 1.4140112487890264e-15
8.45393901185938 14.453939011860639 2.314448677548585e-15
9.453939011859589 14.453939011860639 3.3935741693258186e-15
10.453939011859799 14.453939011860639 1.4935588822202703e-15
11.45393901186001 14.453939011860639 90.0
12.45393901186022 14.453939011860639 90.0
13.45393901186043 14.453939011860639 89.99999999999999
14.453939011860639 14.453939011860639 1.3610635245919e-15
4.45393901185854 13.45393901186043 3.0802873183901793e-15
5.45393901185875 13.45393901186043 1.89396872391952e-15
6.453939011858959 13.45393901186043 2.844790100949917e-16
8.45393901185938 13.45393901186043 7.554854246083546e-16
7.45393901185917 13.45393901186043 90.0
10.453939011859799 12.45393901186022 3.546744386378122e-15
11.45393901186001 13.45393901186043 3.2903510730369478e-15
12.45393901186022 13.45393901186043 90.0
13.45393901186043 13.45393901186043 90.0
9.453939011859589 13.45393901186043 90.0
14.453939011860639 13.45393901186043 90.0
5.45393901185875 12.45393901186022 90.0
6.439908382452341 9.411432037079202 0.18467616736715306
7.45393901185917 12.45393901186022 4.823841910950475e-15
8.45393901185938 12.45393901186022 2.90414767109751e-15
9.453939011859589 12.45393901186022 4.40646855795541e-15
10.453939011859799 11.45393901186001 2.1155013941596295e-15
11.45393901186001 12.45393901186022 6.0876432715546e-15
12.45393901186022 12.45393901186022 90.0
13.45393901186043 12.45393901186022 90.0
14.453939011860639 12.45393901186022 90.0
6.453939011858959 12.45393901186022 2.1477394824243527e-15
7.453939011859171 11.45393901186001 6.5492746640723816e-15
8.45393901185938 11.45393901186001 1.523224308163812e-14
9.453939011859589 11.45393901186001 90.0
10.453939011859799 13.45393901186043 2.1356609663506438e-15
11.45393901186001 11.45393901186001 1.793013191226906e-15
12.45393901186022 10.4539390118598 1.7306622671230915e-14
13.45393901186043 11.45393901186001 90.0
14.453939011860639 11.45393901186001 90.0
6.453939011858959 11.45393901186001 4.836071330126969e-15
7.453939011859171 10.453939011859799 1.3439901958858925e-14
8.45393901185938 10.453939011859799 5.766625303187087e-14
9.453939011859589 10.453939011859799 4.6546310648765246e-15
10.4539390118598 10.4539390118598 5.523994054189368e-15
11.45393901186001 10.4539390118598 2.5926381725952705e-15
12.442373081910457 9.453939011859587 89.99999999999997
13.45393901186043 10.4539390118598 89.99999999999999
14.453939011860639 10.453939011859795 90.0
6.453939011858959 10.4539390118598 1.2337374340337554e-14
7.442373081909408 9.453939011859587 90.0
8.442373081909617 9.453939011859587 5.5852045685194177e-14
9.442373081909828 9.453939011859587 89.99999999999999
10.442373081910038 9.453939011859587 89.99999999999997
11.442373081910247 9.45393901185959 7.588462730921375e-15
12.440349814486597 8.453939011859378 9.560630554684591e-15
13.443849814780176 9.453939011859587 89.99999999999999
14.44808975432686 9.453939011859587 90.0
7.438289007241519 8.412537661365613 89.94290558270932
8.438787001696536 8.453939011859378 5.5776184521014017e-14
9.438787001696745 8.453939011859378 3.3420023933902333e-15
10.440287001830832 8.453939011859378 89.99999999999999
5.316871897771724 8.114546641266523 19.283084567041236
11.440349814486385 8.45393901185938 89.99999999999999
12.453939011860223 7.453939011859168 1.0361715747922142e-14
13.443849814780169 8.453939011859378 1.6109617312333786e-14
14.448140159925396 8.453939011859378 90.0
6.453939011858964 7.350241120626854 89.99999999999997
7.453939011859175 7.4120396669105935 89.99999999999997
8.453939011859385 7.453939011859168 4.033513449866482e-15
9.453939011859594 7.447082898893219 3.809867342555544e-15
10.453939011859806 7.453939011859168 89.99999999999999
11.453939011860014 7.453939011859168 90.0
12.453939011860223 6.4539390118589575 90.0
13.45393901186043 7.453939011859169 1.0412761759007859e-14
14.453939011860639 7.453939011859168 7.080944391281216e-15
10.453939011859804 6.453939011858957 89.99999999999997
11.453939011860015 6.4539390118589575 9.064251435205379e-15
12.45393901186022 11.45393901186001 3.08199462447116e-15
13.453939011860436 6.45393901185896 2.730023227613671e-13
14.453939011860639 6.4539390118589575 90.0
12.45393901186022 5.453939011858748 89.99999999999999
13.45393901186043 5.453939011858748 1.0826622343968692e-14
14.453939011860639 5.453939011858758 90.0
13.45393901186043 4.453939011858538 89.99999999999991
14.453939011860642 4.453939011858547 90.0
14.453939011860639 3.4539390118583375 90.0
8.500000000001682 0.5000000000000001 90.0
3.500000000000631 4.500000000000839 89.99999999999993
4.658758714883932 4.899672490940385 66.31036343094857
5.0605408635860165 5.815407772004053 66.31036343094857
5.499458293035435 4.3268701993124585 66.31036343094857
5.901240441737519 5.242605480376128 66.3103634309486
0.6466419638481898 12.974459204508479 21.133380481939902
1.5900936356849864 13.30729704801224 21.133380481939902
2.5437850759326532 13.634337862223125 21.99485874269978
0.6220800975700257 11.879386384452534 16.612716180401293
1.5649867682767664 12.216744570502865 16.612716180401293
2.513557402225153 12.535118759884632 16.61271618040129
3.4554487221366794 12.875880113521228 16.61271618040129
0.6160338665973301 10.756958225295774 15.59879061154483
1.556940624301682 11.105595894157618 15.59879061154483
2.500908057037163 11.443270563467182 15.59879061154483
3.450203470690434 11.761860994227328 15.59879061154483
4.393215782527179 12.102956800991441 15.59879061154483
0.6233025624388698 9.623302562440758 16.82176991388792
1.5583179018051445 9.98610822773157 16.82176991388792
2.497751353487598 10.334300468389925 16.82176991388792
3.440478020264955 10.671600013900724 16.82176991388792
4.3889374704986945 10.989937705801049 16.82176991388792
5.330636449419882 11.33063644942114 16.821769913887923
1.5724096336926778 8.865932228344553 18.55363663738827
2.504030671134037 9.233002257941214 18.55363663738827
3.44213725896485 9.580749154546227 18.55363663738827
4.383863104484536 9.917712787826838 18.553636637388273
5.331889303915295 10.235905064906737 18.553636637388273
2.4881712712317205 8.124971994790178 21.50504398954833
3.418556570957126 8.491555128683823 21.50504398954833
4.3699469990869675 8.840855855911066 19.93888343445081
5.323959283524525 9.178420290912293 18.553636637388273
1.5000000000002145 7.50000000000147 1.0936725657333033e-13
3.3793076521684724 7.40126705991136 21.50504398954833
4.369525608020181 7.77693761128275 19.93888343445081
6.437651592728761 8.356270602994115 89.87632672907547
4.205395204203478 6.461369707611259 57.91360514231915
5.276392660037408 7.038519229913594 19.54644414139732
2.500000000000424 6.500000000001262 1.0626213541619886e-13
3.50000000000063 5.500000000001049 1.3285299124166016e-13
12.905381547302195 0.6551131054710374 67.10895183770744
13.27918695282027 1.582766510647942 67.10895183770744
13.665004005539975 2.5394619456251375 63.384000385671726
11.812017435751553 0.6440468252999177 69.38111745064332
12.185869739965142 1.5718248776890231 69.38111745064332
12.532525730967603 2.509835582616753 69.38111745064332
12.935656203938438 3.426597681279545 69.38111745064332
10.670261876527256 0.6362057147954331 70.87730189237978
11.072598847787779 1.555109067073431 70.87730189237978
11.446784529340173 2.4837731687532267 70.87730189237978
11.793506628144515 3.421959574798419 70.87730189237978
12.197258207255672 4.34037244749715 70.87730189237978
9.559892149110095 0.559892149108202 82.64529281759819
9.928542804238008 1.579547486494798 72.01415621899768
10.331458558505352 2.500120125364684 72.01415621899768
10.70602932630809 3.4298948666224236 72.01415621899768
11.052947546418194 4.3686469124017355 72.01415621899768
11.402501235437121 5.40250123543586 83.75308480667866
8.76824589085212 1.6092319494635152 70.91931828158265
9.186618090791983 2.5226503305874637 70.91931828158265
9.58897533891522 3.4416083394981793 70.91931828158265
9.963173744903168 4.370306590285477 70.91931828158265
10.30407153866066 5.33000908774888 73.07039033267745
8.038508676100918 2.5564208002256867 70.654003507645
8.456735951964799 3.469426405745648 70.654003507645
8.85897427093629 4.38804567830693 70.654003507645
9.233099454245812 5.316535374821186 70.654003507645
7.637403637039033 1.6374036370377727 70.654003507645
7.319716616160133 3.497751150738779 66.31036343094858
7.737471695462142 4.408592687126684 66.08134247357883
8.139114023862057 5.327326049852499 66.39044682227221
6.610478528948826 4.3701783155574505 66.3103634309486
7.027142166747536 5.280146923676527 66.39044682227221
6.917934467458048 2.58201586967511 66.31036343094858
6.20869638024674 3.4544430344937833 66.31036343094857
6.287118499672558 6.229754411697809 73.54766734129782
7.374363853782982 6.3324645088341915 79.95092246623504
8.453939011859385 6.4539390118589575 90.0
9.453939011859594 6.446117898824927 89.99999999999997
