229 15.65685424949238019520675489684
0.5 15.15685424949238 0.0
1.5 15.15685424949238 0.0
2.5 15.15685424949238 0.0
3.5 15.15685424949238 0.0
4.5 15.15685424949238 0.0
5.5 15.15685424949238 0.0
6.5 15.15685424949238 0.0
0.5 14.15685424949238 0.0
1.5 14.15685424949238 0.0
2.5 14.15685424949238 0.0
3.5 14.15685424949238 0.0
4.5 14.15685424949238 0.0
5.5 14.15685424949238 0.0
6.5 14.15685424949238 0.0
0.5 13.15685424949238 0.0
1.5 13.15685424949238 0.0
2.5 13.15685424949238 0.0
3.5 13.15685424949238 0.0
4.5 13.15685424949238 0.0
5.5 13.15685424949238 0.0
6.5 13.15685424949238 0.0
0.5 12.15685424949238 0.0
1.5 12.15685424949238 0.0
2.5 12.15685424949238 0.0
3.5 12.15685424949238 0.0
4.5 12.15685424949238 0.0
5.5 12.15685424949238 0.0
0.5 11.15685424949238 0.0
1.5 11.15685424949238 0.0
2.5 11.15685424949238 0.0
3.5 11.15685424949238 0.0
4.5 11.15685424949238 0.0
0.5 10.15685424949238 0.0
1.5 10.15685424949238 0.0
2.5 10.15685424949238 0.0
3.5 10.15685424949238 0.0
0.5 9.15685424949238 0.0
1.5 9.15685424949238 0.0
2.5 9.15685424949238 0.0
0.5 8.15685424949238 0.0
1.5 8.15685424949238 0.0
15.15685424949238 0.5 0.0
15.15685424949238 1.5 0.0
15.15685424949238 2.5 0.0
15.15685424949238 3.5 0.0
15.15685424949238 4.5 0.0
15.15685424949238 5.5 0.0
15.15685424949238 6.5 0.0
14.15685424949238 0.5 0.0
14.15685424949238 1.5 0.0
14.15685424949238 2.5 0.0
14.15685424949238 3.5 0.0
14.15685424949238 4.5 0.0
14.15685424949238 5.5 0.0
14.15685424949238 6.5 0.0
13.15685424949238 0.5 0.0
13.15685424949238 1.5 0.0
13.15685424949238 2.5 0.0
13.15685424949238 3.5 0.0
13.15685424949238 4.5 0.0
13.15685424949238 5.5 0.0
13.15685424949238 6.5 0.0
12.15685424949238 0.5 0.0
12.15685424949238 1.5 0.0
12.15685424949238 2.5 0.0
12.15685424949238 3.5 0.0
12.15685424949238 4.5 0.0
12.15685424949238 5.5 0.0
11.15685424949238 0.5 0.0
11.15685424949238 1.5 0.0
11.15685424949238 2.5 0.0
11.15685424949238 3.5 0.0
11.15685424949238 4.5 0.0
10.15685424949238 0.5 0.0
10.15685424949238 1.5 0.0
10.15685424949238 2.5 0.0
10.15685424949238 3.5 0.0
9.15685424949238 0.5 0.0
9.15685424949238 1.5 0.0
9.15685424949238 2.5 0.0
8.15685424949238 0.5 0.0
8.15685424949238 1.5 0.0
0.5 0.5 0.0
1.5 0.5 0.0
2.5 0.5 0.0
3.5 0.5 0.0
4.5 0.5 0.0
5.5 0.5 0.0
6.5 0.5 0.0
0.5 1.5 0.0
1.5 1.5 0.0
2.5 1.5 0.0
3.5 1.5 0.0
4.5 1.5 0.0
5.5 1.5 0.0
6.5 1.5 0.0
0.5 2.5 0.0
1.5 2.5 0.0
2.5 2.5 0.0
3.5 2.5 0.0
4.5 2.5 0.0
5.5 2.5 0.0
0.5 3.5 0.0
1.5 3.5 0.0
2.5 3.5 0.0
3.5 3.5 0.0
4.5 3.5 0.0
0.5 4.5 0.0
1.5 4.5 0.0
2.5 4.5 0.0
3.5 4.5 0.0
0.5 5.5 0.0
1.5 5.5 0.0
2.5 5.5 0.0
0.5 6.5 0.0
1.5 6.5 0.0
15.15685424949238 15.15685424949238 0.0
14.15685424949238 15.15685424949238 0.0
13.15685424949238 15.15685424949238 0.0
12.15685424949238 15.15685424949238 0.0
11.15685424949238 15.15685424949238 0.0
10.15685424949238 15.15685424949238 0.0
9.15685424949238 15.15685424949238 0.0
8.15685424949238 15.15685424949238 0.0
15.15685424949238 14.15685424949238 0.0
14.15685424949238 14.15685424949238 0.0
13.15685424949238 14.15685424949238 0.0
12.15685424949238 14.15685424949238 0.0
11.15685424949238 14.15685424949238 0.0
10.15685424949238 14.15685424949238 0.0
9.15685424949238 14.15685424949238 0.0
8.15685424949238 14.15685424949238 0.0
15.15685424949238 13.15685424949238 0.0
14.15685424949238 13.15685424949238 0.0
13.15685424949238 13.15685424949238 0.0
12.15685424949238 13.15685424949238 0.0
11.15685424949238 13.15685424949238 0.0
10.15685424949238 13.15685424949238 0.0
9.15685424949238 13.15685424949238 0.0
8.15685424949238 13.15685424949238 0.0
15.15685424949238 12.15685424949238 0.0
14.15685424949238 12.15685424949238 0.0
13.15685424949238 12.15685424949238 0.0
12.15685424949238 12.15685424949238 0.0
11.15685424949238 12.15685424949238 0.0
10.15685424949238 12.15685424949238 0.0
9.15685424949238 12.15685424949238 0.0
15.15685424949238 11.15685424949238 0.0
14.15685424949238 11.15685424949238 0.0
13.15685424949238 11.15685424949238 0.0
12.15685424949238 11.15685424949238 0.0
11.15685424949238 11.15685424949238 0.0
10.15685424949238 11.15685424949238 0.0
15.15685424949238 10.15685424949238 0.0
14.15685424949238 10.15685424949238 0.0
13.15685424949238 10.15685424949238 0.0
12.15685424949238 10.15685424949238 0.0
11.15685424949238 10.15685424949238 0.0
15.15685424949238 9.15685424949238 0.0
14.15685424949238 9.15685424949238 0.0
13.15685424949238 9.15685424949238 0.0
12.15685424949238 9.15685424949238 0.0
15.15685424949238 8.15685424949238 0.0
14.15685424949238 8.15685424949238 0.0
13.15685424949238 8.15685424949238 0.0
7.32842712474619 12.278174593052023 45.0
6.621320343559643 11.571067811865476 45.0
5.914213562373095 10.863961030678928 45.0
5.207106781186548 10.15685424949238 45.0
4.5 9.449747468305832 45.0
3.7928932188134525 8.742640687119286 45.0
3.085786437626905 8.035533905932738 45.0
2.3786796564403576 7.32842712474619 45.0
8.035533905932738 11.571067811865476 45.0
7.32842712474619 10.863961030678928 45.0
6.621320343559643 10.15685424949238 45.0
5.914213562373095 9.449747468305832 45.0
5.207106781186548 8.742640687119286 45.0
4.5 8.035533905932738 45.0
3.7928932188134525 7.32842712474619 45.0
3.085786437626905 6.621320343559643 45.0
8.742640687119286 10.863961030678928 45.0
8.035533905932738 10.15685424949238 45.0
7.32842712474619 9.449747468305832 45.0
6.621320343559643 8.742640687119286 45.0
5.914213562373095 8.035533905932738 45.0
5.207106781186548 7.32842712474619 45.0
4.5 6.621320343559643 45.0
3.7928932188134525 5.914213562373095 45.0
9.449747468305832 10.15685424949238 45.0
8.742640687119286 9.449747468305832 45.0
8.035533905932738 8.742640687119286 45.0
7.32842712474619 8.035533905932738 45.0
6.621320343559643 7.32842712474619 45.0
5.914213562373095 6.621320343559643 45.0
5.207106781186548 5.914213562373095 45.0
4.5 5.207106781186548 45.0
10.15685424949238 9.449747468305832 45.0
9.449747468305832 8.742640687119286 45.0
8.742640687119286 8.035533905932738 45.0
8.035533905932738 7.32842712474619 45.0
7.32842712474619 6.621320343559643 45.0
6.621320343559643 5.914213562373095 45.0
5.914213562373095 5.207106781186548 45.0
5.207106781186548 4.5 45.0
10.863961030678928 8.742640687119286 45.0
10.15685424949238 8.035533905932738 45.0
9.449747468305832 7.32842712474619 45.0
8.742640687119286 6.621320343559643 45.0
8.035533905932738 5.914213562373095 45.0
7.32842712474619 5.207106781186548 45.0
6.621320343559643 4.5 45.0
5.914213562373095 3.7928932188134525 45.0
11.571067811865476 8.035533905932738 45.0
10.863961030678928 7.32842712474619 45.0
10.15685424949238 6.621320343559643 45.0
9.449747468305832 5.914213562373095 45.0
8.742640687119286 5.207106781186548 45.0
8.035533905932738 4.5 45.0
7.32842712474619 3.7928932188134525 45.0
6.621320343559643 3.085786437626905 45.0
12.278174593052023 7.32842712474619 45.0
11.571067811865476 6.621320343559643 45.0
10.863961030678928 5.914213562373095 45.0
10.15685424949238 5.207106781186548 45.0
9.449747468305832 4.5 45.0
8.742640687119286 3.7928932188134525 45.0
8.035533905932738 3.085786437626905 45.0
7.32842712474619 2.3786796564403576 45.0
