227 15.571067811865475244008443621048490393
0.5 15.071067811865476 0.0
1.5 15.071067811865476 0.0
2.5 15.071067811865476 0.0
3.5 15.071067811865476 0.0
4.5 15.071067811865476 0.0
5.5 15.071067811865476 0.0
6.5 15.071067811865476 0.0
0.5 14.071067811865476 0.0
1.5 14.071067811865476 0.0
2.5 14.071067811865476 0.0
3.5 14.071067811865476 0.0
4.5 14.071067811865476 0.0
5.5 14.071067811865476 0.0
0.5 13.071067811865476 0.0
1.5 13.071067811865476 0.0
2.5 13.071067811865476 0.0
3.5 13.071067811865476 0.0
4.5 13.071067811865476 0.0
0.5 12.071067811865476 0.0
1.5 12.071067811865476 0.0
2.5 12.071067811865476 0.0
3.5 12.071067811865476 0.0
0.5 11.071067811865476 0.0
1.5 11.071067811865476 0.0
2.5 11.071067811865476 0.0
0.5 10.071067811865476 0.0
1.5 10.071067811865476 0.0
0.5 9.071067811865476 0.0
0.5 0.5 0.0
1.5 0.5 0.0
2.5 0.5 0.0
3.5 0.5 0.0
4.5 0.5 0.0
5.5 0.5 0.0
6.5 0.5 0.0
0.5 1.5 0.0
1.5 1.5 0.0
2.5 1.5 0.0
3.5 1.5 0.0
4.5 1.5 0.0
5.5 1.5 0.0
0.5 2.5 0.0
1.5 2.5 0.0
2.5 2.5 0.0
3.5 2.5 0.0
4.5 2.5 0.0
0.5 3.5 0.0
1.5 3.5 0.0
2.5 3.5 0.0
3.5 3.5 0.0
0.5 4.5 0.0
1.5 4.5 0.0
2.5 4.5 0.0
0.5 5.5 0.0
1.5 5.5 0.0
0.5 6.5 0.0
15.071067811865476 15.071067811865476 0.0
14.071067811865476 15.071067811865476 0.0
13.071067811865476 15.071067811865476 0.0
12.071067811865476 15.071067811865476 0.0
11.071067811865476 15.071067811865476 0.0
10.071067811865476 15.071067811865476 0.0
9.071067811865476 15.071067811865476 0.0
8.071067811865476 15.071067811865476 0.0
15.071067811865476 14.071067811865476 0.0
14.071067811865476 14.071067811865476 0.0
13.071067811865476 14.071067811865476 0.0
12.071067811865476 14.071067811865476 0.0
11.071067811865476 14.071067811865476 0.0
10.071067811865476 14.071067811865476 0.0
9.071067811865476 14.071067811865476 0.0
15.071067811865476 13.071067811865476 0.0
14.071067811865476 13.071067811865476 0.0
13.071067811865476 13.071067811865476 0.0
12.071067811865476 13.071067811865476 0.0
11.071067811865476 13.071067811865476 0.0
10.071067811865476 13.071067811865476 0.0
15.071067811865476 12.071067811865476 0.0
14.071067811865476 12.071067811865476 0.0
13.071067811865476 12.071067811865476 0.0
12.071067811865476 12.071067811865476 0.0
11.071067811865476 12.071067811865476 0.0
15.071067811865476 11.071067811865476 0.0
14.071067811865476 11.071067811865476 0.0
13.071067811865476 11.071067811865476 0.0
12.071067811865476 11.071067811865476 0.0
15.071067811865476 10.071067811865476 0.0
14.071067811865476 10.071067811865476 0.0
13.071067811865476 10.071067811865476 0.0
15.071067811865476 9.071067811865476 0.0
14.071067811865476 9.071067811865476 0.0
15.071067811865476 0.5 0.0
14.071067811865476 0.5 0.0
13.071067811865476 0.5 0.0
12.071067811865476 0.5 0.0
11.071067811865476 0.5 0.0
10.071067811865476 0.5 0.0
9.071067811865476 0.5 0.0
8.071067811865476 0.5 0.0
15.071067811865476 1.5 0.0
14.071067811865476 1.5 0.0
13.071067811865476 1.5 0.0
12.071067811865476 1.5 0.0
11.071067811865476 1.5 0.0
10.071067811865476 1.5 0.0
9.071067811865476 1.5 0.0
15.071067811865476 2.5 0.0
14.071067811865476 2.5 0.0
13.071067811865476 2.5 0.0
12.071067811865476 2.5 0.0
11.071067811865476 2.5 0.0
10.071067811865476 2.5 0.0
15.071067811865476 3.5 0.0
14.071067811865476 3.5 0.0
13.071067811865476 3.5 0.0
12.071067811865476 3.5 0.0
11.071067811865476 3.5 0.0
15.071067811865476 4.5 0.0
14.071067811865476 4.5 0.0
13.071067811865476 4.5 0.0
12.071067811865476 4.5 0.0
15.071067811865476 5.5 0.0
14.071067811865476 5.5 0.0
13.071067811865476 5.5 0.0
15.071067811865476 6.5 0.0
14.071067811865476 6.5 0.0
15.071067811865476 7.785533905932738 0.0
7.285533905932738 14.149494936611665 45.0
6.57842712474619 13.442388155425117 45.0
5.871320343559643 12.73528137423857 45.0
5.164213562373095 12.028174593052023 45.0
4.457106781186548 11.321067811865476 45.0
3.75 10.613961030678928 45.0
3.0428932188134525 9.90685424949238 45.0
2.335786437626905 9.199747468305832 45.0
1.6286796564403574 8.492640687119286 45.0
0.9215728752538099 7.785533905932738 45.0
7.992640687119285 13.442388155425117 45.0
7.285533905932738 12.73528137423857 45.0
6.57842712474619 12.028174593052023 45.0
5.871320343559643 11.321067811865476 45.0
5.164213562373095 10.613961030678928 45.0
4.457106781186548 9.90685424949238 45.0
3.75 9.199747468305832 45.0
3.0428932188134525 8.492640687119286 45.0
2.335786437626905 7.785533905932738 45.0
1.6286796564403574 7.07842712474619 45.0
8.699747468305832 12.73528137423857 45.0
7.992640687119285 12.028174593052023 45.0
7.285533905932738 11.321067811865476 45.0
6.57842712474619 10.613961030678928 45.0
5.871320343559643 9.90685424949238 45.0
5.164213562373095 9.199747468305832 45.0
4.457106781186548 8.492640687119286 45.0
3.75 7.785533905932738 45.0
3.0428932188134525 7.07842712474619 45.0
2.335786437626905 6.371320343559643 45.0
9.40685424949238 12.028174593052023 45.0
8.699747468305832 11.321067811865476 45.0
7.992640687119285 10.613961030678928 45.0
7.285533905932738 9.90685424949238 45.0
6.57842712474619 9.199747468305832 45.0
5.871320343559643 8.492640687119286 45.0
5.164213562373095 7.785533905932738 45.0
4.457106781186548 7.07842712474619 45.0
3.75 6.371320343559643 45.0
3.0428932188134525 5.664213562373095 45.0
10.113961030678928 11.321067811865476 45.0
9.40685424949238 10.613961030678928 45.0
8.699747468305832 9.90685424949238 45.0
7.992640687119285 9.199747468305832 45.0
7.285533905932738 8.492640687119286 45.0
6.57842712474619 7.785533905932738 45.0
5.871320343559643 7.07842712474619 45.0
5.164213562373095 6.371320343559643 45.0
4.457106781186548 5.664213562373095 45.0
3.75 4.957106781186548 45.0
10.821067811865476 10.613961030678928 45.0
10.113961030678928 9.90685424949238 45.0
9.40685424949238 9.199747468305832 45.0
8.699747468305832 8.492640687119286 45.0
7.992640687119285 7.785533905932738 45.0
7.285533905932738 7.07842712474619 45.0
6.57842712474619 6.371320343559643 45.0
5.871320343559643 5.664213562373095 45.0
5.164213562373095 4.957106781186548 45.0
4.457106781186548 4.25 45.0
11.528174593052023 9.90685424949238 45.0
10.821067811865476 9.199747468305832 45.0
10.113961030678928 8.492640687119286 45.0
9.40685424949238 7.785533905932738 45.0
8.699747468305832 7.07842712474619 45.0
7.992640687119285 6.371320343559643 45.0
7.285533905932738 5.664213562373095 45.0
6.57842712474619 4.957106781186548 45.0
5.871320343559643 4.25 45.0
5.164213562373095 3.5428932188134525 45.0
12.23528137423857 9.199747468305832 45.0
11.528174593052023 8.492640687119286 45.0
10.821067811865476 7.785533905932738 45.0
10.113961030678928 7.07842712474619 45.0
9.40685424949238 6.371320343559643 45.0
8.699747468305832 5.664213562373095 45.0
7.992640687119285 4.957106781186548 45.0
7.285533905932738 4.25 45.0
6.57842712474619 3.5428932188134525 45.0
5.871320343559643 2.835786437626905 45.0
12.942388155425117 8.492640687119286 45.0
12.23528137423857 7.785533905932738 45.0
11.528174593052023 7.07842712474619 45.0
10.821067811865476 6.371320343559643 45.0
10.113961030678928 5.664213562373095 45.0
9.40685424949238 4.957106781186548 45.0
8.699747468305832 4.25 45.0
7.992640687119285 3.5428932188134525 45.0
7.285533905932738 2.835786437626905 45.0
6.57842712474619 2.1286796564403576 45.0
13.649494936611665 7.785533905932738 45.0
12.942388155425117 7.07842712474619 45.0
12.23528137423857 6.371320343559643 45.0
11.528174593052023 5.664213562373095 45.0
10.821067811865476 4.957106781186548 45.0
10.113961030678928 4.25 45.0
9.40685424949238 3.5428932188134525 45.0
8.699747468305832 2.835786437626905 45.0
7.992640687119285 2.1286796564403576 45.0
7.285533905932738 1.42157287525381 45.0
