233 15.77817459305202276840928798315
0.5 15.278174593052023 0.0
1.5 15.278174593052023 0.0
2.5 15.278174593052023 0.0
3.5 15.278174593052023 0.0
4.5 15.278174593052023 0.0
5.5 15.278174593052023 0.0
6.5 15.278174593052023 0.0
0.5 14.278174593052023 0.0
1.5 14.278174593052023 0.0
2.5 14.278174593052023 0.0
3.5 14.278174593052023 0.0
4.5 14.278174593052023 0.0
5.5 14.278174593052023 0.0
0.5 13.278174593052023 0.0
1.5 13.278174593052023 0.0
2.5 13.278174593052023 0.0
3.5 13.278174593052023 0.0
4.5 13.278174593052023 0.0
0.5 12.278174593052023 0.0
1.5 12.278174593052023 0.0
2.5 12.278174593052023 0.0
3.5 12.278174593052023 0.0
0.5 11.278174593052023 0.0
1.5 11.278174593052023 0.0
2.5 11.278174593052023 0.0
0.5 10.278174593052023 0.0
1.5 10.278174593052023 0.0
0.5 9.278174593052023 0.0
15.278174593052023 15.278174593052023 0.0
14.278174593052023 15.278174593052023 0.0
13.278174593052023 15.278174593052023 0.0
12.278174593052023 15.278174593052023 0.0
11.278174593052023 15.278174593052023 0.0
10.278174593052023 15.278174593052023 0.0
9.278174593052023 15.278174593052023 0.0
15.278174593052023 14.278174593052023 0.0
14.278174593052023 14.278174593052023 0.0
13.278174593052023 14.278174593052023 0.0
12.278174593052023 14.278174593052023 0.0
11.278174593052023 14.278174593052023 0.0
10.278174593052023 14.278174593052023 0.0
15.278174593052023 13.278174593052023 0.0
14.278174593052023 13.278174593052023 0.0
13.278174593052023 13.278174593052023 0.0
12.278174593052023 13.278174593052023 0.0
11.278174593052023 13.278174593052023 0.0
15.278174593052023 12.278174593052023 0.0
14.278174593052023 12.278174593052023 0.0
13.278174593052023 12.278174593052023 0.0
12.278174593052023 12.278174593052023 0.0
15.278174593052023 11.278174593052023 0.0
14.278174593052023 11.278174593052023 0.0
13.278174593052023 11.278174593052023 0.0
15.278174593052023 10.278174593052023 0.0
14.278174593052023 10.278174593052023 0.0
15.278174593052023 9.278174593052023 0.0
15.278174593052023 0.5 0.0
14.278174593052023 0.5 0.0
13.278174593052023 0.5 0.0
12.278174593052023 0.5 0.0
11.278174593052023 0.5 0.0
10.278174593052023 0.5 0.0
9.278174593052023 0.5 0.0
15.278174593052023 1.5 0.0
14.278174593052023 1.5 0.0
13.278174593052023 1.5 0.0
12.278174593052023 1.5 0.0
11.278174593052023 1.5 0.0
10.278174593052023 1.5 0.0
15.278174593052023 2.5 0.0
14.278174593052023 2.5 0.0
13.278174593052023 2.5 0.0
12.278174593052023 2.5 0.0
11.278174593052023 2.5 0.0
15.278174593052023 3.5 0.0
14.278174593052023 3.5 0.0
13.278174593052023 3.5 0.0
12.278174593052023 3.5 0.0
15.278174593052023 4.5 0.0
14.278174593052023 4.5 0.0
13.278174593052023 4.5 0.0
15.278174593052023 5.5 0.0
14.278174593052023 5.5 0.0
15.278174593052023 6.5 0.0
0.5 0.5 0.0
1.5 0.5 0.0
2.5 0.5 0.0
3.5 0.5 0.0
4.5 0.5 0.0
5.5 0.5 0.0
6.5 0.5 0.0
0.5 1.5 0.0
1.5 1.5 0.0
2.5 1.5 0.0
3.5 1.5 0.0
4.5 1.5 0.0
5.5 1.5 0.0
0.5 2.5 0.0
1.5 2.5 0.0
2.5 2.5 0.0
3.5 2.5 0.0
4.5 2.5 0.0
0.5 3.5 0.0
1.5 3.5 0.0
2.5 3.5 0.0
3.5 3.5 0.0
0.5 4.5 0.0
1.5 4.5 0.0
2.5 4.5 0.0
0.5 5.5 0.0
1.5 5.5 0.0
0.5 6.5 0.0
7.889087296526012 14.960155108391486 45.0
7.181980515339464 14.253048327204938 45.0
6.474873734152916 13.545941546018392 45.0
5.767766952966369 12.838834764831844 45.0
5.060660171779821 12.131727983645296 45.0
4.353553390593274 11.424621202458749 45.0
3.646446609406726 10.7175144212722 45.0
2.9393398282201786 10.010407640085655 45.0
2.232233047033631 9.303300858899107 45.0
1.5251262658470837 8.596194077712559 45.0
0.8180194846605361 7.889087296526012 45.0
8.596194077712559 14.253048327204938 45.0
7.889087296526012 13.545941546018392 45.0
7.181980515339464 12.838834764831844 45.0
6.474873734152916 12.131727983645296 45.0
5.767766952966369 11.424621202458749 45.0
5.060660171779821 10.7175144212722 45.0
4.353553390593274 10.010407640085655 45.0
3.646446609406726 9.303300858899107 45.0
2.9393398282201786 8.596194077712559 45.0
2.232233047033631 7.889087296526012 45.0
1.5251262658470837 7.181980515339464 45.0
9.303300858899107 13.545941546018392 45.0
8.596194077712559 12.838834764831844 45.0
7.889087296526012 12.131727983645296 45.0
7.181980515339464 11.424621202458749 45.0
6.474873734152916 10.7175144212722 45.0
5.767766952966369 10.010407640085655 45.0
5.060660171779821 9.303300858899107 45.0
4.353553390593274 8.596194077712559 45.0
3.646446609406726 7.889087296526012 45.0
2.9393398282201786 7.181980515339464 45.0
2.232233047033631 6.474873734152916 45.0
10.010407640085655 12.838834764831844 45.0
9.303300858899107 12.131727983645296 45.0
8.596194077712559 11.424621202458749 45.0
7.889087296526012 10.7175144212722 45.0
7.181980515339464 10.010407640085655 45.0
6.474873734152916 9.303300858899107 45.0
5.767766952966369 8.596194077712559 45.0
5.060660171779821 7.889087296526012 45.0
4.353553390593274 7.181980515339464 45.0
3.646446609406726 6.474873734152916 45.0
2.9393398282201786 5.767766952966369 45.0
10.7175144212722 12.131727983645296 45.0
10.010407640085655 11.424621202458749 45.0
9.303300858899107 10.7175144212722 45.0
8.596194077712559 10.010407640085655 45.0
7.889087296526012 9.303300858899107 45.0
7.181980515339464 8.596194077712559 45.0
6.474873734152916 7.889087296526012 45.0
5.767766952966369 7.181980515339464 45.0
5.060660171779821 6.474873734152916 45.0
4.353553390593274 5.767766952966369 45.0
3.646446609406726 5.060660171779821 45.0
11.424621202458749 11.424621202458749 45.0
10.7175144212722 10.7175144212722 45.0
10.010407640085655 10.010407640085655 45.0
9.303300858899107 9.303300858899107 45.0
8.596194077712559 8.596194077712559 45.0
7.889087296526012 7.889087296526012 45.0
7.181980515339464 7.181980515339464 45.0
6.474873734152916 6.474873734152916 45.0
5.767766952966369 5.767766952966369 45.0
5.060660171779821 5.060660171779821 45.0
4.353553390593274 4.353553390593274 45.0
12.131727983645296 10.7175144212722 45.0
11.424621202458749 10.010407640085655 45.0
10.7175144212722 9.303300858899107 45.0
10.010407640085655 8.596194077712559 45.0
9.303300858899107 7.889087296526012 45.0
8.596194077712559 7.181980515339464 45.0
7.889087296526012 6.474873734152916 45.0
7.181980515339464 5.767766952966369 45.0
6.474873734152916 5.060660171779821 45.0
5.767766952966369 4.353553390593274 45.0
5.060660171779821 3.646446609406726 45.0
12.838834764831844 10.010407640085655 45.0
12.131727983645296 9.303300858899107 45.0
11.424621202458749 8.596194077712559 45.0
10.7175144212722 7.889087296526012 45.0
10.010407640085655 7.181980515339464 45.0
9.303300858899107 6.474873734152916 45.0
8.596194077712559 5.767766952966369 45.0
7.889087296526012 5.060660171779821 45.0
7.181980515339464 4.353553390593274 45.0
6.474873734152916 3.646446609406726 45.0
5.767766952966369 2.9393398282201786 45.0
13.545941546018392 9.303300858899107 45.0
12.838834764831844 8.596194077712559 45.0
12.131727983645296 7.889087296526012 45.0
11.424621202458749 7.181980515339464 45.0
10.7175144212722 6.474873734152916 45.0
10.010407640085655 5.767766952966369 45.0
9.303300858899107 5.060660171779821 45.0
8.596194077712559 4.353553390593274 45.0
7.889087296526012 3.646446609406726 45.0
7.181980515339464 2.9393398282201786 45.0
6.474873734152916 2.232233047033631 45.0
14.253048327204938 8.596194077712559 45.0
13.545941546018392 7.889087296526012 45.0
12.838834764831844 7.181980515339464 45.0
12.131727983645296 6.474873734152916 45.0
11.424621202458749 5.767766952966369 45.0
10.7175144212722 5.060660171779821 45.0
10.010407640085655 4.353553390593274 45.0
9.303300858899107 3.646446609406726 45.0
8.596194077712559 2.9393398282201786 45.0
7.889087296526012 2.232233047033631 45.0
7.181980515339464 1.5251262658470837 45.0
14.960155108391486 7.889087296526012 45.0
14.253048327204938 7.181980515339464 45.0
13.545941546018392 6.474873734152916 45.0
12.838834764831844 5.767766952966369 45.0
12.131727983645296 5.060660171779821 45.0
11.424621202458749 4.353553390593274 45.0
10.7175144212722 3.646446609406726 45.0
10.010407640085655 2.9393398282201786 45.0
9.303300858899107 2.232233047033631 45.0
8.596194077712559 1.5251262658470837 45.0
7.889087296526012 0.8180194846605361 45.0
