237 15.911191683001825
0.5000000000000011 15.40905321993154 4.9671105774871934e-18
1.5000000000000033 15.411191683001823 1.4919930230949918e-17
2.5000000000000053 13.41119168300182 9.10620116976097e-18
3.500000000000008 15.409631520594884 89.99999999999999
4.50000000000001 15.411191683001823 1.0086363403227818e-14
5.500000000000012 15.41119059348329 0.0
6.500000000000014 15.411191683001823 9.294225233642791e-15
7.500000000000018 15.411191683001823 1.546461277037197e-14
8.50000000000002 15.410837330913596 3.0218449224565007e-14
9.500000000000021 15.411191683001823 3.359239102219759e-14
10.500000000000025 15.400663711205864 3.7505578106782134e-14
11.500000000000027 15.411191683001823 6.466839389425035e-14
12.50000000000003 15.411191683001823 6.348454673270488e-14
0.5000000000000011 14.4090521275442 0.0
1.5000000000000033 14.411191683001821 8.074042056596599e-19
2.5000000000000053 15.411191683001823 90.0
3.500000000000008 14.40963090903916 89.99999999999999
4.50000000000001 14.411191683001821 1.689126835749892e-14
5.500000000000012 14.411189804808577 2.842170943040401e-14
6.500000000000014 14.411191683001821 1.4154275373130547e-14
7.500000000000017 14.411191683001821 1.5529738135046387e-14
8.50000000000002 14.410836513009428 4.263256414560601e-14
9.500000000000023 14.411191683001821 4.094195533957718e-14
10.500000000000025 14.400627900970559 2.899176575192708e-14
11.500000000000027 14.411191683001821 6.900200475011746e-14
0.5000000000000011 13.409051439562049 90.0
1.5000000000000033 13.41119168300182 90.0
2.5000000000000053 14.411191683001821 90.0
3.500000000000008 13.409630305071076 1.884561531044077e-14
4.50000000000001 13.41119168300182 2.842170943040401e-14
5.500000000000012 13.41118835204303 5.3368092387342714e-14
6.500000000000015 13.41119168300182 1.3508676879828177e-14
7.500000000000018 13.41119168300182 1.719519577272927e-14
8.500000000000021 13.41083578945025 5.261743674812738e-14
9.500000000000023 13.41119168300182 3.559078730790728e-14
10.513394564322299 13.390983716140353 1.1142362658024603
0.5000000000000011 12.409051224073583 0.0
1.5000000000000033 12.411191683001817 90.0
2.5000000000000053 12.411191683001817 90.0
3.500000000000008 12.409630114555 2.811715087564339e-14
4.50000000000001 12.411191683001817 1.7376222853375994e-14
5.500000000000012 12.411188135988006 5.755680862511193e-14
6.500000000000015 12.411191683001817 1.3170487967805027e-14
7.500000000000018 12.411191683001817 1.297339529421383e-14
8.500000000000021 12.410835557284182 5.716280594474297e-14
9.500000000000023 12.411191683001816 3.19570877988062e-14
0.5000000000000011 11.409050910603002 1.936985754920029e-15
1.5000000000000033 11.411191683001814 90.0
2.5000000000000053 8.411191683001809 2.8676022351972195e-16
3.500000000000008 11.409630083867729 0.0
4.50000000000001 10.411191683001812 1.3690256892680857e-15
5.500000000000012 11.411187261162185 2.6198761917492054e-14
6.500000000000015 10.411191683001812 1.129712990392975e-14
7.500000000000018 11.411191683001814 1.4550561203425182e-14
8.50000017106685 11.410835413602758 89.99998959929036
0.5000000000000011 10.40905076969861 0.0
1.5000000000000033 10.411191683001812 0.0
2.5000000000000053 11.411191683001814 0.0
3.500000000000008 10.409630055400891 1.5965422566814734e-14
4.50000000000001 11.411191683001814 0.0
5.500000000000012 10.411186023013428 8.618128353129195e-15
6.500000000000015 11.411191683001814 1.122022781285151e-14
7.500000000000018 10.411191683001812 9.701802537265109e-15
0.5000000000000011 9.409050662906239 0.0
1.5000000000000033 9.41119168300181 0.0
2.5000000000000053 10.411191683001812 90.0
3.500000000000008 9.409630055400886 90.0
4.50000000000001 9.41119168300181 89.99999999999999
5.500000000000012 9.409792414189328 1.1294746196198638e-14
6.500000000000014 9.41119168300181 9.704131300986997e-15
0.5000000000000011 8.409050632218968 0.0
1.5000000000000033 8.411191683001809 90.0
2.5000000000000053 9.41119168300181 90.0
3.5000000000000084 8.409630055400875 89.99999999999997
4.50000000000001 8.411191683001807 89.99999999999999
5.50002232367561 8.408735296193678 89.99745005164554
0.5000000000000011 7.409050603752144 7.816729110230654e-16
1.5000000000000033 7.411191683001806 90.0
2.5000000000000053 7.411191683001806 2.961162678201002e-15
3.500000000000008 7.409630055400871 5.709715041936954e-16
4.50000000000001 7.411191683001805 89.99999999999997
0.5000000000000011 6.409050603752111 2.3393307971836182e-15
1.5000000000000033 6.411191683001803 90.0
2.5000000000000053 6.411191683001803 90.0
3.5000000868810712 6.409630003701322 3.84917178559225e-06
0.5000000000000011 5.409050569335196 0.0
1.5000000000000033 5.411191683001801 90.0
2.5000000000000053 5.411191683001801 90.0
0.5000000000000011 4.409050532697818 0.0
1.5000000000000033 4.411191683001799 90.0
0.501550057661296 3.407500470696148 0.17789659234122224
15.410331275045689 0.5000000000000011 2.40062917848033e-15
14.41033050776896 0.5000000000000011 90.0
13.410329879008152 0.5000000000000011 90.0
12.410328784293805 0.5000000000000011 1.4490149171287787e-16
11.410328141467337 0.5000000000000011 1.2318508378818246e-15
10.410327834890381 0.5000000000000011 90.0
9.410327645282361 0.5000000000000011 90.0
8.410327543700063 0.5000000000000011 1.9829130428273717e-15
7.410327513012794 0.5000000000000011 7.199161234173463e-18
6.410327484545958 0.5000000000000011 0.0
5.4103274845459515 0.5000000000000011 0.0
4.410327450129009 0.5000000000000011 0.0
3.4103274134916433 0.5000000000000011 0.0
2.4103273057999925 0.5000000133660611 89.99999918448728
15.411191683001823 1.5000000000000033 3.17688183030963e-15
14.411191683001821 1.5000000000000033 1.4143963106446625e-17
13.41119168300182 1.5000000000000033 0.0
12.411191683001817 1.5000000000000033 90.0
11.411191683001814 1.5000000000000033 90.0
10.411191683001812 1.5000000000000033 90.0
9.41119168300181 1.5000000000000033 90.0
8.411191683001809 1.5000000000000033 90.0
7.411191683001806 1.5000000000000033 1.2688344304376165e-17
6.411191683001803 1.5000000000000033 5.489876826528151e-18
5.411191683001801 1.5000000000000033 5.489876826528151e-18
4.411191683001799 1.5000000000000033 5.48987682652815e-18
3.4111916830017965 1.5000000000000033 2.7427959762748575e-18
15.409792416143873 2.5000000000000053 89.99999999999999
14.40921293430671 2.5000000000000053 90.0
13.407015547269056 2.5000000000000053 6.557982796913319e-16
12.406759408210897 2.5000000000000053 89.99999999999999
4.378742319083822 2.513761826344768 88.40056046409084
11.404301725611333 2.5000000000000053 89.99999999999999
10.404179926425444 2.5000000000000053 3.117933877992816e-15
9.401982539367634 2.5000000000000053 89.99999999999999
8.399759406256255 2.5000000000000053 89.99999999999999
7.396936634108931 2.5000000000000053 89.99999999999999
6.396734016507182 2.500000000000012 7.245099950479759e-13
5.393512183386945 2.5000000000000053 89.99999999999999
15.411191683001823 3.5000000000000084 90.0
14.411191683001821 3.500000000000008 1.9763190783566934e-15
13.41119168300182 3.500000000000008 1.4645536869381141e-15
12.411191683001817 3.500000000000008 1.6759946805625809e-15
11.411191683001814 3.500000000000008 90.0
10.411191683001812 3.500000000000008 3.321500815964037e-15
9.41119168300181 3.500000000000008 3.390700384799659e-15
8.411191683001809 3.500000000000008 3.7784061391620346e-15
7.411191683001806 3.500000000000008 4.702771670166995e-15
6.411191683001803 3.5000000568208938 1.3208803188202402e-15
5.411191683001801 3.500000000000008 90.0
15.411191683001823 4.50000000000001 90.0
14.411191683001821 4.50000000000001 1.4477845854646328e-15
13.41119168300182 4.50000000000001 1.844193874561267e-15
12.411191683001817 4.50000000000001 1.971216417267223e-16
11.411191683001814 4.50000000000001 90.0
10.411191683001812 4.50000000000001 3.666851948919365e-15
9.41119168300181 4.50000000000001 5.3817974882612224e-15
8.411191683001809 4.50000000000001 1.960107229359022e-15
7.411191683001806 4.50000000000001 1.3481385985830627e-15
6.411191683001802 4.5000000568208955 3.300711483626728e-14
15.411191683001823 5.500000000000012 1.5015620947719061e-15
14.411191683001821 5.500000000000012 1.426283474196562e-15
13.41119168300182 5.500000000000012 1.5597980838631274e-15
12.411191683001817 5.500000000000012 90.0
11.411191683001814 5.500000000000012 1.6508271731462288e-16
10.411191683001812 5.500000000000012 2.551922442906674e-15
9.41119168300181 5.500000000000012 1.6734536420649587e-15
8.411191683001809 5.500000000000012 2.4685923124309066e-15
7.411191683001806 5.500000000000012 3.733673388951832e-15
15.411191683001823 6.500000000000015 3.4328977248626982e-15
14.411191683001821 6.500000000000014 90.0
13.41119168300182 6.500000000000014 4.0622116543943535e-17
12.411191683001817 6.500000000000014 90.0
11.411191683001814 6.500000000000014 3.4263206531768457e-16
10.411191683001812 6.500000000000014 2.187516033618002e-15
9.41119168300181 6.500000000000014 3.627553641883375e-15
8.411191683001809 6.500000000000014 1.673453642062383e-15
15.405997423046658 7.500000000000018 1.332414388953188e-14
14.403734020370829 7.500000000000018 2.0276127924656176e-15
13.402708631050594 7.500000000000017 89.99999999999999
12.399708629654993 7.500000000000017 89.99999999999997
11.399073950784256 7.500000000000017 89.99999999999996
10.396800310611898 7.500000000000017 89.99999999999994
9.394598986915208 7.512740177586315 89.97929213214117
15.411191683001823 8.500000000000021 1.38315372446548e-14
14.411191683001821 8.500000000000021 1.6588742164495076e-14
13.41119168300182 8.50000000000002 1.5894787945560095e-14
12.411191683001817 8.50000000000002 1.007884692433995e-14
11.411191682446708 9.500000153653437 6.361049700551404e-08
10.411191683001812 8.50000000000002 1.6365274610832685e-14
15.411191683001823 9.500000085287743 1.1695504197442972e-14
14.411191683001821 9.500000000000023 7.0134314335276296e-15
13.41119168300182 9.500000000000021 6.844285427530392e-15
12.411191683001817 9.500000000000021 1.269275701704461e-14
11.411191683001814 8.50000011701607 1.830874441940702e-14
12.411191683001817 10.500000000000023 1.2529223480143479e-14
15.411191683001823 10.500000281866745 1.6062192858938868e-14
14.411191683001821 10.500000000000025 8.364720006597786e-15
13.41119168300182 10.500000000000025 8.730404348119424e-15
15.411191683001823 11.500000721251508 3.1671030116364233e-15
14.411191683001821 11.500000000000027 89.99999999999997
13.41119168300182 11.500000000000027 4.109755898749024e-15
15.411191683001823 12.500001250624498 89.99999999999999
14.411191683001821 12.500000000000032 89.99999999999999
15.411191683001823 13.500001673937735 0.0
15.410821972217253 14.500002438580655 89.99995137157029
14.409241242596524 15.20409222890879 45.27830741064335
0.5000000000000011 0.5000000000000011 0.0
14.204098041292115 13.992191911960989 44.65071105649793
13.492693732150771 13.289408937682918 44.65071105649793
12.787348350366885 12.580492708632564 44.65071105649793
11.368604794927423 11.162214159865517 45.34928894350204
12.139076752450308 11.810444231201297 44.981159333280154
10.659688487634275 10.456868855376218 45.34928894350192
9.960387540661438 9.742024716767094 45.34928894350192
9.247989362548644 9.0401190871564 45.34928894350192
8.515765247634407 8.35359644753322 44.97945466532931
7.829224745755713 7.621861614225681 44.650711056498224
7.182405368304057 6.850775008566673 44.94003228469967
6.409974047375212 6.204090906364029 45.34928894350185
5.701057789916527 5.498745552644198 45.34928894350172
5.001619516856544 4.784037075900952 45.349288943501755
4.2893586149964325 4.081995833654913 45.349288943501804
3.5555266993903945 3.3975514299803984 45.020590908011165
2.871101492380631 2.6632308667983446 44.650711056498196
2.1877683937242303 1.9320323206684995 44.6507110564982
1.4539246959132812 1.2519640084956867 44.6507110564982
0.7070913592342655 1.9202139758547216 44.62117835318626
1.426959953351154 2.6230823275323747 43.91964155065106
2.133285190258252 3.3400264084288493 44.650711056498196
2.771951710675226 4.129350105124888 45.331155058625654
3.5781083812566465 4.784934773442413 45.34928894350184
4.288950503576629 5.49029500779957 45.50581168724234
4.990435452668942 6.203616892397518 45.45371541615069
5.700639919476793 6.908969457670602 45.34928894350188
6.4115501311728345 7.613640812435547 45.241489681169604
7.119873186857613 8.326776941817794 44.65071105649813
7.719459676487579 9.148300488408601 45.308456564194294
8.53867657933527 9.745019244992266 45.34928894350192
9.24810761325104 10.45036962800548 45.39116885970743
9.913822067756684 11.198556326866905 45.37352716184511
10.659778937407657 11.867607216717639 45.34928894350204
11.388010278696381 12.558333057784568 44.96159691664133
12.078501638679365 13.285906765315362 44.65071105649793
12.70709369579614 14.072518454151995 44.650687329634074
13.495251839126603 14.697606471991023 44.65071105649793
