241 15.988132439537539
15.177488370126266 0.5 0.0
15.488132439537534 1.500000000000803 0.0
0.5 15.488132439537532 0.0
6.500000000004819 0.5 1.0601848865027677e-15
5.5000000000040155 0.5 90.0
5.5000000000040155 1.500000000000803 90.0
4.5000000000032125 0.5 0.0
4.5000000000032125 1.500000000000803 90.0
4.5000000000032125 2.500000000001606 90.0
3.5000000000024096 0.5 0.0
3.5000000000024087 1.500000000000803 90.0
3.5000000000024096 2.500000000001606 90.0
3.5000000000024096 3.5000000000024096 90.0
2.500000000001606 0.5 90.0
2.500000000001606 1.500000000000803 90.0
2.500000000001606 3.5000000000024096 3.788411081365788e-15
2.500000000001606 2.500000000001606 1.6146058370510955e-15
1.500000000000803 0.5 6.3611093629270335e-15
1.500000000000803 1.500000000000803 90.0
1.500000000000803 2.5000000000016067 90.0
1.500000000000803 3.5000000000024096 6.492975171143388e-15
1.500000000000803 4.5000000000032125 90.0
1.500000000000803 5.5000000000040155 90.0
1.500000000000803 6.500000000004818 4.436230283724145e-16
0.5 0.5 0.0
0.5 1.500000000000803 0.0
0.5 2.500000000001606 90.0
0.5 3.5000000000024096 90.0
0.5 4.5000000000032125 2.187717843493296e-15
0.5 5.5000000000040155 2.3128601394477653e-15
0.5 6.500000000004818 2.937016672981029e-15
0.5 7.500000000005622 3.781951873631604e-15
15.487544533414617 3.483983217194898 89.9326184804406
15.48813243953753 4.484571123318615 1.6875388136650977e-15
15.488132439537534 5.484571123319419 1.5414307552214907e-16
15.488132439537534 6.4845711233202215 2.175578868795229e-16
15.488132439537534 7.485364311741603 90.0
15.479547657425645 8.48813243953191 5.1660414364696176e-14
15.479057064477072 9.488132439532713 4.882714129182633e-14
15.488132439537534 10.488132439533517 90.0
15.488132439537534 11.48813243953432 90.0
15.488132439537534 12.488132439535123 89.99999999999982
15.488132439537534 13.488132439535926 1.5810613849251353e-13
15.488132439537534 14.488132439536733 9.367877053290817e-14
15.488132439537534 15.488132439537532 89.9999999999998
14.48813243953673 13.488132439535926 2.2493272007588424e-14
14.488132439536727 4.488132439528698 90.0
14.48813243953673 5.488132439529503 3.628211406210587e-15
14.48813243953673 6.488132439530306 90.0
14.488132439536727 7.488132439531111 89.99999999999979
14.475454809703852 8.488132439531919 1.6433480673894928e-13
14.475716116300433 9.488132439532722 6.634364058002029e-14
14.48813243953673 10.488132439533516 4.647605373094039e-14
14.488132439536734 11.48813243953432 5.50184531938692e-13
14.48813243953673 12.48813243953512 89.99999999999984
14.48813243953673 14.488132439536729 90.0
14.48813243953673 15.488132439537532 6.447843415012635e-14
13.488132439535928 5.488132439529508 89.99999999999986
13.488132439535928 6.488132439530309 6.576782461441792e-14
13.488132439535924 7.488132439531113 1.649292440234081e-13
13.473915853619893 8.488132439531915 3.985733174347471e-15
13.472577084219626 9.488132439532718 1.755337226400245e-13
13.488132439535928 10.488132439533523 90.0
13.48813243953592 11.488132439534324 3.1986504627201754e-13
13.488132439535924 12.488132439535123 89.99999999999996
13.488132439535931 13.488132439535926 1.6235793010874932e-13
13.488132439535928 14.488132439536729 90.0
13.488132439535928 15.488132439537532 89.99999999999994
12.488132439535125 6.488132439530295 5.4130632481060474e-14
12.488132439535132 7.488132439531097 89.99999999999982
12.470909244270242 8.488132439531903 89.99999999999932
12.47105560411535 9.488132439532714 89.99999999999996
12.488132439535121 10.488132439533517 3.2178769469133524e-13
12.488132439535121 11.488132439534319 1.1179426040204157e-13
12.488132439535129 12.48813243953512 89.99999999999994
12.488132439535125 13.488132439535926 89.99999999999983
12.488132439535121 14.488132439536729 89.99999999999994
12.488132439535125 15.488132439537532 90.0
11.488132439534315 6.488132439530302 89.99999999999942
11.48813243953433 7.488132439531105 89.99999999999982
11.469471859231206 8.488132439531908 89.99999999999982
11.459862234953341 9.488132439532711 89.99999999999942
11.488132439534319 10.48813243953351 89.99999999999932
11.488132439534315 11.48813243953432 2.16978747315469e-14
11.488132439534322 12.488132439535127 2.5198783549641233e-13
11.488132439534322 13.48813243953593 4.523416266694668e-15
11.488132439534319 14.488132439536733 89.99999999999999
11.488132439534322 15.488132439537532 2.219487191455334e-14
10.469333475618019 6.488132439530318 8.375740429962376e-14
10.488132439533533 7.488132439531118 5.883104367221482e-13
10.468426931626215 8.48813243953192 5.626714479443744e-13
10.457699211947833 9.488132439532723 5.616402024726125e-13
10.48813243953352 10.488132439533528 89.99999999999872
10.488132439533523 11.488132439534331 89.99999999999879
10.488132439533526 12.488132439535123 89.99999999999999
10.48813243953352 13.488132439535926 90.0
10.488132439533516 14.488132439536729 89.99999999999982
10.48813243953352 15.488132439537532 2.945425142662089e-15
9.48813243953273 7.488132439531112 3.771765822212427e-13
9.467637316498923 8.488132439531613 3.478080716300688e-11
9.456017756007917 9.488132439532713 89.99999999999993
9.488132439532734 10.488132439533523 5.466276407724494e-13
9.488132439532702 11.488132439534324 6.320281505268221e-13
9.488132439532723 12.488132439535127 6.336150477384321e-13
9.488132439532738 13.488132439535923 89.99999999999953
9.48813243953271 14.488132439536722 89.99999999999996
9.488132439532716 15.488132439537532 89.99999999999996
8.488132439531928 7.488132439531106 5.336515023220455e-13
8.467637316497818 8.48813243953191 8.873812714984559e-14
8.454126863984115 9.488132439532714 89.99999999999986
8.488132439531935 10.488132439533516 90.0
8.488132439531896 11.488132439534319 1.0546509310277112e-13
8.48813243953192 12.488132439535123 89.99999999999986
8.488132439531903 13.488132439535923 3.7859930238664333e-13
8.488132439531906 14.488132439536729 89.99999999999996
8.48813243953191 15.488132439537532 90.0
7.488132439531125 7.488132439531109 4.67906335587084e-13
7.467637316497011 8.48813243953191 4.674673270869245e-13
7.451396149453812 9.488132439532716 1.2397339002200562e-13
7.488132439531131 10.488132439533517 89.99999999999993
7.488132439531093 11.488132439534322 1.0641755174194204e-13
7.488132439531097 12.488132439535123 1.4260691373920706e-14
7.4881324395311015 13.488132439535926 90.0
7.488132439531103 14.488132439536729 4.818090101395019e-16
7.488132439531103 15.488132439537532 90.0
6.488132439530321 7.4881324395311 4.357986781551251e-13
6.46763731649621 8.488132439531899 1.2598991277343873e-13
6.449172456998096 9.488132439532706 5.722092203714225e-14
6.488132439530314 10.488132439533524 9.941298378416018e-13
6.488132439530289 11.48813243953432 1.152294104225431e-13
6.488132439530294 12.488132439535123 3.722533593458014e-15
6.488132439530298 13.488132439535926 6.08764715295531e-15
6.4881324395302995 14.488132439536729 2.7337765257911236e-15
6.4881324395302995 15.488132439537532 3.686123217083614e-16
5.488132439529502 7.488132439531103 89.99999999999962
5.467637316495403 8.488132439531906 89.99999999999962
5.447570519452927 9.48813243953271 89.99999999999962
5.488132439529502 10.488132439533516 4.986434743717737e-17
5.488132439529488 11.48813243953432 89.99999999999987
5.488132439529491 12.488132439535123 3.906297110361293e-15
5.488132439529491 13.488132439535926 1.0963640983002602e-14
5.488132439529495 14.488132439536729 89.9999999999999
5.488132439529497 15.488132439537532 1.972204993023391e-15
4.488132439528687 12.48813243953513 90.0
4.4881324395287026 13.488132439535933 90.0
4.488132439528688 14.488132439536736 90.0
4.488132439528694 15.488132439537539 2.5351975211596917e-15
3.4881324395278854 14.488132439536736 1.9250181751440553e-15
3.4881324395278934 15.488132439537535 89.99999999999969
2.488132439527093 15.488132439537535 90.0
4.5000000000032125 4.4881324395287 90.0
4.80988882602097 5.488132439529506 89.99999999999956
3.809888826020167 5.50000000000402 89.99999999999956
9.423035866988037 6.4881324395303075 3.5482598772610265e-13
3.5000000000024096 4.5000000000032125 0.0
2.500000000001606 4.5000000000032125 1.0765257612863035e-15
2.500000000001606 5.5000000000040155 0.0
8.37380269287451 6.4881324395303 89.99999999999994
7.373802692873706 6.4881324395303075 89.99999999999994
6.373802692872905 6.483918542317813 1.7067641144872375e-13
5.373802692872098 6.4881324395303075 7.340680827218265e-13
14.121015322757703 0.5000000000000009 3.886647915282319e-14
14.348319574172923 1.6152589266084378 71.888150654046
12.986065478010762 0.6306622297590918 71.888150654046
13.286171636484234 1.584635300789027 71.888150654046
13.586936616293297 2.541157913605753 71.888150654046
11.896534568251163 0.6193534152905764 73.84856759489625
12.222216264537895 1.5661255125826878 73.84856759489625
12.522304049254274 2.5203098081036766 73.84856759489625
12.822391688566164 3.4744941457349503 73.84856759489625
13.130993470365212 4.426212720690977 73.84856759489625
10.766587261915848 0.623966637732936 73.06406769137561
11.130103225639917 1.5586080236039876 73.06406769137561
11.455614973115598 2.504822012095672 73.06406769137561
11.755639082830527 3.4587972000715386 73.06406769137561
12.05566304774473 4.412772432140439 73.06406769137561
9.716941730673948 0.6248705407261124 72.90798686814348
10.012944329953186 1.5800601907799132 72.90798686814348
10.376400945931998 2.5145085680615917 72.90798686814348
10.701885152737066 3.4606329897809944 72.90798686814348
11.001903053288174 4.414587984538981 72.90798686814348
11.301920809159746 5.368543023784127 72.90798686814348
8.670437823323397 0.6245458032486821 72.96415285112663
8.96539570046533 1.5817147777784442 72.78237532264893
9.26139758840133 2.536902132353415 72.78237532264893
9.627039379596976 3.473724735758622 72.37292141329216
9.95244033052952 4.419648486240542 72.37847288476895
10.252453272828475 5.373587870959027 72.37847288476895
7.918569388770828 1.582001075393812 72.78237532264896
8.214571276706828 2.537188429968783 72.78237532264893
8.510573164642825 3.4923757845437535 72.78237532264892
8.880834128522245 4.427687311994845 72.37847288476895
9.203489126390757 5.374434849393738 72.37847288476895
7.162349074343739 2.5200623841385044 72.78237532264893
7.458350962279737 3.475249738713476 72.78237532264893
7.754352850215735 4.430437093288447 72.78237532264893
8.1248544543433 5.362537818274163 72.78237532264774
6.866347186407741 1.5648750295635336 72.78237532264893
6.402281862393719 3.4457098941271456 72.78237532264893
6.6982837503297175 4.400897248702117 72.78237532264893
6.992468300956133 5.357556698279538 72.69598917820781
5.6422146504437 4.371357404115785 72.78237532264893
5.8750247025687345 5.441037961841545 84.4310831751335
12.364165801802187 5.364165801796558 73.06406769137561
7.624545803254303 0.6245458032486821 72.96415285112663
14.648267571819297 2.5692837287711425 71.888150654046
13.895383499148721 3.4924029063351982 71.888150654046
6.106279974457723 2.490522539552174 72.78237532264893
5.346212762507704 3.4161700495408134 72.78237532264893
3.3023416824791525 6.545241752721246 24.310766280341504
4.212296920605085 6.959961597914154 24.310766280341504
2.4351720636875074 7.250809489130711 24.501530305581305
3.345122258251913 7.665527035677522 24.501530305581298
4.327782164307435 8.10904433271352 24.047357593577157
1.5698174727228018 7.9553780149395426 24.501530305581305
2.4797676672872075 8.370095561486355 24.5015303055813
3.3897178618516133 8.784813108033166 24.501530305581298
4.308808517430333 9.19611345449898 23.705268081959904
0.6560601967607997 8.656060196767223 23.09584884285631
1.583800800547694 9.06071228204323 24.5015303055813
2.493750995112098 9.475429828590043 24.5015303055813
3.4037011896765046 9.890147375136856 24.501530305581294
4.335405506596836 10.300880574804728 22.382869982145564
0.6577612684275325 9.747441807645197 23.468339797559874
1.5795467177861662 10.157734694037762 24.5015303055813
2.489496912350572 10.572452240584575 24.501530305581305
3.397168061540687 10.992170341843924 24.501530305581305
0.6598515326542014 10.84294670359071 23.93463596964293
1.5751893938312458 11.25565121885545 24.403308242869368
2.482870452563752 11.675373836473089 24.403308242869368
0.661035755702776 11.940927891591153 24.20323599810519
1.5687452931889263 12.360663429727156 24.203235998105193
2.4348547488643666 12.872949367379173 24.203235998105193
3.3270966838251237 13.327096683833156 24.203235998105193
0.6659654782772657 13.050464480810438 25.359041583398263
1.5302141722923999 13.561868493408726 25.359041583398263
2.4217572025924863 14.015684557589212 25.359041583398263
4.438639021221049 11.43863902122669 5.995910775069948
3.3486287608244956 12.187500462145517 24.403308242869368
1.5651168598308205 14.717680981187632 27.373032044464868
0.6739068753313298 14.264037352724676 27.373032044464864
