240 15.969685337536875
0.5000000000000782 15.39593985435777 0.0
1.5000000000004405 15.46968533753686 0.0
15.085065509509622 0.5000000000000783 0.0
15.46968533753686 1.5000000000004405 0.0
0.5000000000000782 8.500000000003034 0.0
0.513033501930714 7.50000000000267 0.0
0.5000000000000782 6.5000000000023075 0.0
1.5000000000004157 6.500000000002228 89.99999999999699
0.5000000000001066 5.5000000000019185 89.99999999999699
1.500000000000469 5.500000000001865 89.99999999999699
2.5000000000008047 5.524026203416547 0.0
0.5000000000001066 4.500000000001556 89.99999999999699
1.500000000000469 4.500000000001503 89.99999999999697
2.5000000000008047 4.500995900260669 0.0
0.5000000000001066 3.500000000001192 89.99999999999697
1.5000000000004938 3.5000000000011138 3.97412128177404e-14
2.500000000000858 3.5006975414754393 89.99999999999997
3.5000000000012026 3.6384253095613355 90.0
4.500000000001556 3.5000000000011795 1.4658714768060888e-12
0.5000000000001066 2.5000000000008296 89.999999999997
14.469685337536504 11.469685337535415 89.9999999999994
1.5000000000004157 2.500000000000777 89.999999999997
2.500000000000867 2.5005931853432344 89.99999999999999
3.500000000001233 2.5035024378749116 89.99999999999997
5.504207127822255 2.5004218570414585 0.006260248505489807
0.5000000000001066 1.5000000000004672 89.99999999999702
1.500000000000469 1.5000000000004148 89.99999999999702
2.5000000000008047 1.5003957121025273 5.012150871328341e-15
3.500000000001167 1.500232217492516 6.680581446076964e-15
4.500000000001529 1.5000000000004405 9.508422016994956e-16
5.500000000001892 1.5000000000004148 3.012096563977855e-15
6.500000000002256 1.5000000000004405 90.0
0.5000000000000533 0.5000000000001049 89.99999999999702
1.5000000000004157 0.5000000000000525 89.99999999999702
2.5000000000007656 0.5000000000001174 89.99999999999551
3.500000000001128 0.5000000000000392 89.99999999999551
4.50000000000149 0.5000000000000392 89.99999999999551
5.500000000001906 0.5000000000000916 1.4999874542602927e-12
6.500000000002281 0.5000000000000783 90.0
7.500000000002647 0.5000000000000818 89.99999999999962
8.500000000003011 0.5000000000000818 89.99999999999962
3.4696853375325105 15.46968533753686 90.0
4.469685337532871 15.469685337536857 1.6310427753995766e-13
5.46968533753323 15.469685337536857 89.99999999999976
6.469685337533598 15.46968533753686 2.472886609750022e-13
7.46968533753396 15.469685337536864 2.6277264132578673e-13
8.46968533753432 15.46968533753686 1.2961169057767265e-15
9.469685337534683 15.46968533753686 2.671498877590823e-14
10.469685337535047 15.46968533753686 2.0956240370140009e-16
11.46968533753541 15.46968533753686 90.0
12.469685337535754 15.440709327393822 2.1753999748228745e-12
13.469685337536136 15.46968533753686 90.0
14.469685337536506 15.469685337536868 89.99999999999922
15.469685337536868 15.469685337536857 89.99999999999918
4.469685337532871 14.469685337536491 89.99999999999974
5.4696853375332335 14.469685337536495 2.421281674641533e-13
6.469685337533601 14.469685337536497 89.99999999999999
7.469685337533971 14.469685337536497 89.99999999999994
8.469685337534335 14.469685337536497 89.99999999999999
9.469685337534695 14.469685337536493 89.99999999999966
10.469685337535061 14.469685337536497 1.0704434456088984e-13
11.469685337535427 14.469685337536491 5.681591288244763e-13
12.469685337535777 14.437395355728368 89.99999999999915
13.469685337536129 14.469685337536504 7.851498550845115e-13
14.469685337536498 14.469685337536497 90.0
15.469685337536868 14.469685337536495 89.99999999999918
5.469685337533228 13.46968533753613 4.684051507678832e-13
6.469685337533612 13.46968533753613 4.686931859977839e-13
7.469685337533958 13.469685337536134 89.99999999999983
8.469685337534322 13.469685337536143 89.9999999999999
9.469685337534685 13.469685337536127 90.0
10.469685337535047 13.469685337536134 90.0
11.469685337535335 13.46968533753621 89.99999999999129
12.46968533753577 13.435758775954506 3.330546279352678e-13
13.469685337536129 13.469685337536141 7.609140343465121e-13
14.469685337536493 13.469685337536148 89.99999999999946
15.469685337536855 13.469685337536129 89.99999999999945
6.469685337533596 12.469685337535767 1.9138079952733968e-13
7.469685337533949 12.46968533753577 89.99999999999899
8.469685337534303 12.469685337535774 7.115846146553445e-13
9.469685337534678 12.469685337535765 89.99999999999928
10.469685337535054 12.469685337535772 90.0
11.469685337535415 12.46968533753577 4.5333828196051404e-14
12.469685337535772 12.433690808932964 89.99999999999991
13.469685337536141 12.469685337535777 6.019065625831724e-13
14.469685337536504 12.469685337535786 5.770605602428534e-13
15.46968533753686 12.469685337535772 2.515891465792127e-15
6.469685337533596 11.469685337535402 89.99999999999994
7.469685337533958 11.469685337535408 89.99999999999999
4.5036801558167845 2.500000000000803 89.99999999999997
8.46968533753432 11.469685337535404 90.0
9.469685337534685 11.46968533753541 90.0
10.469685337535047 11.46968533753541 90.0
11.46968533753541 11.469685337535408 90.0
12.469685337535772 11.429750230537618 1.1029059448357814e-13
13.469685337536138 11.469685337535424 89.9999999999994
15.46968533753686 11.46968533753541 4.5585721750544344e-15
6.467612224370368 10.46968533753504 3.203459859344974e-13
7.468621115736877 10.469685337535044 1.2028548177246533e-13
8.46892707658563 10.469685337535047 89.99999999999947
9.469066053908893 10.46968533753505 89.99999999999989
10.469167015779911 10.469685337535047 89.99999999999972
11.469310476343553 10.469685337535045 89.99999999999997
12.469685337535774 10.41955787598267 89.99999999999991
13.469685337536127 10.469685337535058 89.99999999999892
14.46968533753649 10.469685337535056 89.99999999999892
15.46968533753686 10.469685337535047 1.4427409779067815e-13
6.469685337533599 9.469685337534678 3.2324618355455753e-13
7.46968533753396 9.46968533753468 90.0
9.469685337534687 9.469685337534685 89.99999999999982
10.469685337535047 9.469685337534685 89.99999999999996
11.469685337535408 9.469685337534683 89.99999999999996
12.469685337535774 9.419327057762864 89.99999999999997
8.469685337534322 9.469685337534683 90.0
13.469685337536138 9.469685337534687 89.99999999999989
14.469685337536502 9.469685337534704 1.4343516920656917e-13
15.46968533753686 9.469685337534687 1.4493791061632056e-15
6.469685337533603 8.324888622919195 1.481766505208793e-13
7.469685337533965 8.469685337534315 89.99999999999999
8.469685337534322 8.469685337534319 89.99999999999925
9.469685337534685 8.46968533753432 89.99999999999993
10.469685337535049 8.46968533753432 1.0558196208401069e-13
11.46968533753541 8.469685337534319 89.99999999999997
12.469685337535774 8.419150243291197 89.99999999999996
13.469685337536136 8.469685337534322 89.99999999999999
14.469685337536498 8.469685337534342 89.99999999999996
15.46968533753686 8.469685337534322 90.0
6.466405878617852 7.321609164003087 89.62295838998745
7.469685337533962 7.469685337533952 89.99999999999984
8.469685337534322 7.469685337533951 89.99999999999996
9.469685337534687 7.469685337533959 89.9999999999999
10.469685337535049 7.469685337533961 2.3921674230247084e-13
11.46968533753541 7.469685337533957 89.99999999999997
12.469685337535772 7.418990383360816 3.714861690366845e-15
13.469685337536134 7.46968533753396 89.99999999999996
14.469685337536498 7.469685337533979 1.1814975830616641e-14
15.46968533753686 7.46968533753396 90.0
10.469685337535047 6.469685337533596 89.99999999999996
11.46968533753541 6.469685337533594 89.99999999999996
12.469685337535775 6.4188625447804455 89.99999999999952
13.469685337536127 6.469685337533589 89.99999999999899
14.469685337536507 6.4696853375336065 89.99999999999888
15.469685337536863 6.469685337533599 2.2199745504200766e-13
13.469685337536127 5.469685337533226 89.99999999999899
14.469685337536488 5.469685337533243 89.99999999999892
15.46968533753685 5.4696853375332255 89.99999999999888
14.469685337536488 4.469685337532882 89.99999999999882
15.46968533753685 4.469685337532863 89.99999999999882
15.46968533753685 3.4696853375325007 89.99999999999882
3.500000000001167 5.102776999842598 2.5444437451708134e-14
4.563625727827613 4.6543044606493575 67.28239896175313
4.949815152013496 5.576723957758835 67.28239896175313
5.511139789527343 4.3280537975994635 67.28239896175313
5.897329213713226 5.250473294708941 67.28239896175313
5.41633698964994 12.416336989652478 6.494899602824596
12.469685337535763 5.418579612181017 89.99999999999878
0.6549711836943608 13.944234106645323 22.860513856289817
1.5840172029638993 14.314714153842216 22.860513856289817
0.6416482997942854 12.849562081451891 20.152268225420983
1.5708759285572906 13.220108776208951 20.152268225420983
2.5147511340046584 13.550741947118055 20.152268225420983
0.6289463081343278 11.768901094794897 17.80602048210429
1.5715511966339015 12.104251068990964 17.80602048210429
2.5026330242881585 12.475478222846325 17.80602048210429
3.447619017650119 12.803414600248766 17.80602048210429
4.363694752042665 13.221363394401058 17.80602048210429
0.6293503740291548 10.680086547914739 17.877750166112857
1.5700929027456585 11.021086126327376 17.877750166112857
2.5126615519726663 11.356424411096418 17.877750166112857
3.443662243132863 11.727625393368873 17.877750166112857
4.388621274704507 12.055553073911303 17.877750166112857
0.6293503740291548 9.629350374032471 17.877750166112857
1.5810640628288049 9.936337433290815 17.877750166112857
2.5218065915453085 10.277337011703453 17.877750166112857
3.4643752407723163 10.612675296472494 17.877750166112857
4.395375931932513 10.98387627874495 17.877750166112857
5.340334963504159 11.311803959287374 17.877750166112737
1.5764660669257573 8.86435069700877 19.16217816193433
2.5210593213955406 9.192593874563023 19.16217816193433
3.4612824825321233 9.533412974379242 19.16217816193433
4.403457716147949 9.868614548463869 19.16217816193433
5.3332671215211285 10.239401562681548 19.162178161934204
2.5511706046311105 8.14440072684992 19.16217816193433
3.4957638591008937 8.47264390440417 19.16217816193433
4.435987020237475 8.813463004220392 19.16217816193433
5.3781622538533025 9.148664578305018 19.16217816193433
1.636418216012549 7.7302837748561615 19.16217816193433
3.450241327257867 7.3940669978469895 18.716511572200005
4.394863157678023 7.7223201054538935 18.716511572200005
5.335212716654656 8.06318312812099 18.716511572200005
4.377683616574579 6.654130013305047 19.375927968580807
5.322283473175819 6.982375393084134 19.375927968580807
2.5507589700107225 14.691141972084251 27.28039315749159
3.4355604093061274 13.96499911002917 21.100233794098973
2.534792392999355 6.9797079984396095 18.716511572200005
3.458356023999489 6.2367788944954485 18.716511572200005
13.869878858569887 0.6556129251444541 67.00109640971174
14.295285782130415 1.5735328622746891 65.68998938025287
12.769878577970893 0.6579283202316671 66.49474889989028
13.173526484611656 1.5728577900568093 66.49474889989028
13.539145638984767 2.5043267763704637 66.49474889989028
11.679394013399264 0.6579283202316671 66.49474889989028
12.078227128276048 1.5749518458177922 66.49474889989028
12.44866107441314 2.5043267763704637 66.49474889989028
12.847494189289922 3.421350301956589 66.49474889989028
13.307526437982354 4.311757017301283 66.49474889989028
10.521465693167315 0.5000000000000783 0.0
10.955654808999434 1.5596858150121298 69.2355148408045
11.345518731158226 2.481333413484215 69.2355148408045
11.72524407531115 3.4068251069219997 69.2355148408045
12.124533935505124 4.32489881160671 69.2355148408045
9.52146569316695 0.50000000000008 2.2899993706537323e-13
9.843515005766207 1.6502823970844354 68.12675570896
10.268268064343118 2.5573373351994713 68.12675570896
10.657929303472127 3.4784800626725962 68.12675570896
11.037530131244534 4.4036615934416865 68.12675570896
11.469685337535406 5.469685337533228 89.99999999999959
8.740758391314245 1.642860968711604 68.12675570896
9.132434177355595 2.5631949460828665 68.12675570896
9.557187235932506 3.4702498841979024 68.12675570896
9.946848475061515 4.391392611671028 68.12675570896
10.31940294045105 5.319402940449239 68.12675570896
8.036513760108518 2.5728020657615644 68.12675570895952
8.428189546149866 3.4931360431328287 68.12675570895952
8.852942604726783 4.400190981247861 68.12675570895952
9.242603843855786 5.32133370872099 68.12675570895952
7.650282397086615 1.6502823970844362 68.12675570895952
7.327995441745285 3.4888362979351824 67.28239896175313
7.7195959012082085 4.408990356592373 67.28239896175313
8.144070787937174 5.3153808768854045 67.28239896175329
6.615321718637359 4.3760067932190285 67.28239896175313
7.047530453133932 5.387253897821563 66.34129954233887
14.710278305573745 2.5422167536709166 59.27882058026293
14.002044626899771 3.404085842811874 65.2289581017304
6.941806017559401 2.566416800825704 67.28239896175313
6.228327399768567 3.4516647925345243 67.28239896175313
6.289903171971396 6.170219778569243 67.28239896175313
7.464100795420119 6.469685337533582 89.99999999999903
8.464100795420482 6.469685337533583 89.99999999999956
9.469685337534685 6.469685337533596 89.99999999999996
