269 16.905967058583908
0.5009929786831767 16.405967058583904 89.99999999999987
1.5009957438903763 16.405967058583904 2.0969440700286316e-13
2.5009971086872413 16.405967058583904 7.105427357601002e-14
3.500997679672031 16.405967058583904 89.99999999999997
4.500998155967834 16.405967058583904 89.99999999999999
5.50099847713734 16.405967058583904 89.99999999999986
6.500999063723282 16.405967058583904 89.99999999999993
7.500999313827314 16.405967058583904 89.99999999999991
8.500999580421867 16.405967058583904 89.99999999999997
9.50099998989116 16.405967058583904 5.684341886080802e-14
10.501000636170254 16.405967058583904 89.99999999999982
11.501000886674651 16.405967058583904 89.99999999999982
12.501001042385303 16.405967058583904 89.99999999999993
13.501001494153378 16.405965266948762 89.99994906090888
0.5000000000000011 15.404949390247305 4.965863649324806e-16
1.5000000000000036 15.4059670585839 2.842170943040401e-14
2.500000000000006 15.405967058583903 2.842170943040401e-14
3.5000000000000084 15.405967058583903 2.842170943040401e-14
4.50000000000001 15.405967058583903 4.263256414560601e-14
5.500000000000013 15.4059670585839 2.842170943040401e-14
6.500000000000015 15.4059670585839 2.842170943040401e-14
7.500000000000018 15.4059670585839 0.0
8.500000000000021 15.405967058583903 2.842170943040401e-14
9.500000000000023 15.405967058583903 2.842170943040401e-14
10.500000000000025 15.4059670585839 3.1824389477921316e-14
11.500000000000027 15.4059670585839 3.2128784421698353e-14
12.50000000000003 15.4059670585839 2.453317855402255e-14
0.5000000000000012 14.40494870534801 2.842170943040401e-14
1.5000000000000036 14.405967058583899 1.8159535294591658e-14
2.500000000000006 14.405967058583899 1.4210854715202004e-14
3.5000000000000084 14.4059670585839 1.2975599600482152e-14
4.500000000000011 14.4059670585839 2.842170943040401e-14
5.500000000000013 14.405967058583899 2.842170943040401e-14
6.500000000000015 14.405967058583899 2.842170943040401e-14
7.500000000000019 14.405967058583899 0.0
8.500000000000021 14.405967058583899 5.5418660625663646e-14
9.500000000000023 14.4059670585839 3.315285064523845e-14
10.500000000000025 14.405967058583899 4.263256414560601e-14
11.500000000000027 14.405967058583899 3.4860018010617594e-14
0.5000000000000011 13.404947956752103 90.0
1.5023590147515635 13.405967058583897 4.263256414560601e-14
2.5025326118051687 13.405967058583897 3.787190150113493e-14
3.5026898740075505 13.405967058583897 7.789622575717079e-14
4.504852064387246 13.405967058583897 3.832050032261055e-14
5.50506269288399 13.405967058583897 89.99999999999994
6.5069574010312925 13.405967058583897 9.947598300641403e-14
7.507134838359466 13.405967058583897 0.0
8.507250730164943 13.405967058583897 7.810715035893192e-14
9.50939247490852 13.405967058583897 89.99999999999986
10.509516085217395 13.396672202537609 89.99001985139601
0.5000000000000011 12.404947474475746 90.0
1.5000000000000033 12.405967058583895 0.0
2.5000000000000053 12.405967058583895 89.99999999999999
3.500000000000008 12.405967058583895 0.0
4.50000000000001 12.405967058583895 4.247370394485981e-15
5.500000000000012 12.405967058583895 8.028486618010757e-15
6.500000000000015 12.405967058583895 1.3866003487519831e-14
7.500000000000019 12.405967058583895 89.99999999999996
8.500000000000021 12.405967058583895 89.99999999999999
9.500000000000023 12.405967058583895 89.9999999999999
0.5000000000000011 11.404947251966176 90.0
1.5006026812186428 11.405967058583892 0.0
2.500605570952784 11.405967058583892 89.99999999999999
3.5006063951240134 11.405967058583869 2.6716406864579767e-12
4.500607023227603 11.405967058583892 9.1359026263832e-15
5.500607741372391 11.405967058583892 4.263256414560601e-14
6.500608333424681 11.40596705858389 3.730050759369157e-14
7.500608707143568 11.405967058583892 89.99999999999996
8.500610105503336 11.40596478104579 89.99986553170025
0.5000000000000011 10.404947026384976 0.0
1.5000000000000033 10.40596705858389 0.0
2.5000000000000053 10.40596705858389 90.0
3.500000000000008 10.395790158217272 90.0
4.50000000000001 10.405967058583888 1.4210854715202004e-14
5.500000000000012 10.40596705858389 1.4210854715202004e-14
6.500000000000015 10.405967058583888 5.684341886080802e-14
7.500000000000018 10.405967058583888 5.684341886080802e-14
0.5000000000000011 9.404946764145645 1.8572726388334686e-15
1.5000000000000033 9.405967058583888 0.0
2.5000000000000053 9.405967058583888 90.0
3.500000000000008 9.39358497182165 2.1966444429691487e-14
4.50000000000001 9.405967058583887 2.0429254999858222e-14
5.500000000000013 9.405967058583887 2.0517560381779024e-14
6.500000000000015 9.405967058583887 5.40563852325975e-14
0.5000000000000011 8.4049465587142 0.0
1.5000000000000033 8.405967058583887 0.0
2.5000000000000053 8.405967058583887 90.0
3.500000000000008 8.39138140716124 3.1480773698560993e-15
4.500295002781881 8.405967058583885 89.99999999999999
5.5003076822750705 8.405947721643924 89.9986142692041
0.5000000000000011 7.404946490298151 0.0
1.5000000000000033 7.405967058583884 90.0
2.5000000000000053 7.405967058583884 90.0
3.500000000000008 7.391209341817788 1.3925851973868023e-14
4.50000000000001 7.405967058583882 89.99999999999999
0.5000000000000011 6.404946430611304 2.2583419225253694e-15
1.5000000000000033 6.405967058583881 0.0
2.5000000000000053 6.405967058583881 90.0
3.5147408098308355 6.390451837177666 89.9297294376489
0.5000000000000011 5.404946366417355 90.0
1.5000000000000033 5.4059670585838795 90.0
2.5000000000000053 5.4059670585838795 90.0
0.5000000000000011 4.404946258665631 1.0690125180645952e-15
1.5000000000000033 4.405967058583877 0.0
0.5000000133778045 3.4049462291044676 89.99999846701786
16.40596647888635 0.5000000000000011 0.0
15.405966372699892 0.5000000000000011 0.0
14.405966314723083 0.5000000000000011 0.0
13.405966220243059 0.5000000000000011 0.0
12.405966071063995 0.5000000000000011 90.0
11.405966065270256 0.5000000000000011 90.0
10.40596606527022 0.5000000000000011 4.494376281121853e-15
9.405966065270205 0.5000000000000011 3.873375274419265e-15
8.405966065270203 0.5000000000000011 90.0
7.405966065270187 0.5000000000000011 9.231430396573244e-16
6.405966065270181 0.5000000000000011 0.0
5.405966065270172 0.5000000000000011 90.0
4.405966065270119 0.5000000000000011 1.4656830142186408e-15
3.4059660652700554 0.5000000000000011 4.2237188847502e-21
2.405966065270002 0.5000000000000494 89.99999999999723
16.405967058583904 1.5000000000000036 0.0
15.405967058583903 1.5000000000000033 90.0
14.4059670585839 1.5000000000000033 0.0
13.405967058583899 1.5000000000000033 0.0
12.405967058583897 1.5000000000000033 0.0
11.405967058583894 1.5000000000000033 0.0
10.405967058583892 1.5000000000000033 90.0
9.40596705858389 1.5000000000000033 90.0
8.405967058583888 1.5000000000000033 0.0
7.405967058583885 1.5000000000000033 90.0
6.405967058583882 1.5000000000000033 90.0
5.40596705858388 1.5000000000000033 0.0
4.405967058583878 1.5000000000000033 0.0
3.4059670585838755 1.5000000000000033 90.0
16.40596620499427 2.5000000000000053 89.99999999999999
15.405965846576427 2.500000000000006 2.842170943040401e-14
14.405965601918597 2.5000000000000053 1.5979377937362766e-14
13.405965353629743 2.5000000000000053 90.0
12.405965123352571 2.5000000000000053 1.2453884404860184e-14
11.405964916532715 2.5000000000000053 1.0760283533086268e-14
10.405964583790796 2.5000000000000053 1.4210854715202004e-14
9.40596439079507 2.5000000000000053 1.468154632830712e-14
8.405964179354948 2.5000000000000053 0.0
7.4059638348631305 2.5000000000000053 89.99999999999999
6.405963729463985 2.5000000000000053 89.99999999999999
5.4059634763323565 2.5000000000000053 89.99999999999999
4.405962553686161 2.500000949087764 89.99990637868446
16.405967058583904 3.5000000000000084 0.0
15.405967058583903 3.5000000000000084 1.4210854715202004e-14
14.4059670585839 3.5000000000000084 1.3266512393332593e-16
13.405967058583899 3.500000000000008 1.4210854715202004e-14
12.405967058583897 3.500000000000008 2.082865430083532e-15
11.405967058583894 3.500000000000008 3.4771933397276432e-15
10.405967058583892 3.500000000000008 1.4210854715202004e-14
9.40596705858389 3.500000000000008 1.4210854715202004e-14
8.405967058583888 3.5000000000000084 0.0
7.405967058583885 3.500000000000008 90.0
6.405967058583882 3.500000000000008 0.0
5.40596705858388 3.500000000000008 5.1595714625239045e-15
16.405967058583904 4.50000000000001 1.5320266519121844e-14
15.405967058583903 4.500000000000011 1.4210854715202004e-14
14.4059670585839 4.50000000000001 1.2357439306678799e-14
13.405967058583899 4.50000000000001 1.4210854715202004e-14
12.405967058583897 4.50000000000001 1.4210854715202004e-14
11.405967058583894 4.50000000000001 4.520856590166091e-15
10.405967058583892 4.50000000000001 1.4210854715202004e-14
9.40596705858389 4.50000000000001 1.4210854715202004e-14
8.405967058583888 4.50000000000001 1.5466983121348954e-15
7.405967058583885 4.50000000000001 0.0
6.405967058583882 4.50000000000001 1.4210854715202004e-14
16.405966152726165 5.500000000000013 3.533925458893585e-14
15.405965592103874 5.500000000000013 5.684341886080802e-14
14.405965415654832 5.500000000000013 2.8919203251989786e-14
13.405965091205612 5.500000000000013 4.602936520610456e-14
12.405964995323716 5.500000000000013 5.374967814912542e-14
11.405964933350367 5.500000000000012 2.842170943040401e-14
10.40596486915655 5.500000000000012 2.842170943040401e-14
9.405964770665948 5.500000000000012 90.0
8.405964764872465 5.500000000000012 89.99999999999997
7.405964764872414 5.500000000000061 2.8421709430404007e-13
16.405967058583904 6.500000000000015 3.8168784292905204e-14
15.405967058583903 6.500000000000015 3.794230083258535e-14
14.4059670585839 6.500000000000015 3.643423288372525e-14
13.405967058583897 6.500000000000015 3.614641868584501e-14
12.405967058583895 6.500000000000015 3.3992437531741657e-14
11.405967058583892 6.500000000000014 2.645625228290887e-14
10.40596705858389 6.500000000000014 2.842170943040401e-14
9.405967058583888 6.500000000000015 89.99999999999997
8.405967058583887 6.500000000000015 89.99999999999997
16.405966430668663 7.500000000000031 1.5063505998114124e-12
15.405966186259397 7.500000000000029 1.3423849143152472e-12
14.405965879224029 7.500000000000018 1.4210854715202004e-14
13.405965653316798 7.500000000000018 1.944651036619253e-14
12.405965406479583 7.500000000000019 9.801964013583349e-14
11.405965135521454 7.500000000000018 0.0
10.405965066193529 7.500000000000018 0.0
9.405964978351978 7.500000102991673 1.9176140617671422e-06
16.405967058583904 8.500000000000046 5.684341886080802e-14
15.405967058583903 8.500000000000043 1.270746874643125e-14
14.405967058583899 8.500000000000021 5.684341886080802e-14
13.405967058583897 8.500000000000021 6.757980417137053e-14
12.405967058583895 8.50000000000002 6.811712853374661e-14
11.405967058583892 8.50000000000002 6.691830672775725e-14
10.40596705858389 8.50000000000002 7.105427357601002e-14
16.40596676619107 9.500000001701384 1.9495907110922417e-07
15.405966276658075 9.500000000000044 1.2789769243681803e-13
14.405965911283646 9.500000000000048 2.797580853119196e-12
13.40596577956794 9.500000000000023 5.684341886080802e-14
12.405965643177359 9.500000000000023 4.701769450263751e-15
11.405965375351409 9.50000027750238 89.99998084445825
16.405967058583904 10.50000000340278 3.935041941625862e-16
15.405967058583903 10.500000000000048 4.039530670237689e-15
14.4059670585839 10.500000227294787 0.0
13.405967058583899 10.500000000000025 5.684341886080802e-14
12.405967058583897 10.500000000000025 3.908349513669287e-14
16.405967058583904 11.500000003402791 7.235442752789154e-16
15.405967058583903 11.50000000000005 3.7732632224477994e-15
14.4059670585839 11.500000855331889 5.684341886080802e-14
13.405967058583899 11.500000000000028 3.9433234295085324e-14
16.405967058583904 12.500000003402798 0.0
15.405967058583903 12.500000000000053 4.714195749932591e-15
14.405961792436644 12.500002059383887 89.99992705960399
16.405967058583904 13.500000009196278 0.0
15.405967058583903 13.500000000000055 0.0
16.405966574301168 14.500000102991766 89.99999594256177
16.405967058583904 16.405967058583904 0.0
0.5000000000000011 0.5000000000000011 0.0
0.7267415238001933 1.9504882525619225 43.94416171439164
1.449625622311793 1.2542814114367642 44.0319804380204
1.4505613342927008 2.64462347585159 43.901632743518604
2.1881636040877432 1.92908190079694 44.03198043802041
2.156909625642045 3.3622055058593046 44.031980438020426
2.8709235182328308 2.6615777890295793 44.031980438020405
2.867142235331462 4.0835131775583084 44.99585415283137
3.579103806558328 3.3803170065742503 45.072003489463796
3.5850490731791598 4.791764182427079 45.968019561979546
4.296093055718906 4.08852460724145 45.96801956197955
4.321592835186643 5.484917955321368 45.02467060879192
5.031730641978335 4.777471283996211 45.130459642350864
5.011370443053382 6.221502875701298 44.03198043802035
5.720539826643318 5.516191642404602 44.03198043802035
5.7137195636737195 6.9340141038866685 44.00987017097668
6.4228841781227235 6.228429892255538 44.03198043802035
6.433108314780083 7.6288023131627565 43.99550577450522
7.16142189545455 6.9032306551499145 44.03198043802035
7.1354710379902295 8.341479364514887 44.03198043802009
7.84418270087531 7.635725621469919 44.031980438020156
14.952245196633921 16.174667432631253 45.9402486193846
15.651685568654608 15.456341512156191 45.968019561981166
14.254883416351236 15.448719966767195 46.096130725963896
14.976885157805391 14.717803454478357 45.968019561981166
13.541100429732149 14.746304835746958 45.968019561981166
14.244389269554325 14.035043540351081 45.968019561981166
12.822259248116701 14.037869681105208 44.91286242142625
13.525646700765472 13.326866592293518 44.9279948899785
12.11215035068034 13.318933669374717 44.03198043802014
12.817442451342448 12.609874002864993 44.031980438020106
11.413182769563276 12.589885004316939 44.91100553889863
12.128495403132218 11.874236390689324 44.86957562993577
10.68198097768709 11.892028051929763 45.96801956197987
11.389775416179107 11.185427231940384 45.96801956197987
9.969725493914106 11.189684936933137 45.966702478398204
10.677537172069787 10.483082874910169 45.96801956197987
9.274668014616179 10.46986280664262 46.03821373519655
10.00273640345241 9.744545163111157 45.968019561979936
8.561579820720047 9.767488191174955 45.96801956197992
9.270241437113791 9.061784357708394 45.96801956197988
7.8437163817259075 9.05918413513011 44.990912975973195
8.552412537008587 8.353554552764331 45.000002607020875
