264 16.77817459305202276840928798315
0.5 16.27817459305202 0.0
1.5 16.27817459305202 0.0
2.5 16.27817459305202 0.0
3.5 16.27817459305202 0.0
4.5 16.27817459305202 0.0
5.5 16.27817459305202 0.0
6.5 16.27817459305202 0.0
7.5 16.27817459305202 0.0
0.5 15.278174593052023 0.0
1.5 15.278174593052023 0.0
2.5 15.278174593052023 0.0
3.5 15.278174593052023 0.0
4.5 15.278174593052023 0.0
5.5 15.278174593052023 0.0
6.5 15.278174593052023 0.0
0.5 14.278174593052023 0.0
1.5 14.278174593052023 0.0
2.5 14.278174593052023 0.0
3.5 14.278174593052023 0.0
4.5 14.278174593052023 0.0
5.5 14.278174593052023 0.0
0.5 13.278174593052023 0.0
1.5 13.278174593052023 0.0
2.5 13.278174593052023 0.0
3.5 13.278174593052023 0.0
4.5 13.278174593052023 0.0
0.5 12.278174593052023 0.0
1.5 12.278174593052023 0.0
2.5 12.278174593052023 0.0
3.5 12.278174593052023 0.0
0.5 11.278174593052023 0.0
1.5 11.278174593052023 0.0
2.5 11.278174593052023 0.0
0.5 10.278174593052023 0.0
1.5 10.278174593052023 0.0
0.5 9.278174593052023 0.0
15.278174593052023 16.27817459305202 0.0
14.278174593052023 16.27817459305202 0.0
13.278174593052023 16.27817459305202 0.0
12.278174593052023 16.27817459305202 0.0
11.278174593052023 16.27817459305202 0.0
10.278174593052023 16.27817459305202 0.0
9.278174593052023 16.27817459305202 0.0
16.27817459305202 15.278174593052023 0.0
15.278174593052023 15.278174593052023 0.0
14.278174593052023 15.278174593052023 0.0
13.278174593052023 15.278174593052023 0.0
12.278174593052023 15.278174593052023 0.0
11.278174593052023 15.278174593052023 0.0
10.278174593052023 15.278174593052023 0.0
16.27817459305202 14.278174593052023 0.0
15.278174593052023 14.278174593052023 0.0
14.278174593052023 14.278174593052023 0.0
13.278174593052023 14.278174593052023 0.0
12.278174593052023 14.278174593052023 0.0
11.278174593052023 14.278174593052023 0.0
16.27817459305202 13.278174593052023 0.0
15.278174593052023 13.278174593052023 0.0
14.278174593052023 13.278174593052023 0.0
13.278174593052023 13.278174593052023 0.0
12.278174593052023 13.278174593052023 0.0
16.27817459305202 12.278174593052023 0.0
15.278174593052023 12.278174593052023 0.0
14.278174593052023 12.278174593052023 0.0
13.278174593052023 12.278174593052023 0.0
16.27817459305202 11.278174593052023 0.0
15.278174593052023 11.278174593052023 0.0
14.278174593052023 11.278174593052023 0.0
16.27817459305202 10.278174593052023 0.0
15.278174593052023 10.278174593052023 0.0
16.27817459305202 9.278174593052023 0.0
16.27817459305202 0.5 0.0
15.278174593052023 0.5 0.0
14.278174593052023 0.5 0.0
13.278174593052023 0.5 0.0
12.278174593052023 0.5 0.0
11.278174593052023 0.5 0.0
10.278174593052023 0.5 0.0
9.278174593052023 0.5 0.0
16.27817459305202 1.5 0.0
15.278174593052023 1.5 0.0
14.278174593052023 1.5 0.0
13.278174593052023 1.5 0.0
12.278174593052023 1.5 0.0
11.278174593052023 1.5 0.0
10.278174593052023 1.5 0.0
16.27817459305202 2.5 0.0
15.278174593052023 2.5 0.0
14.278174593052023 2.5 0.0
13.278174593052023 2.5 0.0
12.278174593052023 2.5 0.0
11.278174593052023 2.5 0.0
16.27817459305202 3.5 0.0
15.278174593052023 3.5 0.0
14.278174593052023 3.5 0.0
13.278174593052023 3.5 0.0
12.278174593052023 3.5 0.0
16.27817459305202 4.5 0.0
15.278174593052023 4.5 0.0
14.278174593052023 4.5 0.0
13.278174593052023 4.5 0.0
16.27817459305202 5.5 0.0
15.278174593052023 5.5 0.0
14.278174593052023 5.5 0.0
16.27817459305202 6.5 0.0
15.278174593052023 6.5 0.0
16.27817459305202 7.5 0.0
0.5 0.5 0.0
1.5 0.5 0.0
2.5 0.5 0.0
3.5 0.5 0.0
4.5 0.5 0.0
5.5 0.5 0.0
6.5 0.5 0.0
7.5 0.5 0.0
0.5 1.5 0.0
1.5 1.5 0.0
2.5 1.5 0.0
3.5 1.5 0.0
4.5 1.5 0.0
5.5 1.5 0.0
6.5 1.5 0.0
0.5 2.5 0.0
1.5 2.5 0.0
2.5 2.5 0.0
3.5 2.5 0.0
4.5 2.5 0.0
5.5 2.5 0.0
0.5 3.5 0.0
1.5 3.5 0.0
2.5 3.5 0.0
3.5 3.5 0.0
4.5 3.5 0.0
0.5 4.5 0.0
1.5 4.5 0.0
2.5 4.5 0.0
3.5 4.5 0.0
0.5 5.5 0.0
1.5 5.5 0.0
2.5 5.5 0.0
0.5 6.5 0.0
1.5 6.5 0.0
0.5 7.5 0.0
8.38908729652601 15.460155108391486 45.0
7.681980515339464 14.753048327204938 45.0
6.974873734152916 14.045941546018392 45.0
6.267766952966369 13.338834764831844 45.0
5.560660171779821 12.631727983645296 45.0
4.853553390593274 11.924621202458749 45.0
4.146446609406726 11.2175144212722 45.0
3.4393398282201786 10.510407640085655 45.0
2.732233047033631 9.803300858899107 45.0
2.0251262658470837 9.096194077712559 45.0
1.3180194846605362 8.38908729652601 45.0
9.096194077712559 14.753048327204938 45.0
8.38908729652601 14.045941546018392 45.0
7.681980515339464 13.338834764831844 45.0
6.974873734152916 12.631727983645296 45.0
6.267766952966369 11.924621202458749 45.0
5.560660171779821 11.2175144212722 45.0
4.853553390593274 10.510407640085655 45.0
4.146446609406726 9.803300858899107 45.0
3.4393398282201786 9.096194077712559 45.0
2.732233047033631 8.38908729652601 45.0
2.0251262658470837 7.681980515339464 45.0
9.803300858899107 14.045941546018392 45.0
9.096194077712559 13.338834764831844 45.0
8.38908729652601 12.631727983645296 45.0
7.681980515339464 11.924621202458749 45.0
6.974873734152916 11.2175144212722 45.0
6.267766952966369 10.510407640085655 45.0
5.560660171779821 9.803300858899107 45.0
4.853553390593274 9.096194077712559 45.0
4.146446609406726 8.38908729652601 45.0
3.4393398282201786 7.681980515339464 45.0
2.732233047033631 6.974873734152916 45.0
10.510407640085655 13.338834764831844 45.0
9.803300858899107 12.631727983645296 45.0
9.096194077712559 11.924621202458749 45.0
8.38908729652601 11.2175144212722 45.0
7.681980515339464 10.510407640085655 45.0
6.974873734152916 9.803300858899107 45.0
6.267766952966369 9.096194077712559 45.0
5.560660171779821 8.38908729652601 45.0
4.853553390593274 7.681980515339464 45.0
4.146446609406726 6.974873734152916 45.0
3.4393398282201786 6.267766952966369 45.0
11.2175144212722 12.631727983645296 45.0
10.510407640085655 11.924621202458749 45.0
9.803300858899107 11.2175144212722 45.0
9.096194077712559 10.510407640085655 45.0
8.38908729652601 9.803300858899107 45.0
7.681980515339464 9.096194077712559 45.0
6.974873734152916 8.38908729652601 45.0
6.267766952966369 7.681980515339464 45.0
5.560660171779821 6.974873734152916 45.0
4.853553390593274 6.267766952966369 45.0
4.146446609406726 5.560660171779821 45.0
11.924621202458749 11.924621202458749 45.0
11.2175144212722 11.2175144212722 45.0
10.510407640085655 10.510407640085655 45.0
9.803300858899107 9.803300858899107 45.0
9.096194077712559 9.096194077712559 45.0
8.38908729652601 8.38908729652601 45.0
7.681980515339464 7.681980515339464 45.0
6.974873734152916 6.974873734152916 45.0
6.267766952966369 6.267766952966369 45.0
5.560660171779821 5.560660171779821 45.0
4.853553390593274 4.853553390593274 45.0
12.631727983645296 11.2175144212722 45.0
11.924621202458749 10.510407640085655 45.0
11.2175144212722 9.803300858899107 45.0
10.510407640085655 9.096194077712559 45.0
9.803300858899107 8.38908729652601 45.0
9.096194077712559 7.681980515339464 45.0
8.38908729652601 6.974873734152916 45.0
7.681980515339464 6.267766952966369 45.0
6.974873734152916 5.560660171779821 45.0
6.267766952966369 4.853553390593274 45.0
5.560660171779821 4.146446609406726 45.0
13.338834764831844 10.510407640085655 45.0
12.631727983645296 9.803300858899107 45.0
11.924621202458749 9.096194077712559 45.0
11.2175144212722 8.38908729652601 45.0
10.510407640085655 7.681980515339464 45.0
9.803300858899107 6.974873734152916 45.0
9.096194077712559 6.267766952966369 45.0
8.38908729652601 5.560660171779821 45.0
7.681980515339464 4.853553390593274 45.0
6.974873734152916 4.146446609406726 45.0
6.267766952966369 3.4393398282201786 45.0
14.045941546018392 9.803300858899107 45.0
13.338834764831844 9.096194077712559 45.0
12.631727983645296 8.38908729652601 45.0
11.924621202458749 7.681980515339464 45.0
11.2175144212722 6.974873734152916 45.0
10.510407640085655 6.267766952966369 45.0
9.803300858899107 5.560660171779821 45.0
9.096194077712559 4.853553390593274 45.0
8.38908729652601 4.146446609406726 45.0
7.681980515339464 3.4393398282201786 45.0
6.974873734152916 2.732233047033631 45.0
14.753048327204938 9.096194077712559 45.0
14.045941546018392 8.38908729652601 45.0
13.338834764831844 7.681980515339464 45.0
12.631727983645296 6.974873734152916 45.0
11.924621202458749 6.267766952966369 45.0
11.2175144212722 5.560660171779821 45.0
10.510407640085655 4.853553390593274 45.0
9.803300858899107 4.146446609406726 45.0
9.096194077712559 3.4393398282201786 45.0
8.38908729652601 2.732233047033631 45.0
7.681980515339464 2.0251262658470837 45.0
15.460155108391486 8.38908729652601 45.0
14.753048327204938 7.681980515339464 45.0
14.045941546018392 6.974873734152916 45.0
13.338834764831844 6.267766952966369 45.0
12.631727983645296 5.560660171779821 45.0
11.924621202458749 4.853553390593274 45.0
11.2175144212722 4.146446609406726 45.0
10.510407640085655 3.4393398282201786 45.0
9.803300858899107 2.732233047033631 45.0
9.096194077712559 2.0251262658470837 45.0
8.38908729652601 1.3180194846605362 45.0
