266 16.823062082837804646192014010900346
0.5 16.323062082837804 0.0
1.5 16.323062082837804 0.0
2.5 16.323062082837804 0.0
3.5 16.323062082837804 0.0
4.5 16.323062082837804 0.0
5.5 16.323062082837804 0.0
6.5 16.323062082837804 0.0
7.5 16.323062082837804 0.0
8.5 16.323062082837804 0.0
9.5 16.323062082837804 0.0
10.5 16.323062082837804 0.0
11.5 16.323062082837804 0.0
12.5 16.323062082837804 0.0
13.5 16.323062082837804 0.0
0.5 15.323062082837804 0.0
1.5 15.323062082837804 0.0
2.5 15.323062082837804 0.0
3.5 15.323062082837804 0.0
4.5 15.323062082837804 0.0
5.5 15.323062082837804 0.0
6.5 15.323062082837804 0.0
7.5 15.323062082837804 0.0
8.5 15.323062082837804 0.0
9.5 15.323062082837804 0.0
10.5 15.323062082837804 0.0
11.5 15.323062082837804 0.0
12.5 15.323062082837804 0.0
0.5 14.323062082837804 0.0
1.5 14.323062082837804 0.0
2.5 14.323062082837804 0.0
3.5 14.323062082837804 0.0
4.5 14.323062082837804 0.0
5.5 14.323062082837804 0.0
6.5 14.323062082837804 0.0
7.5 14.323062082837804 0.0
8.5 14.323062082837804 0.0
9.5 14.323062082837804 0.0
10.5 14.323062082837804 0.0
11.5 14.323062082837804 0.0
0.5 13.323062082837804 0.0
1.5 13.323062082837804 0.0
2.5 13.323062082837804 0.0
3.5 13.323062082837804 0.0
4.5 13.323062082837804 0.0
5.5 13.323062082837804 0.0
6.5 13.323062082837804 0.0
7.5 13.323062082837804 0.0
8.5 13.323062082837804 0.0
9.5 13.323062082837804 0.0
10.5 13.323062082837804 0.0
0.5 12.323062082837804 0.0
1.5 12.323062082837804 0.0
2.5 12.323062082837804 0.0
3.5 12.323062082837804 0.0
4.5 12.323062082837804 0.0
5.5 12.323062082837804 0.0
6.5 12.323062082837804 0.0
7.5 12.323062082837804 0.0
8.5 12.323062082837804 0.0
9.5 12.323062082837804 0.0
0.5 11.323062082837804 0.0
1.5 11.323062082837804 0.0
2.5 11.323062082837804 0.0
3.5 11.323062082837804 0.0
4.5 11.323062082837804 0.0
5.5 11.323062082837804 0.0
6.5 11.323062082837804 0.0
7.5 11.323062082837804 0.0
8.5 11.323062082837804 0.0
0.5 10.323062082837804 0.0
1.5 10.323062082837804 0.0
2.5 10.323062082837804 0.0
3.5 10.323062082837804 0.0
4.5 10.323062082837804 0.0
5.5 10.323062082837804 0.0
6.5 10.323062082837804 0.0
7.5 10.323062082837804 0.0
0.5 9.323062082837804 0.0
1.5 9.323062082837804 0.0
2.5 9.323062082837804 0.0
3.5 9.323062082837804 0.0
4.5 9.323062082837804 0.0
5.5 9.323062082837804 0.0
6.5 9.323062082837804 0.0
0.5 8.323062082837804 0.0
1.5 8.323062082837804 0.0
2.5 8.323062082837804 0.0
3.5 8.323062082837804 0.0
4.5 8.323062082837804 0.0
5.5 8.323062082837804 0.0
0.5 7.323062082837804 0.0
1.5 7.323062082837804 0.0
2.5 7.323062082837804 0.0
3.5 7.323062082837804 0.0
4.5 7.323062082837804 0.0
0.5 6.323062082837804 0.0
1.5 6.323062082837804 0.0
2.5 6.323062082837804 0.0
3.5 6.323062082837804 0.0
0.5 5.323062082837804 0.0
1.5 5.323062082837804 0.0
2.5 5.323062082837804 0.0
0.5 4.323062082837804 0.0
1.5 4.323062082837804 0.0
0.5 3.323062082837805 0.0
16.323062082837804 0.5 0.0
15.323062082837804 0.5 0.0
14.323062082837804 0.5 0.0
13.323062082837804 0.5 0.0
12.323062082837804 0.5 0.0
11.323062082837804 0.5 0.0
10.323062082837804 0.5 0.0
9.323062082837804 0.5 0.0
8.323062082837804 0.5 0.0
7.323062082837804 0.5 0.0
6.323062082837804 0.5 0.0
5.323062082837804 0.5 0.0
4.323062082837804 0.5 0.0
3.323062082837805 0.5 0.0
2.323062082837805 0.5 0.0
16.323062082837804 1.5 0.0
15.323062082837804 1.5 0.0
14.323062082837804 1.5 0.0
13.323062082837804 1.5 0.0
12.323062082837804 1.5 0.0
11.323062082837804 1.5 0.0
10.323062082837804 1.5 0.0
9.323062082837804 1.5 0.0
8.323062082837804 1.5 0.0
7.323062082837804 1.5 0.0
6.323062082837804 1.5 0.0
5.323062082837804 1.5 0.0
4.323062082837804 1.5 0.0
3.323062082837805 1.5 0.0
16.323062082837804 2.5 0.0
15.323062082837804 2.5 0.0
14.323062082837804 2.5 0.0
13.323062082837804 2.5 0.0
12.323062082837804 2.5 0.0
11.323062082837804 2.5 0.0
10.323062082837804 2.5 0.0
9.323062082837804 2.5 0.0
8.323062082837804 2.5 0.0
7.323062082837804 2.5 0.0
6.323062082837804 2.5 0.0
5.323062082837804 2.5 0.0
4.323062082837804 2.5 0.0
16.323062082837804 3.5 0.0
15.323062082837804 3.5 0.0
14.323062082837804 3.5 0.0
13.323062082837804 3.5 0.0
12.323062082837804 3.5 0.0
11.323062082837804 3.5 0.0
10.323062082837804 3.5 0.0
9.323062082837804 3.5 0.0
8.323062082837804 3.5 0.0
7.323062082837804 3.5 0.0
6.323062082837804 3.5 0.0
5.323062082837804 3.5 0.0
16.323062082837804 4.5 0.0
15.323062082837804 4.5 0.0
14.323062082837804 4.5 0.0
13.323062082837804 4.5 0.0
12.323062082837804 4.5 0.0
11.323062082837804 4.5 0.0
10.323062082837804 4.5 0.0
9.323062082837804 4.5 0.0
8.323062082837804 4.5 0.0
7.323062082837804 4.5 0.0
6.323062082837804 4.5 0.0
16.323062082837804 5.5 0.0
15.323062082837804 5.5 0.0
14.323062082837804 5.5 0.0
13.323062082837804 5.5 0.0
12.323062082837804 5.5 0.0
11.323062082837804 5.5 0.0
10.323062082837804 5.5 0.0
9.323062082837804 5.5 0.0
8.323062082837804 5.5 0.0
7.323062082837804 5.5 0.0
16.323062082837804 6.5 0.0
15.323062082837804 6.5 0.0
14.323062082837804 6.5 0.0
13.323062082837804 6.5 0.0
12.323062082837804 6.5 0.0
11.323062082837804 6.5 0.0
10.323062082837804 6.5 0.0
9.323062082837804 6.5 0.0
8.323062082837804 6.5 0.0
16.323062082837804 7.5 0.0
15.323062082837804 7.5 0.0
14.323062082837804 7.5 0.0
13.323062082837804 7.5 0.0
12.323062082837804 7.5 0.0
11.323062082837804 7.5 0.0
10.323062082837804 7.5 0.0
9.323062082837804 7.5 0.0
16.323062082837804 8.5 0.0
15.323062082837804 8.5 0.0
14.323062082837804 8.5 0.0
13.323062082837804 8.5 0.0
12.323062082837804 8.5 0.0
11.323062082837804 8.5 0.0
10.323062082837804 8.5 0.0
16.323062082837804 9.5 0.0
15.323062082837804 9.5 0.0
14.323062082837804 9.5 0.0
13.323062082837804 9.5 0.0
12.323062082837804 9.5 0.0
11.323062082837804 9.5 0.0
16.323062082837804 10.5 0.0
15.323062082837804 10.5 0.0
14.323062082837804 10.5 0.0
13.323062082837804 10.5 0.0
12.323062082837804 10.5 0.0
16.323062082837804 11.5 0.0
15.323062082837804 11.5 0.0
14.323062082837804 11.5 0.0
13.323062082837804 11.5 0.0
16.323062082837804 12.5 0.0
15.323062082837804 12.5 0.0
14.323062082837804 12.5 0.0
16.323062082837804 13.5 0.0
15.323062082837804 13.5 0.0
16.323062082837804 14.5 0.0
16.323062082837804 16.323062082837804 0.0
0.5 0.5 0.0
0.5 1.5 0.0
14.806792406254456 16.13444881188757 31.86724285341054
15.334745280494058 15.2851751442267 31.86724285341054
1.3482250086287317 2.4343256137721023 25.197597907249506
1.7739663654635265 1.5294807115482638 25.197597907249506
2.049095717374278 3.293581371289541 25.197597907249506
2.474837074209073 2.3887364690657025 25.197597907249506
2.7499664261198244 4.152837128806979 25.197597907249506
3.1757077829546194 3.2479922265831407 25.197597907249506
3.654811328343663 4.578578485641774 25.197597907249506
4.080552685178458 3.6737335834179357 25.197597907249506
4.355682037089209 5.437834243159212 25.197597907249506
4.781423393924004 4.532989340935374 25.197597907249506
5.056552745834756 6.297090000676651 25.197597907249506
5.482294102669551 5.392245098452812 25.197597907249506
5.757423454580302 7.15634575819409 25.197597907249506
6.1831648114150966 6.251500855970251 25.197597907249506
6.66226835680414 7.582087115028885 25.197597907249506
7.088009713638935 6.677242212805046 25.197597907249506
7.363139065549687 8.441342872546322 25.197597907249506
7.788880422384482 7.536497970322484 25.197597907249506
8.064009774295233 9.300598630063762 25.197597907249506
8.489751131130028 8.395753727839923 25.197597907249506
8.764880483040779 10.1598543875812 25.197597907249506
9.190621839875574 9.25500948535736 25.197597907249506
9.669725385264618 10.585595744415995 25.197597907249506
10.095466742099413 9.680750842192156 25.197597907249506
10.370596094010164 11.444851501933433 25.197597907249506
10.796337450844959 10.540006599709594 25.197597907249506
11.07146680275571 12.304107259450872 25.197597907249506
11.497208159590505 11.399262357227032 25.197597907249506
11.772337511501258 13.16336301696831 25.197597907249506
12.198078868336053 12.25851811474447 25.197597907249506
12.677182413725095 13.589104373803105 25.197597907249506
13.10292377055989 12.684259471579265 25.197597907249506
13.378053122470641 14.448360131320543 25.197597907249506
13.803794479305436 13.543515229096705 25.197597907249506
14.078923831216189 15.307615888837981 25.197597907249506
14.504665188050984 14.402770986614144 25.197597907249506
