263 16.742270262031791
0.5 16.24227026203158 90.0
1.5000000000003606 16.24227026203159 90.0
2.5000000000007194 16.24227026203159 2.1590459052914756e-15
3.50000000000108 16.242270262031653 89.99999999999996
4.500000000001442 16.24227026203164 89.99999999999972
5.500000000001805 16.24227026203159 90.0
6.500000000002171 16.24227026203158 89.99999999999935
7.5000000000025295 16.242270262031568 89.99999999999935
8.500000000002894 16.242270262031575 89.99999999999888
9.500000000003256 16.24227026203159 2.8530030907846025e-15
10.500000000003647 16.242270262031617 90.0
11.500000000004007 16.24227026203159 90.0
0.5 15.242270262031226 90.0
1.5000000000003606 15.242270262031226 90.0
2.5000000000007248 15.242270262031226 89.99999999999942
3.5000000000010765 15.242270262031287 89.99999999999957
4.5000000000014495 15.242270262031202 1.0485529542326797e-12
5.5000000000018066 15.24227026203122 8.504726338009183e-13
6.500000000002167 15.242270262031209 8.49673685563607e-13
7.500000000002524 15.242270262031223 3.4619766211049915e-15
8.500000000002888 15.242270262031223 89.99999999999937
9.500000000003283 15.242270262031223 89.99999999999953
10.500000000003647 15.242270262031262 90.0
0.5 14.242270262030868 1.0132035521176885e-14
1.5000000000003606 14.242270262030868 1.054002808393878e-13
2.5000000000007265 14.24227026203086 89.99999999999942
3.5000000000010516 14.242270262030893 3.4896315894178732e-12
4.500000000001432 14.242270262030864 5.142851167987064e-15
5.500000000001796 14.24227026203085 89.99999999999964
6.500000000002178 14.242270262030825 89.9999999999981
7.500000000002554 14.242270262030807 89.99999999999999
8.500000000002915 14.24227026203086 89.99999999999966
9.500000000003277 14.24227026203086 89.99999999999979
0.5 13.242270262030505 89.99999999999999
1.5000000000003606 13.242270262030505 6.242970535610631e-15
2.500000000000716 13.242270262030505 89.99999999999942
3.50000000000108 13.242270262030502 89.99999999999999
4.500000000001446 13.242270262030498 89.99999999999942
5.500000000001796 13.242270262030488 89.99999999999942
6.500000000002167 13.242270262030459 89.99999999999885
7.500000000002517 13.24227026203043 89.99999999999966
8.5000000000029 13.242270262030491 89.99999999999869
0.5000000000000036 12.242270262030146 1.1040494556568258e-13
1.5000000000003624 12.24227026203014 1.1054515129672799e-13
2.500000000000721 12.242270262030143 1.3935390318310472e-14
3.500000000001073 12.242270262030143 4.997865385881875e-14
4.500000000001435 12.242270262030118 4.3437567749841785e-13
5.5000000000017994 12.242270262030122 6.0023724805010096e-15
6.50000000000216 12.24227026203009 89.99999999999983
7.500000000002521 12.242270262030068 89.99999999999999
0.5 11.242270262029784 90.0
1.5000000000003624 11.242270262029777 5.32529288536631e-14
2.5000000000007176 11.242270262029784 1.0948554385968722e-13
3.50000000000108 11.242270262029784 4.431580793850817e-15
4.500000000001432 11.24227026202978 90.0
5.500000000001792 11.242270262029763 3.229864860118989e-15
6.500000000002146 11.24227026202972 89.99999999999864
0.5 10.242270262029425 90.0
1.5000000000003606 10.242270262029411 3.785132959415713e-15
2.500000000000723 10.242270262029418 3.762713379817414e-13
3.500000000001087 10.242270262029422 89.9999999999999
4.500000000001448 10.242270262029422 3.888596290374258e-15
5.500000000001792 10.242270262029404 6.490559406973866e-15
0.5 9.242270262029066 3.172265042829664e-15
1.5000000000003606 9.242270262029052 90.0
2.5000000000007176 9.242270262029056 89.99999999999989
3.50000000000108 9.242270262029056 1.4557699733712955e-15
4.500000000001441 9.242270262029063 89.99999999999989
0.5 8.242270262028704 2.92747210989636e-15
1.5000000000003606 8.242270262028693 90.0
2.500000000000721 8.242270262028704 89.99999999999969
3.50000000000108 8.242270262028693 89.99999999999999
0.5 7.242270262028345 4.6092709669317224e-17
1.5000000000003606 7.242270262028335 89.99999999999997
2.500000000000721 7.242270262028342 90.0
0.5 6.242270262027986 1.6020087236849502e-14
1.5000000000003606 6.242270262027972 3.296622863749092e-17
0.5 5.242270262027628 90.0
16.242270262031592 0.5 90.0
15.242270262031228 0.5 6.626069645338497e-16
14.242270262030868 0.5 5.565946426854661e-19
13.242270262030507 0.5 90.0
12.242270262030148 0.5 2.2203121441185897e-16
11.24227026202979 0.5 90.0
10.242270262029429 0.5 90.0
9.242270262029068 0.5 1.319250157387175e-15
8.24227026202871 0.5 1.895758319773386e-22
7.242270262028351 0.5 90.0
6.24227026202799 0.5 8.163893628272109e-17
16.242270262031592 1.5000000000003588 90.0
15.242270262031228 1.5000000000003588 90.0
14.242270262030868 1.5000000000003588 90.0
13.242270262030507 1.5000000000003588 1.1121484628086596e-14
12.242270262030148 1.5000000000003588 2.1479482402202978e-14
11.24227026202979 1.5000000000003588 90.0
10.242270262029429 1.5000000000003588 90.0
9.242270262029068 1.5000000000003588 90.0
8.24227026202871 1.5000000000003588 1.895758319773386e-22
7.242270262028351 1.5000000000003588 90.0
16.242270262031592 2.5000000000007194 90.0
15.242270262031228 2.5000000000007194 90.0
14.242270262030868 2.5000000000007194 6.3157913004666355e-15
13.242270262030507 2.5000000000007194 7.546672877414325e-15
12.242270262030148 2.5000000000007194 1.3111212864127995e-14
11.24227026202979 2.5000000000007194 90.0
10.242270262029429 2.5000000000007194 90.0
9.242270262029068 2.5000000000007194 90.0
8.24227026202871 2.5000000000007194 1.4151267129612394e-17
16.242270262031592 3.50000000000108 90.0
15.242270262031228 3.50000000000108 90.0
14.242270262030868 3.50000000000108 89.99999999999999
13.242270262030507 3.50000000000108 90.0
12.242270262030148 3.50000000000108 9.951536781829208e-15
11.24227026202979 3.50000000000108 1.3341927789099408e-14
10.242270262029429 3.50000000000108 90.0
9.242270262029068 3.50000000000108 90.0
16.242270262031592 4.500000000001439 90.0
15.242270262031228 4.500000000001439 90.0
14.242270262030868 4.500000000001439 90.0
13.242270262030507 4.500000000001439 90.0
12.242270262030148 4.500000000001439 7.386784356818048e-15
11.24227026202979 4.500000000001439 89.99999999999999
10.242270262029429 4.500000000001439 89.99999999999997
16.242270262031592 5.500000000001798 90.0
15.242270262031228 5.500000000001798 90.0
14.242270262030868 5.500000000001798 6.577046283068317e-16
13.242270262030507 5.500000000001798 90.0
12.24227026203015 5.500000000001798 3.445784404450423e-15
11.24227026202979 5.500000000001798 1.1039735012101346e-14
16.242270262031592 6.500000000002158 4.497469067712159e-15
15.242270262031228 6.500000000002158 90.0
14.242270262030868 6.500000000002158 3.837716302382995e-15
13.242270262030507 6.500000000002158 1.605476985020548e-14
12.24227026203018 6.500000000002158 5.5612168889984904e-15
16.242270262031592 7.500000000002519 4.497469067712159e-15
15.242270262031228 7.500000000002519 3.685011912247562e-15
14.242270262030868 7.500000000002519 1.539797485117231e-14
13.242270262030507 7.500000000002519 1.2794452603688071e-14
16.242270262031592 8.500000000002878 4.497469067712159e-15
15.242270262031228 8.500000000002878 1.364075551619465e-14
14.242270262030928 8.500000000002878 1.224837887464683e-14
16.242270262031592 9.500000000003237 2.1641188935496425e-15
15.242270262031228 9.500000000003237 5.018641752315168e-15
16.242270262031592 10.500000000003595 90.0
0.5 0.5 90.0
1.5000000000003606 0.5 90.0
2.5000000000007194 0.5 1.2374316983455508e-15
3.743974448192489 0.5 4.206460220578771e-17
4.743974448192848 0.5 1.923730352960785e-15
0.5 1.5000000000003588 90.0
1.5000000000003606 1.5000000000003588 90.0
0.5 2.5000000000007194 90.0
16.24227026203179 16.24227026203159 90.0
16.242245015342856 15.242270262031226 90.0
16.242270262031592 14.242270262030868 90.0
16.242270262031592 13.242270262030505 90.0
16.242270262031592 12.242270262030146 7.184977127984698e-16
15.242270262031434 16.24227026203159 90.0
15.242245015342492 15.242270262031226 90.0
14.242270262031074 16.24227026203159 1.1562121215061115e-15
0.5000000000000036 3.50000000000108 89.99999999999973
1.335973612999009 4.3710561190115875 45.128750034848004
2.2492839405166265 5.284602095889511 44.95741815392689
2.954887965039209 5.994403053470453 45.05430986750025
3.6639620918466154 6.700496141072003 45.126370490761936
4.3722576920433625 7.407448799968094 45.042581846072885
5.079871767247257 8.116601986902886 44.835222805283934
5.741573195412929 8.869381903252382 44.835222805283934
6.496494889284477 9.532486124402812 45.16600965435231
7.20519023800809 10.240573885018783 44.95741815392655
7.908873494956289 10.951378720767313 44.97945285396892
8.62003827551982 11.656820571787744 45.17384865340568
9.328782871594717 12.363909311045731 45.04258184607305
10.036215187837223 13.0727889824695 44.87224072852209
10.736776958895835 13.788866974408577 45.07063874653807
11.453094507152631 14.48842572768601 45.04830702727259
12.161432929367452 15.198591503062495 44.699495522891155
12.826854575465939 16.24227026203156 89.99999999999703
1.7071067193422813 2.9988597090363864 45.0239632865704
2.2494694666578248 3.8712644810253813 45.128750034848004
2.957978421075225 4.579080265620323 44.95741815392689
3.6635818455259166 5.28830933907776 45.00762966460158
4.372622536535259 5.99494644461555 45.126370490761936
5.080918887239658 6.701898354118704 45.042581846072885
5.788541326647522 7.411043189272743 44.835222805283934
6.4517906090441635 8.163718602742687 44.97025538466938
7.205153582979927 8.826934321509938 45.16600965435231
7.913851812243273 9.535019197301395 44.95741815392655
8.617691744764127 10.245810691077107 44.991199114331984
9.328697027817666 10.951268678624341 45.17384865340568
10.037442123501128 11.658356919015826 45.042581846073055
10.744880625346374 12.367230414024228 44.87224072852209
11.451541934129407 13.076378747752159 45.00172107292008
12.160795449070031 13.781913606900982 45.04830702727259
12.869146975410718 14.492066300229606 44.699495522891155
13.533032536518148 15.242869622510781 44.699495522891155
2.4148091292786127 2.2923489312958925 45.0239632865704
2.9571725117716916 3.1647530709555873 45.128750034848004
3.66568165772971 3.8725686637249943 44.95741815392689
4.371284371091807 4.5817984482468574 45.00762967806539
5.080325540840192 5.288435075007902 45.126370490761936
5.788621237762797 5.995387637321802 45.042581846072885
6.496248566044796 6.704527590863069 44.835222805283934
7.179571632490564 7.437108670101754 44.97028185007183
7.91285742816938 8.120422120832096 45.1660096543523
8.621555054226574 8.828507600726965 44.95741815392655
9.32539445227201 9.539298932172265 44.9911420361953
10.036401078737327 10.244756272862528 45.17384865340568
10.745144478477284 10.951846206678564 45.042581846073055
11.452586316817804 11.66071637014733 44.87224072852209
12.159817575217899 12.369867111505698 45.04830702727259
12.869424577172374 13.076331238760481 45.04830702727259
13.577794867958554 13.786465199258199 44.699495522891155
14.241680429065983 14.537268521539374 44.699495522891155
3.1217935244367396 1.5851195379233722 45.0239632865704
3.664875555729189 2.4582416597242016 45.128750034848004
4.373384893224358 3.1660570606715517 44.957418153926895
5.079783783730697 3.875286835530016 45.072395490921
5.788028995261186 4.58192415750624 45.126370490761936
6.496324039062184 5.288877371971672 45.042581846072885
7.203956257852152 5.998012442268756 44.835222805283934
7.9004280805113964 6.720044568491993 45.19021050941702
8.621485090561595 7.414839106291819 45.1660096543523
9.330185483941426 8.12292181474768 44.95741815392655
10.034773231838537 8.832967626791994 44.991392252605785
10.74502881813759 9.539173178027564 45.17384865340568
11.453772646164923 10.246262684192345 45.042581846073055
12.161220577556653 10.955126763659813 44.87224072852209
12.868447264162036 11.663619542838802 44.994381443473614
13.577125867200989 12.369819466674159 45.04830702727259
14.285509264235907 13.079940343004722 44.699495522891155
15.242270262031228 13.829207580294838 89.99999999999999
4.371861899167145 1.7510103197008622 45.128750034848004
5.08036928181399 2.458827678404358 44.957418153926895
5.786769597521758 3.1666566200960347 44.95857626889356
6.4950150752344875 3.874692694101739 45.12637049076194
7.206399713928947 4.58474350982079 45.042581846072885
7.91404542370049 5.293865109174227 44.835222805283934
8.622062823998135 6.0018071427642 44.97685640831462
9.330633791742315 6.709780158653489 45.1660096543523
10.0393388534445 7.417858191842903 44.95741815392655
10.744926307342112 8.126507208997126 44.9590679669419
11.454177637795963 8.834114335240553 45.17384865340568
12.203082552008937 9.581421413646943 45.042581846073055
12.910657704067782 10.290158461405987 44.87224072852496
13.617883384469108 10.997238951701696 44.864995025683015
14.32652243443821 11.705073339108164 45.04830702727259
15.035173206315529 12.41492729107301 44.699495522891155
5.493277542134438 1.4579589542160658 44.957418153926895
6.2017878227024585 2.1657804209237064 45.129319349022154
7.0276145228065445 2.7557080509327783 45.00651623599797
7.618483543450523 3.5816647775215245 44.7922882284364
8.326349685860741 4.291093629718617 45.042581846072885
9.03516351277135 4.9972302517504374 44.98278182484921
9.743108150206398 5.7056171779614555 44.81092136953568
10.450000453291365 6.414746144108239 44.95741815392655
11.158391789549357 7.122385125863797 45.1048304964677
11.988916102296743 7.707106667908457 45.03243195019357
12.57482628454475 8.538290710790463 44.787259695407464
13.282897362015431 9.247576670863086 45.042581846073055
14.035163485092486 9.910117053871389 44.99371942176441
14.698855142116011 10.662235506620963 44.864995025683015
15.406298423950213 11.371159579111506 45.039836212634114
