270 16.937810329390629
0.5 16.1156890890555 2.5096564283423063e-15
1.5000000000030829 16.437810329390622 1.714517757976427e-15
15.978643838417831 0.5 5.740178208522616e-16
16.437810329390622 1.5000000000030829 2.3685306528088202e-15
0.5 11.50000000003392 8.004164615281283e-16
0.5 10.500000000030836 1.7683596639558908e-15
0.5 9.500000000027752 90.0
1.5000000000030829 9.500000000027752 90.0
0.5 8.50000000002467 6.619358186946919e-16
1.5000000000030829 8.50000000002467 7.876599985822892e-16
2.5000000000061666 8.50000000002467 90.0
0.5 7.500000000021586 2.9354718040997602e-15
1.5000000000030829 7.500000000021586 4.215948775246204e-15
2.5000000000061666 7.500000000021586 2.666029987927136e-15
3.5000000000092504 7.500000000021586 90.0
0.5 6.500000000018501 4.416123127907015e-15
1.5000000000030829 6.5000000000185025 4.9356648750176525e-15
2.5000000000061666 6.5000000000185025 2.6053376274635277e-15
3.5000000000092433 6.500000000018494 89.99999999999906
4.627297759767357 6.872476584863649 72.48483721738488
0.5 5.500000000015418 90.0
1.5000000000030829 5.500000000015418 90.0
2.5000000000061666 5.500000000015418 5.553660821850249e-15
3.5000000000092513 5.500000000015418 5.282900167606976e-15
4.627297759767357 5.823859925563898 72.4848372173862
0.5 4.500000000012334 90.0
1.5000000000030829 4.500000000012334 90.0
2.5000000000061666 4.500000000012334 90.0
3.5000000000092504 4.500000000012334 6.913912488972953e-15
4.500000000012334 4.500000000012334 90.0
0.5 3.5000000000092504 4.657893357749768e-16
1.5000000000030829 3.5000000000092504 90.0
2.5000000000061666 3.5000000000092504 1.2286333840118524e-16
3.5000000000092513 3.5000000000092504 7.666264652364875e-15
4.500000000012334 3.5000000000092504 90.0
5.503570481056087 3.503570481049919 89.58937809962956
0.5 2.5000000000061666 90.0
1.5000000000030829 2.5000000000061666 90.0
2.5000000000061666 2.5000000000061666 4.932247501787372e-16
3.5000000000092513 2.5000000000061666 90.0
4.500000000012334 2.5000000000061666 90.0
5.500000000015418 2.5000000000061666 89.99999999999999
6.5000000000185025 2.5000000000061666 1.9421269855536133e-17
0.5 1.5000000000030829 90.0
1.5000000000030829 1.5000000000030829 90.0
2.5000000000061666 1.5000000000030829 8.218411564630527e-17
3.5000000000092513 1.5000000000030829 1.2491757023784581e-15
4.500000000012334 1.5000000000030829 3.685044165317038e-15
5.500000000015418 1.5000000000030829 2.903462906137063e-15
6.500000000018502 1.5000000000030829 90.0
7.500000000021586 1.5000000000030829 90.0
0.5 0.5 90.0
1.5000000000030829 0.5 1.8904524180698015e-16
2.5000000000061666 0.5 1.8029767977454483e-15
3.5000000000092513 0.5 90.0
4.500000000012334 0.5 4.838442110682413e-16
5.500000000015418 0.5 1.7035620323523682e-16
6.500000000018502 0.5 4.969438007159801e-16
7.500000000021586 0.5 3.229283960844225e-16
8.50000000002467 0.5 90.0
9.500000000027754 0.5000035380339156 2.4900320369402255e-15
3.437810329350536 16.437810329390622 90.0
4.437810329353619 16.437810329390622 90.0
5.437810329356703 16.437810329390622 4.890525652685799e-16
6.4378103293597855 16.437810329390622 1.6386934916121149e-18
7.43781032936287 16.437810329390615 2.4899651763613042e-14
8.437810329365956 16.437810329390622 89.99999999999989
9.437810329369041 16.437810329390622 90.0
10.437810329372123 16.437810329390622 89.99999999999999
11.437810329375203 16.437810329390615 89.99999999999977
12.437810329378287 16.437810329390622 89.99999999999977
13.437810329381369 16.437810329390622 2.0302788447904073e-15
14.437810329384455 16.437810329390608 2.5128278099739614e-13
15.437810329387537 16.437810329390622 1.186849425143675e-13
16.437810329390622 16.437810329390622 90.0
4.437810329353619 15.437810329387538 3.53994185759199e-16
5.437810329356703 15.437810329387538 90.0
6.437810329359786 15.437810329387538 5.008634429337067e-14
7.437810329362874 15.437810329387533 6.529697898508275e-14
8.437810329365957 15.437810329387537 89.99999999999989
9.437810329369041 15.437810329387538 90.0
10.437810329372121 15.437810329387538 89.99999999999999
11.437810329375205 15.437810329387542 6.668629720783898e-14
12.437810329378289 15.437810329387538 2.314005740280318e-15
13.437810329381373 15.437810329387538 1.0226549869345901e-15
14.437810329384462 15.437810329387535 89.99999999999957
15.43781032938754 15.437810329387535 8.832125086682514e-14
16.437810329390626 15.43781032938754 2.366909431896743e-15
5.437810329356702 14.437810329384455 89.99999999999989
6.437810329359783 14.437810329384453 90.0
7.437810329362867 14.43781032938445 90.0
8.437810329365952 14.43781032938445 89.99999999999989
9.437810329369041 14.437810329384455 89.99999999999996
10.437810329372123 14.437810329384455 89.99999999999997
11.437810329375205 14.437810329384458 89.99999999999999
12.437810329378289 14.437810329384455 2.4877265448290165e-15
13.437810329381369 14.437810329384453 89.99999999999979
14.437810329384453 14.437810329384453 89.99999999999983
15.437810329387538 14.437810329384455 89.99999999999999
16.437810329390626 14.437810329384453 3.216654778224723e-13
6.437810329359786 13.437810329381367 89.99999999999974
7.437810329362867 13.437810329381369 89.99999999999999
8.437810329365949 13.437810329381366 89.99999999999974
9.437810329369036 13.43781032938137 3.252405707964677e-14
10.437810329372121 13.437810329381369 89.99999999999996
11.437810329375203 13.437810329381373 1.324404335440552e-13
12.437810329378285 13.437810329381373 2.664117174134805e-13
13.437810329381373 13.43781032938137 90.0
14.437810329384458 13.43781032938137 1.699002079796485e-13
15.43781032938754 13.43781032938137 4.673970702365427e-14
16.437810329390626 13.437810329381369 2.84243932502419e-13
6.437810329359785 12.437810329378285 89.99999999999953
7.437810329362867 12.437810329378287 89.99999999999972
8.437810329365954 12.437810329378278 1.411405887193478e-13
9.437810329369038 12.437810329378289 2.928492597819481e-13
10.43781032937212 12.437810329378287 8.24380422173928e-14
11.437810329375203 12.437810329378289 9.660460750313416e-14
12.437810329378287 12.437810329378289 9.849594250078406e-14
13.43781032938137 12.437810329378287 1.640431016212475e-14
14.437810329384455 12.437810329378287 1.0933100916579884e-13
15.437810329387538 12.437810329378287 90.0
16.437810329390622 12.437810329378284 1.7406155845650447e-13
6.437810329359783 11.435924176397785 6.156388034497006e-13
7.437810329362867 11.437810329375207 2.0660905014063479e-13
8.437810329365949 11.437810329375198 4.435650555625959e-13
9.437810329369032 11.437810329375207 5.308778721518334e-13
10.437810329372121 11.437810329375205 89.99999999999972
11.437810329375202 11.437810329375203 2.1227329721391146e-14
12.437810329378285 11.437810329375207 1.131097877148772e-14
13.43781032938137 11.437810329375202 90.0
14.437810329384455 11.437810329375203 1.3537323910528198e-14
15.437810329387537 11.437810329375202 1.718668239348079e-13
16.437810329390622 11.4378103293752 1.7588182733211679e-13
6.4378103293597775 10.391490133412365 89.99999999999987
7.437810329362867 10.43781032937211 89.99999999999987
8.437810329365952 10.437810329372118 89.99999999999997
9.437810329369045 10.43781032937212 89.99999999999997
10.437810329372116 10.43781032937212 2.0951275808867345e-14
11.437810329375202 10.437810329372121 89.99999999999977
12.437810329378285 10.43781032937212 1.7094454805350591e-13
13.437810329381373 10.437810329372118 89.99999999999993
14.437810329384456 10.437810329372123 5.121189681712229e-13
15.437810329387542 10.437810329372121 3.325541718549203e-13
16.43781032939062 10.437810329372114 3.1666849073149293e-13
6.4378103293597695 9.391490133409286 89.99999999999916
7.437810329362865 9.437810329369034 5.173627994388366e-13
8.437810329365952 9.437810329369034 7.965144678355837e-14
9.437810329369036 9.437810329369038 1.663190684533539e-13
10.437810329372116 9.437810329369038 1.998837745927379e-14
11.4378103293752 9.437810329369041 89.99999999999993
12.437810329378285 9.437810329369034 89.99999999999996
13.437810329381369 9.437810329369038 89.9999999999998
14.437810329384456 9.437810329369038 7.582359851130702e-14
15.437810329387538 9.437810329369034 89.99999999999993
16.437810329390622 9.437810329369034 89.99999999999993
7.437810329362868 8.43781032936595 4.3588603950373473e-13
8.437810329365952 8.43781032936595 1.6699351566912692e-13
9.437810329369036 8.437810329365949 5.236223525237503e-13
10.43781032937212 8.437810329365957 1.554325563658809e-13
11.437810329375205 8.437810329365956 3.727309909742372e-14
12.43781032937829 8.437810329365956 89.99999999999989
13.437810329381369 8.437810329365952 89.99999999999999
14.437810329384458 8.43781032936595 89.99999999999952
15.437810329387538 8.437810329365952 90.0
16.437810329390622 8.437810329365952 90.0
10.437810329372113 7.437810329362872 1.4470156507595657e-13
11.437810329375196 7.437810329362872 1.0537213304405491e-13
12.437810329378278 7.43781032936287 89.99999999999991
13.437810329381358 7.437810329362863 89.99999999999952
14.437810329384455 7.437810329362868 7.88918877057088e-14
15.43781032938754 7.43781032936287 89.99999999999976
16.437810329390626 7.437810329362867 90.0
12.437810329378284 6.437810329359789 89.99999999999964
13.43781032938137 6.437810329359776 2.277779274907739e-15
14.437810329384451 6.437810329359785 90.0
15.437810329387537 6.437810329359786 89.99999999999977
16.437810329390622 6.437810329359783 6.137173410982084e-15
14.437810329384453 5.437810329356701 89.99999999999999
15.437810329387535 5.437810329356702 89.99999999999969
16.43781032939062 5.4378103293567 7.837258470159027e-14
15.437810329387538 4.437810329353615 2.7015394038731743e-15
16.437810329390622 4.437810329353616 7.484170834230496e-14
16.437810329390622 3.4378103293505324 7.501305858227464e-14
9.43781032936904 7.437810329362868 90.0
8.30750273592153 7.307502735918439 71.9516205760732
7.231247327344492 7.3068560795021895 70.87611595220488
10.329067896926396 6.329067896914074 75.5831374758511
11.437810329375196 6.437810329359788 4.367665714389808e-14
6.1599290248243594 7.269632612818924 70.87611595220488
0.6297145300629685 14.950492181850437 17.94254558687896
1.5757921144033036 15.274886831477941 17.942545586878957
0.6297145300629685 13.792621662636035 17.94254558687896
1.549793996736332 14.197304145880404 17.94254558687896
2.495871581076668 14.521698795507906 17.94254558687896
0.6297145300629685 12.634751143421632 17.942545586878957
1.549793996736331 13.039433626666002 17.94254558687896
2.4698734634096944 13.44411610991037 17.94254558687896
3.4159510477500294 13.76851075953787 17.942545586878957
4.367316958394317 14.076573909022086 17.942545586878957
1.5625715789644712 11.885700634537598 17.942545586878953
2.4826510456378337 12.290383117781968 17.942545586878953
3.402730512311196 12.695065601026341 17.942545586878946
4.348808096651532 13.019460250653843 17.942545586878943
1.6302921752084387 10.633124235981937 18.045623129816313
2.5157270426508473 11.143559061304092 18.045623129816313
3.4356343273445464 11.548185447614213 18.045623129816313
4.355541612038244 11.952811833924336 18.045623129816313
5.315368038448735 12.270620874624608 16.763590195433864
2.5793302662194666 9.902412038855859 22.109496660047874
3.453238150821554 10.408164016074414 22.109496660047874
4.3689249537964425 10.811075827539849 22.109496660047874
5.320294602202935 11.215610997831181 18.108300272790707
3.4666406609531037 9.186475038341035 27.522742407398425
4.364822461338587 9.700953910797104 23.4469660771549
5.280145918128831 10.103708134588654 23.446966077154904
4.286509738476025 8.42577035846599 43.04223069536035
5.271928279558363 9.004927678613528 23.997713372250985
5.259833580175027 7.726205447492353 70.87611595220488
2.5271580250475925 15.582949980962157 17.942545586878847
3.447237491720954 14.829761944992123 17.94254558687896
6.413470001229818 8.367149805276243 87.13815634060789
6.285186947435095 4.435485429222349 72.05136383571156
6.588359074342055 5.39237570068328 72.4848372173862
6.905222690684844 6.358771593838913 71.1715528761862
5.5287201183062145 5.357449673137194 72.4848372173862
14.797368370590705 0.6800134479798263 60.911931002192944
15.196286361663962 1.6024177506099964 60.911931002192944
13.626818171665954 0.583126220026835 79.44545693888371
14.047466469966185 1.5988648157003373 66.51120532088048
14.495215548215054 2.4946304942277546 66.51120532088333
12.543691951636037 0.5 90.0
12.861262273369823 1.6067981935294942 68.83511875189005
13.326622951473281 2.4989587439947547 68.83511875189005
13.775567437265739 3.397475142655612 68.83511875189005
14.237375475372637 4.291011166804657 68.83511875189004
11.543691951632951 0.5 90.0
11.78984206510933 1.6308684907041684 71.85117189784538
12.124487042589028 2.5735278607367356 71.85117189784538
12.602469407486705 3.4692021097410386 71.85117189784538
13.05370764471521 4.37364292061707 71.85117189784538
10.500000000030836 0.5 4.37922508166465e-16
10.719791767458641 1.6178050360172271 71.87758648639647
11.043173688915802 2.5641625513658326 71.87758648639647
11.37782219922941 3.5068326990056864 71.87758648639647
11.85582975811542 4.402583807245156 71.87758648639647
12.307089147758107 5.307089147736531 71.87758648639658
9.663792172054809 1.6219101310702424 73.41623807076029
9.966944478007917 2.5750319100671444 73.41623807075854
10.290547019261233 3.5220635194397767 73.41623807075854
10.625515195731339 4.465710392874574 73.41623807075854
11.10510271278987 5.36628899339205 73.41623807075854
8.88356395536579 2.5706079762833642 75.5831374758511
9.187120348807694 3.5250866442895337 75.5831374758511
9.511357414774176 4.474248929897553 75.5831374758511
9.847088186143138 5.420456527594974 75.5831374758511
8.608742432470384 1.6087424324487989 75.5831374758511
8.107494137391734 3.5331462722868583 73.40709881182704
8.41064538761072 4.48626529910097 73.40709881182704
8.734245777744631 5.433290931202292 73.40709881182704
7.345812095911854 4.464716175730395 72.05136383571156
7.648915851852577 5.417688583079268 72.05136383571156
15.672060141163126 2.5142729321033306 57.588516462379516
14.955605246213818 3.384902814117577 66.51120532088333
7.799243569351377 2.581546730222759 73.40709881182704
7.037647817373512 3.5133830177677856 72.05136383571156
9.06921119431261 6.376930034957086 73.40709881182704
7.972842969561399 6.3648016310801205 71.95162057607723
5.8296782993905545 6.311087011565485 72.4848372173849
5.314847146646512 13.314847146671182 16.763590195433864
13.437810329381369 5.437810329356691 2.2556700263698415e-14
