272 16.968165867864400
0.5000000000000001 16.081637998752594 6.494488851879666e-18
1.5000000000007638 16.46816586786431 6.494394063963677e-18
16.165468148077526 0.5000000000000002 90.0
16.468165867864315 1.500000000000764 3.7168995920804915e-17
0.6200267434324084 9.62002674343929 16.26471175451632
0.5000000000000001 8.500000000006116 3.1805497524918854e-15
0.5000000000000001 7.500000000005351 6.361104813107066e-15
1.5000000000007665 7.500000000005354 2.9904008403575124e-13
0.5000000000000001 6.5000000000045866 9.541654565598951e-15
1.5000000000007638 6.5000000000045866 6.38518094298716e-15
1.5000000000007638 5.500000000003822 90.0
0.5000000000000001 5.500000000003822 6.361104813107066e-15
2.5000000000015286 5.5000000000038165 90.0
2.5000000000015286 4.500000000003052 89.99999999999999
3.5000000000022924 5.5000000000038165 90.0
0.5000000000000001 4.500000000003057 6.361104813107066e-15
1.5000000000007638 4.500000000003057 5.580921415356708e-15
2.5000000000015286 3.5000000000022933 1.1272904896702908e-14
3.5000000000022924 4.500000000003057 3.594236093600865e-15
4.500000000003057 4.500000000003055 90.0
0.5000000000000001 3.5000000000022933 3.1805516482502052e-15
1.5000000000007638 3.5000000000022933 6.628867403985757e-15
2.5000000000015286 6.500000000004581 89.99999999999999
3.500000000002295 3.5000000000022906 3.1814913342125805e-13
4.500000000003062 3.5000000000022933 90.0
5.500000000003827 3.5000000000022924 7.38482329167913e-14
0.5000000000000001 2.5000000000015286 3.1829983139377047e-15
1.5000000000007638 2.5000000000015286 4.126677449407102e-15
2.5000000000015286 2.5000000000015286 4.764201492724338e-15
3.5000000000022924 2.5000000000015286 90.0
4.500000000003057 2.5000000000015286 3.791516639546772e-21
5.500000000003821 2.5000000000015294 7.47023857853484e-14
6.5000000000045866 2.5000000000015286 89.99999999999999
0.5000000000000001 1.500000000000764 2.4479927183233732e-18
1.5000000000007638 1.500000000000764 4.268000919579729e-15
2.5000000000015286 1.500000000000764 90.0
3.5000000000022924 1.500000000000764 90.0
4.500000000003057 1.500000000000764 3.1805580938284924e-15
5.500000000003822 1.500000000000764 90.0
6.5000000000045866 1.500000000000764 4.577754440237567e-16
7.50000000000535 1.500000000000764 89.99999999999999
0.5000000000000001 0.5000000000000002 3.1830062761226476e-15
1.5000000000007638 0.5000000000000002 89.99999999999997
2.5000000000015286 0.5000000000000002 90.0
3.5000000000022924 0.5000000000000002 2.8524337982638273e-17
4.500000000003057 0.5000000000000002 3.1805546814635168e-15
5.500000000003822 0.5000000000000002 90.0
6.5000000000045866 0.5000000000000002 2.479399935982891e-15
7.50000000000535 0.5000000000000002 2.4773616166374707e-15
8.500000000006116 0.5000000000000002 90.0
9.50000000000688 0.5000000000000002 90.0
3.468165867854319 16.46816586786431 89.99999999999991
4.468165867855084 16.468165867864315 89.99999999999991
5.468165867855847 16.468165867864318 90.0
6.468165867856611 16.46816586786431 0.0
7.468165867857382 16.46816586786431 2.679614526681008e-15
8.468165867858147 16.468165867864283 7.042383826774647e-17
9.468165867858911 16.46816586786438 7.763662756109126e-16
10.468165867859677 16.46816586786438 90.0
11.46816586786044 16.4681658678644 90.0
12.468165867861204 16.468165867864336 90.0
13.468165867861968 16.46816586786431 90.0
14.468165867862734 16.46816586786431 90.0
15.468165867863517 16.46816586786431 90.0
16.468165867864286 16.468165867864307 3.3908412939327156e-15
4.468165867855082 15.468165867863547 89.99999999999991
5.4681658678558485 15.468165867863547 89.99999999999956
6.468165867856618 15.468165867863569 2.8897207755188147e-15
7.468165867857382 15.468165867863544 90.0
8.468165867858147 15.468165867863519 4.736710344958298e-15
9.468165867858911 15.468165867863615 90.0
10.468165867859677 15.468165867863615 90.0
11.46816586786044 15.468165867863636 90.0
12.468165867861204 15.468165867863572 90.0
13.468165867861968 15.468165867863544 90.0
14.468165867862753 15.468165867863544 90.0
15.46816586786352 15.468165867863544 89.99999999999999
16.468165867864286 15.468165867863544 89.99999999999999
5.468165867855854 14.46816586786278 4.864246227707144e-15
6.468165867856593 14.46816586786279 89.99999999999807
7.468165867857369 14.46816586786277 89.99999999999852
8.468165867858135 14.468165867862865 89.99999999999854
9.468165867858911 14.46816586786285 90.0
10.468165867859677 14.46816586786285 90.0
11.468165867860451 14.468165867862862 89.9999999999988
12.468165867861215 14.46816586786279 89.9999999999988
13.46816586786199 14.468165867862808 1.435474864307639e-13
14.468165867862757 14.46816586786278 90.0
15.46816586786352 14.46816586786278 3.749947926617989e-15
16.468165867864286 14.46816586786278 90.0
6.46714626125231 13.468165867862016 7.987608128480437e-15
7.467146261253083 13.468165867861998 89.99999999999903
8.467146261253855 13.468165867862007 1.3716751689330975e-14
9.467146261254621 13.468165867862087 89.99999999999997
10.467146261255385 13.468165867862087 1.2708610513505765e-14
11.46816586786044 13.468165867862085 3.3606049234672947e-15
12.468165867861215 13.468165867862027 89.9999999999988
13.46816586786199 13.468165867862016 1.241060019333644e-14
14.468165867862767 13.46816586786203 89.99999999999838
15.468165867863545 13.468165867862016 4.148700215362732e-15
16.468165867864315 13.468165867862018 1.7166082750588214e-13
6.468165867856664 12.468165867861241 1.1905892441422824e-14
7.4681658678574285 12.468165867861241 90.0
8.468165867858193 12.459105142297163 1.5086920301200833e-14
9.468165867858957 12.46816586786132 1.377356221065733e-14
10.468165867859723 12.468165867861323 1.1904901036836765e-14
11.468165867860487 12.46816586786132 1.3569954508779056e-14
12.468165867861204 12.468165867861252 8.410673834253103e-15
13.468165867861968 12.468165867861252 6.828274119869811e-14
14.468165867862753 12.468165867861252 2.106710134583198e-15
15.46816586786352 12.468165867861252 89.99999999999999
16.468165867864286 12.468165867861252 3.422104390834156e-13
6.46133822944938 11.452328483736467 0.802130988025715
7.4681658678574285 11.468165867860478 9.475948020629718e-15
8.46816586785819 11.459105142296398 2.720433975568573e-14
9.468165867858954 11.468165867860556 1.4888155805662735e-14
10.46816586785972 11.468165867860558 2.730491093420927e-14
11.468165867860497 11.468165867860543 89.99999999999852
12.46816586786125 11.468165867860487 6.9679609466430446e-15
13.468165867862014 11.468165867860485 89.99999999999991
14.468165867862782 11.468165867860487 2.9087677008382134e-15
15.468165867863545 11.468165867860487 4.233949249397512e-16
16.468165867864307 11.468165867860485 1.693432925774778e-13
6.344082617217666 10.331209050101485 16.956023501135498
7.468165867857426 10.45937544368562 90.0
8.46816586785819 10.459105142295634 90.0
9.468165867858954 10.468165867859792 6.7393650263330935e-15
10.46816586785972 10.468165867859794 6.936678351460752e-15
11.468165867860483 10.451559646193154 1.1946839922125789e-14
12.468165867861247 10.468165867859721 6.4602004518393896e-15
13.468165867862014 10.468165867859721 89.99999999999991
14.468165867862778 10.468165867859721 89.99999999999984
15.468165867863542 10.468165867859721 89.99999999999983
16.468165867864315 10.46816586785972 2.4589584147674627e-15
7.435440467229933 9.459133433287729 89.97033364748454
8.442715152320694 9.451842122811875 89.13010816811881
9.468165867858954 9.468165867859026 4.990179737387292e-15
10.46816586785972 9.468165867859028 2.2507558929681628e-15
11.468165867860483 9.451559646192388 3.6582292340924e-15
12.468165867861247 9.468165867858955 7.637232714724689e-15
13.46816586786201 9.468165867858955 4.489483139908314e-15
14.468165867862776 9.468165867858955 89.99999999999991
15.468165867863542 9.468165867858954 6.6035295084241355e-16
16.468165867864307 9.468165867858954 1.6355011116167983e-15
7.446402056619222 8.45887461255718 2.09440414261794e-14
8.453935377492936 8.451556494046239 89.13010816811881
9.454076036615545 8.453228968361703 89.13010816811881
10.46160935748926 8.468165867858264 2.0191966387108362e-14
11.468165867860458 8.451559646191624 1.290092900124889e-15
12.468165867861222 8.468165867858191 1.0669909024299105e-14
13.468165867861986 8.468165867858191 1.3749743344731108e-14
14.468165867862776 8.46816586785819 5.2948799128194526e-15
15.468165867863542 8.46816586785819 89.99999999999997
16.468165867864307 8.468165867858183 89.99999999999967
7.268423349088069 6.34488627677621 73.07701770069005
8.46816586785814 7.430666044434641 3.0475929893065645e-12
9.468165867858904 7.4456956474879625 3.0489602551617117e-12
10.468165867859694 7.468165867857499 1.949105633663286e-14
11.46816586786047 7.451559646190847 1.4868996355755813e-12
12.468165867861247 7.468165867857426 7.001436007186369e-15
13.46816586786201 7.468165867857426 90.0
14.468165867862776 7.468165867857425 1.1380732347900027e-14
15.468165867863542 7.468165867857423 89.9999999999998
16.468165867864315 7.46816586785724 90.0
10.468165867859353 6.468165867856706 3.3303789214045593e-12
11.468165867860485 6.45155964619007 7.082482739672278e-15
12.468165867861273 6.468165867856635 2.957677819172881e-12
13.468165867862064 6.468165867856662 90.0
14.46816586786283 6.46816586785666 1.2129024953679781e-13
15.468165867863545 6.468165867856477 1.1689812893311928e-13
16.468165867864315 6.4681658678564755 90.0
14.468165867862783 5.4681658678558955 1.1532481795694772e-13
15.468165867863549 5.468165867855712 9.998013884082082e-16
16.468165867864315 5.468165867855712 3.172122786851276e-15
15.468165867863545 4.468165867854947 6.282313839002672e-15
16.468165867864315 4.468165867855191 5.1787988927012915e-15
16.468165867864315 3.4681658678544265 2.70020332697348e-15
4.351277267522495 6.56238892494944 16.953310761179978
5.307819954082291 6.853981258165706 16.95331076117939
6.26427281816871 7.145868246008332 16.953310761179395
4.702642859530032 5.624067509891468 16.95331076117997
0.6276246595923595 14.857743928422334 17.57261230061902
1.6390365896825223 15.271957889671489 29.01763673621784
0.6241655391641087 13.805695346907628 16.970208921956626
1.5824380970245207 14.111424600787615 17.645804752033687
2.5208371218164896 14.548785336113998 21.63059641274752
0.6241655391641087 12.760169651494893 16.970208921956623
1.580622185221734 13.052044083766253 16.970208921956615
2.5364322871653746 13.365514504621444 17.645804752035
3.446338881395228 13.8039566127092 17.645804752033683
4.359085425349869 14.233470835075593 17.645804752033687
0.6241655391641096 11.71464395608216 16.97020892195663
1.580622185221734 12.00651838835352 16.97020892195663
2.5370788312793584 12.29839282062488 16.970208921956626
3.4868106757146196 12.612304062201787 16.97020892195663
4.398379088963755 13.051274792923536 16.97020892195663
0.6200267434324119 10.661717313164974 16.26471175451701
1.5766253338926193 10.95337588788778 16.26471175451696
2.533154491638089 11.24527244798669 16.264711754516963
3.489683649383565 11.537169008085597 16.264711754516323
4.439759363928612 11.851185185828177 16.264711754516323
5.353211613675283 12.290730792275317 16.264711754516323
1.5831166108779984 9.902634164132587 16.68987811402069
2.5396558102055886 10.1942749320975 16.689878114020686
3.4961238147232017 10.486153157123915 16.689878114020686
4.452591819240817 10.77803138215032 16.689878114020686
5.402442602141673 11.091980120476425 16.689878114020686
2.5249035846901773 9.141907900242014 16.956023501135675
3.4814324643760983 9.433545521834855 16.956023501135473
4.437889047789121 9.725420264662406 16.956023501135498
5.394345631202146 10.017295007489947 16.9560235011355
1.5683747050042571 8.850270278649175 16.956023501135675
3.452528896499267 8.379286325684083 16.956023501135675
4.409098515199325 8.670952697130051 16.961449964347267
5.365674677075168 8.962911877794994 16.97738562422442
4.380188381766928 7.616633835740374 16.953310761179388
5.387483718216999 7.923960828661041 16.982171047328062
2.5456592171945527 15.699074700085939 29.017636736220517
3.427263741237044 14.975793418582228 21.63059641274752
2.4960000168133476 8.087648704091244 16.95602350113568
3.4236253286224354 7.325027129533312 16.956023501135675
6.32216715582808 9.254811980730983 16.982171047327846
6.343930967066208 8.215866106678117 16.98217104732806
6.531550856397068 4.310419555742511 65.96547862206185
7.468165867857374 7.458874612556389 3.0490127550930384e-12
6.948273779441838 5.374312166700093 70.52341086077291
5.660293609653498 4.811983716087791 65.96547862206393
14.935776611967027 0.6567088112365733 66.76283693177456
15.311457056627043 1.583685277751272 66.76283693177703
13.838128150278516 0.6431435556949936 69.5578174028362
14.213874560623514 1.5702969996699656 69.5578174028362
14.547982645269984 2.5129705027434284 69.5578174028362
12.760054420269118 0.6294719062372611 72.10064114913519
13.094150008330667 1.5724301885363776 72.1006411491355
13.470679060404482 2.5016833597738843 72.1006411491355
13.804633166344603 3.4446873378047176 72.1006411491355
14.224309465281928 4.360004861222001 72.1006411491355
11.67955339000224 0.6291109208735943 72.1647786274408
12.013108521496529 1.5722768049726092 72.16477862744195
12.34721397333897 2.5152656272935605 72.1647786274408
12.723768230840774 3.4445968390239283 72.16477862744193
13.0577321494095 4.3876311987000065 72.1647786274408
10.628684363521804 0.6286843635141601 72.24038662926432
10.93456100816083 1.5807559362826755 72.24038662926432
11.268127986441 2.5239586410159998 72.24038662926432
11.602245518721086 3.4669850101791333 72.24038662926381
11.978829879370995 4.396409784592053 72.24038662926432
12.312805818285833 5.339481504341692 72.24038662926532
9.854891171098432 1.5772736737841593 71.25104132817842
10.18833973105009 2.52012750854 71.25104132817842
10.521788291001762 3.462981343295839 71.25104132817842
10.85578419657625 4.405649390342938 71.25104132817842
11.231999453252756 5.333986754584444 71.25104132817842
9.1320262680656 2.5514403987178644 70.52341086077297
9.465447939336187 3.494218203467562 70.52341086077296
9.798869610606785 4.436996008217255 70.52341086077293
10.132836180063723 5.3795811049258315 70.52341086077293
8.715368597369434 1.6380997380105262 70.52341086077296
8.390192415873104 3.4530479882812584 70.52341086077293
8.723614087143694 4.395825793030955 70.52341086077293
9.057035758414289 5.338603597780649 70.52341086077294
7.660693167322444 4.389532706555576 70.52341086077395
7.9941148385930445 5.332310511305278 70.52341086077291
15.690954171109842 2.5488899400910245 62.39432293122344
14.966431977607 3.4318553279589255 68.60953685599107
7.973534745176939 2.53970732757392 70.52341086077293
7.238758475837262 3.440990559659112 65.96547862206185
9.362775504875994 6.340305284504593 76.11284509822933
8.30887186760713 6.3141784398087895 74.15055551108576
5.934165648403052 5.784780452499458 65.96547862206185
5.458463252903513 13.406253220824748 1.1229130281094877
13.418434327524894 5.418434327518773 83.97342226833845
