28 5.824444616674059296958628758848381019903901347055291450106
0.5 5.324444616674059 0.0
1.5 5.324444616674059 0.0
2.5 5.324444616674059 0.0
0.5 4.324444616674059 0.0
1.324861612160855 3.3892896557465604 59.70859218348923
2.188332812976022 2.884891514034268 59.70859218348923
1.6839346712637295 2.0214203132191013 59.70859218348923
5.324444616674059 0.5 0.0
4.324444616674059 0.5 0.0
3.324444616674059 0.5 0.0
5.324444616674059 1.5 0.0
4.499583004513204 2.435154960927499 59.70859218348923
3.6361118036980375 2.939553102639791 59.70859218348923
4.140509945410329 3.8030243034549582 59.70859218348923
5.324444616674059 5.324444616674059 0.0
5.324444616674059 4.324444616674059 0.0
5.324444616674059 3.324444616674059 0.0
4.324444616674059 5.324444616674059 0.0
3.3892896557465604 4.499583004513204 59.70859218348923
2.884891514034268 3.6361118036980375 59.70859218348923
2.0214203132191013 4.140509945410329 59.70859218348923
0.5 0.5 0.0
0.5 1.5 0.0
0.5 2.5 0.0
1.5 0.5 0.0
2.435154960927499 1.324861612160855 59.70859218348923
2.939553102639791 2.188332812976022 59.70859218348923
3.8030243034549582 1.6839346712637295 59.70859218348923
