301 17.846667192848074
0.5 17.346667192848074 90.0
1.5000000000002354 17.346667192848074 3.6980936695483395e-17
2.50000000000047 17.346667192848074 90.0
3.5002275154045943 17.346435206810682 89.97392271993265
4.500455030803761 17.346207810280603 89.99999318423029
5.5027763841503585 17.334740309446225 89.72841620603492
6.502859823269746 17.33765223022084 89.735198482919
4.346667192845018 2.50000000000047 90.0
8.50320454200954 17.34324156560276 89.77030038845963
9.503849101767026 17.341913197348617 89.84419916183269
10.503862029653929 17.345307796304404 89.84419916239513
11.503865958729344 17.34530942428897 89.84419916239513
12.504732332558579 17.33825259821657 89.92454191637738
13.504743817921188 17.34600872782287 89.92449569461259
14.504744686210138 17.34600861374812 89.92449567837849
0.5 16.34666719284784 90.0
1.5000000000002354 16.34666719284784 1.4705615802249734e-15
2.50000000000047 16.34666719284784 90.0
3.5000000000007043 16.346207691406562 90.0
4.500000119068735 16.34620773109583 89.99999545194522
5.502000479780767 16.3343700021209 89.77030085591784
6.50202042801554 16.337341324661594 89.77030085591784
7.50205781799763 16.3446632648689 89.77030085591784
8.502060140645417 16.343238113316936 89.77030085591784
9.502060286118335 16.341269893734193 89.77030085591784
10.502719432398367 16.345307206162417 89.84419916183269
11.502723133965148 16.345308834765618 89.84419916183269
12.503644743146731 16.33660270502012 89.73509996067423
13.504439276029267 16.345120217433184 89.82264291956858
0.5 15.346667192847603 90.0
1.5000000000002354 15.346667192847603 90.0
2.50000000000047 15.346667192847603 90.0
3.5000000000007043 15.346207691406327 90.0
4.50000000000094 15.346207691406327 90.0
5.502305481104461 15.334054508560575 89.73519847336517
6.502329893516837 15.337025813203967 89.73519847333216
7.502674740942542 15.34465275548763 89.77030085591784
8.50284523229612 15.343058081416329 89.75094915005897
9.504205374274159 15.340069941397479 89.9074225393702
10.506083609722573 15.345294359425962 89.84419934490946
11.508618298801753 15.34275146542909 89.55266495306238
12.512075228021427 15.317189827882283 89.39654299858213
0.5 14.346667192847367 1.4678325857675792e-15
1.5000000000002354 14.346667192847367 90.0
2.50000000000047 14.346667192847367 90.0
3.500000000000705 14.346207691406091 3.0278115052051428e-15
4.50000000000094 14.346207691406091 3.249165194754744e-16
5.502250049163077 14.333988902904037 89.74157970890903
6.502273622123132 14.336960211333336 89.74157970890904
7.502563045918166 14.344645167156058 89.77030085591784
8.50256401882022 14.342882328382837 89.77030039162375
9.50255568844026 14.338799917360225 89.77030039162375
10.503218441522995 14.345295309319512 89.84383895944364
11.5043868375351 14.34139761822423 89.70900063633668
0.5 13.346667192847132 8.68372572562053e-16
1.5000000000002354 13.346667192847132 4.1734787652105133e-16
2.50000000000047 13.346667192847132 1.0109206135604497e-16
3.5000000000007043 13.346207691405857 90.0
4.50000000000094 13.346207691405857 90.0
5.502285007640349 13.333943456217762 89.73755542901162
6.502309127963116 13.336914742676914 89.73755319418542
7.502633820086941 13.34463684730044 89.77030085591784
8.502940543125678 13.342565796962955 89.73511188875891
9.503159947923283 13.338249771587028 89.70890232508643
10.504359123981695 13.34528848610089 89.84383895944364
0.5 12.346667192846898 4.129264941797598e-15
1.5000000000002354 12.346667192846898 2.353590711710591e-15
2.50000000000047 12.346667192846898 90.0
3.500000000000705 12.346207691405622 89.99999999999999
4.50000000000094 12.346207691405622 90.0
5.502285007640349 12.333932965535524 89.73755542901162
6.502329463100184 12.33688364573524 89.73521211968824
7.502674718649062 12.344628647216942 89.77030085591784
8.502981430960066 12.342554920985803 89.73511188875891
9.506564397107052 12.33483786673638 89.3201687677577
0.5 11.346667192846663 2.5211852929881762e-15
1.5000000000002354 11.346667192846661 90.0
2.50000000000047 11.346667192846663 90.0
3.5000000000007043 11.346207691405388 89.99999999999999
4.50000000000094 11.346207691405388 90.0
5.5018199516439195 11.333461246792188 89.79106749882882
6.5020191308836885 11.336570738078827 89.77030085591782
7.502059449057475 11.344623077729862 89.77030085591782
8.502365394000325 11.342546332430874 89.7351984881515
0.5 10.346667192846429 3.71591095411673e-15
2.50000000000047 10.346667192846429 90.0
3.500000000000705 10.346207691405153 90.0
4.50000000000094 10.346207691405153 89.99999999999999
1.5000000000002354 10.346667192846429 1.85443377422168e-15
5.500057297496319 10.331698585316405 89.99343381444157
6.501461267884782 10.336026624670577 89.83238168796913
7.5014891043750165 10.344079000836777 89.83238168796913
0.5 9.346667192846194 5.582912515937473e-16
1.5000000000002354 9.34366731234771 1.5966349084389924e-15
2.50000000000047 9.346667192846194 90.0
3.500000000000705 9.346207691404919 90.0
4.50000000000094 9.346207691404919 89.99999999999999
5.500907317147621 9.33084836408266 89.8959345502235
6.501481553386206 9.336013367036442 89.83135963843839
0.5 8.346667192845958 1.7181764767456737e-15
1.5000000000002354 8.34366707425385 3.3934618954460545e-15
2.50000000000047 8.346667192845958 90.0
3.5000000000007043 8.346207691404684 90.0
4.50000000000094 8.346207691404684 90.0
5.500000000001174 8.329941046935978 90.0
0.5 7.3466671928457234 3.621725652303958e-15
1.5000000000002354 7.340609118419136 3.5160038087646525e-15
2.50000000000047 7.3466671928457234 90.0
3.5000000000007043 7.346207691404448 2.7627962781080533e-15
4.50000000000094 7.346207691404448 90.0
0.5 6.346667192845489 1.7813639025141245e-15
1.5000000000002354 6.339843376444325 90.0
2.50000000000047 6.346667192845489 90.0
3.5000000000007043 6.346207691404214 3.602972096392737e-16
0.5 5.346667192845254 1.156449613439938e-15
1.5000000000002354 5.339843138345604 90.0
2.50000000000047 5.346667192845254 90.0
0.5 4.346667192845019 2.8533135141744247e-15
1.5038610697230705 4.335236324186816 89.55584845599198
0.5 3.3466671928447838 1.6186840398756142e-15
17.34666719284807 0.5 90.0
16.346667192847836 0.5 1.0326505491155065e-15
15.346667192847601 0.5 3.301477383866501e-15
14.346667192847367 0.5 90.0
13.346667192847132 0.5 90.0
12.346667192846898 0.5 90.0
11.346667192846663 0.5 1.5303548499245995e-15
10.346667192846429 0.5 1.8955125321153702e-16
9.346667192846189 0.5 90.0
8.346667192845954 0.5000000000000036 89.99999999999966
7.34666719284572 0.5000000000000036 89.99999999999966
6.346667192845485 0.5000000000000036 89.99999999999966
5.346667192845251 0.5000000000000036 89.99999999999966
4.346667192845015 0.5000000000000036 89.99999999999966
3.34666719284478 0.5 90.0
2.3466671928445457 0.5 2.0259362116415476e-15
17.34666719284807 1.5000000000002354 3.1278623852673823e-15
16.346667192847836 1.5000000000002354 6.167308217412626e-15
15.346667192847601 1.5000000000002354 3.2005929416914374e-15
14.346667192847367 1.5000000000002354 1.3441449716489564e-15
13.346667192847132 1.5000000000002354 1.7144874258433107e-15
12.346667192846898 1.5000000000002354 7.545999640316771e-16
11.346667192846663 1.5020164392242057 90.0
10.346667192846429 1.500000119169953 9.327441837649502e-16
9.346667192846192 1.5000000000002354 2.273081714404474e-15
8.346667192845958 1.5000000000002354 90.0
7.346667192845723 1.5000000000002354 90.0
6.346667192845489 1.5000000000002416 90.0
5.346667192845256 1.5000000000002354 90.0
4.346667192845021 1.5000000000002354 90.0
3.346667192844783 1.5000000000002327 89.99999999999964
7.503202215244917 17.344666713068477 89.77030085591784
17.34666719284807 2.50000000000047 89.99999999999999
16.346667192847836 2.50000000000047 1.7587217967586078e-15
15.346667192847601 2.50000000000047 1.2476382853372477e-14
14.346667192847367 2.5000000000004707 89.99999999999999
13.346667192847132 2.5000000000004707 89.99999999999999
12.346667192846898 2.5000000000004707 89.99999999999999
11.346667192846663 2.505016439716078 89.99999999999999
10.346667192846429 2.51404638267664 89.99999999999999
9.346667192846192 2.50000000000047 8.905514282967459e-17
8.346667192845958 2.50000000000047 7.926548359992208e-15
7.346667192845724 2.50000000000047 90.0
6.346667192845492 2.50000000000047 89.99999999999999
5.346667192845253 2.500000000000467 3.717037512889915e-13
17.34666719284807 3.500000000000706 8.67029656616447e-15
16.346667192847836 3.500000000000705 5.825191301549551e-15
15.346667192847601 3.500000000000705 90.0
14.346667192847367 3.500000000000705 2.9196498052497126e-16
13.346667192847132 3.500000000000707 1.9161758326296653e-14
12.346667192846898 3.500000000000707 1.8827080901183148e-14
11.339181593046856 3.51590290967245 90.0
10.339181593046622 3.5159030413108745 1.7295421995396376e-16
9.339181593046387 3.500000000000706 8.561347500943115e-15
8.339181593046153 3.500000000000705 3.891415380745799e-15
7.339181593045917 3.500000000000706 90.0
6.339181593045682 3.500000000000706 5.453833048210321e-15
5.339181593045447 3.500000000000706 90.0
17.342952993300802 4.503692045831791 89.5753451402006
16.342925526575705 4.503692045831791 89.57534514020061
15.342898059850615 4.503692045831791 89.57534514020061
14.341647248468856 4.502465654833876 89.71675549986584
13.339181652556604 4.500000119038304 89.99999318073912
12.33918159304709 4.5000000000009415 90.0
11.339181593046856 4.515903279887569 2.492777634486936e-15
10.339181593046622 4.515903279979886 1.2000712893363656e-15
9.339181593046387 4.500000000000941 1.5597913357254497e-15
8.339181593046153 4.500000000000941 2.219818555299874e-15
7.339181593045917 4.500000000000941 90.0
6.339181593045682 4.500000000000941 5.0728286795052054e-15
17.342975147017224 5.5037193483588265 89.57534514020061
16.342947680292127 5.5037193483588265 89.57534514020061
15.342920213567037 5.5037193483588265 89.57534514020061
14.342818080130945 5.503629672890061 89.58395343030797
13.341647247880264 5.503422114482536 89.71675549986584
12.33918159304709 5.500000000001176 90.0
11.332738335448207 5.516274123000134 89.99999874825711
10.332738335441437 5.515975055025464 89.99999874825711
9.332738335092193 5.500000010924693 89.99999874825711
8.332738316302585 5.500000010924692 89.9999987482571
7.33273831630235 5.500000010924692 89.9999987482571
17.339026213227854 6.504264914589251 89.51930336140215
16.338010798694196 6.505259826963181 89.40591365243291
15.336978813989438 6.504279682705925 89.5193033113873
14.336943475522705 6.5042625709750705 89.51930331138732
13.336342248011515 6.504604502639096 89.58552048487435
12.332738356939933 6.5000000109249285 89.99999874825711
11.332738357320478 6.517429242360909 89.99999874825711
10.332738357295256 6.51628553833655 89.99999874825711
9.332738356939227 6.5000000109249285 89.99999874825711
8.332738356938993 6.5000000109249285 89.9999987482571
17.33902630038645 7.504300108751066 89.51930336140214
16.33801104158132 7.505313582474109 89.40591365243291
15.336978901148079 7.504314876875064 89.5193033113873
14.336943562681348 7.504297765144209 89.5193033113873
13.336342269859124 7.50463066866291 89.58552048487435
12.332738378786967 7.500000010925163 89.99999874825711
11.330024284628703 7.517435939313227 89.99999874825711
10.33002428461873 7.51699013897017 89.99999874825711
9.330024284247306 7.500000010984456 89.99999874825711
17.33631231570089 8.504358073801667 89.51930336140215
16.335297257688485 8.5053954800935 89.40591365243291
15.335765123638868 9.504395450278873 89.51930330161295
14.334229578077949 8.504355730288399 89.51930330169493
13.333628197168203 8.504676468876553 89.58552048487435
12.330024306095046 8.50000001098469 89.99999874825711
11.329957978896037 8.51743770938439 89.99982357430528
10.329957977695035 8.517049367784798 89.99982357433367
17.335835529215878 9.504397268902782 89.51930336140215
16.33581726141674 9.506414878567682 89.51930330160732
15.335740139406699 10.504430854796839 89.5193033016127
14.335165453658409 9.504952660945984 89.58552045539317
13.335137399766527 9.504691717505024 89.58552045539317
12.331533508437632 9.500000010951956 89.99999874825711
11.331533463070702 9.517439187471522 89.9999935062096
17.335810544472867 10.504432673938075 89.51930330160806
16.335792277184563 10.506450283085657 89.51930330160788
15.336254532306908 11.504461733974653 89.5193033016114
14.334172330989936 10.5059573392054 89.69857365025649
13.334157119228271 10.505696328202884 89.69857365025649
12.331533620180116 10.50000001095219 89.99999874825711
17.336787187771808 11.50490761741989 89.46795165333832
16.336758458962034 11.50692543325494 89.46793801481658
15.33426491654659 8.504372842019725 89.51930330163906
14.333462080899356 11.506960529284848 89.58552045618248
13.333434021504956 11.506699580337937 89.5855210916818
17.33509668214872 12.504966551327227 89.46793801481658
16.335072300522388 12.50698421038396 89.46793801453359
15.334568294707417 12.504511076303606 89.51930330161143
14.333982475558075 12.506982930852866 89.58552045620401
17.3405950244943 13.505977811353587 89.58549696499726
16.339551042199737 13.506985737163086 89.46793801453349
15.339047003595923 13.504508695121585 89.51930330176306
17.334958473025598 14.506333892313576 89.55237578174248
16.331997064974193 14.507805849334911 89.3868858469413
17.33921007511835 15.50955028592096 89.55236214322075
0.5003158900539955 0.5003158900539955 89.96379022189737
17.340860605160163 16.906336561591225 89.70877068313976
16.340773519821635 17.337475754762878 89.34502378318903
0.6957886661410981 1.972675653156334 55.26509973963518
1.4459936797186277 1.2996377489453206 55.26509973963518
1.4726756531561902 2.6508785267037034 55.265099739634586
2.2344301036207908 1.9944984388731983 55.26509973963518
2.2570420438012286 3.323895672529993 55.26509973963519
3.050619234168389 2.696923886289115 55.16504426693435
2.8193428460000813 4.150878526703919 55.26509973963518
3.6411399724529225 3.5810983208751175 55.26509973963519
3.596436216450675 4.840048846289867 56.321182893959474
4.418372962722634 4.270171837239547 56.321182893959474
4.382476346399911 5.51842413439533 56.367544657601094
5.20511847534228 4.949579985485366 56.3675446576011
5.169120967990499 6.196826164776526 56.42903019800376
6.057500151676047 5.684883131585391 59.402798471676746
5.691540329686868 7.056671342633194 57.04453115711901
6.572443163496225 6.542135354842413 59.40279847167674
6.523575064784935 7.733037408227964 59.40280752616876
7.384232445131391 7.2238528444292 59.40280752616874
7.333353436629421 8.415943986340416 59.40280752616874
8.194010816975878 7.9067594225416515 59.40280752616874
8.042893983112835 9.158124428443436 59.402808386676575
8.934893615211205 8.680559799785598 60.749653698561296
8.652690233137832 9.98474445793987 60.7496536985613
9.525183286919104 9.496117942998339 60.7496536985613
9.477270279927545 10.669091826505817 60.7496536985613
10.349763333708813 10.180465311564285 60.7496536985613
10.306052013665328 11.351086103959558 60.7496536985613
11.178545102277305 10.862459569511621 60.749653698561296
10.900760493824393 12.164169560452061 60.7496536985613
11.785329851563798 11.683134344567256 59.96187590956869
11.631187727232131 12.92913984257734 59.78998641247095
12.504576904174634 12.427512291785327 58.961675951094904
12.456000722419214 13.623846768165665 58.961675951094904
13.312823332300066 13.108235465731894 58.961675951094904
13.280794398155422 14.294612282505794 58.961675951094904
14.140303306484391 13.777396445928675 58.95734442794143
13.78456239033253 15.158561857240441 58.961675951094904
14.641423350275419 14.642940975805573 58.95734442794143
14.586289756529592 15.843280293937289 58.95734442794142
15.443073384087501 15.327604217752642 58.95734442794142
15.394314982917617 16.524106522851064 58.95734442794147
16.32283168646617 16.12212605030917 58.86942046535525
