307 17.981030548643712
0.5000000000000041 17.454346620592556 0.0
1.5000000000005822 17.481030548643705 3.1805546814635168e-15
17.11999052789126 0.5000000000000038 3.390586504014538e-16
17.48103054864371 1.500000000000582 90.0
0.5000000000000041 9.500000000005212 3.1805546814635168e-15
0.5005728912339477 8.500000000004633 6.3611093629270335e-15
0.5000000000000041 7.5000000000040545 6.3611093629270335e-15
1.5000000000005822 7.5000000000040545 8.50425335834328e-15
0.5000000000000041 6.5000000000034746 6.3611093629270335e-15
1.5000000000005822 6.500000000003476 89.99999999999999
2.502666993290257 6.702564116345055 89.8685191263862
0.5000000000000023 5.500000000002895 89.99999999999973
1.5000000000005822 5.500000000002897 5.343801045109475e-15
2.5000000000011604 5.697110244705469 89.99999999999999
3.500000000001736 5.500000000002892 89.99999999999946
0.5000000000000041 4.500000000002318 7.557720436969337e-15
1.5000000000005733 4.500000000002318 8.236128524484473e-15
2.500000000001148 4.6883439766122015 89.99999999999946
3.5000000000017306 4.500000000002318 89.99999999999999
4.500000000002309 4.500000000002318 7.74328400505167e-15
0.5000000000000041 3.500000000001739 1.1742985540474318e-15
1.5000000000005822 3.50000000000174 1.0423439631711011e-14
2.5000000000011515 3.681915590217896 1.976896470857825e-14
3.5000000000017306 3.500000000001741 6.092330291310384e-14
4.500000000002309 3.500000000001739 7.74342667426421e-15
5.5000000000028875 3.50000000000174 90.0
0.5000000000000041 2.50000000000116 90.0
1.5000000000005822 2.500000000001161 9.45446732245865e-16
2.5000000000011604 2.502587610933592 2.815223476682453e-13
3.5000000000017395 2.50000000000116 90.0
4.500000000002319 2.50000000000116 6.93626910463347e-15
5.500000000002897 2.50000000000116 90.0
6.510133332223324 2.5110937605104606 88.82751743606161
0.5000000000000041 1.500000000000582 90.0
1.5000000000005822 1.500000000000582 3.899663486829194e-15
2.5000000000011604 1.5004203491894919 90.0
3.5000000000017395 1.500000000000582 90.0
4.500000000002319 1.500000000000582 6.36045841929527e-15
5.500000000002897 1.500000000000582 90.0
6.500000000003475 1.500650032797018 90.0
7.500000000004055 1.500000000000582 2.4244276841052624e-15
0.5000000000000059 0.500000000000002 89.99999999999977
1.5000000000005822 0.5000000000000038 2.9965356962720133e-15
2.5000000000011604 0.5000021863397228 3.0221564400870063e-15
3.5000000000017395 0.5000000000000038 2.842326087192209e-14
4.500000000002319 0.5000000000000038 1.0596932748194253e-15
5.500000000002897 0.5000000000000038 2.395381463203552e-15
6.500000000003475 0.5000031921403834 7.927586405833197e-16
7.500000000004055 0.5000000000000038 1.2696119536701998e-15
8.500000000004633 0.5000217020918021 7.39984550098692e-15
9.500000000005212 0.5000000000000038 7.398780594296255e-15
3.4810305486355966 17.481030548643705 2.0017751879567596e-15
4.481030548636175 17.481030548643705 2.3426053117474335e-15
5.481030548636753 17.481030548643705 1.3878914795566536e-15
6.4810305486373325 17.481030548643705 90.0
7.481030548637913 17.4810305486437 3.647200704911828e-13
8.481030548638492 17.4810305486437 3.664943064116166e-13
9.481030548639076 17.48103054864371 89.99999999999972
10.481030548639652 17.4810305486437 1.0179820289878181e-13
11.481030548640232 17.481030548643705 6.5302478269109e-14
12.481030548640812 17.481030548643705 6.598939442730366e-14
13.48103054864139 17.48103054864371 6.430588219241734e-14
14.481030548641968 17.481030548643705 1.6550084599398518e-15
15.481030548642547 17.481030548643705 1.5893249903692789e-16
16.48103054864313 17.481030548643705 1.499742089109892e-14
17.48103054864371 17.481030548643705 1.8406153442276748e-15
4.4810305486361806 16.481030548643126 89.99999999999982
5.48103054863676 15.481030548642545 4.326851537153103e-13
6.481030548637336 16.4810305486431 89.99999999999991
7.481030548637919 16.481030548643133 89.99999999999991
8.481030548638497 16.48103054864313 8.716040448489357e-14
9.481030548639074 16.481030548643126 89.99999999999991
10.481030548639653 16.481030548643126 89.99999999999994
11.48103054864023 16.481030548643123 3.046882426717908e-13
12.481030548640813 16.481030548643126 6.351132191441692e-14
13.48103054864139 16.481030548643126 1.8455532491560774e-13
14.48103054864197 16.481030548643126 9.689234290678754e-14
15.481030548642549 16.481030548643126 3.43236446565193e-14
16.48103054864313 16.481030548643126 1.66086044763379e-14
17.48103054864371 16.481030548643126 1.5901640371444206e-14
5.481030548636757 16.481030548643126 90.0
6.481030548637343 15.481030548642522 90.0
7.4810305486379205 15.481030548642535 90.0
8.481030548638497 15.481030548642554 9.154170986510862e-14
9.481030548639078 15.481030548642549 1.9843007573050857e-14
10.481030548639657 15.481030548642174 9.228246656770616e-14
11.481030548640234 15.481030548642176 7.565293580169313e-14
12.481030548640812 15.481030548642547 1.5216053891543503e-13
13.48103054864139 15.481030548642549 3.174796897130396e-14
14.48103054864197 15.481030548642552 5.087064964183241e-15
15.481030548642549 15.481030548642549 90.0
16.48103054864313 15.481030548642547 1.4829986885375043e-14
17.48103054864371 15.48103054864255 4.115192797836955e-15
6.481030548637343 14.481030548641947 3.893794489886381e-13
7.4810305486379205 14.481030548641954 6.499495777143247e-14
8.481030548638502 14.481030548641963 6.461653668322989e-13
9.481030548639083 14.48103054864197 1.6472790365763656e-13
10.481030548639655 14.48103054864197 90.0
11.481030548640234 14.481030548641595 2.600008650683908e-15
12.481030548640813 14.48103054864197 5.133227132479599e-15
13.48103054864139 14.48103054864197 3.765589872982072e-15
14.481030548641971 14.481030548641971 4.219560460640234e-14
15.48103054864255 14.48103054864197 2.0178784347167606e-14
16.48103054864313 14.48103054864197 90.0
17.48103054864371 14.481030548641971 2.2567048452695897e-15
6.481030548637338 13.481030548641371 89.99999999999996
7.481030548637917 13.481030548641375 7.859020157517289e-14
8.48103054863849 13.481030548641385 4.716438010654566e-13
9.481030548639076 13.481030548641389 6.358169353940247e-15
10.481030548639653 13.481030548641389 2.5715278877933187e-13
11.481030548640234 13.481030548641016 2.48583861978367e-16
12.481030548640813 13.481030548641392 5.558625795927137e-15
13.48103054864139 13.481030548641392 2.2443948750251717e-14
14.48103054864197 13.481030548641392 2.2354268511421985e-14
15.481030548642549 13.481030548641392 90.0
16.48103054864313 13.481030548641392 9.963934135756743e-16
17.48103054864371 13.481030548641392 2.911794431140192e-15
6.471125806602497 12.481030548640796 1.4258589164220643e-13
7.471163537497876 12.481030548640799 1.4521946029523078e-13
8.47121045574321 12.481030548640803 89.9999999999999
9.471261986512465 12.481030548640812 89.99999999999983
10.471341421068576 12.481030548640813 2.548716174221528e-13
11.471464027050237 12.481030548640817 90.0
12.471653649336307 12.481030548640625 89.99999999997854
13.471952093465257 12.481030548640813 5.015850173720327e-15
14.472357841373148 12.481030548640813 90.0
15.473312758838555 12.481030548640815 90.0
16.476053795076876 12.481030548640813 1.475855134495001e-15
17.477804185479837 12.481030548640815 2.5180846377185198e-14
7.481030548637917 11.481030548640218 1.4360631196511174e-13
8.481030548638493 11.481030548640222 1.5134536783366913e-13
9.481030548639072 11.48103054864023 1.4891062706691324e-13
10.481030548639653 11.481030548640234 2.8387112134500374e-13
11.481030548640234 11.481030548640229 1.4200474720103385e-13
12.481030548640813 11.481030548640232 1.415099380779271e-13
13.48103054864139 11.481030548640234 1.3986975878777934e-13
14.48103054864197 11.481030548640234 90.0
15.481030548642549 11.481030548640232 1.4949677304076539e-15
16.48103054864313 11.481030548640234 90.0
17.48103054864371 11.48103054864023 90.0
7.4810305486379205 10.481030548639641 1.313894189581145e-13
8.4810305486385 10.481030548639648 2.8606517825174246e-13
9.48103054863908 10.481030548639653 2.867281442509737e-13
10.48103054863966 10.481030548639662 1.4774620688269384e-13
11.481030548640234 10.481030548639662 2.2061810196712664e-13
12.481030548640812 10.481030548639653 8.848337097096764e-14
13.48103054864139 10.481030548639657 6.677792472936434e-14
14.48103054864197 10.481030548639653 1.240195915596263e-15
15.481030548642549 10.481030548639655 89.99999999999999
16.48103054864313 10.481030548639657 89.99999999999999
17.48103054864371 10.481030548639653 89.99999999999991
7.4698812116412645 9.481030548639056 89.99999999999947
8.471664455521951 9.481030548639069 6.025641290100917e-13
9.473664043045842 9.481030548639072 5.928381607285395e-14
10.474670640434189 9.481030548639081 2.535600729648512e-13
11.477633437339462 9.481030548639078 89.99999999999966
12.480866383407488 9.481030548639076 2.222437790789324e-13
13.480879857841193 9.481030548639076 6.496433425865021e-14
14.480895869484224 9.481030548639074 3.7624125223207366e-13
15.480911745703208 9.481030548639074 89.99999999999999
16.480962008686863 9.481030548639076 89.99999999999999
17.480986492934 9.481030548639076 89.99999999999977
7.481030548637917 8.481030548638477 89.99999999999947
8.48103054863851 8.481030548638488 2.2219243339444913e-13
9.481030548639083 8.481030548638499 89.99999999999959
10.48103054863966 8.481030548638502 89.99999999999989
11.48103054864023 8.481030548638493 2.62522808158385e-13
12.48103054864081 8.481030548638493 1.3743435757342306e-13
13.48103054864139 8.481030548638493 89.99999999999963
14.481030548641954 8.481030548638495 89.99999999999996
15.481030548642547 8.481030548638495 89.9999999999999
16.481030548643126 8.4810305486385 89.99999999999979
17.48103054864371 8.481030548638495 89.99999999999997
7.406968867156681 7.403989972778261 80.74155098999167
8.481030548638492 7.481030548637918 89.99999999999937
9.481030548639074 7.481030548637918 89.9999999999999
10.481030548639653 7.481030548637923 89.9999999999999
11.481030548640236 7.4810305486379125 5.204772969443819e-13
12.481030548640815 7.481030548637918 8.237350135854573e-15
13.481030548641387 6.481030548637333 89.99999999999996
14.481030548641968 7.481030548637918 89.99999999999996
15.481030548642549 7.48103054863792 89.99999999999969
16.481030548643133 7.481030548637923 89.99999999999996
17.48103054864371 7.481030548637916 9.136222317812259e-16
12.48103054864081 6.481030548637339 8.416520964489305e-15
13.481030548641376 7.481030548637914 89.99999999999963
14.481030548641959 6.481030548637348 8.464523030992711e-13
15.481030548642547 6.481030548637342 89.99999999999984
16.48103054864313 6.481030548637342 7.126868165603305e-14
17.48103054864371 6.481030548637339 7.099623399368961e-16
15.48103054864255 5.481030548636764 89.99999999999984
16.481030548643133 5.481030548636762 90.0
17.48103054864371 5.48103054863676 1.3172080172473992e-15
16.48103054864313 4.481030548636185 89.99999999999984
17.48103054864371 4.481030548636183 89.9999999999998
17.48103054864371 3.4810305486356024 8.341431924937026e-16
5.877892939438291 6.017802045849638 17.929922401373165
0.6488812695237881 15.98285067118406 21.58587527571277
1.5861061388834048 16.332149279119346 21.585875275713533
0.6336093799513419 14.890303327994683 18.644777852162775
1.569405780693765 15.244745943222991 18.644777852162775
2.516924627909541 15.564445855909941 18.644777852162775
0.6298599133321018 13.782872941806573 17.9684541863329
1.567556367953919 14.150036016644023 18.64477785216279
2.5033527686963395 14.504478631872333 18.644777852163582
3.4521356134627186 14.82043233927582 18.64477785216278
4.367837565736068 15.234430393505754 18.6447778521636
0.6298599133321018 12.731598624611134 17.9684541863329
1.5812938860344263 13.039452238928991 17.96845418633271
2.5131988300274286 13.407522813663059 17.96845418633201
3.449471370938825 13.762126082128923 17.968454186332064
4.398967291764139 14.075955600056709 17.968454186332707
0.6291917121205751 11.679725007514504 17.849563662542813
1.5806264057782369 11.987578853993949 17.849563662543183
2.5320610994359014 12.295432700473391 17.849563662541534
3.4640917156650795 12.663544033760925 17.84956366254289
4.400461984175089 13.018178996371855 17.84956366254241
5.351838836516193 13.326212463468787 17.849563662542444
0.6288275677065928 10.628827567712378 17.784974916958422
1.5808036066762612 10.935001057014695 17.784974916958426
2.532240410084127 11.242855582874551 17.78497491695842
3.4836772134919944 11.55071010873441 17.78497491695842
4.415777866937705 11.918843995361692 17.78497491695842
5.352202980930173 12.273496619279864 17.78497491695854
1.565140384436655 9.877559828795695 17.929922401372632
2.5165741432755344 10.18541336953038 17.92992240137301
3.4680079021144112 10.49326691026507 17.92992240137315
4.419441660953292 10.801120450999756 17.929922401372686
5.351386898850008 11.169204050125064 17.929922401372686
2.57066203776249 9.15186916213066 17.929922401372842
3.522095796601366 9.459722702865347 17.92992240137284
4.473529555440247 9.767576243600033 17.92992240137258
5.4249633142791245 10.075429784334716 17.929922401373013
1.6296436497873334 8.811826498519812 17.929922401371332
3.4854245792923666 8.396811749057116 17.929922401373233
4.436858338131243 8.704665289791798 17.929922401372735
5.388292096970122 9.012518830526478 17.92992240137268
4.457224572662713 7.660209831534835 17.929922401373226
5.4086583315015915 7.9680633722695084 17.929922401372686
5.433893669302111 14.433893669307311 5.69350409394595
2.560809278892464 16.703905263942275 26.767307508554577
3.448969594877266 15.975211975782788 20.62770527726548
2.5157866745878263 8.053338329023235 21.27047807518578
3.5003931153099948 7.341794665389361 18.899245737063122
6.481030548637338 11.481030548640216 1.4377290412696246e-13
6.481030548637341 10.481030548639636 6.07817707088395e-13
6.339725855808996 9.32037237126116 17.929922401372572
6.36009209034047 8.27591691300419 17.929922401372696
4.338676893307319 6.566867333634557 18.36099595331903
5.292522558882409 6.87944022936994 17.929922401372497
6.243956317721288 7.187293770104621 17.929922401372696
4.696910195536355 5.631928878322547 18.33968533055907
15.96356795430024 0.6457505425000021 69.04451494276559
16.306270012969122 1.5853309036280046 69.04451494276559
14.892741996693637 0.6457505425000021 69.04451494276559
15.23544405536252 1.5853309036280046 69.04451494276559
15.568442213248487 2.5286275956452045 69.04451494276557
13.792603092018146 0.6331612296805231 71.43690250744544
14.152868907195277 1.5670582944335198 71.43690250744544
14.485793853585445 2.510136978512307 71.43690250744439
14.813054629006078 3.4551178063028987 71.43690250744439
15.244469257151865 4.365121653863353 71.43690250744439
12.735656386220397 0.6308104768093659 71.8615774737894
13.051654307678591 1.579583162719356 71.8615774737894
13.412033204879114 2.513816961184996 71.86157747378962
13.745003178100525 3.4570297253907425 71.86157747378938
14.072294881449892 4.402102649837845 71.86157747378938
11.680557304024418 0.6295796176778039 72.0814765060697
11.99222519417973 1.57978003406795 72.0814765060697
12.308231297823804 2.5285776966753977 72.0814765060697
12.66867417718368 3.463006805179253 72.0814765060697
13.001673671464726 4.406309684494314 72.08147650606874
13.328987756614103 5.351450930958958 72.08147650606895
10.629579617683591 0.6295796176778057 72.08147650606915
10.935740076721824 1.586147496585798 71.57917133065347
11.251734036618226 2.5349086980006366 71.5791713306522
11.56772799651463 3.483669899415484 71.57917133065472
11.928029355961836 4.417674099157113 71.57917133065418
12.260967230814869 5.36079196821888 71.57917133065385
9.875811500181054 1.5683651639949983 71.57917133065473
10.191805460077491 2.517126365409835 71.57917133065473
10.507799419973894 3.4658875668246845 71.57917133065475
10.82379337987031 4.414648768239534 71.57917133065418
11.18409473931751 5.348652967981161 71.57917133065418
9.14908217195319 2.5510023306992444 71.57917133065754
9.46507613184961 3.4997635321141134 71.57917133065473
9.781070091746015 4.448524733528961 71.57917133065472
10.097064051642434 5.397285934943777 71.5791713306522
8.742604533763634 1.6323775806561598 71.5791713306592
8.394381500896861 3.449656484450321 71.57917133065557
8.710375460793266 4.39841768586517 71.57917133065472
9.02636942068967 5.347178887280018 71.57917133065469
7.665942649586321 4.4271608657865364 71.5791713306522
7.981936609482733 5.375922067201406 71.5791713306547
14.44067245529139 5.440672455286176 85.16574881273586
16.708131852940426 2.5593518126109567 62.55321955846519
15.983428169774397 3.443415114076994 68.6940121705046
7.98790386270726 2.531031734407244 71.5791713306546
7.252520288700629 3.443851430758393 63.59789483373898
11.440540600340407 6.481030548637333 3.0703886680200246e-13
10.440540600339828 6.481030548637342 3.39722803999604e-13
9.320793854114557 6.3226177767044724 73.7824439169932
8.293008999562415 6.369568331490319 73.78244391699273
6.535185321944277 4.3164373188574 67.06138982984558
6.93250680694229 5.389661949266786 71.57917133065408
7.24050619348598 6.354402451199906 73.04588829755836
5.6553338004361535 4.803229198450414 67.06138982984558
