303 17.924341009860250
0.5000000000000004 17.12774422358022 3.1805543970997686e-15
1.5000000000005023 17.424341009860246 90.0
17.409600340601486 0.5000913676621251 89.98961863350783
17.424102959139297 1.500223867990635 89.97428999540058
0.5000000000000004 11.50000000000553 90.0
0.5000000000000004 10.500000000005029 90.0
0.5000000000000004 9.500000000004526 2.8246798964623453e-19
1.5000000000005023 9.500000000004526 90.0
0.5000000000000004 8.500000000004023 2.8246798964623453e-19
1.5000000000005032 8.500000000004023 4.1140126806625906e-14
2.500000000001005 8.500000000004023 90.0
0.5000000000000004 7.500000000003521 89.99999999999996
1.5000000000005023 7.500000000003521 89.99999999999999
2.500000000001005 7.500000000003522 89.99999999999999
3.500000000001507 7.500000000003521 89.99999999999999
0.5000000000000004 6.500000000003017 2.425102400875509e-15
1.5000000000005023 6.500000000003019 90.0
2.500014337273863 6.500000000003021 89.99999999999987
3.500364564426707 6.500000000003017 2.4924417028080548e-14
0.5000000000000004 5.500000000002515 8.490267380604296e-16
1.5000000000005023 5.500000000002515 1.2364336746266139e-14
2.500000000001005 5.500000000002515 90.0
3.500000000001505 5.5000000000025135 89.99999999999973
4.500000000002007 5.500000000002515 2.497131683935893e-14
5.5000000000025135 5.500000000002512 1.8109141691455243e-13
0.5107670380696523 4.500000000002013 1.7770707323305734e-15
1.5132133228018216 4.500000000002013 1.392676775735179e-14
2.515704345613712 4.500000000002013 89.99999999999973
3.523085373981958 4.500000000002013 89.99999999999999
4.526290357964228 4.500000000002008 89.99999999999999
5.658230446990398 4.500000000002008 89.99999999999999
6.67132633028846 4.503510268636224 89.66102176596101
0.5000000000000004 3.500000000001511 90.0
1.5000000000005023 3.500000000001511 90.0
2.500000000001005 3.500000000001511 2.9094817587145596e-15
3.5000000000015077 3.500000000001511 1.8208968379687497e-15
4.500000000002011 3.5000000000015064 89.99999999999999
5.5000000000025135 3.5000000000015064 89.99999999999999
6.500000000003016 3.500000000001511 89.99999999999999
7.5000000000035225 3.50000000000151 90.0
0.5000000000000004 2.500000000001007 90.0
1.5000000000005023 2.500000000001007 2.295937657181152e-16
2.500000000001005 2.500000000001007 4.24359885677844e-15
3.5000000000015103 2.5000000000010054 89.99999999999973
4.500000000002013 2.5000000000010036 89.99999999999999
5.500000000002517 2.5000000000010036 7.660977678623264e-15
6.50000000000302 2.500000000001007 8.024723650687074e-15
7.500000000003517 2.500000000001007 5.420872974633562e-15
8.50000000000402 2.500000000001007 90.0
0.5000000000000004 1.5000000000005054 3.80841541439862e-16
1.5000000000005023 1.5000000000005054 3.4101117886989082e-15
2.500000000001005 1.5000000000005054 3.5718902034499125e-15
3.5000000000015077 1.5000000000005054 90.0
4.500000000002011 1.5000000000005054 90.0
5.500000000002515 1.5000000000005036 2.7573652632905257e-13
6.500000000003016 1.5000000000005054 8.271825405419263e-15
7.500000000003517 1.5000000000005054 6.084528841799749e-15
8.50000000000402 1.5000000000005027 90.0
9.500000000004523 1.5000000000005054 4.1824978292206764e-15
0.5000000000000004 0.5000000000000028 90.0
1.5000000000005023 0.5000000000000028 2.4346431659326634e-15
2.500000000001005 0.5000000000000028 90.0
3.5000000000015077 0.5000000000000028 90.0
4.500000000002011 0.5000000000000028 2.737475013752769e-19
5.500000000002512 0.5000000000000028 6.015945245129407e-16
6.500000000003016 0.5000000000000028 90.0
7.5000004125249085 0.5000000000000046 89.99999999999987
8.500001681785685 0.5000000000000028 3.1593166130760996e-13
9.500014340623459 0.5000000000000028 1.4916996581302865e-15
10.500044079560102 0.5000000000000028 90.0
3.4243410098532023 17.42434100986024 9.604257581743955e-13
4.424341009853704 17.424341009860246 2.8652089222278987e-15
5.424341009854206 17.424341009860246 89.99999999999999
6.424341009854709 17.424341009860246 1.2725244119328965e-13
7.424341009855214 17.424341009860246 89.99999999999991
8.424341009855716 17.424341009860246 2.3930660683684857e-13
9.424341009856223 17.41467069211977 89.9999999999999
10.42434100985672 17.424341009860218 2.857008642633051e-13
11.424341009857226 17.424341009860246 89.99999999999972
12.424341009857729 17.424341009860246 89.99999999999997
13.424341009858235 17.424341009860246 89.99999999999997
14.424341009858738 17.422268713501808 89.99999999999997
15.424341009859237 17.421648332582198 89.99999999999997
16.42434100985974 17.412500360336875 2.0574155671977985e-13
17.424341009860242 17.413285568872585 4.452282686019743e-13
4.424341009853709 16.42434100985974 1.2153054447205175e-15
5.424341009854212 16.42434100985974 3.3516831843788654e-15
6.4243410098547145 16.42434100985974 1.263746512180011e-13
7.424341009855217 16.424341009859745 4.234182713306656e-17
8.424341009855718 16.42434100985974 89.99999999999993
9.424341009856215 16.410701599433946 3.337628036826108e-13
10.42434100985672 16.424341009859738 2.8981513670636513e-13
11.424341009857216 16.424341009859724 7.639400782468751e-13
12.424341009857727 16.424341009859752 1.0920827777362595e-13
13.424341009858233 16.424341009859745 89.99999999999979
14.424341009858736 16.418681988582172 89.99999999999977
15.424341009859237 16.42122500393773 89.99999999999979
16.42434100985974 16.40992602478117 1.1183169087922785e-13
17.424341009860242 16.40992561814261 89.9999999999998
5.424341009854215 15.424341009859242 8.007448607933667e-14
7.424341009855219 15.424341009859246 3.033078645476408e-15
11.424341009857226 10.424341009856727 1.7543665359394698e-13
8.42434100985572 15.424341009859242 4.4771221885298383e-14
9.42434100985622 15.408127966733053 2.914529735770758e-13
10.424341009856724 10.424341009856729 89.99999999999997
11.424341009857226 15.424341009859228 1.1526856681254573e-13
12.42434100985773 15.424341009859253 1.1635167768391979e-13
13.424341009858232 15.424341009859248 89.99999999999937
14.424341009858738 15.41713233592768 89.99999999999999
15.42434100985924 15.420893790311546 89.99999999999999
16.424341009859745 14.406822989977195 89.99999999999976
17.424341009860242 15.408130777808124 4.1914809978225874e-14
6.424341009854716 14.42434100985874 89.9999999999999
7.424341009855219 14.42434100985874 2.5301985898867018e-14
8.424341009855722 14.42434100985874 1.5418059547275435e-15
9.42434100985622 14.406467307792232 1.8135693859807956e-13
10.424341009856724 15.42434100985924 2.9123751386453434e-13
11.42434100985723 14.424341009858725 9.375092356244897e-14
12.424341009857732 14.42434100985875 9.424555022093498e-14
13.424341009858235 14.42434100985874 9.295789999973987e-14
14.424341009858736 13.41516434253309 89.99999999999977
15.42434100985924 14.420671771856307 89.99999999999996
16.42434100985974 13.405755116639321 89.99999999999999
17.424341009860242 14.406822989977178 89.99999999999976
6.424341009854716 13.424341009858237 2.078379083842453e-13
7.424341009855221 13.424341009858237 8.839106817594253e-14
9.424341009856223 13.405203870964497 1.1066303272096948e-13
10.424341009856725 14.424341009858738 2.5108137495392887e-13
11.424341009857226 13.424341009858223 1.1247925542113837e-13
8.424341009855722 13.42434100985824 1.1357049829470513e-13
12.424341009857727 13.424341009858237 1.1135453909354859e-13
13.424341009858232 13.424341009858237 1.1055103635947258e-13
14.424341009858738 14.416079303947091 89.99999999999947
15.424341009859237 13.420476864273496 89.99999999999976
16.42434100985974 12.405212408110144 90.0
17.424341009860242 13.405755868401007 3.1834362341095723e-15
7.424341009855219 12.424341009857732 7.003255936322548e-14
8.424341009855723 12.424341009857732 89.99999999999977
9.424341009856226 12.40442304944988 2.8164921264182645e-13
10.424341009856725 13.424341009858233 6.197234377078906e-13
11.42434100985723 12.424341009857722 3.722252403770389e-13
12.424341009857732 12.42434100985775 4.5129071468198244e-13
13.42434100985824 12.424341009857736 89.99999999999984
14.424341009858733 12.414070277772161 1.372817713426782e-13
15.424341009859237 12.42040475090167 1.0469957266060176e-14
16.42434100985974 11.404758020217855 1.3097824559235672e-14
17.424341009860242 12.405212408164465 6.616054354135134e-16
7.424341009855215 11.424341009857232 6.920324510313414e-14
8.424341009855725 11.424341009857232 89.99999999999986
9.42434100985622 11.403064354092793 89.99999999999964
10.424341009856727 12.424341009857725 3.166440810627439e-13
11.424341009857226 11.424341009857226 89.99999999999983
12.424341009857725 11.424341009857242 89.99999999999964
13.424341009858226 11.424341009857235 89.99999999999984
14.424341009858733 11.413243453030587 3.73990004379874e-13
15.424341009859237 11.420377074357939 1.0026632819108949e-15
16.42434100985974 15.408131060692979 4.509529068550232e-14
17.424341009860242 11.404946567448933 9.917280301758492e-15
9.424341009856223 10.402285957549136 1.6716125948632154e-13
10.424341009856724 11.424341009857232 89.99999999999997
12.42434100985773 10.424341009856734 1.1928403865104468e-14
13.424341009858235 10.42434100985673 8.070916532803318e-14
14.424341009858738 10.412869341913812 89.99999999999946
8.424341009855718 10.42434100985673 89.99999999999993
15.424341009859237 10.420356044515424 4.654473077797696e-15
6.424341009854716 15.42434100985924 7.767304567065354e-14
16.424341009859745 10.404459825345665 2.8078819611424972e-15
17.424341009860246 10.403187394536792 90.0
8.424341009855718 9.424341009856219 89.99999999999959
9.424341009856224 9.401594535316386 89.99999999999989
10.424341009856727 9.424341009856226 89.99999999999996
11.424341009857233 9.424341009856226 5.663117296031801e-13
12.424341009857736 9.424341009856228 4.1087754989725453e-13
13.424341009858242 9.424341009856231 4.717256275127111e-13
14.42434100985874 9.412513730776654 89.99999999999969
15.42434100985924 9.420345902059319 89.99999999999896
16.42434100985974 9.402238083702613 5.185585799214444e-14
17.424341009860242 9.401860018071394 1.0511205200463633e-13
8.424341009855725 8.424341009855727 5.266887134984426e-13
9.424341009856233 8.396770526725062 89.99999999999994
10.424341009856725 8.424341009855725 89.99999999999994
11.424341009857233 8.424341009855727 7.038218865802176e-13
12.424341009857741 8.424341009855725 1.3316463789887724e-13
13.424341009858244 8.424341009855734 1.302502954588547e-13
14.424341009858741 8.412259110393546 89.99999999999947
15.424341009859234 8.420332934705499 89.99999999999949
16.424341009859745 8.398530489215108 2.3740477344308254e-14
17.424341009860246 8.401511813248803 1.0931933725923587e-13
11.424341009857244 7.424341009855221 7.741214280572603e-13
12.42434100985773 7.4243410098552225 90.0
13.42434100985823 7.424341009855223 89.99999999999946
14.424341009858736 7.412103808671361 6.13585307595501e-14
15.42434100985924 7.42032368084769 89.99999999999949
16.42434100985974 7.397024741141772 89.99999999999997
17.424341009860242 7.401072097515044 2.9708019245487926e-15
13.424341009858235 6.424341009854716 1.1703666326738288e-14
14.424341009858738 6.411947285218907 8.524882410916701e-15
15.42434100985924 6.420317841951498 89.99999999999997
16.424341009859745 6.396016987502059 5.849685332878472e-15
17.424341009860246 6.400912061323204 2.468915277768652e-13
15.424341009859237 5.420315795489979 90.0
16.42434100985974 5.395241909756478 2.670392468152596e-15
17.424341009860242 5.400786770823626 90.0
16.42424417943301 4.394526327091868 89.98986373825996
17.424341009860242 4.400708258050699 1.0411587483515806e-15
17.424145556691844 3.4005372050935687 89.98520820077512
7.424341009855217 10.424341009856729 89.99999999999986
7.424341009855219 9.359152086827722 3.828229669797843e-13
9.424341009856231 7.394448985417799 89.99999999999942
10.424341009856734 7.424341009855221 89.99999999999987
6.4243410098547145 12.424341009857732 3.16450606813538e-13
7.388504295078375 8.21320419341988 6.449215005469644
12.424341009857734 6.424341009854716 89.99999999999962
6.96804158957959 6.951985869772727 19.323740583110972
8.266164155054877 7.266164155054367 66.43972136858366
0.6836787291088542 15.782049669618091 30.20994914903269
1.5738095591948027 16.24066228075089 30.20994914903269
0.5000000000000004 14.598370940508739 1.9105452346676184e-18
1.558298636098932 15.082402736588632 24.826031096568634
2.4792117923319243 15.473460740482915 24.826031096568634
0.5000000000000004 13.500000000006535 3.1805376788810862e-15
1.6119583764953558 13.79516447716833 20.706826549377606
2.46652750866197 14.362591452808262 20.706826549377606
3.391688137949314 14.743270746129914 20.706826549377606
4.279846907541625 15.221837346300005 20.70682654937761
0.5000094264608888 12.500000000006033 90.0
1.6428766478790977 12.706968220172419 20.39019727927795
2.569206936581932 13.08500397385721 20.39019727927795
3.4249720954900176 13.652883053197824 20.390197279277956
4.350296731625237 14.033624341874836 20.390197279277956
1.629322875599002 11.62932287560403 17.87286309374722
2.572509353519028 11.962753514824286 17.87286309374722
3.501047464519823 12.341609920309617 17.87286309374722
4.367366729513705 12.913411981210098 17.872863093747217
5.2950181342557165 13.295018134259736 17.87286309374736
1.5000000000005023 10.500000000005029 1.0891258111181864e-15
2.580237733531122 10.87496517415743 20.447093040640837
3.517232905117815 11.224307482537373 20.447093040640837
4.443535066529199 11.60233025321361 20.44709304064076
5.299086738842464 12.170117804971666 20.44709304064076
2.643168739984359 9.651444834587215 20.447093040640837
3.5213286883432793 10.158593165201635 20.447093040640837
4.458323859929973 10.507935473581579 20.447093040640837
5.384626021341358 10.885958244257814 20.447093040640837
3.561053412729532 8.926420768084029 20.447093040640876
4.439213361088454 9.433569098698445 20.447093040640876
5.376208532675147 9.78291140707839 20.447093040640876
4.458651712697053 8.200904146143031 26.73505419382184
5.376880360657047 8.715920527744416 20.447093040640876
5.295365907192261 7.492701234971767 32.10177187403096
5.4243410098542135 14.42434100985874 7.78850306390726e-14
2.506778454206055 16.648833630969772 31.55977190634644
3.366263016211358 15.939080274894003 24.898972191451993
6.424341009854718 11.369612276042997 5.300449022536927e-13
6.302510694086532 10.160934177754628 20.447093040640876
6.328565084304504 9.025862972370277 20.447093040640876
6.414997095701628 7.922493572390474 6.4492150054696475
4.507792127117904 6.5062331495176435 89.28215121681902
5.896400865391568 6.689265132001828 32.10177187403095
15.751900889290578 0.5000043112802547 89.99961965731828
16.24231676952914 1.5644363722292542 63.31323771605405
14.500193227450225 0.500000856701493 89.99990364766751
14.979953771452632 1.5704509853128892 63.18984458012635
15.463745583583822 2.4464066721273516 63.18969914264419
13.500182356322071 0.5000000000000028 90.0
13.70438476922029 1.6701361195978182 63.60948609527434
14.31644326075308 2.482772787985107 63.60948609527434
14.800365710818209 3.3589908839581115 63.60948609527434
15.254121313070799 4.2501777072078815 63.60948609527434
12.500124403116638 0.5000000000000028 90.0
12.534248649622473 1.5000000000005054 90.0
13.027311147032847 2.5622724567388033 63.478848690069285
13.642396199958355 3.3742005400480037 63.27719393500483
14.12624769340107 4.250280666077344 63.27231006240153
11.500095751718456 0.5000000000000028 90.0
11.534248649621972 1.5000000000005054 90.0
11.866956618648707 2.658039077857458 66.47024287837571
12.363955839178162 3.532318229407939 66.47024287837571
12.98451776520957 4.352794464027792 66.47024287837571
13.424341009858235 5.424341009854211 1.1704636954998013e-14
10.500000000005024 1.5000000000005054 5.166537751119545e-14
10.770313504565191 2.645628370678418 66.43972136858369
11.170027155398667 3.5622684294465143 66.43972136858368
11.666502804901935 4.4367140724455405 66.43972136858369
12.266164155056881 5.2661641550533655 66.43972136858369
9.658176854805365 2.6581768548018587 66.43972136858368
10.080297592575478 3.5650459915615693 66.43972136858368
10.480011243408955 4.481686050329666 66.43972136858368
10.976482742524421 5.3561335031630355 66.43972136858368
8.961477839157496 3.562268502911265 66.43972136858368
9.383598576927607 4.469137639670975 66.4397213685837
9.783312227761083 5.38577769843907 66.43972136858366
8.250685826023595 4.433760726622766 63.578814002251946
8.68242975287675 5.362978936238341 66.43972136858366
7.583579084646468 5.370669756829074 65.24403923998416
14.424341009858738 5.4118688857280075 90.0
16.614192139017 2.496757938860209 63.31135937278934
15.917459782826935 3.337561649244014 63.18969914264419
11.42434100985723 6.424341009854717 4.363430571430124e-14
10.266164155055876 6.266164155053867 66.43972136858366
9.082143403710226 6.2796189950064365 66.43972136858366
7.996883649290023 6.292646908663532 66.43972136858366
6.663426913771836 5.76328710527804 65.24403923998416
