37 6.59861960924436011617837046268
0.5 6.09861960924436 0.0
0.5 5.09861960924436 0.0
0.5 4.09861960924436 0.0
1.5 6.09861960924436 0.0
1.5 5.09861960924436 0.0
2.5 6.09861960924436 0.0
0.5 0.5 0.0
0.5 1.5 0.0
1.5 0.5 0.0
2.2937564690157464 1.4084294706980385 47.913392525794094
1.599801309251414 2.132026650528345 47.913392525794094
0.857668780568 2.8022798190176568 47.913392525794094
2.323398489081721 2.8259818102926775 47.913392525794094
1.5812659603983068 3.496234978781989 47.913392525794094
3.0173536488460533 2.102384630462371 47.913392525794094
6.09861960924436 6.09861960924436 0.0
5.09861960924436 6.09861960924436 0.0
6.09861960924436 5.09861960924436 0.0
5.190190138546321 4.304863140228614 42.08660747420591
4.4665929587160145 4.998818299992946 42.08660747420591
3.7963397902267033 5.74095082867636 42.08660747420591
3.7726377989516826 4.275221120162639 42.08660747420591
3.102384630462371 5.017353648846053 42.08660747420591
4.496234978781989 3.581265960398307 42.08660747420591
6.09861960924436 0.5 0.0
6.09861960924436 1.5 0.0
6.09861960924436 2.5 0.0
6.09861960924436 3.5 0.0
5.09861960924436 0.5 0.0
5.09861960924436 1.5 0.0
5.09861960924436 2.5 0.0
4.09861960924436 0.5 0.0
4.09861960924436 1.5 0.0
3.09861960924436 0.5 0.0
3.8915128280578126 2.7071067811865475 45.0
3.184406046871265 3.414213562373095 45.0
2.4772992656847177 4.121320343559643 45.0
