52 7.7071067811865475244008443621
0.5 7.207106781186548 0.0
1.5 7.207106781186548 0.0
2.5 7.207106781186548 0.0
3.5 7.207106781186548 0.0
4.5 7.207106781186548 0.0
5.5 7.207106781186548 0.0
0.5 6.207106781186548 0.0
1.5 6.207106781186548 0.0
2.5 6.207106781186548 0.0
3.5 6.207106781186548 0.0
4.5 6.207106781186548 0.0
0.5 5.207106781186548 0.0
1.5 5.207106781186548 0.0
2.5 5.207106781186548 0.0
3.5 5.207106781186548 0.0
0.5 4.207106781186548 0.0
1.5 4.207106781186548 0.0
2.5 4.207106781186548 0.0
0.5 3.2071067811865475 0.0
1.5 3.2071067811865475 0.0
0.5 2.2071067811865475 0.0
7.207106781186548 7.207106781186548 0.0
7.207106781186548 0.5 0.0
6.207106781186548 0.5 0.0
5.207106781186548 0.5 0.0
4.207106781186548 0.5 0.0
3.2071067811865475 0.5 0.0
2.2071067811865475 0.5 0.0
7.207106781186548 1.5 0.0
6.207106781186548 1.5 0.0
5.207106781186548 1.5 0.0
4.207106781186548 1.5 0.0
3.2071067811865475 1.5 0.0
7.207106781186548 2.5 0.0
6.207106781186548 2.5 0.0
5.207106781186548 2.5 0.0
4.207106781186548 2.5 0.0
7.207106781186548 3.5 0.0
6.207106781186548 3.5 0.0
5.207106781186548 3.5 0.0
7.207106781186548 4.5 0.0
6.207106781186548 4.5 0.0
7.207106781186548 5.5 0.0
0.5 0.5 0.0
6.32842712474619 6.32842712474619 45.0
5.621320343559643 5.621320343559643 45.0
4.914213562373095 4.914213562373095 45.0
4.207106781186548 4.207106781186548 45.0
3.5 3.5 45.0
2.7928932188134525 2.7928932188134525 45.0
2.085786437626905 2.085786437626905 45.0
1.3786796564403574 1.3786796564403574 45.0
