66 8.65685424949239
0.5000000000000007 8.156854203767667 0.0
1.500000000000002 8.156854203767667 0.0
2.5000000000000036 8.156854203767667 0.0
3.5000000000000044 8.156854203767667 0.0
4.500000045724751 8.156854203767667 89.9999982534434
0.5000000000000007 7.156854203767666 0.0
1.500000000000002 7.156854203767666 0.0
2.5000000000000036 7.156854203767666 0.0
3.5000000000000044 7.156854203767666 0.0
0.5000000000000007 6.156854203767662 0.0
1.500000000000002 6.156854203767662 0.0
2.5000000000000036 6.156854203767662 0.0
0.5000000000000007 5.15685420376766 0.0
1.500000000000002 5.15685420376766 0.0
0.5000000000000007 4.156854203767656 0.0
8.156854203767667 0.5000000000000007 0.0
7.156854203767666 0.5000000000000007 0.0
6.156854203767662 0.5000000000000007 0.0
5.15685420376766 0.5000000000000016 89.9999999999999
4.156854203767656 0.5000000000000007 0.0
3.156854203767653 0.5000000457247387 89.9999999999999
8.156854203767667 1.500000000000002 0.0
7.156854203767666 1.500000000000002 0.0
6.156854203767662 1.5000000000000029 89.9999999999999
5.15685420376766 1.5000000000000029 89.9999999999999
4.156854203767656 1.5000000457247418 89.9999999999999
8.156854203767667 2.5000000000000036 0.0
7.156854203767666 2.5000000000000044 89.9999999999999
6.156854203767662 2.5000000000000044 89.9999999999999
5.15685420376766 2.500000045724745 89.9999999999999
8.156854203767667 3.5000000000000044 0.0
7.156854203767666 3.5000000000000058 89.9999999999999
6.156854203767662 3.500000045724748 89.9999999999999
8.156854203767667 4.500000000000008 89.9999999999998
7.156854203767666 4.500000000000007 89.9999999999999
8.156854203767667 5.500000045724754 89.99999738016555
0.5000000000000007 0.5000000000000007 0.0
1.500000000000002 0.5000000000000007 0.0
0.5000000000000007 1.500000000000002 0.0
8.15685424949239 8.15685424949239 0.0
7.15685424949239 8.15685424949239 0.0
8.15685424949239 7.15685424949239 0.0
5.846194064320087 7.760407685810415 44.999997380165546
5.13908728313354 7.053300904623866 44.999997380165574
4.43198050194699 6.346194123437316 44.99999738016576
3.724873688428191 5.639087342250749 44.99999999999999
3.0177669072416413 4.931980469614742 44.999997380165546
2.3106601260550916 4.224873688428191 44.999997380165546
1.6035533448685417 3.517766907241643 44.999997380165546
0.8964465636819919 2.810660126055093 44.999997380165546
6.5533008455066355 7.0533008722915955 45.0
5.846194064320088 6.346194091105047 44.999999999999964
5.139087283133539 5.639087309918498 45.0
4.431980469614741 4.931980561064199 44.999999999999964
3.7248737798776514 4.224873688428191 44.99999999999999
3.017766969132507 3.517766936800239 44.99999999999999
2.3106601879459587 2.8106601556136908 44.99999999999999
1.60355340675941 2.1035533744271424 44.99999999999999
7.260407626693184 6.346194091105048 44.999999999999986
6.553300845506636 5.639087309918497 45.00000000000002
5.846194064320088 4.93198052873195 44.999999999999986
5.139087342250749 4.224873688428191 45.00000000000002
4.431980561064201 3.517766907241643 44.999999999999986
3.724873750319056 2.8106601556136903 44.99999999999999
3.017766998691106 2.1035533448685433 44.99999999999999
2.3106601879459583 1.3964465932405938 44.99999999999999
