67 8.7071067811865475244008443621
0.5 8.207106781186548 0.0
1.5 8.207106781186548 0.0
2.5 8.207106781186548 0.0
3.5 8.207106781186548 0.0
4.5 8.207106781186548 0.0
5.5 8.207106781186548 0.0
6.5 8.207106781186548 0.0
0.5 7.207106781186548 0.0
1.5 7.207106781186548 0.0
2.5 7.207106781186548 0.0
3.5 7.207106781186548 0.0
4.5 7.207106781186548 0.0
5.5 7.207106781186548 0.0
0.5 6.207106781186548 0.0
1.5 6.207106781186548 0.0
2.5 6.207106781186548 0.0
3.5 6.207106781186548 0.0
4.5 6.207106781186548 0.0
0.5 5.207106781186548 0.0
1.5 5.207106781186548 0.0
2.5 5.207106781186548 0.0
3.5 5.207106781186548 0.0
0.5 4.207106781186548 0.0
1.5 4.207106781186548 0.0
2.5 4.207106781186548 0.0
0.5 3.2071067811865475 0.0
1.5 3.2071067811865475 0.0
0.5 2.2071067811865475 0.0
8.207106781186548 8.207106781186548 0.0
8.207106781186548 0.5 0.0
7.207106781186548 0.5 0.0
6.207106781186548 0.5 0.0
5.207106781186548 0.5 0.0
4.207106781186548 0.5 0.0
3.2071067811865475 0.5 0.0
2.2071067811865475 0.5 0.0
8.207106781186548 1.5 0.0
7.207106781186548 1.5 0.0
6.207106781186548 1.5 0.0
5.207106781186548 1.5 0.0
4.207106781186548 1.5 0.0
3.2071067811865475 1.5 0.0
8.207106781186548 2.5 0.0
7.207106781186548 2.5 0.0
6.207106781186548 2.5 0.0
5.207106781186548 2.5 0.0
4.207106781186548 2.5 0.0
8.207106781186548 3.5 0.0
7.207106781186548 3.5 0.0
6.207106781186548 3.5 0.0
5.207106781186548 3.5 0.0
8.207106781186548 4.5 0.0
7.207106781186548 4.5 0.0
6.207106781186548 4.5 0.0
8.207106781186548 5.5 0.0
7.207106781186548 5.5 0.0
8.207106781186548 6.5 0.0
0.5 0.5 0.0
7.181980515339464 7.181980515339464 45.0
6.474873734152916 6.474873734152916 45.0
5.767766952966369 5.767766952966369 45.0
5.060660171779821 5.060660171779821 45.0
4.353553390593274 4.353553390593274 45.0
3.646446609406726 3.646446609406726 45.0
2.9393398282201786 2.9393398282201786 45.0
2.232233047033631 2.232233047033631 45.0
1.5251262658470837 1.5251262658470837 45.0
