68 8.798795237222592
0.5070146683377121 8.298795237222592 0.0
0.5 7.298795237222123 0.0
0.5070146683377121 6.298795237221655 0.0
0.5 5.298795237221185 0.0
8.298795237222592 8.295398979905302 0.0
7.298795237222123 8.298795237222592 0.0
6.298795237221654 8.298795237222592 0.0
5.298795237221184 8.298795237222592 0.0
8.298795237222592 7.2941262064034245 0.0
7.298795237222123 7.298795237222123 0.0
8.297737488103726 6.291780298144241 89.9443460718599
0.5036092150704707 0.5 0.0
1.5040577447783239 0.5 90.0
2.504536853099136 0.5004791083203428 89.94507189308035
3.5070150744683204 0.5000001659844591 1.0332191966511854e-08
0.5 1.5000000000004694 0.0
1.500000000000469 1.5000000000004694 90.0
2.500000000000938 1.5027259262808053 0.0
3.500000000001407 1.500004349155256 0.0
0.5 2.5000000000009384 0.0
1.500000000000469 2.5000000000009384 0.0
0.5 3.5000000000014078 0.0
8.298795237222592 0.5 0.0
7.298795237222123 0.5 0.0
6.298795237221654 0.5 0.0
5.298795237221184 0.5 0.0
8.297738987220589 1.5000000000004694 0.0
8.298795237222592 2.5000000000009384 0.0
8.297738987220589 3.5000000000014078 0.0
8.298795237222592 4.500000000001877 0.0
5.178090404697471 5.3340989729160535 63.86989929669732
3.216381102457545 8.298795237222592 0.0
1.669312163389824 7.264769091087217 63.81757932634462
4.080237222092691 5.366685462683574 63.86989929669731
4.970102879073365 2.6775832157787036 63.23522935383812
4.734771606341363 4.4315943633584585 63.23522935383809
4.284442973498626 3.538731483380279 63.23522935383811
3.1796382342925025 3.568844733461547 63.23522935383811
6.534495682729576 1.5000000000004694 0.0
2.2163811024570776 8.298795237222592 0.0
4.961059009370938 7.162278116672698 63.86989929669731
5.618501298336595 6.231895299910615 63.86989929669732
4.5174008693600864 1.49033816667388 2.0303893428029336
6.553228136259532 3.5958321263274278 63.23522935383811
3.3908245526575147 6.231895299910615 63.86989929669728
3.834114340655887 2.645868603402099 63.23522935383811
7.010608486905137 4.486386489895824 63.10591719290326
5.87076014475884 4.463308975735063 63.2352293538381
1.8002509442025687 5.2776171792021405 63.36289694705646
2.49432046377971 4.430671349439712 63.23522935383809
7.4372641503463 5.3983069461805755 63.869899296697305
2.7288889820951248 2.675147894945163 63.2352293538381
6.101889173619039 2.7009660737600063 63.23522935383812
2.0439918309369727 3.5378084694615324 63.23522935383811
3.83123544629664 7.129691626905176 63.86989929669731
1.3504147934572934 4.383259504690411 63.23522935383809
3.631032337887115 4.463820113545669 63.23522935383809
5.420431511916103 3.5704460957568833 63.23522935383812
5.517551048454543 1.5169446342750321 1.9761805547665179
2.2473417330540375 6.175202762477921 63.68089337540469
2.6937946494544924 7.081577082320408 63.86989929669731
6.308764997515368 5.368420322990166 63.86989929669733
2.946435468691579 5.332739268470775 63.52822346719222
6.05891219197572 7.129691626905176 63.86989929669733
7.127199480811555 2.5132398665326505 63.23522935383811
4.520648115731815 6.264481789678136 63.86989929669728
6.749175891154492 6.266216649984727 63.86989929669733
4.216381102458016 8.298795237222592 0.0
