69 8.82719465572973891493146938059
0.5 8.32719465572974 0.0
1.5 8.32719465572974 0.0
2.5 8.32719465572974 0.0
3.5 8.32719465572974 0.0
4.5 8.32719465572974 0.0
5.5 8.32719465572974 0.0
0.5 7.3271946557297385 0.0
1.5 7.3271946557297385 0.0
2.5 7.3271946557297385 0.0
3.5 7.3271946557297385 0.0
4.5 7.3271946557297385 0.0
0.5 6.3271946557297385 0.0
1.5 6.3271946557297385 0.0
2.5 6.3271946557297385 0.0
3.5 6.3271946557297385 0.0
0.5 5.3271946557297385 0.0
1.5 5.3271946557297385 0.0
2.5 5.3271946557297385 0.0
0.5 4.3271946557297385 0.0
1.5 4.3271946557297385 0.0
0.5 3.327194655729739 0.0
8.32719465572974 0.5 0.0
7.3271946557297385 0.5 0.0
6.3271946557297385 0.5 0.0
5.3271946557297385 0.5 0.0
4.3271946557297385 0.5 0.0
3.327194655729739 0.5 0.0
2.327194655729739 0.5 0.0
8.32719465572974 1.5 0.0
7.3271946557297385 1.5 0.0
6.3271946557297385 1.5 0.0
5.3271946557297385 1.5 0.0
4.3271946557297385 1.5 0.0
3.327194655729739 1.5 0.0
8.32719465572974 2.5 0.0
7.3271946557297385 2.5 0.0
6.3271946557297385 2.5 0.0
5.3271946557297385 2.5 0.0
4.3271946557297385 2.5 0.0
8.32719465572974 3.5 0.0
7.3271946557297385 3.5 0.0
6.3271946557297385 3.5 0.0
5.3271946557297385 3.5 0.0
8.32719465572974 4.5 0.0
7.3271946557297385 4.5 0.0
6.3271946557297385 4.5 0.0
8.32719465572974 5.5 0.0
7.3271946557297385 5.5 0.0
8.32719465572974 6.5 0.0
8.32719465572974 8.32719465572974 0.0
0.5 0.5 0.0
0.9092555060790897 2.207610412511267 28.68302735970246
1.3892191468022452 1.330322031427958 28.68302735970246
1.6786260109032325 2.9086278903031664 28.68302735970246
2.1485686448265064 2.025857025909816 28.68302735970246
2.483151846112948 3.5215885555025253 28.68302735970246
2.9631154868361036 2.6443001744192163 28.68302735970246
3.1697387982636154 4.350120574460586 28.68302735970246
3.649702438986771 3.472832193377277 28.68302735970246
3.8563257504142827 5.178652593418647 28.68302735970246
4.336289391137438 4.301364212335338 28.68302735970246
4.6786260109032325 5.782923868543296 28.68302735970246
5.148568644826507 4.900153004149946 28.68302735970246
5.430222090448141 6.492630736409906 28.68302735970246
5.910185731171296 5.615342355326597 28.68302735970246
6.116809042598808 7.321162755367967 28.68302735970246
6.596772683321964 6.443874374284657 28.68302735970246
6.813857872138055 8.141109483355663 30.99413464693087
7.328808196370569 7.283889462840027 30.99413464693087
