70 8.88166675700900462482351214891
0.5 8.381666757009004 0.0
1.5 8.381666757009004 0.0
2.5 8.381666757009004 0.0
3.5 8.381666757009004 0.0
4.5 8.381666757009004 0.0
5.5 8.381666757009004 0.0
0.5 7.381666757009005 0.0
1.5 7.381666757009005 0.0
2.5 7.381666757009005 0.0
3.5 7.381666757009005 0.0
4.5 7.381666757009005 0.0
0.5 6.381666757009005 0.0
1.5 6.381666757009005 0.0
2.5 6.381666757009005 0.0
3.5 6.381666757009005 0.0
0.5 5.381666757009005 0.0
1.5 5.381666757009005 0.0
2.5 5.381666757009005 0.0
0.5 4.381666757009005 0.0
1.5 4.381666757009005 0.0
0.5 3.3816667570090044 0.0
8.381666757009004 8.381666757009004 0.0
7.381666757009005 8.381666757009004 0.0
6.399745612521858 7.539747063553339 67.55751486377294
7.314201424468819 7.134246685231998 67.55751486377294
8.22865723641578 6.728746306910657 67.55751486377294
5.516570164821935 6.8225892060083835 67.55751486377294
6.431025976768896 6.417088827687043 67.55751486377294
7.345481788715857 6.011588449365702 67.55751486377294
4.6333947171220125 6.105431348463428 67.55751486377294
5.547850529068973 5.699930970142088 67.55751486377294
6.4623063410159345 5.294430591820746 67.55751486377294
4.654867679633444 4.9590285617796726 67.55751486377294
5.5791308933160115 4.577272734275791 67.55751486377294
3.684291691196875 5.22865723641578 67.55751486377294
8.381666757009004 0.5 0.0
7.381666757009005 0.5 0.0
6.381666757009005 0.5 0.0
5.381666757009005 0.5 0.0
4.381666757009005 0.5 0.0
3.3816667570090044 0.5 0.0
8.381666757009004 1.5 0.0
7.381666757009005 1.5 0.0
6.381666757009005 1.5 0.0
5.381666757009005 1.5 0.0
4.381666757009005 1.5 0.0
8.381666757009004 2.5 0.0
7.381666757009005 2.5 0.0
6.381666757009005 2.5 0.0
5.381666757009005 2.5 0.0
8.381666757009004 3.5 0.0
7.381666757009005 3.5 0.0
6.381666757009005 3.5 0.0
8.381666757009004 4.5 0.0
7.381666757009005 4.5 0.0
8.381666757009004 5.5 0.0
0.5 0.5 0.0
1.5 0.5 0.0
2.4819211444871465 1.3419196934556656 67.55751486377294
1.5674653325401853 1.7474200717770065 67.55751486377294
0.6530095205932243 2.1529204500983474 67.55751486377294
3.3650965921870695 2.059077551000621 67.55751486377294
2.4506407802401085 2.464577929321962 67.55751486377294
1.5361849682931472 2.8700783076433027 67.55751486377294
4.248272039886992 2.7762354085455763 67.55751486377294
3.3338162279400314 3.181735786866917 67.55751486377294
2.4193604159930704 3.587236165188258 67.55751486377294
4.226799077375561 3.922638195229332 67.55751486377294
3.3025358636929933 4.304394022733213 67.55751486377294
5.19737506581213 3.653009520593224 67.55751486377294
