83 9.6347576486310820292600837938
0.5 9.134757648631082 0.0
1.5 9.134757648631082 0.0
2.5 9.134757648631082 0.0
3.5 9.134757648631082 0.0
4.5 9.134757648631082 0.0
5.5 9.134757648631082 0.0
0.5 8.134757648631082 0.0
1.5 8.134757648631082 0.0
2.5 8.134757648631082 0.0
3.5 8.134757648631082 0.0
4.5 8.134757648631082 0.0
0.5 7.134757648631082 0.0
1.5 7.134757648631082 0.0
2.5 7.134757648631082 0.0
3.5 7.134757648631082 0.0
0.5 6.134757648631082 0.0
1.5 6.134757648631082 0.0
2.5 6.134757648631082 0.0
0.5 5.134757648631082 0.0
1.5 5.134757648631082 0.0
0.5 4.134757648631082 0.0
0.5 0.5 0.0
1.5 0.5 0.0
0.5 1.5 0.0
9.134757648631082 0.5 0.0
8.134757648631082 0.5 0.0
7.134757648631082 0.5 0.0
6.134757648631082 0.5 0.0
5.134757648631082 0.5 0.0
4.134757648631082 0.5 0.0
3.134757648631082 0.5 0.0
9.134757648631082 1.5 0.0
8.134757648631082 1.5 0.0
7.134757648631082 1.5 0.0
6.134757648631082 1.5 0.0
5.134757648631082 1.5 0.0
4.134757648631082 1.5 0.0
9.134757648631082 2.5 0.0
8.134757648631082 2.5 0.0
7.134757648631082 2.5 0.0
6.134757648631082 2.5 0.0
5.134757648631082 2.5 0.0
9.134757648631082 3.5 0.0
8.134757648631082 3.5 0.0
7.134757648631082 3.5 0.0
6.134757648631082 3.5 0.0
9.134757648631082 4.5 0.0
8.134757648631082 4.5 0.0
7.134757648631082 4.5 0.0
9.134757648631082 5.5 0.0
8.134757648631082 5.5 0.0
9.134757648631082 6.5 0.0
9.134757648631082 9.134757648631082 0.0
1.583756076521785 2.114576956656068 43.91314914807612
2.3041480363324913 2.808144130216128 43.91314914807612
3.005935204961984 3.521035664114794 43.91314914807612
3.72632716477269 4.214602837674854 43.91314914807612
4.428114333402182 4.92749437157352 43.91314914807612
5.129901502031675 5.640385905472186 43.91314914807612
5.850293461842381 6.333953079032246 43.91314914807612
6.552080630471874 7.046844612930912 43.91314914807612
7.253867799101366 7.759736146829578 43.91314914807612
0.7069795666853829 2.706979566685383 43.91314914807612
1.4515530810001178 3.3754299266122234 43.91314914807612
2.1533402496296103 4.0883214605108895 43.91314914807612
2.8737322094403166 4.781888634070949 43.91314914807612
3.575519378069809 5.4947801679696155 43.91314914807612
4.277306546699301 6.207671701868281 43.91314914807612
4.997698506510008 6.901238875428342 43.91314914807612
5.6994856751395 7.614130409327007 43.91314914807612
6.401272843768993 8.327021943225674 43.91314914807612
2.319144252085162 1.3898944973512923 43.60538310034171
3.0195126253853233 2.104505470416328 43.60538310034171
3.743619691922446 2.7941930491003313 43.60538310034171
4.443988065222607 3.508804022165367 43.60538310034171
5.1443564385227685 4.223414995230402 43.60538310034171
5.868463505059891 4.913102573914406 43.60538310034171
6.568831878360052 5.627713546979441 43.60538310034171
7.269200251660213 6.342324520044476 43.60538310034171
7.969568624960375 7.0569354931095125 43.60538310034171
7.299062703436165 9.134757648631082 0.0
9.134757648631082 7.583515538834115 3.4211388289180104e-49
8.198620061441698 8.334080118412224 53.87221527495371
