86 9.82287565553229529525080787682
0.5 9.322875655532295 0.0
1.5 9.322875655532295 0.0
2.5 9.322875655532295 0.0
3.5 9.322875655532295 0.0
4.5 9.322875655532295 0.0
5.5 9.322875655532295 0.0
6.5 9.322875655532295 0.0
0.5 8.322875655532295 0.0
1.5 8.322875655532295 0.0
2.5 8.322875655532295 0.0
3.5 8.322875655532295 0.0
4.5 8.322875655532295 0.0
5.5 8.322875655532295 0.0
0.5 7.322875655532295 0.0
1.5 7.322875655532295 0.0
2.5 7.322875655532295 0.0
3.5 7.322875655532295 0.0
4.5 7.322875655532295 0.0
0.5 6.322875655532295 0.0
1.5 6.322875655532295 0.0
2.5 6.322875655532295 0.0
3.5 6.322875655532295 0.0
0.5 5.322875655532295 0.0
1.5 5.322875655532295 0.0
2.5 5.322875655532295 0.0
0.5 4.322875655532295 0.0
1.5 4.322875655532295 0.0
0.5 3.3228756555322954 0.0
9.322875655532295 0.5 0.0
8.322875655532295 0.5 0.0
7.322875655532295 0.5 0.0
6.322875655532295 0.5 0.0
5.322875655532295 0.5 0.0
4.322875655532295 0.5 0.0
3.3228756555322954 0.5 0.0
2.3228756555322954 0.5 0.0
9.322875655532295 1.5 0.0
8.322875655532295 1.5 0.0
7.322875655532295 1.5 0.0
6.322875655532295 1.5 0.0
5.322875655532295 1.5 0.0
4.322875655532295 1.5 0.0
3.3228756555322954 1.5 0.0
9.322875655532295 2.5 0.0
8.322875655532295 2.5 0.0
7.322875655532295 2.5 0.0
6.322875655532295 2.5 0.0
5.322875655532295 2.5 0.0
4.322875655532295 2.5 0.0
9.322875655532295 3.5 0.0
8.322875655532295 3.5 0.0
7.322875655532295 3.5 0.0
6.322875655532295 3.5 0.0
5.322875655532295 3.5 0.0
9.322875655532295 4.5 0.0
8.322875655532295 4.5 0.0
7.322875655532295 4.5 0.0
6.322875655532295 4.5 0.0
9.322875655532295 5.5 0.0
8.322875655532295 5.5 0.0
7.322875655532295 5.5 0.0
9.322875655532295 6.5 0.0
8.322875655532295 6.5 0.0
9.322875655532295 9.322875655532295 0.0
9.322875655532295 8.322875655532295 0.0
8.322875655532295 9.322875655532295 0.0
8.322875655532295 8.322875655532295 0.0
0.5 0.5 0.0
7.058578370824611 8.300735112473832 24.295188945364572
7.470016198590758 7.389297284707685 24.295188945364572
6.352859456941537 7.433578370824611 24.295188945364572
6.764297284707685 6.522140543058463 24.295188945364572
5.647140543058463 6.566421629175389 24.295188945364572
6.058578370824611 5.654983801409242 24.295188945364572
4.735702715292315 6.154983801409242 24.295188945364572
5.147140543058463 5.243545973643094 24.295188945364572
4.029983801409242 5.28782705976002 24.295188945364572
4.441421629175389 4.376389231993873 24.295188945364572
3.324264887526168 4.4206703181107985 24.295188945364572
3.7357027152923155 3.509232490344651 24.295188945364572
2.618545973643094 3.5535135764615773 24.295188945364572
3.0299838014092417 2.6420757486954294 24.295188945364572
1.7071081458769464 3.1420757486954294 24.295188945364572
2.118545973643094 2.230637920929282 24.295188945364572
1.0013892319938724 2.274919007046208 24.295188945364572
1.41282705976002 1.3634811792800605 24.295188945364572
