89 9.94974746830583267080591053473394
0.5 9.449747468305832 0.0
1.5 9.449747468305832 0.0
2.5 9.449747468305832 0.0
3.5 9.449747468305832 0.0
0.5 8.449747468305832 0.0
1.5 8.449747468305832 0.0
2.5 8.449747468305832 0.0
0.5 7.449747468305833 0.0
1.5 7.449747468305833 0.0
0.5 6.449747468305833 0.0
9.449747468305832 9.449747468305832 0.0
8.449747468305832 9.449747468305832 0.0
7.449747468305833 9.449747468305832 0.0
6.449747468305833 9.449747468305832 0.0
9.449747468305832 8.449747468305832 0.0
8.449747468305832 8.449747468305832 0.0
7.449747468305833 8.449747468305832 0.0
9.449747468305832 7.449747468305833 0.0
8.449747468305832 7.449747468305833 0.0
9.449747468305832 6.449747468305833 0.0
9.449747468305832 0.5 0.0
8.449747468305832 0.5 0.0
7.449747468305833 0.5 0.0
6.449747468305833 0.5 0.0
9.449747468305832 1.5 0.0
8.449747468305832 1.5 0.0
7.449747468305833 1.5 0.0
9.449747468305832 2.5 0.0
8.449747468305832 2.5 0.0
9.449747468305832 3.5 0.0
0.5 0.5 0.0
1.5 0.5 0.0
2.5 0.5 0.0
3.5 0.5 0.0
0.5 1.5 0.0
1.5 1.5 0.0
2.5 1.5 0.0
0.5 2.5 0.0
1.5 2.5 0.0
0.5 3.5 0.0
4.974873734152916 9.2175144212722 45.0
4.267766952966369 8.510407640085655 45.0
3.5606601717798214 7.803300858899107 45.0
2.853553390593274 7.096194077712559 45.0
2.146446609406726 6.389087296526012 45.0
1.4393398282201788 5.681980515339464 45.0
0.7322330470336312 4.974873734152916 45.0
5.681980515339464 8.510407640085655 45.0
4.974873734152916 7.803300858899107 45.0
4.267766952966369 7.096194077712559 45.0
3.5606601717798214 6.389087296526012 45.0
2.853553390593274 5.681980515339464 45.0
2.146446609406726 4.974873734152916 45.0
1.4393398282201788 4.267766952966369 45.0
6.389087296526012 7.803300858899107 45.0
5.681980515339464 7.096194077712559 45.0
4.974873734152916 6.389087296526012 45.0
4.267766952966369 5.681980515339464 45.0
3.5606601717798214 4.974873734152916 45.0
2.853553390593274 4.267766952966369 45.0
2.146446609406726 3.5606601717798214 45.0
7.096194077712559 7.096194077712559 45.0
6.389087296526012 6.389087296526012 45.0
5.681980515339464 5.681980515339464 45.0
4.974873734152916 4.974873734152916 45.0
4.267766952966369 4.267766952966369 45.0
3.5606601717798214 3.5606601717798214 45.0
2.853553390593274 2.853553390593274 45.0
7.803300858899107 6.389087296526012 45.0
7.096194077712559 5.681980515339464 45.0
6.389087296526012 4.974873734152916 45.0
5.681980515339464 4.267766952966369 45.0
4.974873734152916 3.5606601717798214 45.0
4.267766952966369 2.853553390593274 45.0
3.5606601717798214 2.146446609406726 45.0
8.510407640085655 5.681980515339464 45.0
7.803300858899107 4.974873734152916 45.0
7.096194077712559 4.267766952966369 45.0
6.389087296526012 3.5606601717798214 45.0
5.681980515339464 2.853553390593274 45.0
4.974873734152916 2.146446609406726 45.0
4.267766952966369 1.4393398282201788 45.0
9.2175144212722 4.974873734152916 45.0
8.510407640085655 4.267766952966369 45.0
7.803300858899107 3.5606601717798214 45.0
7.096194077712559 2.853553390593274 45.0
6.389087296526012 2.146446609406726 45.0
5.681980515339464 1.4393398282201788 45.0
4.974873734152916 0.7322330470336312 45.0
