375 19.90698176729488
0.5000000000001155 16.72164694780831 5.9e-13
1.6036061968079558 17.141954724284098 27.270994674401624
16.67666340130783 0.5000000000001883 89.99999999999653
17.244248796907932 1.5502934146463545 57.39783715476242
0.5000000000001066 11.500000000002457 8e-14
0.5000000000001084 10.500000000002244 7.4e-14
0.5000000000001066 9.500000000002032 7.2e-14
1.5000000000003197 9.500000000002023 2.17e-13
0.5000000000001066 8.500000000001819 7.1e-14
1.5000000000003197 8.500000000001812 2.17e-13
2.500000000000532 8.500000000001805 2.33e-13
0.5000000000001066 7.500000000001605 6e-14
1.5000000000003215 7.500000000001598 2.52e-13
2.5000000000005347 7.5000000000015925 2.1e-13
3.5000000000007487 7.500000000001594 2.62e-13
0.5000000000001084 6.500000000001391 7.3e-14
1.5000000000003233 6.500000000001384 3.12e-13
2.5000000000005382 6.50000000000138 2.07e-13
3.5000000000007825 6.500000000001382 1.49e-13
0.5000000000001084 5.500000000001177 2.8e-14
1.5000000000003268 5.5000000000011715 3.44e-13
2.5000000000005658 5.500000000001167 1.73e-13
3.500000000000881 5.500000000001169 1.11e-13
4.5000489712773675 5.500000000001181 3.79e-13
5.626366830589878 5.500000000001224 89.99999999999964
0.5000000000001101 4.500000000000963 2.9e-14
1.5000000000003482 4.500000000000958 3.42e-13
2.5000000000006146 4.500000000000955 1.5e-13
3.5000000000008766 4.500000000000956 9e-14
4.500000000001123 4.500000000000967 4.04e-13
5.500000000001356 4.500000000000977 9.09e-13
6.500000000001599 4.500000000000993 89.99999999999912
0.5000000000001137 3.5000000000007487 4.3e-14
1.5000000000003695 3.500000000000746 2.75e-13
2.5000000000006253 3.5000000000007434 1.21e-13
3.500000000000882 3.5000000000007434 6.2e-14
4.50000000000113 3.5000000000007523 3.5e-13
5.500000000001361 3.500000000000754 89.99999999999987
6.500000000001586 3.5000000000007745 89.99999999999885
7.5000000000018066 3.5000000000007807 89.99999999999851
0.5000000000001155 2.5000000000005347 2.8e-14
1.5000000000003784 2.500000000000533 2.18e-13
2.500000000000643 2.500000000000531 8.5e-14
3.5000000000009006 2.500000000000531 4.9e-14
4.500000000001135 2.5000000000005382 2.82e-13
5.500000000001494 2.500000000000539 89.9999999999998
6.500000000001785 2.5000000000005542 89.99999999999888
7.500000000002058 2.5000000000005578 89.9999999999986
8.500000000002322 2.5000000000005542 89.99999999999845
0.5000000000001172 1.5000000000003215 2.8e-14
1.5000000000003961 1.5000000000003197 1.81e-13
2.500000000000669 1.500000000000318 5.5e-14
3.5000000000017115 1.5000000000003197 1.8e-14
4.500000000002386 1.5000000000003215 1.24e-13
5.500000000003027 1.5000000000003233 89.99999999999983
6.500000000003645 1.5000000000003322 89.99999999999933
7.500000000004243 1.500000000000334 89.99999999999916
8.500000000004823 1.5000000000003322 89.99999999999905
9.500000000005395 1.5000000000003322 89.99999999999851
0.5000000000001243 0.5000000000001084 2.8e-14
1.500000000000414 0.5000000000001084 8.5e-14
2.500000000001039 0.5000000000001066 3.1e-14
3.5000000000016405 0.5000000000001066 1e-14
4.500000000002346 0.5000000000001084 2.9e-14
5.5000000000029985 0.5000000000001084 89.99999999999993
6.500000000003618 0.5000000000001119 89.99999999999967
7.500000000004217 0.5000000000001119 89.99999999999962
8.5000000000048 0.5000000000001119 89.99999999999956
9.500000000005366 0.5000000000001137 89.99999999999933
10.500000000005919 0.5000000000001243 89.99999999999892
3.3427032578630493 16.910024949857636 27.113727674663842
4.396749848269834 17.414866596995573 1.184826137149603
5.406981767291801 17.406981767294347 6.2e-13
6.406981767292014 17.406981767294344 4.77e-13
7.406981767292226 17.406981767294347 3.99e-13
8.406981767292441 17.406981767294333 3.4e-13
9.406981767292653 17.406981767294326 2.95e-13
10.406981767292866 17.406981767294322 2.57e-13
11.406981767293075 17.40698176729431 2.23e-13
12.406981767293288 17.40698176729427 1.93e-13
13.406981767293503 17.40698176729424 1.64e-13
14.406981767293715 17.40698176729424 1.42e-13
15.406981767293928 17.40698176729421 1.21e-13
16.40698176729414 17.406981767294134 1.04e-13
17.40698176729435 17.406981767294127 8.5e-14
4.234050858963813 16.242955392509614 27.113727674663824
5.4069817672918 16.40698176729413 7.34e-13
6.406981767292012 16.40698176729413 7.13e-13
7.4069817672922245 16.40698176729413 6.94e-13
8.406981767292438 16.406981767294113 6.75e-13
9.406981767292649 16.406981767294102 6.47e-13
10.406981767292862 16.4069817672941 6.15e-13
11.406981767293072 16.40698176729409 5.75e-13
12.406981767293285 16.40698176729403 5.19e-13
13.4069817672935 16.406981767293992 4.18e-13
14.406981767293711 16.406981767293956 3.26e-13
15.406981767293924 16.40698176729376 2.34e-13
16.406981767294138 16.40698176729378 1.55e-13
17.40698176729435 16.40698176729377 7.8e-14
5.406981767291799 15.40698176729392 7.68e-13
7.406981767292223 15.40698176729392 7.64e-13
11.406981767293066 10.406981767292779 1.488e-12
8.406981767292436 15.406981767293892 7.53e-13
9.406981767292647 15.406981767293885 7.42e-13
10.406981767292853 10.40698176729278 1.594e-12
11.406981767293072 15.406981767293871 7.22e-13
12.406981767293285 15.406981767293793 6.88e-13
13.406981767293496 15.406981767293768 6.49e-13
14.40698176729371 15.406981767293722 5.84e-13
15.406981767293924 15.406981767293406 4.51e-13
16.40698176729413 14.40698176729306 6.3e-13
17.40698176729435 15.406981767293413 2.27e-13
6.406969930555236 14.406981767293704 8.13e-13
7.40698176729221 14.406981767293706 8.38e-13
8.406981767292427 14.406981767293672 1.027e-12
9.406981767292638 14.406981767293669 1.05e-12
10.406981767292859 15.406981767293882 7.3e-13
11.406981767293065 14.406981767293649 1.02e-12
12.406981767293278 14.406981767293548 9.95e-13
13.40698176729349 14.406981767293537 9.47e-13
14.406981767293713 13.406981767292729 3.16e-13
15.406981767293917 14.40698176729308 7.45e-13
16.406981767294138 13.406981767292697 2.05e-13
17.406981767294347 14.406981767293049 4.83e-13
6.406981767292011 13.406981767293491 8.64e-13
7.4069817672922245 13.406981767293493 8.47e-13
9.406981767292649 13.406981767293448 8.08e-13
10.40698176729285 14.406981767293662 1.048e-12
11.406981767293072 13.406981767293432 7.05e-13
8.406981767292436 13.406981767293454 8.27e-13
12.406981767293285 13.406981767293301 5.01e-13
13.406981767293502 13.40698176729326 3.93e-13
14.406981767293704 14.406981767293495 8.71e-13
15.406981767293924 13.406981767292722 2.51e-13
16.406981767294134 12.406981767292326 4.27e-13
17.40698176729435 13.406981767292683 1.48e-13
7.4069817672922245 12.406981767293281 8.72e-13
8.406981767292438 12.406981767293232 8.61e-13
9.40698176729265 12.406981767293228 8.44e-13
10.40698176729286 13.406981767293441 7.67e-13
11.406981767293074 12.406981767293214 7.74e-13
12.406981767293288 12.406981767293072 7.33e-13
13.406981767293498 12.406981767293036 6.81e-13
14.406981767293711 12.406981767292333 6e-13
15.406981767293924 12.40698176729234 5.25e-13
16.406981767294138 11.406981767291946 4.38e-13
17.40698176729435 12.406981767292312 3.48e-13
7.406981767292226 11.406981767293068 9.19e-13
8.406981767292438 11.406981767293008 9.08e-13
9.40698176729265 11.40698176729301 8.93e-13
10.40698176729286 12.406981767293221 8.24e-13
11.406981767293074 11.406981767292997 8.66e-13
12.406981767293285 11.406981767292848 8.28e-13
13.406981767293498 11.406981767292816 7.75e-13
14.406981767293711 11.406981767291967 6.6e-13
15.406981767293924 11.406981767291972 5.57e-13
16.406981767294134 15.40698176729342 3.37e-13
17.40698176729435 11.406981767291938 3.47e-13
9.40698176729264 10.406981767292786 1.644e-12
10.406981767292862 11.406981767293004 8.75e-13
12.406981767293278 10.406981767292617 1.386e-12
13.406981767293495 10.406981767292594 1.257e-12
14.406981767293706 10.40698176729165 1.042e-12
8.406981767292429 10.406981767292775 1.758e-12
15.40698176729392 10.406981767291557 8.56e-13
6.406981767292011 15.406981767293917 7.63e-13
16.406981767294134 10.406981767291581 6.89e-13
17.40698176729435 10.406981767291567 5.2e-13
8.406870252303728 9.406981767292537 9.67e-13
9.406933667444724 9.406981767292564 8.97e-13
10.406981767292844 9.40698176729256 2.037e-12
11.40698176729306 9.406981767292564 1.647e-12
12.406981767293274 9.406981767292384 1.595e-12
13.406981767293487 9.406981767292375 1.488e-12
14.4069817672937 9.406981767291377 1.407e-12
15.406981767293914 9.406981767291219 1.257e-12
16.406981767294127 9.406981767291228 1.056e-12
17.406981767294344 9.40698176729118 8.16e-13
8.406981767292438 8.4069817672923 1.27e-13
9.40698176729265 8.406981767292342 1.63e-13
10.406981767292862 8.406981767292327 1.84e-13
11.406981767293075 8.406981767292335 1.97e-13
12.406981767293288 8.406981767292136 1.98e-13
13.4069817672935 8.406981767292143 2.03e-13
14.406981767293713 8.40698176729109 1.99e-13
15.406981767293924 8.406981767290933 1.79e-13
16.406981767294138 8.406981767290837 1.61e-13
17.40698176729435 8.406981767290832 1.39e-13
11.406981767293026 7.406981767292116 5.5e-13
12.406981767293242 7.406981767291885 5.94e-13
13.40698176729346 7.406981767291919 6.69e-13
14.406981767293686 7.406981767290773 1.402e-12
15.406981767293903 7.406981767290677 1.281e-12
16.40698176729412 7.406981767290558 1.037e-12
17.406981767294337 7.406981767290343 8.44e-13
13.406981767293479 6.406981767291694 89.99999999999963
14.406981767293695 6.406981767290416 89.99999999999966
15.40698176729391 6.406981767290316 89.99999999999969
16.406981767294127 6.406981767290066 89.99999999999977
17.406981767294344 6.406981767288921 89.99999999999986
16.406981767294063 5.406981767289803 7.64e-13
17.4069817672943 5.406981767288046 1.106e-12
18.406981767294532 5.406981767288092 8.95e-13
16.406981767293985 4.4069817672895395 89.99999999999888
17.40698176729424 4.406981767287217 89.99999999999909
17.209260276960084 3.2092602769537795 54.345456691844284
7.264095735239902 10.26409573524053 20.392023276722604
7.264095735239897 9.084239198674904 20.392023276723062
9.406981767292574 7.4069817672921 2.958e-12
10.4069817672928 7.40693283773985 1.755e-12
6.406981767292012 12.406981767293278 8.84e-13
7.33139901194984 7.999676666818018 21.7993361703833
12.406981767293264 6.406981767291637 89.99999999999957
6.500000000001435 6.500000000001446 7.61e-13
8.208576182977179 7.183267725509175 53.997689048098366
0.5000000000001066 15.500000000003311 0.0
1.5830149444454928 15.958434711173414 27.1137276746638
0.5000000000001066 14.500000000003096 5e-15
1.500000000000318 14.62073042372754 2.6e-14
2.4531511786571167 16.45318957147395 27.113727674663828
0.5000000000001066 13.500000000002885 0.0
1.500000000000318 13.501990274326834 1.4e-14
2.474362545546268 15.291365153825371 27.113727674663853
3.3663916908763687 14.624614615203315 27.11067262437218
4.236530005682901 15.119370540827216 27.11067262437218
0.5000000000001084 12.500000000002672 3.9e-14
1.5000000000003233 12.501990274326621 7.7e-14
2.649213835060797 12.763925650583039 21.653781583579903
2.6247534732910616 13.878862782218834 27.11067262437216
4.32512923428006 13.968035638203848 24.609178038960145
1.5000000000003197 11.500000000002448 2.16e-13
2.623706250640085 11.66971119567281 16.98690574696258
3.569970941276278 13.21536205488496 24.609178038960227
4.481588991681695 12.493656354291724 20.34735101933302
5.264325502494171 13.258961575601825 20.347351019333022
1.5000000000003215 10.500000000002235 2.47e-13
2.624262347130724 10.62426234713242 16.98690574696258
3.581108460931091 12.04584794105746 20.347351019333026
4.5228246910836445 11.323391272652849 19.79215042513588
5.424319228538618 11.7715757313231 19.79215042513589
2.500000000000531 9.500000000002016 2.38e-13
3.600504420683875 10.93307738745472 19.792150425135787
4.515886309378886 10.177016661786253 17.28965173851285
5.441364523856019 10.5684669881161 17.28965173851285
3.5702797821329915 9.850232041045379 17.289651738512855
4.497620920700301 9.096328146760639 20.39202327672261
5.44182596947231 9.426276740928724 20.392023276722618
3.5000000000007443 8.500000000001807 2.48e-13
5.4049205983085375 8.345698059664075 20.392023276723094
4.500000000000961 7.5000000000016085 3.14e-13
5.404492448472167 14.400851543800268 0.285969764118907
2.4932040825289388 17.598702215618882 27.270994674402633
3.344498779757882 15.786120014125931 27.113727674663856
6.348546217762162 11.018698069004882 17.289651738512852
6.3636705977650925 9.816376324473262 20.392023276722625
6.342251106947117 8.694139615130368 20.392023276723087
6.384232162414907 7.6428860320539815 20.392023276722785
4.500000000001 6.500000000001394 3.5e-13
5.500000000001218 6.500055116195329 5.88e-13
15.500000000013053 0.5000000000001386 1.909e-12
16.00181397747663 1.6140483053284562 54.34545669147322
14.50000000001191 0.5000000000001226 9.04e-13
14.768949291252595 1.5000000000004512 89.99999999999189
15.318236580762004 2.5268917207407346 65.53627307740769
13.500000000010761 0.5000000000001368 89.99999999999785
13.629875733485264 1.500000000000389 89.99999999999582
14.007719112683006 2.6126626907331074 64.44021319186938
14.628437744140587 3.4242804852046467 64.44021319186902
15.240187640446475 4.240187640442588 64.44021319187016
12.500000000009273 0.5000000000001119 4.1e-13
12.50000000000687 1.5000000000003322 8.25e-13
12.886685515463574 2.620482123772975 62.78939718533567
13.331808427215027 3.5160556398251117 62.789397185336185
13.949953197090238 4.322667520121132 62.78939718533836
11.500000000006477 0.5000000000001155 89.99999999999933
11.500000000006485 1.5000000000003428 89.99999999999866
11.666929650883064 2.500000000000563 89.99999999999798
12.182161168178638 3.5329201981444145 68.05540884136339
12.628646924907493 4.43114431710337 68.05540884136335
14.406981767293605 5.406981767290154 1.94e-13
10.500000000005954 1.5000000000003713 89.99999999999706
10.500000000002839 2.5000000000006137 89.9999999999959
10.91599186623897 3.605413848982508 62.78939718502324
11.475895362964774 4.4419713036929345 62.78939718502514
13.256354037163586 5.256354037161686 68.05540884136379
9.500000000002577 2.5000000000005516 89.99999999999775
9.66708423392291 3.667084233921421 64.36946048351282
10.799063949405378 5.342261844306593 64.36946048351285
11.921018274716193 5.337544819745162 62.78939718502742
8.500000000002023 3.500000000000772 89.99999999999835
10.237530779147335 4.502534830715123 64.36946048351278
9.558289558872678 5.398184237306599 63.32311079068841
8.989021935308624 4.565080022629408 63.323110790688375
8.278823687241685 5.415457651302606 53.997689048098415
7.50000000000331 4.500000000001051 4.523e-12
15.406981767293832 5.406981767290078 3.24e-13
16.601598010465235 2.4144800975266314 54.345456691833355
15.931715172558933 3.3464134500051568 65.53627307740845
11.239897533372378 6.239897533371227 64.36946048351295
10.118724859454744 6.2357261847816865 63.32311079068905
8.890767128670477 6.296984803361622 63.10804164988715
7.69840558431684 6.3178556003686275 53.997689048098685
6.626402573771063 5.50000000000123 9.93e-13
17.98581187964306 0.5000000000002096 89.99999999999362
18.578501144384195 1.5082404675481538 65.09031205895312
17.853862440885457 2.3474361459920905 57.39783715476952
18.4069817672937 3.4069817672866742 1.4597e-11
18.406981767294496 4.406981767287304 89.99999999999964
18.40698176729456 6.406981767288975 89.99999999999993
18.406981767294553 7.406981767289768 6.41e-13
18.40698176729456 8.406981767290665 1.22e-13
18.40698176729456 9.40698176729114 5.43e-13
18.40698176729456 10.406981767291533 3.62e-13
18.406981767294567 11.406981767291924 2.57e-13
18.40698176729456 12.4069817672923 2.73e-13
18.40698176729456 13.406981767292677 9.8e-14
18.40698176729456 14.406981767293043 3.26e-13
18.40698176729456 15.40698176729341 1e-13
18.40698176729456 16.40698176729377 0.0
18.40698176729456 17.406981767294127 7.1e-14
18.406981767294468 18.40698176729444 89.99999999999393
0.5000000000001084 18.272929452018303 6e-14
1.5000000000003197 18.40698176729456 1.29e-13
3.39691511188395 18.396749848272783 1.184826137149687
4.396749848269166 18.415080448042232 1.184826137149659
5.406981767291144 18.40698176729456 4.65e-13
6.406981767291374 18.40698176729456 89.99999999999987
7.406981767291599 18.406981767294567 89.9999999999999
8.406981767291828 18.40698176729456 89.99999999999957
9.406981767292109 18.406981767294553 89.9999999999994
10.406981767292399 18.406981767294546 89.99999999999925
11.406981767292665 18.406981767294546 89.9999999999989
12.406981767292933 18.406981767294525 89.99999999999737
13.406981767293189 18.40698176729451 89.99999999999677
14.406981767293441 18.406981767294504 89.99999999999658
15.4069817672937 18.40698176729449 89.99999999999531
16.406981767293956 18.406981767294454 89.99999999999376
17.40698176729421 18.406981767294447 89.99999999999355
19.393959581736702 0.5000278396356546 0.001113685979647
19.406981767294578 2.4069817672862204 89.99999999998711
19.406981767294514 3.406981767286653 89.99999999999434
19.406981767294756 4.406981767287217 89.9999999999999
19.406981767294763 5.406981767288109 5.25e-13
19.406981767294774 6.406981767288929 2.8e-14
19.40698176729477 7.406981767289738 4.2e-13
19.406981767294774 8.406981767290429 1.42e-13
19.406981767294774 9.40698176729106 2.37e-13
19.406981767294777 10.406981767291516 2.02e-13
19.406981767294774 11.406981767291915 1.69e-13
19.406981767294774 12.406981767292297 1.91e-13
19.406981767294774 13.406981767292674 5e-14
19.406981767294774 14.406981767293043 1.62e-13
19.406981767294774 15.40698176729341 89.99999999999997
19.406981767294774 16.406981767293775 89.99999999999991
19.406981767294774 17.40698176729416 5.3e-14
19.406981767294738 18.406981767294475 89.99999999999686
19.40698176729471 19.40698176729475 89.99999999999885
0.5000000000001226 19.406963903921994 89.99999999999827
1.500000000000389 19.406981767294774 1.39e-13
2.500000000000652 19.406963906826938 1.428e-12
3.5000000000009006 19.406981767294766 1.097e-12
5.406661390588371 19.406981767294774 1.91e-13
6.4067544843606745 19.406981767294774 89.99999999999986
7.406859925238141 19.406981767294774 89.99999999999987
8.406928257529485 19.40698176729477 89.9999999999997
9.406981767292063 19.406981767294774 89.99999999999986
10.406981767292297 19.40698176729477 89.99999999999982
11.406981767292534 19.40698176729477 89.99999999999973
12.406981767292777 19.40698176729477 89.99999999999936
13.406981767293024 19.40698176729476 89.999999999999
14.406981767293273 19.40698176729476 89.99999999999876
15.406981767293534 19.406981767294756 89.99999999999842
16.406981767293793 19.40698176729475 89.99999999999805
17.40698176729407 19.40698176729474 89.99999999999788
18.40698176729436 19.40698176729474 89.99999999999795
