305 17.951183571362062
0.5000000000027836 0.500000000004496 9.7995e-11
3.700629102265716 1.551078456339165 28.89842445868032
10.451183571354685 2.500000000004513 2.14921e-10
10.451183571356001 0.5000000000007372 1.7393e-11
9.451183571356207 1.5049571469416883 7.038e-11
10.451183571356585 1.5000000000023697 6.7747e-11
9.45118357135547 0.5016525882964338 1.3564e-11
8.451183571354987 0.5000000000002043 9.643e-12
7.451183571354508 0.5000000000002061 6.93e-12
2.500000000000692 5.451183571352477 89.9999999999971
1.5000000000006422 6.4511835713526455 2.4191e-11
0.5000000000002576 6.451183571351936 1.4116e-11
1.5000000000003961 5.451183571350848 89.99999999999581
0.5000000000001581 4.451183571349539 3.858e-12
0.5000000000002736 3.451183571343134 1.3115e-11
10.333042295995282 4.244803046619866 27.162992841166947
9.876518935404823 5.13451447244049 27.162992841162833
3.5000000000010987 5.44205339970841 89.99999999998266
1.8016622713387074 0.6812447863631057 29.456143556715528
1.2739585222413528 1.5316758818420348 29.456143556784713
3.008098709246335 0.6631075797188348 24.681313127175216
2.5130976819661814 1.536168635574528 24.681313127176796
1.9819855926909478 2.392634725605264 24.68131312717081
4.190712529139569 0.6793680626833218 28.89842445868114
3.2073479652386663 2.4210237338796023 28.898424458676402
2.6793680626843175 3.27181550866864 28.898424458670352
2.5000000000007327 4.451183571352055 8.886e-12
5.4375122064009505 0.5000000000001155 89.99999999999874
4.863314158283326 1.5301598374721879 28.898424458916445
4.37323073140876 2.4018702311296627 28.89842445891811
3.879949594382988 3.271815508672934 28.898424458876747
3.5000000000010143 4.439322784865004 9.747e-12
6.437512206405531 0.5000000000042437 1.01109e-10
6.0256608958641955 1.669538511892374 26.239364126762087
5.485935160379233 2.518383123417072 26.23936412676188
4.995155868997307 3.391354155386969 26.23936412676134
4.500000000001291 4.451183571358354 1.0607e-11
4.500000000001898 5.4511835713585715 1.0391e-11
7.156955537121309 1.6675644395360694 27.162992841026252
6.702541067276458 2.5583579666575105 27.162992841132436
6.163556797029019 3.4057575478717093 27.16299284112938
5.673117393207228 4.278066178151584 27.162992841123867
5.500000000002773 5.451183571356655 7.7101e-11
7.8236517083036645 2.563910920325003 27.16299284112924
7.367128347713335 3.4536223461457167 27.16299284113563
6.828144077466123 4.301021927359963 27.1629928411329
6.500000000003128 5.45118357135644 8.3226e-11
8.27806617815065 1.6731173932057057 27.162992841125668
8.48747248376965 3.4606691296794354 27.16299284114085
8.029312901094142 4.353569363806305 27.1629928411475
7.551839616854929 5.399343954496324 6.298961121661756
9.184567980888398 4.2925787406898435 27.16299284114275
8.7280446202977 5.182290166511015 27.162992841138294
0.5000000000023412 2.4511835713396284 7.7668e-11
1.5000000000007354 3.451183571349058 2.5322e-11
8.945634141883843 2.567764850761514 27.16299284112396
9.641091341479378 3.4028673148687414 27.162992841162634
12.554058678845976 6.638898566374886 73.2415803352393
13.539188949933678 6.323115978572161 69.15723462799747
14.451183571357044 5.500000000012786 89.99999999988812
11.573061818958958 7.97286761004936 73.24158035528903
12.532486558982935 7.690826131871649 73.241580355267
13.506729474973625 7.409824342287554 71.62705225885477
14.447533789652258 7.06987223061101 71.62705225884763
11.56779735251447 9.03137322241113 74.63747351213244
12.525610594520165 8.742950649051423 74.63747351213208
13.489879475845513 8.478025141581913 74.63747351213198
14.444760520360662 8.178930033059247 74.63747351213183
15.388177965774808 7.838110018593509 74.63747351213208
12.516205763704129 9.807860398216974 74.63747351214326
11.563057792740357 10.113263502185658 74.63747351214388
13.474019005709824 9.519437824857258 74.6374735121431
14.438714449811226 9.256064909340132 74.6374735121432
15.393168931550333 8.955417208865086 74.63747351214327
16.336586376964497 8.614597194399343 74.63747351214383
10.500000000002734 14.4511835713607 89.99999999993213
12.532637403922067 10.890346259254702 75.33329303322539
13.486310624085185 10.584645424499254 75.33329303322509
14.444480348500388 10.296124910321279 75.33329303322506
15.410375003687038 10.037119944145015 75.33329303322536
16.364187486020207 9.731951204677717 75.33329303322577
13.498113560694506 11.686066379372921 76.97238870341289
14.45365165457724 11.379723551492933 76.97238870341278
15.413228208428198 11.090834836121527 76.97238870341295
16.380452278696353 10.834998475609966 76.97238870341374
3.500000000001041 12.451183571357504 89.99999999996258
12.585816193538296 13.214118867070567 75.31149048098581
13.539193546017927 12.907370492931996 75.31149048098506
14.461536084981983 12.482227716694004 75.31149048098514
15.415114067401898 12.176244723723622 75.31149048098524
7.500000000002075 9.451183571352656 89.9999999999534
12.610270305020526 14.340913266343108 75.33893052200324
13.55330896729522 13.994542284487979 75.33893052200214
14.506711901741735 13.687787204529222 75.33893052200192
15.429175625311721 13.26277155378314 75.33893052200185
16.38273992184422 12.956633256601034 75.33893052200197
17.340913266344018 12.668112365550385 75.33893052200236
13.56790960933046 15.118843146032383 74.0547735153633
14.509112273338943 14.772996729238352 74.05477351536251
15.461561608779268 14.466514103088667 74.05477351536248
16.380478558507463 14.04266681318254 74.05477351536321
17.333062048989554 13.736653734935064 74.05477351536399
14.50521035421768 15.879209291734835 70.3544054766832
15.451999232332152 15.534153224663587 71.24192057176619
16.404500862108463 15.229119238340553 71.24192057179158
17.316954679229234 14.806162833665653 71.2419205719738
15.4100351994939 16.617078264133866 69.86025666934474
16.367186149718876 16.30703583990186 70.43677798112236
17.31260849354097 15.97748480254139 70.48488927341283
16.451183571361614 17.451183571361927 89.99999999999733
17.451183571361895 17.132857911533087 89.99999999999642
11.500000000006784 17.451183571361767 89.99999999997927
12.500000000011768 17.451183571361867 89.99999999998983
13.50000000001495 17.451183571361327 89.99999999997065
14.500000000017796 17.45118357135912 89.99999999986953
11.500000000003698 16.45118357136133 89.99999999995568
12.500000000006535 16.45118357136127 89.99999999994586
13.500000000006988 16.45118357135994 89.99999999993835
11.500000000002995 15.451183571361 89.99999999994222
12.500000000003215 15.451183571361017 89.99999999994172
11.500000000002956 14.451183571360678 89.9999999999302
1.5000000000004503 4.451183571349764 7.188e-12
12.570422897499816 12.112765034010796 76.97238870341339
17.34091326634415 11.634456477451359 75.33893052202343
17.39213858937712 10.559044981987148 82.75754046178251
17.451183571361906 9.500000000002125 89.99999999999369
4.500000000001273 11.451183571360295 89.99999999996045
16.45118357136155 7.500000000001854 89.99999999997732
17.451183571361906 8.50000000000191 89.99999999999383
15.451183571361039 6.500000000002153 89.99999999994931
16.451183571361515 6.500000000001624 89.99999999997722
17.451183571361906 7.500000000001691 89.99999999999405
11.570284240812724 5.884994426294243 73.24158035529996
12.52909350632341 5.600909038611793 73.24158035529172
6.500000000002515 7.451183571357011 7.9331e-11
15.451183571359092 5.500000000001874 89.99999999995086
16.45118357136092 5.500000000001399 89.99999999997767
17.451183571361902 6.500000000001469 89.99999999999464
0.5000000000001634 17.451183571361568 89.99999999999662
1.5000000000004947 17.451183571361742 89.99999999999314
2.500000000000928 16.451183571360716 89.99999999996565
3.50000000000124 17.4511835713617 89.99999999998623
4.500000000001721 17.451183571361803 89.99999999998244
5.500000000003097 17.451183571361927 89.99999999999868
6.500000000003903 17.45118357136189 2.12e-13
7.500000000004562 17.451183571361856 2.504e-12
8.500000000005146 17.451183571361845 5.365e-12
9.50000000000568 17.45118357136191 4.58e-12
10.500000000006189 17.451183571361952 89.9999999999999
0.5000000000002576 16.45118357136056 89.99999999998386
1.5000000000006404 16.45118357136084 89.99999999996896
2.5000000000008606 15.451183571359692 89.99999999996317
3.500000000001201 16.4511835713608 89.99999999996473
4.500000000001474 16.451183571361433 89.99999999996484
5.500000000001749 16.45118357136137 89.9999999999642
6.500000000002018 16.451183571361216 89.9999999999641
7.500000000002298 16.451183571361057 89.99999999996375
8.500000000002592 16.451183571360925 89.99999999996308
9.500000000002906 16.451183571361103 89.99999999996194
10.500000000003254 16.451183571361373 89.99999999996004
0.5000000000002363 15.45118357135988 89.99999999998498
1.5000000000006057 15.451183571360076 89.99999999996749
2.500000000000848 17.45118357136171 89.99999999998974
3.5000000000010916 15.451183571360016 89.99999999996156
4.50000000000132 15.451183571361177 89.99999999996047
5.500000000001615 15.451183571360989 89.99999999995134
6.500000000001856 15.451183571360783 89.99999999994837
7.500000000002092 15.451183571360527 89.99999999994631
2.50000000000082 11.45118357135652 89.99999999996497
9.500000000002549 15.451183571360602 89.99999999994371
10.500000000002771 15.451183571361007 89.99999999994284
0.5000000000001421 14.451183571358921 89.99999999999542
2.5000000000007683 13.451183571357696 89.99999999997242
11.500000000003068 13.451183571360444 89.99999999992806
3.5000000000010543 13.451183571358424 89.99999999996392
4.5000000000012665 14.451183571360955 89.99999999996001
6.500000000001846 14.45118357136041 89.99999999994037
7.500000000002074 14.451183571360058 89.99999999993773
8.500000000002297 14.451183571359744 89.99999999993557
5.5000000000016 14.451183571360662 89.99999999994525
9.500000000002517 14.451183571360176 89.99999999993376
10.500000000002846 13.451183571360456 89.99999999992893
2.5000000000006937 14.451183571358499 89.99999999997894
1.5000000000003935 14.451183571358834 89.99999999998981
1.500000000000469 13.45118357135752 89.99999999998236
3.5000000000010063 14.451183571359238 89.99999999996638
4.500000000001302 13.451183571360733 89.99999999995985
5.5000000000016644 13.451183571360358 89.99999999994263
6.500000000001931 13.451183571360064 89.9999999999364
7.500000000004096 6.4511835713475225 7.3642e-11
8.500000000002398 13.451183571359156 89.99999999993165
9.500000000002624 13.451183571359792 89.99999999993015
11.610305444966404 11.315796322446218 75.33329303322665
0.5000000000001812 12.451183571356186 89.99999999999078
7.50000000000217 13.451183571359602 89.99999999993338
0.5000000000001545 13.45118357135784 89.99999999999419
2.5000000000008002 12.45118357135712 89.99999999996685
7.500000000002141 12.451183571359131 89.99999999993037
8.500000000002366 12.451183571358488 89.99999999992812
4.500000000001269 12.451183571360513 89.99999999995995
6.500000000001899 12.451183571359731 89.9999999999346
9.500000000002586 12.451183571359412 89.99999999992653
10.500000000002801 12.451183571360207 89.99999999992502
11.56201974750569 12.389163823857352 82.36212495444899
0.5000000000001847 11.451183571355266 89.99999999999064
1.5000000000005498 11.45118357135633 89.99999999997227
8.500000000002322 15.451183571360314 89.99999999994485
16.373270561539986 11.88772824967095 75.31149048098591
17.45118357136183 1.5000000000003402 89.99999999999861
6.500000000001911 11.451183571359405 89.99999999993449
5.500000000001654 11.451183571359744 89.99999999994039
8.500000000002384 11.451183571357607 89.99999999992765
5.50000000000164 12.451183571360055 89.99999999994095
9.500000000002593 9.451183571358236 89.99999999994199
10.500000000002824 11.451183571359987 89.9999999999244
0.5000000000001155 10.451183571354537 89.9999999999989
1.500000000000501 12.451183571356811 89.99999999997765
2.500000000000833 10.451183571355864 89.99999999996753
3.5000000000010525 11.451183571356264 89.99999999996199
4.500000000001307 10.451183571360062 89.99999999996237
5.500000000001698 10.451183571359412 89.99999999994134
6.500000000001812 9.451183571358595 89.99999999995876
7.5000000000021565 11.451183571358637 89.99999999993008
8.500000000002434 10.45118357135325 89.99999999992855
9.500000000002606 11.451183571359046 89.99999999992596
10.500000000002885 10.451183571359767 89.99999999992433
0.5000000000001119 9.45118357135393 89.999999999999
1.5000000000005551 10.451183571355886 89.99999999997387
2.5000000000005462 9.451183571355045 89.99999999999896
3.5000000000010765 10.448713373971872 89.99999999996483
4.500000000001194 9.451183571359708 89.9999999999784
5.500000000001461 9.451183571358769 89.99999999997416
6.500000000001947 10.451183571359076 89.9999999999366
7.500000000002205 10.451183571358033 89.99999999993076
8.500000000002338 9.448031013782124 89.99999999994725
9.500000000002657 10.451183571358685 89.99999999992669
10.61459719439964 9.336586376962536 74.63747351213452
0.5000000000001137 8.451183571353386 5.3e-13
1.5000000000003322 9.45118357135516 89.99999999999856
3.5000000000008527 8.44628804312415 9.019e-12
3.500000000000904 9.447428518217396 89.99999999998464
5.500000000001459 8.45118357135798 2.8407e-11
6.500000000001693 8.451183571357697 3.0649e-11
1.5000000000003455 8.451183571354184 1.647e-12
4.500000000001078 8.451183571359225 9.372e-12
8.500000000002526 8.44609087599824 89.99999999999092
9.500000000003073 8.45118357135781 89.9999999999551
10.615532819084784 8.261204590682356 73.2415803552964
0.5000000000001386 7.451183571352903 89.99999999999875
2.5000000000005986 8.451183571354477 6.258e-12
2.5000000000007194 7.451183571353986 3.932e-12
3.500000000001071 7.445112597753924 7.802e-12
4.500000000001375 7.451183571359007 9.926e-12
5.500000000002116 7.451183571357366 6.5132e-11
7.500000000003458 7.451183571349049 1.5191e-10
7.500000000001922 8.451183571350985 3.1544e-11
8.500000000018913 6.440888213977447 89.99999999839318
10.637402245710662 7.210264342841985 73.24158035529479
11.594931245685808 6.9219273621785256 73.24158035529831
0.5000000000001368 5.451183571350873 89.99999999999781
1.500000000000413 7.4511835713534404 89.99999999999702
2.500000000000969 6.451183571353295 2.2279e-11
3.5000000000013136 6.443772362852521 1.9241e-11
4.500000000001924 6.451183571358789 1.0235e-11
5.500000000002883 6.4511835713570145 7.0804e-11
6.500000000003499 6.451183571356722 8.1459e-11
8.506365492648849 7.443947149526574 0.024379700775525
9.547742971699519 7.427630186660938 87.23311020964816
9.545906368940466 6.402949402441045 84.46363040695199
10.612755240938272 6.17333140692733 73.24158035528701
17.451183571361778 0.5000000000001155 89.9999999999993
16.451183571361003 0.5000000000001776 89.99999999999187
15.451183571360367 0.5000000000001865 89.99999999999189
14.451183571359225 0.5000000000002736 1.3861e-11
13.451183571358571 0.5000000000002451 1.4595e-11
12.451183571357458 0.5000000000001208 1.338e-12
11.451183571356607 0.5000000000002949 1.9728e-11
17.45118357136183 2.5000000000005684 89.99999999999775
16.451183571360822 1.5000000000004796 89.99999999998225
15.451183571360254 1.5000000000005151 89.99999999998285
14.451183571359309 1.5000000000007159 2.1398e-11
13.451183571358637 1.5000000000008091 5.0333e-11
12.45118357135783 1.500000000000357 2.533e-12
11.451183571357177 1.5000000000007265 3.8313e-11
17.451183571361845 3.5000000000007967 89.99999999999676
16.451183571360758 2.5000000000007185 89.99999999997999
15.451183571360062 2.5000000000008784 89.99999999997141
14.451183571359142 2.5000000000011866 1.022e-11
13.451183571358605 2.503341285627177 1.3302e-11
12.451183571357962 2.5000000000005906 3.23e-12
11.451183571356905 2.5000000000010205 4.0892e-11
17.451183571361696 4.500000000001027 89.9999999999956
16.451183571361188 3.5000000000009432 89.99999999997904
15.451183571360364 3.5000000000012346 89.9999999999608
14.451183571359497 3.5000000000017266 89.99999999999024
13.45118357135844 3.5054977984552007 4.4318e-11
12.451183571357763 3.500000000000812 3.002e-12
11.451183571357124 3.5000000000012967 4.1482e-11
17.451183571361838 5.500000000001248 89.99999999999514
16.451183571360254 4.500000000001173 89.9999999999782
15.451183571359323 4.500000000001596 89.99999999995248
14.451183571358118 4.500000000008387 3.9609e-11
13.44499269450764 4.508075937115567 89.97519752392958
12.30865847098173 4.622932990254524 73.24158035529824
11.349849205471306 4.90701837793689 73.24158035529919
