308 17.998465392765677
0.5000000000001332 17.49611867302155 4.25e-13
1.5000000000005578 17.498465392765556 8.44e-13
17.49611865628863 0.5000000000001066 89.99999999999994
17.498465392765574 1.5000000000004805 89.9999999999999
0.500400218342012 8.500000000003897 7.3301e-11
0.5000000000007354 7.500000000003557 7.2527e-11
0.5000000000001243 6.500000000002534 7.52e-13
1.500000000000556 6.500000000003777 1.478e-12
0.5000000000001243 5.5000000000021085 89.99999999999773
1.5000000000005524 5.500000000003288 89.99999999999284
2.5000000000010054 5.522316381329709 89.999999999986
0.5000000000001137 4.500000000001749 89.99999999999916
1.5000000000004965 4.50000000000287 89.9999999999988
2.5000000000008686 4.511531962573514 89.99999999999876
0.5000000000001474 3.500000000001341 89.99999999999837
1.5032894753379695 3.5000000000024194 1.484e-12
2.5053680449223528 3.5065438703970955 0.023751178373601
3.507508727531082 3.507264526517093 0.022451467610949
4.51062910721692 3.5000000000014744 89.99999999998683
0.5000000000001243 2.500000000000938 89.99999999999811
1.5000000000005285 2.5000000000018847 89.99999999999577
2.5000000000009104 2.500000000001889 89.99999999999525
3.500000000001295 2.503719734318415 89.99999999999444
4.500000000001678 2.500000000001025 89.99999999999366
5.500000000002011 2.5000000000009024 89.99999999999449
0.5000000000001226 1.5000000000005338 89.99999999999771
1.5000000000005693 1.5000000000011537 89.99999999999399
2.500000000000977 1.500000000001104 89.99999999999474
3.5000000000013882 1.500000000000692 89.99999999999572
4.500000000001801 1.5000000000005649 89.99999999999702
5.500000000002149 1.5000000000005063 89.99999999999775
6.5000000000025535 1.5000000000004832 4.3e-14
0.500000000000103 0.5000000000001208 89.99999999999987
1.5000000000004698 0.5000000000002398 89.9999999999998
2.5000000000008313 0.5000000000001616 89.99999999999983
3.5000000000011946 0.5000000000001581 89.99999999999984
4.500000000001558 0.5000000000001243 89.99999999999989
5.500000000001867 0.5000000000001084 89.9999999999999
6.50000000000223 0.5000000000001048 89.99999999999989
7.5000000000025935 0.5000000000001013 89.99999999999982
8.514322208491027 0.5143222084882257 88.33435183590015
3.4984653927592353 17.49846539276552 3.56e-12
4.4984653927596465 17.498465392765528 3.09e-12
5.498465392760007 17.49846539276555 2.422e-12
6.498465392760433 17.49846539276557 89.99999999999994
7.498465392760834 17.49846539276557 89.99999999999935
8.498465392761188 17.498465392765574 89.99999999999994
9.498465392761661 17.49846539276556 89.9999999999981
10.498465392762036 17.498465392765574 89.99999999999972
11.498465392762533 17.498465392765542 89.99999999999594
13.498465392763322 17.49846539276555 89.99999999999702
14.498465392763851 17.498465392765553 89.99999999999723
15.498465392764322 17.498465392765556 89.99999999999754
16.49846539276495 17.498465392765556 89.99999999999808
17.49846539276553 17.498465392765574 89.99999999999983
4.498465392759616 16.49846539276487 1.819e-11
5.498465392760059 16.498465392765077 7.643e-12
6.498465392760599 16.498465392765144 89.9999999999998
7.498465392761059 16.498465392765148 89.99999999999892
8.49846539276145 16.49846539276516 2.3e-14
9.498465392761952 16.49846539276513 89.99999999999656
10.49846539276234 16.498465392765155 89.99999999999943
11.498465392762881 16.498465392765063 89.99999999998944
13.498465392763629 16.498465392765098 89.99999999999274
14.4984653927641 16.498465392765098 89.99999999999301
15.498465392764468 16.498465392765112 89.99999999999434
16.498465392764885 16.498465392765112 89.99999999999507
17.498465392765524 16.49846539276515 89.99999999999946
5.498465392760853 15.498465392764754 7.839e-12
6.498465392761282 15.49846539276482 9.3e-13
7.498465392761679 15.498465392764837 89.99999999999898
8.498465392762037 15.498465392764844 3.96e-13
9.498465392762478 15.498465392764766 89.99999999999974
10.49846539276282 15.498465392764848 89.99999999999937
11.498465392763293 15.49846539276254 89.99999999999507
13.498465392763972 15.49846539276478 89.9999999999915
14.498465392764405 15.498465392764777 89.99999999999146
15.498465392764736 15.498465392764782 89.99999999999177
16.498465392765073 15.498465392764784 89.99999999999307
17.49846539276556 15.498465392764839 89.99999999999905
6.498465392761079 14.498465392764501 1.382e-12
7.498465392761661 14.498465392764526 89.99999999999906
8.498465392762022 14.498465392764533 8.19e-13
9.498465392762462 14.49846539276443 4.45e-13
10.498465392762808 14.498465392764537 89.99999999999939
11.49846539276329 14.498465392761489 89.99999999999459
13.498465392763977 14.498465392764462 89.99999999999035
14.498465392764409 14.498465392764455 89.9999999999903
15.49846539276474 14.498465392764462 89.99999999999062
16.498465392765077 14.498465392764462 89.99999999999226
17.49846539276556 14.498465392764523 89.99999999999874
6.49846539276124 13.498465392764082 1.417e-12
7.498465392761635 13.498465392764105 89.99999999999945
8.498465392762006 13.498465392764116 1.098e-12
9.498465392762448 13.498465392764002 6.54e-13
10.498465392762798 13.498465392764125 89.99999999999946
11.498465392763283 13.498465392760586 89.9999999999942
13.498465392763974 13.49846539276404 89.99999999998941
14.498465392764405 13.498465392764032 89.99999999998943
15.498465392764734 13.498465392764041 89.99999999998985
16.49846539276507 13.498465392764038 89.99999999999159
17.49846539276556 13.498465392764103 89.99999999999845
6.498465392761256 11.498465392763453 1.103e-12
7.498465392761635 11.498465392763464 1.803e-12
8.498465392761991 11.498465392763496 1.497e-12
9.498465392762428 11.49846539276336 1.168e-12
10.49846539276278 11.498465392763503 89.9999999999996
11.498465392763269 11.498465392759275 89.99999999999349
13.498465392763965 11.498465392763407 89.9999999999879
14.498465392764398 11.498465392763396 89.9999999999879
15.498465392764729 11.498465392763414 89.99999999998887
16.498465392765066 11.4984653927634 89.99999999999064
17.498465392765556 11.498465392763471 89.99999999999797
7.498465392761653 10.498465392763043 2.498e-12
8.498465392761988 10.49846539276308 1.664e-12
9.498465392762414 10.498465392762938 1.605e-12
10.49846539276277 10.49846539276309 89.9999999999997
11.498465392763258 10.498465392758595 89.99999999999312
13.498465392763958 10.498465392762991 89.99999999998717
14.498465392764388 10.498465392762977 89.99999999998717
15.498465392764723 10.498465392762997 89.99999999998846
16.49846539276506 10.49846539276298 89.99999999999027
17.498465392765553 10.498465392763054 89.99999999999778
7.495309164174324 9.498465392762728 2.516e-12
8.496329640650531 9.49846539276277 2.129e-12
9.498465392762244 9.498465392762615 2.754e-12
10.498465392762748 9.498465392762782 89.99999999999982
11.498465392763237 9.498465392758048 89.99999999999297
13.498465392763944 9.498465392762675 89.99999999998619
14.498465392764377 9.49846539276266 89.99999999998626
15.498465392764716 9.498465392762684 89.9999999999881
16.498465392765056 9.498465392762665 89.9999999999899
17.49846539276555 9.49846539276274 89.99999999999763
7.498465392761517 8.4984653927623 2.881e-12
8.498465392761837 8.498465392762347 3.133e-12
9.498465392762267 8.49846539276219 3.289e-12
10.498465392762654 8.498465392762364 1.29e-13
11.498465392763162 8.498465392757419 89.99999999999288
13.4984653927639 8.498465392762249 89.99999999998494
14.498465392764341 8.498465392762233 89.99999999998509
15.498465392764698 8.498465392762267 89.99999999998779
16.498465392765045 8.498465392762242 89.99999999998957
17.49846539276555 8.498465392762318 89.99999999999748
7.4984653927609815 7.498465392761965 5.52e-12
8.498465392761414 7.498465392762028 4.353e-12
9.498465392762018 7.498465392761817 1.0338e-11
10.498465392762627 7.4984653927620535 4.89e-13
11.498465392763105 7.49846539275691 89.99999999999544
13.49846539276388 7.498465392761932 89.99999999998373
14.498465392764327 7.498465392761913 89.99999999998393
15.49846539276469 7.498465392761956 89.9999999999875
16.498465392765038 7.498465392761925 89.99999999998924
17.498465392765546 7.498465392762003 89.99999999999737
11.47829260277786 6.498465392756341 2.075e-12
13.498465392763901 6.498465392761555 89.99999999998192
14.498465392764334 6.498465392761534 89.999999999982
15.498465392764706 6.498465392761592 89.99999999998727
16.498465392765045 6.498465392761555 89.99999999998899
17.49846539276555 6.498465392761634 89.99999999999727
15.498465392764738 5.498465392761229 89.99999999998711
16.498465392765063 5.498465392761185 89.99999999998872
17.498465392765553 5.498465392761265 89.99999999999721
16.49846539276504 4.498465392760869 89.99999999998847
17.49846539276555 4.498465392760948 89.99999999999717
17.498465392765546 3.498465392760579 89.99999999999719
6.478292602775633 6.498465392761603 3.06e-13
0.6415015999361628 15.997363533338078 20.123995250887226
1.5816448341582445 16.33816071992478 20.123995250903523
0.6415015999360918 14.93234437620896 20.123995250873637
1.582855332900004 15.269838007105939 20.123995250875243
2.531261957917481 15.588083686010338 20.123995250877172
0.6333736924181483 13.860659444315225 18.601791938559156
1.575732604287995 14.195691090796686 18.601791938559547
2.522935104534157 14.516331794510538 18.601791938559554
3.4688311826301303 14.840854051513574 18.60179193855949
4.376120722606854 15.280081448043646 18.601791938559202
0.6315386522923561 11.745845192224678 18.269302481738624
1.5822379263450266 13.125354223219492 18.75231545897275
2.5245579971343375 13.46037268318011 18.752315458970255
3.471997334052576 13.780312273469065 18.752315458962258
4.419372735672767 14.100440186068704 18.752315458954264
0.6323598852942443 10.686481162722597 18.417624290926067
1.5798531957404292 11.00628263767898 18.41762429092648
2.5273465061855482 11.326084112638137 18.41762429092642
3.4748398166309062 11.64588558759684 18.417624290926213
4.416871928542379 13.039283466373778 18.26930248173595
5.36692674046866 13.351370023574407 18.26930248173329
0.6324177196866376 9.632417719690634 18.428098605603076
1.5811580659784648 9.948474295363743 18.42809860560993
2.528650686563637 10.268275540458161 18.428098605610714
3.476143307147921 10.588076785555284 18.428098605610735
4.423635927732318 10.907878030652013 18.42809860561057
5.366047673074316 11.242927978291474 18.428098605609947
1.5665411868055452 8.887275504868287 18.596368451206022
2.5154668584494138 9.206353737150986 18.65075943010038
3.463744007334605 9.526419779164872 18.65075943009257
4.411998090700374 9.846478036022821 18.65075943054568
5.360218458509962 10.166524913077486 18.650759430083966
2.5223668468298 8.153257486444362 18.65075943008453
3.4698523127771477 8.473056316678726 18.65075943008435
4.417337778724476 8.792855146913103 18.65075943008386
5.364823244670142 9.112653977152466 18.650759430082864
1.6336421480911776 7.659364920915896 18.650759430084207
3.4698523127744787 7.4176311561441395 18.650759430100194
4.417337778721944 7.7374299863785065 18.65075943008849
5.364823244669457 8.05722881661285 18.650759430082083
4.397164988737002 6.675196030489596 18.650759430080704
5.3446504546847216 6.994994860723706 18.650759430057516
5.472080767686011 14.472080767689818 3.109329151432985
2.570734992541654 16.738233554498127 28.344304530950488
3.4525066719494966 16.016839062034695 21.823850621529253
2.5653189726428325 6.924753111954402 21.16852022965914
3.482808913246978 6.207683837616148 21.168520229631692
6.498465392760491 7.49846539276197 2.36e-13
6.498465392761265 10.498465392763032 8.92e-13
6.494469476020009 9.49846539276271 5.11e-13
6.498465392761124 8.498465392762283 1.32e-13
16.002641161852484 0.6414060047972576 69.89441230043938
16.342258838457877 1.5819798774847822 69.89441230043639
14.93774731075548 0.6414060047972452 69.89441230044177
15.274236153080189 1.5831252142472767 69.89441230044143
15.58886387132258 2.5328468766352614 69.89441230044102
13.864852183093987 0.6326850747762567 71.52343120109549
14.199732266527496 1.575136153601897 71.52343120109535
14.516649077927752 2.52358949175437 71.52343120109532
14.839951645381282 3.4699090892520754 71.52343120109529
15.276493369665005 4.37839088169948 71.52343120109533
11.745428322430714 0.6313066459830221 71.77246191103683
13.127420774047277 1.5811381312858401 71.52343120109765
13.462300857480681 2.5235892101113784 71.52343120109768
13.779217668880783 3.472042548263925 71.523431201098
14.097443311590164 4.420058552676869 71.52343120109843
10.69245312532945 0.631142971976054 71.80188926671815
11.00747944229894 1.5838993182546872 71.40106781594201
11.33157003940684 2.5299409657731022 71.40106781594173
11.648488401304565 3.478396188307145 71.40106781594169
13.038286471049673 4.416864011098644 71.77246191103708
13.349641896892527 5.367158746778426 71.77246191103762
9.639801989138935 0.6311429719760486 71.80188926671892
9.95032472061082 1.5817107746426737 71.80188926671792
10.267146683027141 2.530207725715215 71.80188926671694
10.59125720627937 3.476308586223978 71.80188926671687
10.908178609510202 4.424772846453605 71.80188926671687
11.243091631523514 5.367322420785367 71.80188926671693
8.888744792121303 1.5743396050093663 71.37840432642525
9.207931823431196 2.5220313574869104 71.3784043264243
9.524850988809005 3.470487282899536 71.37840432642324
9.848940901296546 4.416526976035097 71.37840432642348
10.165859554235954 5.364983074117345 71.3784043264242
8.142122278639015 2.5289420746673255 72.33934923576071
8.465204243764571 3.475538934187088 72.33934923576068
8.782154774942205 4.424087945110466 72.33934923576066
9.10631658123767 5.370341000314069 72.33934923576072
7.693365458589673 1.6223580973746294 72.33934923576079
7.3830927110920594 3.4588431129856803 69.27103333383332
7.712029938539468 4.4136816346217564 70.41204733467781
8.036140796996042 5.359774669804206 70.41204733467846
6.650603002721446 4.4136816346217325 70.41204733467578
6.97471386117793 5.359774669804187 70.41204733467747
14.468408282997405 5.468408282994211 86.4430515916242
16.736789547754622 2.5713791248338023 61.89362702353291
16.014470566725187 3.454145130836501 68.34568554980123
6.948862266267005 2.5539606097971363 69.27103333371778
6.22344268119123 3.447298161211225 63.629010809377355
7.4782926027760865 6.49846539276159 5.96e-12
10.478292602777337 6.49846539276161 9.866e-12
9.478292602776968 6.498465392761436 1.097e-11
8.478292602776456 6.498465392761664 4.562e-12
3.500000000001341 5.0608665280048974 89.99999999998816
4.511037297488193 4.579422220987538 79.97254834032465
4.740667812834742 5.735711225008065 18.650759430077873
5.522375108456423 4.555812417007168 79.97254834031774
5.896787122826275 5.505121016016863 79.9725483403142
12.810503119759483 0.6326850747762442 71.52343120109795
12.721366666149612 3.4684017141440853 71.77246191103673
12.498465392763643 13.498465392763999 89.99999999999018
12.498465392763558 8.498465392762172 89.99999999998572
12.498465392763611 9.498465392762604 89.99999999998697
12.498465392763627 10.498465392762927 89.99999999998805
12.498465392763634 11.498465392763354 89.99999999998889
12.498465392763567 6.498465392761462 89.99999999998228
12.498465392763537 7.498465392761847 89.99999999998442
12.498465392763649 14.498465392764427 89.99999999999096
12.498465392763645 15.498465392764755 89.99999999999194
12.498465392763265 16.49846539276508 89.99999999999241
12.498465392762922 17.498465392765542 89.99999999999658
12.386457500797107 2.5258636003545565 71.77246191103667
12.298276909938835 5.372905984200553 71.72579306428973
12.06953685178526 1.5774015813794664 71.77246191103671
11.983356125757878 4.420811155364315 71.40106781594194
0.6333736924183313 12.805538261422706 18.60179193858804
3.4690194918575568 12.720525553893646 18.26930248173866
6.494609151056977 12.498465392763768 1.267e-12
17.498465392765556 12.498465392763789 89.99999999999815
16.49846539276507 12.498465392763721 89.99999999999108
15.49846539276473 12.498465392763727 89.9999999999893
14.498465392764402 12.498465392763716 89.9999999999886
12.498465392763638 12.498465392763677 89.99999999998957
11.498465392763276 12.498465392759899 89.99999999999386
10.498465392762787 12.498465392763816 89.99999999999953
9.498465392762437 12.49846539276368 8.65e-13
7.498465392761638 12.498465392763793 89.9999999999998
8.498465392761995 12.498465392763807 1.303e-12
13.498465392763968 12.498465392763725 89.99999999998863
2.526551619161662 12.385456915285 18.26930248173891
5.366926740468232 12.29828791389917 18.269302481809643
1.5790451357269601 12.065651053755094 18.269302481738862
4.417255039468588 11.980936693939599 18.417624290925566
