343 18.98955295243350250
0.50000000000061640 18.36233248843885946 89.999999999996902
1.50000000000249489 18.48955295243287367 89.999999999981355
18.31022558915664433 0.50000000000028777 89.999999999994770
18.48955295243328933 1.50000000000082157 89.999999999989527
0.50000000000416911 9.50000000001992362 0.000000000390640
0.50527048282341624 8.50000000001926104 0.000000000389936
0.50000000000383160 7.50000000001826805 0.000000000370663
1.50000000003305356 7.50000000005149303 0.000000003527359
0.50000000001184475 6.50000000001731237 0.000000000351847
1.50000000006909495 6.50000000004884448 0.000000003388216
2.50000000015841017 6.50000000017861446 0.000000012213186
0.50000000003012879 5.50000000001635403 0.000000000332731
1.50000000023424818 5.50000000004574119 0.000000003195121
2.50394894871043849 5.50000000016687629 0.000000011608519
3.50692901120143041 5.50486828770377112 89.984081840395007
0.50000000000266276 4.50000000001499689 0.000000000287589
1.50000000000353850 4.50000000001939782 0.000000000345350
2.50000000000398792 4.50000000006058620 0.000000000352632
3.50000000000442935 4.50000000022381386 0.000000000358348
4.50000000000486899 4.50000000006180834 0.000000000363937
0.50000000000114220 3.50000000001220180 0.000000000104525
1.50000000000192468 3.50000000001544720 0.000000000117335
2.50000000000267342 3.50000000002165024 0.000000000113294
3.50000000000355982 3.50000000005516299 0.000000000085152
4.50000000000482281 3.50000000005116974 0.000000000016775
5.50000000000632383 3.50000000000209788 89.999999999920377
0.50000000000036415 2.50000000000917488 0.000000000012805
1.50000000000101252 2.50000000001068834 0.000000000018917
2.50000000000164935 2.50000000001392220 0.000000000018846
3.50000000000229949 2.50000000001968381 0.000000000012472
4.50000000000298073 2.50000000003565326 89.999999999999943
5.50000000000423306 2.50000000000172840 89.999999999925222
6.50000000005970513 2.50000000007907808 89.999999997046416
0.50000000000025580 1.50000000000546141 89.999999999986031
1.50000000000065548 1.50000000000583178 89.999999999974548
2.50000000000103295 1.50000000000711164 89.999999999965866
3.50000000000139977 1.50000000000942624 89.999999999958547
4.50000000000176126 1.50000000001402967 89.999999999951996
5.50000000000225864 1.50000000000135536 89.999999999930864
6.50000000000301448 1.50000000004309442 89.999999999879535
7.50000000000331646 1.50000000000142375 89.999999999877701
0.50000000000015099 0.50000000000119904 89.999999999999957
1.50000000000045031 0.50000000000092903 89.999999999999929
2.50000000000075140 0.50000000000108002 89.999999999999503
3.50000000000105338 0.50000000000138733 89.999999999998735
4.50000000000135536 0.50000000000064482 89.999999999997698
5.50000000000165556 0.50000000000028955 89.999999999996788
6.50000000000195755 0.50000000000025757 89.999999999997272
7.50000000000226485 0.50000000000016165 89.999999999994600
8.50000000000256861 0.50455193565666612 89.999999999995680
9.50000000000283329 0.50000000000011902 89.999999999998039
2.50000000000437694 18.48955295243304775 0.000000000000185
4.38529166358232203 18.48955295243181496 0.000000000003572
5.39004032242869879 18.48955295243310459 89.999999999992653
6.39478898222675163 18.48955295243323604 89.999999999992454
7.47308356781910010 18.48955295243325381 89.999999999990166
8.47585299807848713 18.48955295243330710 89.999999999997243
9.47785575239609734 18.48955295243323960 89.999999999983871
10.47945566102841930 18.48955295243336394 0.000000000002746
11.48081230579616197 18.48955295243337105 89.999999999997257
12.48201182340682536 18.48955295243327157 89.999999999985988
14.48414128027207326 18.48955295243336039 89.999999999997726
15.48514740120027966 18.48955295243310815 89.999999999966477
16.48616981734546982 18.48955295243317565 89.999999999975770
17.48728929172910895 18.48955295243306551 89.999999999968679
18.48879883426050341 18.48955295243321828 89.999999999990422
4.48955295241294117 17.48955295242838659 89.999999999967756
5.48955295241369878 17.48955295243217023 89.999999999972729
6.48955295241452479 17.48955295243253261 89.999999999971280
7.48955295241544761 17.48955295243267116 89.999999999971664
8.48955295241657915 17.48955295243285590 89.999999999994245
9.48955295241788654 17.48955295243286301 89.999999999976708
10.48955295241963626 17.48955295243307972 0.000000000007752
11.48955295242200769 17.48955295243254682 0.000000000054656
12.48955295242333996 17.48955295243290564 89.999999999974960
14.48955295242521046 17.48955295243305841 89.999999999994714
15.48955295242655161 17.48955295243273866 89.999999999950475
16.48955295242802066 17.48955295243236208 89.999999999913413
17.48955295242966912 17.48955295243216312 89.999999999915403
18.48955295243228392 17.48955295243262853 89.999999999979607
5.48955295241745667 16.48955295243122521 0.000000000018536
6.48955295241840879 16.48955295243191443 89.999999999988816
7.48955295241922236 16.48955295243218444 89.999999999978755
8.48955295242006969 16.48955295243245445 89.999999999997357
9.48955295242090457 16.48955295243250418 89.999999999980105
10.48955295242185137 16.48955295243281682 0.000000000013938
11.48955295242542363 16.48955295243211339 0.000000000074987
12.48955295242705787 16.48955295243257524 89.999999999973269
14.48955295242852515 16.48955295243278130 89.999999999995396
15.48955295242960872 16.48955295243245445 89.999999999945373
16.48955295243067809 16.48955295243197838 89.999999999900950
17.48955295243154850 16.48955295243158758 89.999999999902002
18.48955295243293051 16.48955295243196417 89.999999999969233
6.48955295242484986 15.48955295243017005 0.000000000138138
7.48955295242521046 15.48955295243046137 0.000000000133530
8.48955295242556751 15.48955295243099251 0.000000000128537
9.48955295242592278 15.48955295243094454 0.000000000123184
10.48955295242627095 15.48955295243169061 0.000000000118319
11.48955295242669727 15.48955295243160357 0.000000000105893
12.48955295242829422 15.48955295243226793 89.999999999973213
14.48955295242985741 15.48955295243248642 89.999999999999744
15.48955295243077757 15.48955295243218266 89.999999999942744
16.48955295243158048 15.48955295243163910 89.999999999894612
17.48955295243203878 15.48955295243103514 89.999999999896644
18.48955295243299801 15.48955295243120389 89.999999999960423
6.48955295241211516 14.48955295241980323 0.000000001283138
7.48955295241428942 14.48955295242159380 0.000000001111736
8.48955295241606400 14.48955295242322450 0.000000000986460
9.48955295241939289 14.48955295242577535 0.000000000682435
10.48955295242469354 14.48955295243116836 0.000000000153599
11.48955295242568830 14.48955295243111152 0.000000000135801
12.48955295242791053 14.48955295243198194 89.999999999975017
14.48955295242916463 14.48955295243205299 0.000000000022221
15.48955295243040986 14.48955295243191799 89.999999999941224
16.48955295243135311 14.48955295243127495 89.999999999885205
17.48955295243188601 14.48955295243041874 89.999999999884366
18.48955295243291630 14.48955295243026598 89.999999999951854
6.48955295240850027 13.48955295241883512 0.000000001350867
7.48955295240982544 13.48955295242008212 0.000000001247065
8.48955295241105112 13.48955295242147834 0.000000001154473
9.48955295241491825 13.48955295242481078 0.000000000759067
10.48955295242056351 13.48955295243089303 0.000000000160425
11.48955295242111774 13.48955295243074382 0.000000000148968
12.48955295242327779 13.48955295243163022 89.999999999972871
14.48955295242650720 13.48955295243178298 0.000000000027791
15.48955295242953234 13.48955295243166574 89.999999999940783
16.48955295243069230 13.48955295243092856 89.999999999878995
17.48955295243148811 13.48955295242963892 89.999999999855220
18.48955295243277419 13.48955295242900831 89.999999999939305
7.48955295193524684 11.48955295196281234 0.000000053570613
8.48955295237491292 11.48955295240096675 0.000000003440438
9.48955295239982810 11.48955295242348384 0.000000000840853
10.48955295240810237 11.48955295243040808 0.000000000166386
11.48955295241180607 11.48955295242927832 0.000000000260622
12.48955295242162755 11.48955295243100849 89.999999999964061
14.48955295242625141 11.48955295243131758 0.000000000030434
15.48955295242817520 11.48955295243116836 89.999999999942617
16.48955295242941332 11.48955295243028374 89.999999999880430
17.48955295243082730 11.48955295242773111 89.999999999793346
18.48955295243263208 11.48955295241126962 89.999999999926956
7.48955295188618742 10.48955295191921877 0.000000058528124
8.48955295235625229 10.48955295238754815 0.000000004945637
9.48955295239442620 10.48955295242294206 0.000000000866210
10.48955295240342700 10.48955295243017360 0.000000000168157
11.48955295240897811 10.48955295242871522 0.000000000297089
12.48955295241781904 10.48955295243071362 89.999999999962682
14.48955295242609864 10.48955295243108310 0.000000000031661
15.48955295242863528 10.48955295243092323 89.999999999944066
16.48955295243018071 10.48955295242984143 89.999999999897241
17.48955295243123231 10.48955295236122254 89.999999999892793
18.48955295243275998 10.48955295238885732 89.999999999954284
7.48752750900704633 9.48954104957909550 0.001358447180731
8.48753934226763818 9.48955293107879427 0.000002446696500
9.48769858482383732 9.48955295242240737 0.000000000886061
10.48778202667793025 9.48955295242993735 0.000000000169677
11.48784638282757342 9.48955295242825336 0.000000000319436
12.48796677961039769 9.48955295243031927 89.999999999952905
14.48840356285124287 9.48955295243076336 0.000000000026451
15.48865449395273863 9.48955295243054486 89.999999999934815
16.48891049444932833 9.48955295242942931 89.999999999913626
17.48917808535243523 9.48955295232045160 0.000000001877410
18.48955295243205654 9.48955295236644858 89.999999999944421
7.48276961489060355 8.48954093649083141 0.001358447190099
8.48753932284314772 8.48955292841765186 0.000002751608462
9.48753936369389450 8.48955295242190644 0.000000000903417
10.48753936383541330 8.48955295242970820 0.000000000171059
11.48753936391945274 8.48955295242784835 0.000000000336379
12.48794543660224932 8.48955295242995689 89.999999999942943
14.48840785641738549 8.48955295243024821 89.999999999993207
15.48867474018816637 8.48955295243023933 89.999999999925123
16.48896441986089201 8.48955295242920194 89.999999999913214
17.48923670521878293 8.48955295229552220 0.000000002231602
18.48948290864224475 8.48955295234357621 89.999999999678224
7.48752750920694332 7.48954104901597084 0.001358447199507
8.48753933976190567 7.48955292841735520 0.000002751611891
9.48753936378930085 7.48955295242140551 0.000000000920982
10.48753936384520991 7.48955295242948083 0.000000000172336
11.48753936392017394 7.48955295242747532 0.000000000349626
12.48753936396005138 7.48955295242959629 89.999999999932967
14.48840684529245237 7.48955295242973129 89.999999999960011
15.48866763951310688 7.48955295242993380 89.999999999915460
16.48896348337270723 7.48955295242897101 89.999999999912802
17.48955295241026775 7.48955295227060702 0.000000002585125
18.48955295242629759 7.48955295230497597 0.000000000803979
12.43860500132297808 6.48955295242929875 89.999999999923205
14.48955295243067454 6.48955295242920016 89.999999999925294
15.48955295243116836 6.48955295242963714 89.999999999907217
16.48955295243158048 6.48955295242873476 89.999999999912376
17.48955295243299446 6.48955295222898965 0.000000000011170
18.48955295243332131 6.48955295224092410 0.000000000005528
16.48955295243200680 5.48955295242849850 89.999999999911410
17.48955295243253971 5.48955295221048978 89.999999999937828
18.48955295243310815 5.48591244133218048 89.999999999969674
17.48955295235384000 4.48955295219537831 89.999999999235214
18.48955295240677899 4.48296393829384154 89.999999999617529
18.48696158415016200 3.47927347197542058 89.946330762102590
5.90204970261178463 5.91173589919910825 71.410946557094633
0.50000000000091482 17.35758382202785199 89.999999999987182
1.50000000000289813 17.48955295243153785 89.999999999943000
0.50000000000070521 16.05915204637814853 0.000000000052063
1.62501605788423031 16.34025174500848721 21.671653021302141
2.61810651215435186 16.80016171956827975 33.627550048818179
0.64351284333609016 14.90578430731891757 20.514278997110519
1.58680106824023959 15.24808005820311507 20.907983621590393
2.52665679080223882 15.59002511383800638 20.907983621870343
4.48955295241658892 16.48955295242600272 0.000000000032193
0.63266379449149568 13.82939030102125777 18.472707776946578
1.57401679022027530 14.16756144664105577 18.472707776949054
2.51408530439747224 14.50957758865151703 18.472707776949893
3.45495990149622934 14.84918078364832539 18.472707776949086
4.36067661169185428 15.29402639966680866 18.472707776945178
0.63503936983094533 11.69207064828406040 18.906996311847141
1.57704611880879231 12.02789598904256962 18.906996311887443
2.51905286777831794 12.36372132982457117 18.906996311895963
3.46381381174511471 13.77715534946130660 20.026142815752458
4.40520113577298922 14.11452623988016697 20.026142815683311
5.48022372936911939 14.48022372937675328 1.079278912067635
0.63503936983070730 10.63503936984977827 18.906996311789680
1.58311103750015203 10.96057438848636245 19.183058903331524
2.52507202595353242 11.29638380892016158 19.183058903480926
3.46703301439938549 11.63219322937208311 19.183058903493706
4.40819610021126795 11.97029609730516597 19.183058903455390
5.36321623357925148 12.30608166234978462 17.752578080168330
1.56939182719987880 9.89181282990408661 19.621168739301449
2.51190057610636153 10.22599869655145177 19.621168741717455
3.45383402728790312 10.56179829994539254 19.621168742052291
4.39576747846476223 10.89759790335161860 19.621168741908626
5.34082638272892840 11.23597227599859849 19.183058903373276
2.55801776919237955 9.18079336523949863 19.621168741839355
3.49995122032928663 9.51659296862737669 19.621168741892635
4.44188467146428678 9.85239257202054475 19.621168741843796
5.38387054033640133 10.18816730937020409 19.616467543329090
1.63886652727054738 8.78108860909422795 19.621168741748239
3.43813665058379758 8.43290992628097591 19.621168742026878
4.38007010171678601 8.76870952967808748 19.621168741938867
5.32203384458156314 9.10449476321292650 19.618452009338274
4.38343833029959029 7.70826417763912630 19.621168742337893
5.32539138285440217 8.04405448247797139 19.619410791907420
5.48955295242448837 15.48955295242969576 0.000000000142360
3.29632943317206628 17.58615044652082560 33.627550048806349
3.43478286293980872 16.03126718294841169 21.707342625677292
2.51898540866183929 8.03320517014030600 19.621168742053271
3.41090359172108215 7.29740534566749854 26.204771245304709
6.48375777917440299 11.48375777920341889 0.667986909362970
6.48375777921025609 10.48368981421618074 0.667986909374469
6.35066429741442739 9.39912073447218077 11.196395557351671
6.32743053049786308 8.35131344359957950 13.939182882508728
4.45981216475964981 6.63885989879464766 19.619915623671307
5.39068403807469299 7.00568988704339191 19.619915622796004
6.37755653258241217 7.32015238260386880 15.433674963838511
4.61858222902260973 5.50000000009344170 0.000000003197890
17.03973957588761579 0.63954049227170273 71.595330118132566
17.34975349236603392 1.59750475378153300 71.555524834291063
15.98021974962687608 0.63278364346446736 71.590746244054145
16.28858984403002097 1.58582285058661387 71.577674470616387
16.58909532220178562 2.54181469442453434 71.506118482377332
14.89070552113077284 0.62164417089737078 73.461490917314435
15.21891105652911946 1.56734209742115205 73.461490917312858
15.52210622696617293 2.52046671985371162 73.461490917311735
15.82831616601708369 3.47269612265372363 73.461490917311522
16.13021488863747521 4.42620571842478316 73.461490917314364
13.76703808265271434 0.62488847618500998 72.904881755845580
14.12803964307468263 1.56008777410364985 72.904881755844229
14.45513463591273506 2.50571493196210060 72.904881755844826
14.75928315654491030 3.45839920634181563 72.904881755845508
15.06544277048299563 4.41046497519843594 72.904881755847001
11.63768762332458806 0.60667358820942674 75.911031306399479
11.96194675258986528 1.58935020138262573 71.770907444153565
12.27325318627469919 2.53966111600817968 71.770907444145067
13.70232614079212574 3.45829509773517874 72.444364519768129
14.00748053844531071 4.41060515476897130 72.444364519770261
14.31361894924087608 5.36260390284068844 72.444364519775618
10.60667358821227779 0.60667358820928108 75.911031306417016
10.87533148388036608 1.60378138643193147 72.052572172312864
11.22063549310037445 2.54308477892739138 72.052572172300145
11.53194326062688546 3.49339974352303173 72.052572172298198
11.89265898887027006 4.42771119435774363 72.052572172298767
12.21391020778428782 5.37480541964739711 72.052572172304409
9.81795030919229283 1.58454155167455291 72.052572172291732
10.12609452457611248 2.53588120843549270 72.052572172286958
10.47139853379651875 3.47518460093072523 72.052572172283902
10.78270630132307950 4.42549956552633805 72.052572172283504
11.14342202956647121 5.35981101636104107 72.052572172285579
9.08603390000449984 2.57011544647602808 72.052572170832406
9.39417811539232872 3.52145510323577149 72.052572170823694
9.73948212461653284 4.46075849572882976 72.052572170815552
10.05078989214313090 5.41107346032442393 72.052572170814017
8.74403368669782743 1.62974193607753115 72.052572170839525
8.32318467163714715 3.47104878459125210 72.437303831564293
8.63133583410884064 4.42240988923112255 72.437303831565515
8.97672761315838486 5.36198425520735622 72.437303831567505
7.57595066548663887 4.42899361801929192 71.837355666924168
7.89200680256873977 5.38896967561639695 71.410946557257802
15.36466447624718334 5.36466447624530218 72.904881755854916
17.64904444063734701 2.55824179573705379 71.506118482357309
16.89972887370636556 3.49236968401089598 71.506118482470015
7.98110387428159562 2.53042648548358429 72.437303831563824
7.23146408778374461 3.44619535044488767 68.477698347357517
11.38745571631764619 6.48955295242406649 0.000000000156905
10.38745571631694986 6.48955295242894348 0.000000000174663
9.21258535459641337 6.48955032677516108 0.000300878021880
8.21258470301145138 6.48954966200460515 0.000375542987898
6.49188647652374051 4.36109094559128696 71.256490980826257
6.81053434484476661 5.31038427108288236 71.410946557064960
7.07928026742912309 6.27504069269865639 71.410946557154247
5.63330378002171805 4.94707947758452526 71.410946556983703
13.48955295242334884 10.48955295243065677 0.000000000019765
13.48811905441510817 7.48955295242875785 89.999999999942119
13.48753936397871911 6.48955295242814056 89.999999999909363
13.48955295242397234 11.48955295243095165 0.000000000017731
13.48955295242468111 13.48955295243152719 0.000000000016952
13.48817453395268373 9.48955295242999242 0.000000000007652
13.48955295242929253 15.48955295243233543 89.999999999993108
13.48955295242866192 14.48955295243194286 0.000000000006729
13.48955295242776664 16.48955295243266761 89.999999999985974
13.48955295242421748 17.48955295243296604 89.999999999985832
13.48310813810715381 18.48955295243332486 89.999999999994003
13.48815202615181086 8.48955295242937424 89.999999999974889
13.37632743111007372 2.51257948630783901 72.444364519766054
13.26484917957956355 5.37415611557641970 72.052572172247807
13.01548617578899147 1.57788689505448865 72.444364519766609
12.95871346618813291 4.42216589382373471 72.052572171633983
12.70416398064235786 0.62752812358126064 72.444364519770673
12.63388771501608865 3.47372601914378709 71.770907444146886
2.52407572428082183 13.43525964370860493 20.026142815795971
5.36090833556032020 13.35534153957079795 17.752578080111540
1.58294990264413826 13.09717130010321284 20.026142815811784
4.40017930489960385 13.04380106724055821 18.906996311804853
0.64099266780587527 12.76136400658241854 20.026142815768651
3.46027276448995025 12.70184396257461046 18.906996311881844
18.48955295243253261 12.48955295242699748 89.999999999915730
17.48955295243106534 12.48955295242876851 89.999999999824226
7.48955295240656405 12.48955295241850116 0.000000001390112
15.48955295242852159 12.48955295243141350 89.999999999941551
14.48955295242656049 12.48955295243154850 0.000000000029145
12.48955295242284791 12.48955295243130870 89.999999999967145
11.48955295241960606 12.48955295243028374 0.000000000173183
10.48955295241888130 12.48955295243064256 0.000000000164326
9.48955295241272800 12.48955295242408603 0.000000000807352
8.48955295240816987 12.48955295242019936 0.000000001268555
16.48955295242988939 12.48955295243061059 89.999999999878113
13.48955295242455144 12.48955295243123764 0.000000000016790
6.48955295240584196 12.48955295241793984 0.000000001409594
