270 16.93672302287967
0.5000000000001057 16.123077872232738 1.71e-13
1.5000000000003162 16.436723022879562 3.27e-13
16.043619787170243 0.500000000000103 89.99999999999996
16.436723022879566 1.5000000000003082 89.99999999999991
0.5000000000001021 11.500000000002371 1.4e-14
0.5000000000001021 10.500000000002165 1.4e-14
0.5000000000001021 9.500000000001958 1.4e-14
1.500000000000309 9.500000000001958 0.0
0.5000000000001021 8.500000000001755 5e-15
1.5000000000003082 8.500000000001751 1.4e-14
2.500000000000515 8.500000000001753 89.99999999999999
0.5000000000001021 7.500000000001547 3.7e-14
1.500000000000309 7.500000000001545 4.3e-14
2.5000000000005143 7.500000000001547 4.4e-14
3.500000000000721 7.5000000000015445 5.7e-14
0.5000000000001021 6.500000000001341 4e-15
1.500000000000309 6.500000000001339 3.4e-14
2.500000000000515 6.500000000001339 8.2e-14
3.5000000000007336 6.5000000000013385 1.4e-14
4.654167247792841 6.9332873177408345 67.31170285602441
0.5000000000001021 5.500000000001135 2e-15
1.5000000000003082 5.500000000001133 2.8e-14
2.5000000000005134 5.500000000001133 2.3e-14
3.5000000000007203 5.500000000001132 2.8e-14
4.64239168859906 5.849657892436311 69.70399510800137
0.5000000000001021 4.500000000000929 3.8e-14
1.50000000000031 4.500000000000927 4.3e-14
2.500000000000517 4.500000000000927 89.99999999999993
3.5000000000007283 4.5000000000009255 89.99999999999999
4.505864499889029 4.506749002145317 89.37321563121574
0.5000000000001021 3.500000000000723 2.4e-14
1.50000000000031 3.500000000000721 3e-14
2.500000000000517 3.500000000000721 89.99999999999999
3.500000000000724 3.500000000000721 89.99999999999997
4.500000000000934 3.500860858235976 89.99999999999982
5.500000000001141 3.5000000000007248 89.99999999999987
0.5000000000001021 2.500000000000515 1.4e-14
1.5000000000003082 2.500000000000515 1.7e-14
2.5000000000005134 2.5000000000005143 7e-15
3.5000000000007203 2.5000000000005134 89.99999999999999
4.500000000000929 2.5005628632241113 89.99999999999984
5.500000000001135 2.500000000000517 89.9999999999999
6.50000000000134 2.500000000000515 89.99999999999994
0.5000000000001021 1.50000000000031 1.4e-14
1.5000000000003082 1.5000000000003082 89.99999999999999
2.5000000000005134 1.5000000000003082 89.99999999999997
3.5000000000007194 1.5000000000003082 89.99999999999997
4.5000000000009255 1.500306978218096 89.99999999999996
5.500000000001131 1.5000000000003109 89.99999999999994
6.500000000001336 1.500000000000309 89.99999999999996
7.500000000001542 1.5000000000003082 89.99999999999994
0.5000000000001021 0.5000000000001021 0.0
1.5000000000003082 0.5000000000001021 0.0
2.5000000000005143 0.5000000000001021 89.99999999999999
3.500000000000721 0.5000000000001021 89.99999999999999
4.5000000000009255 0.500000000000103 89.99999999999999
5.500000000001132 0.5000000000001021 89.99999999999999
6.500000000001338 0.5000000000001021 0.0
7.500000000001544 0.5000000000001021 89.99999999999999
8.50000000000175 0.5000000000001021 0.0
9.500000000001954 0.5000000000001021 89.99999999999999
3.4367230228768877 16.436723022879566 89.99999999999996
4.436723022877094 16.436723022879566 89.99999999999991
5.436723022877299 16.436723022879566 89.9999999999999
6.436723022877505 16.436723022879566 89.99999999999987
7.436723022877711 16.436723022879566 89.99999999999983
8.436723022877917 16.436723022879566 89.99999999999982
9.436723022878125 16.436723022879566 89.99999999999982
10.436723022878331 16.436723022879566 89.99999999999984
11.436723022878535 16.436723022879566 89.99999999999987
12.436723022878743 16.436723022879566 89.99999999999986
13.43672302287895 16.436723022879566 89.99999999999993
14.436723022879155 16.43646068368175 89.99999999999997
15.43672302287936 16.436723022879566 89.99999999999996
16.436723022879566 16.436723022879566 89.99999999999996
4.436723022877095 15.43672302287936 89.99999999999991
5.436723022877301 15.43672302287936 89.99999999999991
6.436723022877507 15.43672302287936 89.99999999999986
7.436723022877713 15.43672302287936 89.99999999999982
8.436723022877917 15.43672302287936 89.99999999999983
9.436723022878125 15.43672302287936 89.99999999999982
10.436723022878331 15.43672302287936 89.99999999999983
11.436723022878535 15.43672302287936 89.99999999999983
12.436723022878741 15.43672302287936 89.99999999999986
13.43672302287895 15.43672302287936 89.99999999999993
14.436723022879155 15.436007818271534 89.99999999999993
15.43672302287936 15.43672302287936 89.99999999999993
16.436723022879566 15.43672302287936 89.99999999999993
5.4367230228773 14.436723022879155 89.99999999999994
6.436723022877507 14.436723022879155 89.99999999999991
7.436723022877713 14.436723022879155 89.99999999999984
8.436723022877919 14.436723022879153 89.99999999999983
9.436723022878123 14.436723022879155 89.99999999999987
10.436723022878331 14.436723022879155 89.99999999999986
11.436723022878535 14.436723022879155 89.99999999999984
12.436723022878741 14.436723022879155 89.99999999999986
13.43672302287895 14.436723022879155 89.99999999999993
14.436723022879155 14.434283938869065 89.99999999999994
15.43672302287936 14.436723022879155 89.99999999999994
16.436723022879566 14.436723022879153 89.99999999999994
6.436723022877505 13.436723022878947 5.7e-14
7.436723022877711 13.436723022878947 5.7e-14
8.436723022877917 13.436723022878947 89.99999999999993
9.436723022878125 13.43672302287895 89.99999999999989
10.436723022878331 13.43672302287895 89.99999999999987
11.436723022878535 13.43672302287895 89.99999999999986
12.436723022878741 13.43672302287895 89.99999999999986
13.43672302287895 13.43672302287895 89.99999999999994
14.436723022879155 13.43411338051214 89.99999999999993
15.43672302287936 13.436723022878947 89.99999999999994
16.436723022879566 13.43672302287895 89.99999999999993
6.436723022877505 12.436723022878741 5.7e-14
7.436723022877711 12.43672302287874 5e-14
8.436723022877919 12.43672302287874 89.99999999999997
9.436723022878125 12.436723022878743 89.99999999999989
10.436723022878331 12.436723022878743 89.99999999999986
11.436723022878535 12.436723022878743 89.99999999999989
12.436723022878741 12.436723022878743 89.9999999999999
13.43672302287895 12.436723022878743 89.99999999999997
14.436723022879155 12.433940390652154 89.99999999999994
15.43672302287936 12.436723022878741 89.99999999999993
16.436723022879566 12.436723022878743 89.99999999999993
6.436723022877505 11.434794159105866 89.99999999999999
7.436723022877711 11.436723022878535 1.4e-14
8.436723022877919 11.436723022878532 89.99999999999991
9.436723022878123 11.436723022878539 89.99999999999986
10.436723022878331 11.436723022878535 89.99999999999983
11.436723022878535 11.436723022878539 89.99999999999989
12.436723022878741 11.436723022878539 89.99999999999993
13.43672302287895 11.436723022878539 5e-15
14.436723022879155 11.433798671933241 89.99999999999996
15.43672302287936 11.436723022878535 89.99999999999993
16.436723022879566 11.436723022878539 89.99999999999993
6.436723022877494 10.389981922591668 7.1e-14
7.436723022877712 10.43672302287833 1.6e-14
8.436723022877919 10.436723022878327 89.9999999999999
9.436723022878123 10.436723022878331 89.99999999999987
10.43672302287833 10.436723022878331 89.99999999999986
11.436723022878535 10.436723022878333 89.99999999999987
12.436723022878741 10.436723022878331 89.99999999999993
13.43672302287895 10.436723022878331 0.0
14.436723022879155 10.433650044793392 89.99999999999996
15.43672302287936 10.43672302287833 89.99999999999993
16.436723022879566 10.436723022878333 89.99999999999993
6.436723022877505 9.389981922591462 89.99999999999996
7.436723022877712 9.436723022878123 89.99999999999997
8.436723022877917 9.436723022878121 89.9999999999999
9.436723022878125 9.436723022878125 89.99999999999987
10.436723022878331 9.436723022878127 89.99999999999986
11.436723022878535 9.436723022878127 89.99999999999987
12.436723022878741 9.436723022878125 89.99999999999991
13.436723022878947 9.436723022878127 0.0
14.436723022879153 9.43351006898381 89.99999999999993
15.43672302287936 9.436723022878123 89.99999999999993
16.436723022879566 9.436723022878127 89.99999999999994
7.436723022877711 8.436723022877915 89.99999999999999
8.436723022877917 8.436723022877914 89.99999999999987
9.436723022878125 8.436723022877919 89.99999999999986
10.43672302287833 8.43672302287792 89.99999999999986
11.436723022878535 8.436723022877919 89.99999999999986
12.43672302287874 8.43672302287792 89.99999999999987
13.436723022878947 8.43672302287792 0.0
14.436723022879155 8.433340180086365 89.99999999999994
15.43672302287936 8.436723022877917 89.99999999999996
16.436723022879566 8.436723022877919 89.99999999999999
10.436723022878327 7.436723022877714 89.9999999999998
11.436723022878535 7.436723022877714 89.99999999999986
12.43672302287874 7.436723022877714 89.99999999999986
13.436723022878947 7.4367230228777155 5e-15
14.436723022879155 7.43316631215383 89.99999999999997
15.43672302287936 7.436723022877712 89.99999999999999
16.436723022879566 7.436723022877714 89.99999999999994
12.436723022878741 6.4367230228775085 89.99999999999986
13.436723022878947 6.43672302287751 1.5e-14
14.436723022879155 6.432965303208406 0.0
15.43672302287936 6.436723022877505 89.99999999999999
16.436723022879566 6.4367230228775085 89.99999999999997
14.436723022879155 5.432719274147576 0.0
15.43672302287936 5.436723022877299 89.99999999999997
16.436723022879566 5.436723022877302 89.99999999999997
15.43672302287936 4.436723022877094 89.99999999999994
16.436723022879566 4.4367230228770955 89.99999999999997
16.436723022879566 3.4367230228768895 89.99999999999997
9.436723022878121 7.436723022877714 89.99999999999982
8.436723022877917 7.436723022877709 89.99999999999982
7.275152241232653 7.300500202142825 70.87412589984002
10.394820793210577 6.394820793209758 84.97137516382631
11.436723022878535 6.4367230228775085 89.99999999999986
6.198409790217767 7.271287666965741 71.02680884560041
0.629834277436017 14.945957034173693 17.963883973225343
1.5748094439190972 15.273731364188045 17.96388397322535
0.629834277436017 13.787895655806096 17.963883973225307
1.549747966324306 14.19296703632261 17.963883973225307
2.4948664325097676 14.520299387435678 17.963883973225307
0.629834277436017 12.629834277438494 17.963883973225368
1.5497479663243041 13.034905657955012 17.963883973225382
2.469661655212594 13.439977038471525 17.963883973225382
3.4147801213980564 13.767309389584593 17.963883973225375
4.366165681213314 14.075312160030608 17.963883973225364
1.5637309278472733 11.87997451515414 17.810705128346026
2.483906418790527 12.285130777904746 17.810705128346026
3.404081909733782 12.690287040655345 17.810705128346026
4.349254344112835 13.01763688949524 17.810705128345997
1.6289727276625365 10.633560593109124 17.810705128346022
2.517841847369616 11.13616222891904 17.810705128346026
3.4380173383128687 11.54131849166965 17.81070512834603
4.358192829256124 11.946474754420247 17.81070512834603
5.31375460944118 12.268487658390272 16.856302872719414
2.5790423166114307 9.90077870908163 21.946121785112553
3.456505119231722 10.39878436574427 21.946121785112545
4.372120364884244 10.80210315614485 21.946121785112542
5.3160518130969585 11.207080514229906 18.776137846595994
3.467490056238433 9.183892787539806 27.02630653858264
4.35082702607496 9.684077888835905 25.37996366770277
5.270670799333647 10.078214985224616 25.37996366770264
4.288144056593328 8.45725214922119 35.469203390762814
5.436723022877299 8.908618246302714 0.0
5.282555775085399 7.754450998510607 67.31170285602424
2.526203857839352 15.581706825940927 17.96388397322536
3.446117546727643 14.82871682808984 17.963883973225307
6.436723022877505 8.389981922591254 89.99999999999997
6.245108867338926 4.438065632026926 65.85729596589
6.617723870958352 5.406239291715683 70.28639263652134
6.94145578722377 6.3577978598497555 70.87412589983998
5.527887320511491 5.354265648672424 69.3120495228088
14.852265301999179 0.6718827054675609 63.1607787987549
15.264840317411895 1.583849705467503 63.16077879875487
13.720994820432582 0.649382601928723 68.31168662094886
14.133615259617947 1.5614638146340933 68.31168662094885
14.50317249401812 2.490671784091365 68.31168662094885
12.500000000002572 0.5000000000001021 1e-15
12.998497813692467 1.5386901105799957 68.31168662094902
13.41111825287783 2.450771323285365 68.31168662094902
13.770311914770328 3.3841010107221754 68.31168662094902
14.205164020834713 4.287340420948479 68.31168662094902
11.500000000002366 0.5000000000001021 1.8e-14
11.763037186149527 1.6393727408707885 70.2829608194464
12.291343958231174 2.512315537599057 70.2829608194464
12.704772713940088 3.426429166627556 70.2829608194464
13.055978107814708 4.362842863816393 70.2829608194464
10.50000000000216 0.500272893874488 89.99999999999999
10.689798562631 1.6259493412547084 72.72064834250317
11.013116844278088 2.572639992507498 72.72064834250313
11.544642244222151 3.4545636517449454 72.72064834250313
11.959536929340816 4.372767629530704 72.72064834250313
12.310773681624342 5.310773681622902 72.72064834250313
9.640494681469328 1.6236977935755492 73.11033647776767
9.939752269053177 2.5814222709232277 72.7206483425031
10.263070550700267 3.5281129221760175 72.72064834250308
10.79459595064433 4.410036581413464 72.72064834250308
11.209490635762995 5.328240559199223 72.72064834250308
8.864192383664337 2.582781004354625 72.80075106689762
9.186751159688182 3.5297480641393983 72.80075106689759
9.510081163887646 4.476476400002397 72.80075106689762
10.041708834343032 5.358728829309084 72.80075106689759
8.531416266859075 1.5314162668576357 86.27638532910004
8.11147027039931 3.5354212140284265 72.84668365496563
8.434372950991413 4.48230605398688 72.84668365496563
8.757709907660452 5.429056850692456 72.84668365496563
7.365980662732045 4.4855851102395095 70.28639263652128
7.68922024965734 5.432020446454403 70.28639263652136
15.650086613722891 2.523112264329254 61.766681124240385
14.928352737586039 3.4006891264054895 67.95921536235926
7.711293000742269 2.6123878773722486 72.84668365496566
6.967150612519937 3.5506971492665222 68.41656151412903
9.289396219312152 6.311498727887374 72.84668365496563
8.012445953126067 6.378460757386683 70.28639263652136
5.867294021587396 6.319139299381092 71.95955861633426
5.313219323267031 13.31321932326868 16.8563028727194
13.43672302287895 5.436723022877303 4.4e-14
