308 17.99846539275931059669502514216005963898999941047224894778967826287890
0.5 17.49611867302154999999999992608688862429455140393468405364066942358728 1.545460217583841892180092624250235760087830696876683553663460460407055e-80
1.5 17.4984653927593105966950251421600596389899994104722489477896782628789 -7.746664025033865217836615889174589027094019836584466592611554392078824e-81
17.49611865628862999999999988913033293813156579689698981188428982621994 0.5 7.355454383350008996482435845816900053536131303606077588180791894582038e-79
17.4984653927593105966950251421600596389899994104722489477896782628789 1.5 7.655371381794947907840212709273093715734096587902330032188772127571153e-79
0.5004002183420120000000041312582497555666028833187779837367568659936483 8.5 -3.799802421592460254576819537394829191166873242794137692412146361029716e-73
0.5 7.5 -3.800568364593144926793641233223036381026736003626867354509699444516519e-73
0.5 6.5 4.321602266882894523945650762020849106389965227708316735993275845408656e-81
1.5 6.5 -3.009865779805162233654180628599962449957793191047462529027968947720109e-73
0.5 5.5 -3.088222518853091710402074780492077739313579442017561584148351652747078e-73
1.5 5.5 -3.007396603416761991641892370267749582062193137608406527768630082475927e-73
2.5 5.522316381329708999999984998768590828319264187440994893761054368202517 -1.401813962320433398708624259913922096377468603100328869006748347041486e-73
0.5 4.5 -3.00859799989203862528440858500143905846779063422292225079833492253976e-73
1.5 4.5 -3.008191995453985706898800251601262510971025613216545936971801193193935e-73
2.5 4.511531962573513999999980251463727093546042938906330163470637863912565 1.840935290644049430741419432079807769837737302673467050686047750715965e-73
0.5 3.5 -2.038447306042127998836739466615011145923972760988979699658477796542987e-73
1.503289475337969500000006820957843290219348162907460111160294073379808 3.5 9.11614499163734270068201078986540730604258004888713504024082840596147e-77
2.5053680449223528 3.5065438703970955 0.023751178373601
3.507508727531082 3.507264526517093 0.022451467610949
4.510629107216920000000022174980631338255741542757748423756015132323682 3.5 -3.165967229303171182418605044833365224035794343249246196154412489932967e-73
0.5 2.5 -7.49138472513617955549012627925241336940611408519855268563702482848018e-77
1.5 2.5 3.067769866881799398377536340332629126121389227711334976638100856260919e-77
2.5 2.5 -1.046848358191010438918339020144831975636952051783384287551507075462355e-76
3.5 2.503719734318414999999999722250587310372920118463290533668255868575003 -3.800989300949214224688880206739809174894961157446477324936645868342312e-73
4.5 2.5 -3.167052972599818922231534161332713792734802475043952078744653858226067e-73
5.5 2.5 -3.167222058182302294877250703925226402577387517428277195070020432586229e-73
0.5 1.5 -6.234495724003240733469008937807942908775403228472114262333939781419038e-77
1.5 1.5 -3.33394921064701621979512560643526604602920533820875251013580902945807e-77
2.5 1.5 -2.22641050271433429900349551903787870811658550530365026619818657041657e-77
3.5 1.5 -4.342269173816518918184366931349221389179401286675583000694523677330862e-77
4.5 1.5 -4.433539718924993932470808238908561790786963687735229496373444038277743e-73
5.5 1.5 -1.901836595017404683765312340737700791053982978910935431693850216756687e-73
6.5 1.5 -3.126422324556051411382223799394484595200685285510264094556451667047938e-81
0.5 0.5 1.488069102910426883413037497000317520801248271682522862693274872211096e-80
1.5 0.5 -2.525124699575631487334982170720743879027084757205415564140961069443215e-80
2.5 0.5 9.118057876909780757985602470515529223842635426580050912979606027172755e-80
3.5 0.5 1.267201824872840413439070638335654855683910920641627330449498909505385e-73
4.5 0.5 -3.801133840408363742768655436326919213051578077381217646016692472813511e-73
5.5 0.5 1.050782700623730006906105482865193016897607132607284657668646588316693e-80
6.5 0.5 -3.836983906435754305691318619747481757830736404128703651604415629544829e-80
7.5 0.5 1.210174025157277212140184305715346139194133616553279801267637391288242e-80
8.51432220848758453851282806211782144734050269542018260534650214128534 0.5143222084875845385128280621178214473405026954201826053465021412853395 -1.665648164036674808135188133333018817748339081953715200527494901238274
3.498465392759310596695025142160059638989999410472248947789678262878904 17.4984653927593105966950251421600596389899994104722489477896782628789 -2.026792631513285043897428225880468282147174796278001090832623691433461e-72
4.498465392759310596695025142160059638989999410472248947789678262878904 17.4984653927593105966950251421600596389899994104722489477896782628789 -2.026815239791862988028723901492306046356430250464859566422568001217351e-72
5.498465392759310596695025142160059638989999410472248947789678262878904 17.4984653927593105966950251421600596389899994104722489477896782628789 -1.266730510008223645579907046822211520550327939865475678659623310494478e-72
6.498465392759310596695025142160059638989999410472248947789678262878904 17.4984653927593105966950251421600596389899994104722489477896782628789 -1.266709404883021777966084039663475738470366727486940102463384379975265e-72
7.498465392759310596695025142160059638989999410472248947789678262878904 17.4984653927593105966950251421600596389899994104722489477896782628789 -1.266717630412273698381069129632328266793896359207832335695029949413889e-72
8.498465392759310596695025142160059638989999410472248947789678262878904 17.4984653927593105966950251421600596389899994104722489477896782628789 -1.266614694006228204546448755053968322880916955337728598213335183567977e-72
9.498465392759310596695025142160059638989999410472248947789678262878904 17.4984653927593105966950251421600596389899994104722489477896782628789 -1.266713010983175159792182626762587882189507952969841593119725640980212e-72
10.4984653927593105966950251421600596389899994104722489477896782628789 17.4984653927593105966950251421600596389899994104722489477896782628789 -1.266687978387917692307727295304425621584856128857336440097618001172541e-72
11.4984653927593105966950251421600596389899994104722489477896782628789 17.4984653927593105966950251421600596389899994104722489477896782628789 -1.26672424967401995796751253860091646063961651739401211248632913904389e-72
13.4984653927593105966950251421600596389899994104722489477896782628789 17.4984653927593105966950251421600596389899994104722489477896782628789 4.306883583814431693334852378040645197715975742379360069330108431753434e-72
14.4984653927593105966950251421600596389899994104722489477896782628789 17.4984653927593105966950251421600596389899994104722489477896782628789 4.306904587355850482386120806786662693472372821275185125410988837288181e-72
15.4984653927593105966950251421600596389899994104722489477896782628789 17.4984653927593105966950251421600596389899994104722489477896782628789 3.293582892970897251096413349901006980864942839467224432050067345975253e-72
16.4984653927593105966950251421600596389899994104722489477896782628789 17.4984653927593105966950251421600596389899994104722489477896782628789 3.5468787148595922462042033828768087691168207783761049752920265570003e-72
17.4984653927593105966950251421600596389899994104722489477896782628789 17.4984653927593105966950251421600596389899994104722489477896782628789 3.546942239069028520715772566464808958820521678734523489705424873811918e-72
4.498465392759310596695025142160059638989999410472248947789678262878904 16.4984653927593105966950251421600596389899994104722489477896782628789 -2.026786358446104290891769395818536637534530976303085099942107037565854e-72
5.498465392759310596695025142160059638989999410472248947789678262878904 16.4984653927593105966950251421600596389899994104722489477896782628789 -2.026808970819382985697937804425677162517435309980973068268177748563475e-72
6.498465392759310596695025142160059638989999410472248947789678262878904 16.4984653927593105966950251421600596389899994104722489477896782628789 -2.026735715241633609826753333669655970480944218816430181638168722538547e-72
7.498465392759310596695025142160059638989999410472248947789678262878904 16.4984653927593105966950251421600596389899994104722489477896782628789 -2.026676678826772582318614953539988860561008402854753187695158119409894e-72
8.498465392759310596695025142160059638989999410472248947789678262878904 16.4984653927593105966950251421600596389899994104722489477896782628789 -2.026841300948588849867942546769350364157537869485286850419509521438627e-72
9.498465392759310596695025142160059638989999410472248947789678262878904 16.4984653927593105966950251421600596389899994104722489477896782628789 -2.026776734215858351335674255025209275324676311921609222010624515054775e-72
10.4984653927593105966950251421600596389899994104722489477896782628789 16.4984653927593105966950251421600596389899994104722489477896782628789 -2.026762602893568383942857359379657428439183606837585576010637411902057e-72
11.4984653927593105966950251421600596389899994104722489477896782628789 16.4984653927593105966950251421600596389899994104722489477896782628789 -2.026677367310716256952170702935269715732481188584283855547751994006912e-72
13.4984653927593105966950251421600596389899994104722489477896782628789 16.4984653927593105966950251421600596389899994104722489477896782628789 -2.531324242623724252034964567669762180413492161572457323805242574168048e-73
14.4984653927593105966950251421600596389899994104722489477896782628789 16.4984653927593105966950251421600596389899994104722489477896782628789 4.053658768422907095237949604800093071890541566632746375633865988288656e-72
15.4984653927593105966950251421600596389899994104722489477896782628789 16.4984653927593105966950251421600596389899994104722489477896782628789 3.546839377357529994438555220632985839823157674728781048141582139959529e-72
16.4984653927593105966950251421600596389899994104722489477896782628789 16.4984653927593105966950251421600596389899994104722489477896782628789 3.546906937850998841829124098866540491548004698485684751594362244425193e-72
17.4984653927593105966950251421600596389899994104722489477896782628789 16.4984653927593105966950251421600596389899994104722489477896782628789 3.546958009608032697812428367432698676415868997254084844031567071974508e-72
5.498465392759310596695025142160059638989999410472248947789678262878904 15.4984653927593105966950251421600596389899994104722489477896782628789 -2.026807105573832000295506924999731786050709571831410235707596854307918e-72
6.498465392759310596695025142160059638989999410472248947789678262878904 15.4984653927593105966950251421600596389899994104722489477896782628789 -2.026830815447458108901751874791472303247684841388163625234211566461912e-72
7.498465392759310596695025142160059638989999410472248947789678262878904 15.4984653927593105966950251421600596389899994104722489477896782628789 -2.026673667455255935022804216074700792776161977144747643876452133736604e-72
8.498465392759310596695025142160059638989999410472248947789678262878904 15.4984653927593105966950251421600596389899994104722489477896782628789 -1.646572032673558588846996944424139955721023096360410340667729472140014e-72
9.498465392759310596695025142160059638989999410472248947789678262878904 15.4984653927593105966950251421600596389899994104722489477896782628789 -1.773207146338001540642290132148911384077344626501628705044051039632584e-72
10.4984653927593105966950251421600596389899994104722489477896782628789 15.4984653927593105966950251421600596389899994104722489477896782628789 -1.013425071129783749193454750698698315470642046787236393799975108239761e-72
11.4984653927593105966950251421600596389899994104722489477896782628789 15.4984653927593105966950251421600596389899994104722489477896782628789 -1.646753654487566346153375061478877338679531897244321796884671267520668e-72
13.4984653927593105966950251421600596389899994104722489477896782628789 15.4984653927593105966950251421600596389899994104722489477896782628789 4.560322937563647225883759017712520302256897391829843241628757101093009e-72
14.4984653927593105966950251421600596389899994104722489477896782628789 15.4984653927593105966950251421600596389899994104722489477896782628789 4.56028637984135683941118733158925832614663975598628068184100485163053e-72
15.4984653927593105966950251421600596389899994104722489477896782628789 15.4984653927593105966950251421600596389899994104722489477896782628789 4.560469462567471297148949073212218222804998889423911797656113414812332e-72
16.4984653927593105966950251421600596389899994104722489477896782628789 15.4984653927593105966950251421600596389899994104722489477896782628789 4.053634357129841929819980837014844083297683271702682970618430868816969e-72
17.4984653927593105966950251421600596389899994104722489477896782628789 15.4984653927593105966950251421600596389899994104722489477896782628789 3.040239695264104830668334247589435022125233265706316393973341823179765e-72
6.498465392759310596695025142160059638989999410472248947789678262878904 14.4984653927593105966950251421600596389899994104722489477896782628789 -1.266722242148813447129179205661527116636240976963973705239378068581704e-72
7.498465392759310596695025142160059638989999410472248947789678262878904 14.4984653927593105966950251421600596389899994104722489477896782628789 -1.266653388585405443488444999967013133536269314138416793453891552102429e-72
8.498465392759310596695025142160059638989999410472248947789678262878904 14.4984653927593105966950251421600596389899994104722489477896782628789 -1.140035210105756545965426228152931492193729841505830249619164324974736e-72
9.498465392759310596695025142160059638989999410472248947789678262878904 14.4984653927593105966950251421600596389899994104722489477896782628789 -7.597863786625556511780210087100306356201128624841364954765156265258578e-73
10.4984653927593105966950251421600596389899994104722489477896782628789 14.4984653927593105966950251421600596389899994104722489477896782628789 -1.203365885115961179124738732172700834830971425226592984385152425114672e-72
11.4984653927593105966950251421600596389899994104722489477896782628789 14.4984653927593105966950251421600596389899994104722489477896782628789 -1.3931081136950112139636887558171998474988377615604389443490641687411e-72
13.4984653927593105966950251421600596389899994104722489477896782628789 14.4984653927593105966950251421600596389899994104722489477896782628789 4.560526360803136900388036568064718948206301559749784045853041896338208e-72
14.4984653927593105966950251421600596389899994104722489477896782628789 14.4984653927593105966950251421600596389899994104722489477896782628789 4.560491294462975236786825557587321091117315251940653849014883157434541e-72
15.4984653927593105966950251421600596389899994104722489477896782628789 14.4984653927593105966950251421600596389899994104722489477896782628789 2.027013898826163334524056180341618946422761702934682706862334904708381e-72
16.4984653927593105966950251421600596389899994104722489477896782628789 14.4984653927593105966950251421600596389899994104722489477896782628789 2.533440993528385055428818133422999956055057179253082721759273823676105e-72
17.4984653927593105966950251421600596389899994104722489477896782628789 14.4984653927593105966950251421600596389899994104722489477896782628789 3.040254249010483084819925743430082875735900714865401149407095223733121e-72
6.498465392759310596695025142160059638989999410472248947789678262878904 13.4984653927593105966950251421600596389899994104722489477896782628789 -1.266693606256214790767907401059231955617293953287782613875186612391171e-72
7.498465392759310596695025142160059638989999410472248947789678262878904 13.4984653927593105966950251421600596389899994104722489477896782628789 -1.266710799389399137069501271987166732661481975179822431833726745108262e-72
8.498465392759310596695025142160059638989999410472248947789678262878904 13.4984653927593105966950251421600596389899994104722489477896782628789 -1.520032695568172041184871789344324850722197015029758031712318351805045e-72
9.498465392759310596695025142160059638989999410472248947789678262878904 13.4984653927593105966950251421600596389899994104722489477896782628789 -1.58337579607516641490886180618602297170519225520522681651581715397043e-72
10.4984653927593105966950251421600596389899994104722489477896782628789 13.4984653927593105966950251421600596389899994104722489477896782628789 -8.866726822282020681638057667044316602265147911846429165214281980932284e-73
11.4984653927593105966950251421600596389899994104722489477896782628789 13.4984653927593105966950251421600596389899994104722489477896782628789 -1.013078879914106525845652871324957703754668806507737614297105395954614e-72
13.4984653927593105966950251421600596389899994104722489477896782628789 13.4984653927593105966950251421600596389899994104722489477896782628789 4.560339085201248810102478969447277520261319620243321949982496964901801e-72
14.4984653927593105966950251421600596389899994104722489477896782628789 13.4984653927593105966950251421600596389899994104722489477896782628789 4.560396021563126074129156370053926172135179991613470397025400612907485e-72
15.4984653927593105966950251421600596389899994104722489477896782628789 13.4984653927593105966950251421600596389899994104722489477896782628789 2.533676621392096139160204806047453003255265637385023639122706966586647e-72
16.4984653927593105966950251421600596389899994104722489477896782628789 13.4984653927593105966950251421600596389899994104722489477896782628789 -2.531483823395372523819871420912603728826562275631005102333385308986083e-73
17.4984653927593105966950251421600596389899994104722489477896782628789 13.4984653927593105966950251421600596389899994104722489477896782628789 1.735574296090689797539955132000082384093459170647906726383907208211001e-78
6.498465392759310596695025142160059638989999410472248947789678262878904 11.4984653927593105966950251421600596389899994104722489477896782628789 6.864573212280445056273462851245955427570403931188660166181252846067824e-77
7.498465392759310596695025142160059638989999410472248947789678262878904 11.4984653927593105966950251421600596389899994104722489477896782628789 -1.21897876556400199812081570577899240938814353810169068615694107264853e-77
8.498465392759310596695025142160059638989999410472248947789678262878904 11.4984653927593105966950251421600596389899994104722489477896782628789 -2.026805193401909728368689330450754774132586720083055994367899916188556e-72
9.498465392759310596695025142160059638989999410472248947789678262878904 11.4984653927593105966950251421600596389899994104722489477896782628789 -1.013373708876778619220307609928104784688146725269983294345787370870264e-72
10.4984653927593105966950251421600596389899994104722489477896782628789 11.4984653927593105966950251421600596389899994104722489477896782628789 -5.98406773747548104119771262355127051437543271763605690309418739416977e-78
11.4984653927593105966950251421600596389899994104722489477896782628789 11.4984653927593105966950251421600596389899994104722489477896782628789 5.067444988583055982343939391864313331283143620024778938491181454804292e-73
13.4984653927593105966950251421600596389899994104722489477896782628789 11.4984653927593105966950251421600596389899994104722489477896782628789 5.066900811965048953171948176557584484786025691891271678727334865265618e-72
14.4984653927593105966950251421600596389899994104722489477896782628789 11.4984653927593105966950251421600596389899994104722489477896782628789 5.067002287904470638978700267210628144346150447765426861852387575701998e-72
15.4984653927593105966950251421600596389899994104722489477896782628789 11.4984653927593105966950251421600596389899994104722489477896782628789 5.066877520619773022519959902188567741478377771794536481486786871288549e-72
16.4984653927593105966950251421600596389899994104722489477896782628789 11.4984653927593105966950251421600596389899994104722489477896782628789 -2.280147050746457587726207126079072696932144749768073192770733016703509e-72
17.4984653927593105966950251421600596389899994104722489477896782628789 11.4984653927593105966950251421600596389899994104722489477896782628789 5.066897283095196412931999115809359525059309586415417184499015504965162e-72
7.498465392759310596695025142160059638989999410472248947789678262878904 10.4984653927593105966950251421600596389899994104722489477896782628789 9.351365125113150249860110123530737353723345282590847382239794544089147e-77
8.498465392759310596695025142160059638989999410472248947789678262878904 10.4984653927593105966950251421600596389899994104722489477896782628789 4.943281753657346450487012115941351583789610988766810732766163402669652e-77
9.498465392759310596695025142160059638989999410472248947789678262878904 10.4984653927593105966950251421600596389899994104722489477896782628789 2.533260584706646495975690595325400057134971061057997367843549216975557e-73
10.4984653927593105966950251421600596389899994104722489477896782628789 10.4984653927593105966950251421600596389899994104722489477896782628789 3.800777841476072834377521182222329425537048443784444303317271934722529e-73
11.4984653927593105966950251421600596389899994104722489477896782628789 10.4984653927593105966950251421600596389899994104722489477896782628789 3.167567204241452707763751141620065236159459979601710235613551786592337e-73
13.4984653927593105966950251421600596389899994104722489477896782628789 10.4984653927593105966950251421600596389899994104722489477896782628789 5.066904149689041612503806691140081661283943746466067088949762162647438e-72
14.4984653927593105966950251421600596389899994104722489477896782628789 10.4984653927593105966950251421600596389899994104722489477896782628789 5.06708245741116828899281393614471552022530581750208262501235478241422e-72
15.4984653927593105966950251421600596389899994104722489477896782628789 10.4984653927593105966950251421600596389899994104722489477896782628789 -1.773570383618729324218324229784876627946904421908483651713944692283695e-72
16.4984653927593105966950251421600596389899994104722489477896782628789 10.4984653927593105966950251421600596389899994104722489477896782628789 -1.836925464543501517570808793096951137206393876887746864336802430440335e-72
17.4984653927593105966950251421600596389899994104722489477896782628789 10.4984653927593105966950251421600596389899994104722489477896782628789 5.320028947005493391919607029220389044805706950679016585450741345114437e-72
7.495309164174324000000002418479468803790758531749773661391596971318469 9.498465392759310596695025142160059638989999410472248947789678262878904 1.901402995616848472569967420134731875002209519925336722247199145089751e-73
8.496329640650531000000004073673097565642387345523644949825769292576792 9.498465392759310596695025142160059638989999410472248947789678262878904 2.53382881453773033683356010272207945861372893949766382306279727437033e-73
9.498465392759310596695025142160059638989999410472248947789678262878904 9.498465392759310596695025142160059638989999410472248947789678262878904 3.166892392585452454412726917208358456060489983382338915587005036042935e-73
10.4984653927593105966950251421600596389899994104722489477896782628789 9.498465392759310596695025142160059638989999410472248947789678262878904 2.533258761256243644818748859900151166859988279854492558362600363107676e-73
11.4984653927593105966950251421600596389899994104722489477896782628789 9.498465392759310596695025142160059638989999410472248947789678262878904 -5.066456213462904351757908715494965153747069073228747098496467596064341e-73
13.4984653927593105966950251421600596389899994104722489477896782628789 9.498465392759310596695025142160059638989999410472248947789678262878904 5.066927724369548388760234884562989465299103575913982689291593494812489e-72
14.4984653927593105966950251421600596389899994104722489477896782628789 9.498465392759310596695025142160059638989999410472248947789678262878904 5.06686716488382931016296797906182456548124945901949810453093583295599e-72
15.4984653927593105966950251421600596389899994104722489477896782628789 9.498465392759310596695025142160059638989999410472248947789678262878904 5.32019976179435740000945332800425971900120526616126702589909408915238e-72
16.4984653927593105966950251421600596389899994104722489477896782628789 9.498465392759310596695025142160059638989999410472248947789678262878904 -1.837135357165020803678771869835722178192719592169888143761502480370718e-72
17.4984653927593105966950251421600596389899994104722489477896782628789 9.498465392759310596695025142160059638989999410472248947789678262878904 5.320034270140720280357179353806621096515379778014550216991455896880294e-72
7.498465392759310596695025142160059638989999410472248947789678262878904 8.498465392759310596695025142160059638989999410472248947789678262878904 -1.01332326612675025465980170517910343602226958343052194390300170329501e-72
8.498465392759310596695025142160059638989999410472248947789678262878904 8.498465392759310596695025142160059638989999410472248947789678262878904 -1.013220013295739067322525756052018210691355923928064801252979659409067e-72
9.498465392759310596695025142160059638989999410472248947789678262878904 8.498465392759310596695025142160059638989999410472248947789678262878904 -5.064805165314467782924348133459492254000835825052618791122331986501651e-73
10.4984653927593105966950251421600596389899994104722489477896782628789 8.498465392759310596695025142160059638989999410472248947789678262878904 -5.067522771301110304538770154846252255090333505546691475334639257072789e-73
11.4984653927593105966950251421600596389899994104722489477896782628789 8.498465392759310596695025142160059638989999410472248947789678262878904 -5.06689112051465831831420270680744348308666919762262322831622559808998e-73
13.4984653927593105966950251421600596389899994104722489477896782628789 8.498465392759310596695025142160059638989999410472248947789678262878904 1.621413532242842797913272282563135144443944499882292059763192799765616e-71
14.4984653927593105966950251421600596389899994104722489477896782628789 8.498465392759310596695025142160059638989999410472248947789678262878904 1.621411646916794486591404993737609349223069055758881060619219897472391e-71
15.4984653927593105966950251421600596389899994104722489477896782628789 8.498465392759310596695025142160059638989999410472248947789678262878904 5.573575816948107144815125645077837723078479882568931927309443720858125e-72
16.4984653927593105966950251421600596389899994104722489477896782628789 8.498465392759310596695025142160059638989999410472248947789678262878904 5.573330332523646291274447398369429065487284175995795823950915579342433e-72
17.4984653927593105966950251421600596389899994104722489477896782628789 8.498465392759310596695025142160059638989999410472248947789678262878904 5.319964694368278781655106230130392867685731108762551904919135264878165e-72
7.498465392759310596695025142160059638989999410472248947789678262878904 7.498465392759310596695025142160059638989999410472248947789678262878904 -4.433221586963872223413566387563449277532869269229382782602653968659179e-73
8.498465392759310596695025142160059638989999410472248947789678262878904 7.498465392759310596695025142160059638989999410472248947789678262878904 -4.43305208247809992237597929620453825091430062586587400063170316229928e-73
9.498465392759310596695025142160059638989999410472248947789678262878904 7.498465392759310596695025142160059638989999410472248947789678262878904 -4.433633957697729272585573646279264159904559064937171132716353373501277e-73
10.4984653927593105966950251421600596389899994104722489477896782628789 7.498465392759310596695025142160059638989999410472248947789678262878904 -5.066655205869597312075990279837538955807388270096552579480222123597928e-73
11.4984653927593105966950251421600596389899994104722489477896782628789 7.498465392759310596695025142160059638989999410472248947789678262878904 -4.512575700403579671937820451667315866751278453843880166777575469015881e-73
13.4984653927593105966950251421600596389899994104722489477896782628789 7.498465392759310596695025142160059638989999410472248947789678262878904 1.672084489867477583552576436485385091059944174160110553549740423695343e-71
14.4984653927593105966950251421600596389899994104722489477896782628789 7.498465392759310596695025142160059638989999410472248947789678262878904 4.559771566926975437913346112921329828752916498658219673124763833136992e-72
15.4984653927593105966950251421600596389899994104722489477896782628789 7.498465392759310596695025142160059638989999410472248947789678262878904 5.066455582045243323409245983324794583998675822047323329148886923440957e-72
16.4984653927593105966950251421600596389899994104722489477896782628789 7.498465392759310596695025142160059638989999410472248947789678262878904 5.066487632091940158498399570779114166677383431105631752329754797597077e-72
17.4984653927593105966950251421600596389899994104722489477896782628789 7.498465392759310596695025142160059638989999410472248947789678262878904 5.319907515380170125168734534895627926533886017357594794137035724464102e-72
11.47829260277557981016552328498689255134965105527584245156013991055943 6.498465392759310596695025142160059638989999410472248947789678262878904 8.708023958679638089638728487568147779362155578537378271559655238602192e-73
13.4984653927593105966950251421600596389899994104722489477896782628789 6.498465392759310596695025142160059638989999410472248947789678262878904 1.672042621742309170644038021965210546167754870616855997912066524629477e-71
14.4984653927593105966950251421600596389899994104722489477896782628789 6.498465392759310596695025142160059638989999410472248947789678262878904 1.672040075624080569883260023403718827272066104341699376075405899593018e-71
15.4984653927593105966950251421600596389899994104722489477896782628789 6.498465392759310596695025142160059638989999410472248947789678262878904 5.06682510271292098966089789536752726355108976497565808912384646248706e-72
16.4984653927593105966950251421600596389899994104722489477896782628789 6.498465392759310596695025142160059638989999410472248947789678262878904 5.57323943486072829934602613990478617470203467778973081668555981125143e-72
17.4984653927593105966950251421600596389899994104722489477896782628789 6.498465392759310596695025142160059638989999410472248947789678262878904 5.066792013030205888031591808796887318120948328996044466095917724588374e-72
15.4984653927593105966950251421600596389899994104722489477896782628789 5.498465392759310596695025142160059638989999410472248947789678262878904 5.066816454229983772635820198468537496104439018199685811167124163420621e-72
16.4984653927593105966950251421600596389899994104722489477896782628789 5.498465392759310596695025142160059638989999410472248947789678262878904 5.573442760238529468685467671534726553181445631440127658206400109252988e-72
17.4984653927593105966950251421600596389899994104722489477896782628789 5.498465392759310596695025142160059638989999410472248947789678262878904 5.066856048261521426006106773485253870535197351825122491310877147784559e-72
16.4984653927593105966950251421600596389899994104722489477896782628789 4.498465392759310596695025142160059638989999410472248947789678262878904 5.573434487288253683420921856641284120509163267798363205936304221130024e-72
17.4984653927593105966950251421600596389899994104722489477896782628789 4.498465392759310596695025142160059638989999410472248947789678262878904 5.573593306826615981094856177187232578956021331429568068976385430942842e-72
17.4984653927593105966950251421600596389899994104722489477896782628789 3.498465392759310596695025142160059638989999410472248947789678262878904 5.573579134527966947724191091258775646714318586795760139266729074315781e-72
6.478292602775579810165523284986892551349651055275842451560139910559433 6.498465392759310596695025142160059638989999410472248947789678262878904 -4.433145018192966333349845624867377761467686535065437182781547348840173e-73
0.6415015999356991356476926327172632397785317259553760959520698942869847 15.9973635333316460300487556983437510684293276276782489567232404314681 20.12399525084507246579224475146280380237931550599592032791481520218434
1.581644834155305408551544836522805607641134758096154948223147702807478 16.33816071992370304933381079880551317285080280396862377685098926660599 20.12399525084507246579224475146280380237931550599592032791481520218434
0.6415015999356991356476926327172632397785317259553760959520698942869847 14.93234437620341013654108497973151047158183587397990853119685251101597 20.12399525084507246579224475146280380237931550599592032791481520218434
1.582855332897529281246891225024141244807364083888160568192959256652284 15.26983800710503220616368902098393996346967558800616706462394948252837 20.12399525084507246579224475146280380237931550599592032791481520218434
2.531261957916255230639102130914109407495692388645349953422478539852965 15.58808368600484005293232504620531655465860906498611844587427595567134 20.12399525084507246579224475146280380237931550599592032791481520218434
0.6333736924179262127695263175676222066971407101249037792348498960862776 13.86065944431193944973952644326519753209347162338202979527174933370215 18.60179193854266866376321033871473679566886520576195585774869163947112
1.575732604287960779701139524362086263989048942123897427091321283083767 14.19569109079145588845157881355144118878282931943046070923315081320192 18.60179193854266866376321033871473679566886520576195585774869163947112
2.522935104533558943527738723136062483490404000634524372789970299892069 14.51633179450589682560725710618629773772764542110917943750577925793689 18.60179193854266866376321033871473679566886520576195585774869163947112
3.468831182627847199618187669580629839431450383632134204869552810768798 14.84085405151280557234031654034476507781156265803526951735250177549855 18.60179193854266866376321033871473679566886520576195585774869163947112
4.37612072260504760731272395926317087228149880866180556296059777554681 15.28008144804059061318739232382889615428812533567166281999533079515113 18.60179193854266866376321033871473679566886520576195585774869163947112
0.6315386522921463121028192222879886386687772701007971390688115903554901 11.74584519222296685192898928372157270321990015615261989559011979834037 18.26930248172411003889284567889082238518921425081406520341269245955801
1.58223792634525737405970396224139600993714525724906514977578508681916 13.12535422321677292160685128435938076483578988237071069397498912213381 18.75231545905051959116479594338967435437890183144725079798707600115761
2.524557997134734091777143359020628888260975923900767772984951728234206 13.46037268317551972685559353709965499447487773114121301928123836100187 18.75231545905051959116479594338967435437890183144725079798707600115761
3.471997334051049489319717558874701025964850812625095631194790780381549 13.78031227346854675064901485452463831672068888822291723933201215303248 18.75231545905051959116479594338967435437890183144725079798707600115761
4.419372735670772635660075096046729085280279435902296762586277394133048 14.10044018606802691464570972597975381283581511912499041640351430617356 18.75231545905051959116479594338967435437890183144725079798707600115761
0.6323598852943677698788818258591063311848654054672412089696307500919738 10.68648116271888674316040726892792333841829837469595703920502556967938 18.41762429097178951651428941047288301016937586311904338643661614233302
1.579853195739366751047008903356226978566018546820337208369408743876564 11.00628263767740422451841806077359538208942337345847182746110439232026 18.41762429097178951651428941047288301016937586311904338643661614233302
2.527346506184365732215135980853347625947171688173433207769186737661155 11.32608411263592170587642885261926742576054837222098661571718321496114 18.41762429097178951651428941047288301016937586311904338643661614233302
3.474839816629364713383263058350468273328324829526529207168964731445745 11.64588558759443918723443964446493946943167337098350140397326203760202 18.41762429097178951651428941047288301016937586311904338643661614233302
4.416871928540282474324768477238358380673133654003986482880039622299849 13.03928346637308588632192150617802065827184934076901749665712530571328 18.26930248172411003889284567889082238518921425081406520341269245955801
5.366926740467164284592205919872071000321222140371451808720866672523413 13.35137002357067227600412829173401294506533889755870093095219385343909 18.26930248172411003889284567889082238518921425081406520341269245955801
0.6324177196868870403743042625054611504358620393152696593086944236874966 9.632417719686887040374304262505461150435862039315269659308694423687497 18.428098605671623984153532906656544117205790708311412237183351681612
1.581158065977928724973003472264006976308325355903261127131739649196791 9.94847429536086060047001679373663248494345770962168286594727429583574 18.428098605671623984153532906656544117205790708311412237183351681612
2.528650686562024338218509062105754314132007074456046138827054163104875 10.26827554045738327769081174213745908463296390905540018915130488477378 18.428098605671623984153532906656544117205790708311412237183351681612
3.476143307146119951464014651947501651955688793008831150522368677012959 10.58807678555390595491160669053828568432247010848911751235533547371181 18.428098605671623984153532906656544117205790708311412237183351681612
4.423635927730215564709520241789248989779370511561616162217683190921043 10.90787803065042863213240163893911228401197630792283483555936606264985 18.428098605671623984153532906656544117205790708311412237183351681612
5.366047673072423556320720879654598488554137371156979288480983839191407 11.24292797828803453782723235513840412316866909630286877346329692786402 18.428098605671623984153532906656544117205790708311412237183351681612
1.5665411868055452 8.887275504868287 18.596368451206022
2.515466858449834128494633634880942714743103584319820732804911935478536 9.206353737149740669805088530470697910727271428315414840366664066102603 18.65075943022388641412410536277709296923669481050761063240632873015362
3.463744007334274234367851863320152938616747041219867199021332035435954 9.526419779165851977409102623909806843033264313134500987487013711149162 18.65075943022388641412410536277709296923669481050761063240632873015362
4.411998090700580796233505187597274722175369905481432203349779707484718 9.846478036022208313499162354396878424593422435999450625329248346088298 18.65075943022388641412410536277709296923669481050761063240632873015362
5.360218458509814291405353969603068318008088541678708351054136459130303 10.16652491307792362432314098542252422263872810926857659533971529470031 18.65075943022388641412410536277709296923669481050761063240632873015362
2.522366846829187949830780544353782436202314779276978884881385971189844 8.153257486442464889656460037360132562510167413761827436713577056202803 18.65075943022388641412410536277709296923669481050761063240632873015362
3.46985231277544306363632310754834332989364137918631910337080888344667 8.473056316678924386746151290610760712246250476786986033104201253783139 18.65075943022388641412410536277709296923669481050761063240632873015362
4.417337778721698177441865670742904223584967979095659321860231795703496 8.792855146915383883835842543861388861982333539812144629494825451363474 18.65075943022388641412410536277709296923669481050761063240632873015362
5.364823244667953291247408233937465117276294579004999540349654707960323 9.11265397715184338092553379711201701171841660283730322588544964894381 18.65075943022388641412410536277709296923669481050761063240632873015362
1.633642148091357305447616908222594521713704831467249407440023554918581 7.659364920914142787264022667533576821908816040352490950661367735331362 18.65075943022388641412410536277709296923669481050761063240632873015362
3.46985231277544306363632310754834332989364137918631910337080888344667 7.417631156144880157787319770485079303332141055361449325284263343745076 18.65075943022388641412410536277709296923669481050761063240632873015362
4.417337778721698177441865670742904223584967979095659321860231795703496 7.737429986381339654877011023735707453068224118386607921674887541325412 18.65075943022388641412410536277709296923669481050761063240632873015362
5.364823244667953291247408233937465117276294579004999540349654707960323 8.057228816617799151966702276986335602804307181411766518065511738905747 18.65075943022388641412410536277709296923669481050761063240632873015362
4.397164988737967390912363813569737135944619623899252825630693443384026 6.67519603049236086244379296802591938177456139380403545820119699687256 18.65075943022388641412410536277709296923669481050761063240632873015362
5.344650454684222504717906376764298029635946223808593044120116355640852 6.994994860728820359533484221276547531510644456829194054591821194452896 18.65075943022388641412410536277709296923669481050761063240632873015362
5.472080767686350590289535381845497344049919696983041057424639101297422 14.47208076768635059028953538184549734404991969698304105742463910129742 3.109329151226547734775964866147159379302580113857289175238361695444802
2.570734992541333920443728297244603419962080978541567905654105079173596 16.73823355449385565487674111781948484705955077022938682430898700788383 28.34430453111854701179523179692580019014094838443926947013075945627784
3.452506671948213572111794157707664767189129752164327076908411531356413 16.01683906203124683565800076335517888684822513030344622232253044880626 21.8238506216442426964020402471990654978125782536346505082479093580731
2.56531897264240675047565514713744374592057097209606014615180364098387 6.924753111955154449773556923555262695889034011057513695808445638815283 21.16852023012208131580496045397418673819913114546765456365006053789789
3.482808913245012036163923555713243819683771705170248835584629557474278 6.207683837622145974528042141443425110673925725622883512300274230771094 21.16852023012208131580496045397418673819913114546765456365006053789789
6.498465392759310596695025142160059638989999410472248947789678262878904 7.498465392759310596695025142160059638989999410472248947789678262878904 -4.433403643851491385446268759247221291805255927125582040410824365472255e-73
6.498465392759310596695025142160059638989999410472248947789678262878904 10.4984653927593105966950251421600596389899994104722489477896782628789 1.583721948499155062948775831690243504461016859868911451631607002882028e-73
6.49446947602000900000000002867936245701827432698742825759574591467353 9.498465392759310596695025142160059638989999410472248947789678262878904 9.509610194989154233389996183848787854583788658356869060031380702145292e-74
6.498465392759310596695025142160059638989999410472248947789678262878904 8.498465392759310596695025142160059638989999410472248947789678262878904 -2.532965096534209868494796414468622059536569565823433286612488670056596e-73
16.00264116184670473192731857246224663785841264236473800613059557745083 0.6414060047972113845449836684670109530110199438383287076342528059611442 -20.10558769959704887098621428753133584855140006074020513817897915222748
16.34225883845706583670792581466225544910595204208613318214336369207468 1.581979877482566261772482379291741097012071967241876331019869153683291 -20.10558769959704887098621428753133584855140006074020513817897915222748
14.93774731074991176309113331579176032118214963332649722360077132830666 0.6414060047972113845449836684670109530110199438383287076342528059611442 -20.10558769959704887098621428753133584855140006074020513817897915222748
15.27423615307941492734669023306574422642215087469916087766690820700113 1.583125214245162086086737923695662087348257224953505418919463695616174 -20.10558769959704887098621428753133584855140006074020513817897915222748
15.58886387131706363991906988267681338537002637702205852114175709726947 2.532846876634533682844050569336930447041490223713649941754035715591154 -20.10558769959704887098621428753133584855140006074020513817897915222748
13.86485218308894835068238157848524378209986062961448849154935258077759 0.6326850747761072324485440261517240273329790320969861879945286381877612 -18.47656879890032635659000323165840246678167639551754897099008468708374
14.19973226652218232641842738700707857474041357934405617294681017515662 1.575136153601378279076680498535364353628803625219547947587311841889284 -18.47656879890032635659000323165840246678167639551754897099008468708374
14.51664907792219978275649274974399834073014855467402947631929733818269 2.523589491753575287635703188101892642305026714083547020203881955238742 -18.47656879890032635659000323165840246678167639551754897099008468708374
14.83995164538037331286188501772161455516641608924460486591301770828366 3.469909089249355924988013286310111186588412893999228810198055975266534 -18.47656879890032635659000323165840246678167639551754897099008468708374
15.27649336965977615845549490902730831332373474441700589417845951177626 4.378390881697892656182966111606336686863881651394939000100364690555062 -18.47656879890032635659000323165840246678167639551754897099008468708374
11.74542832242610355945359870650294183713080865057180832832668176834767 0.6313066459828774414104878840647834044991821117520697571180959875729548 -18.22753808896001657639545942868772747984107932224863752069558554891993
13.12742077404235990449875210990207205696369251335055522097564362659422 1.58113813128527157939664011959234305545418362654317404978175005386024 -18.47656879890032635659000323165840246678167639551754897099008468708374
13.46230085747559388023479791842390684960424546308012290237310122097326 2.523589210110542626024776591975983381750008219665735809374533257561762 -18.47656879890032635659000323165840246678167639551754897099008468708374
13.77921766887561133657286328116082661559398043841009620574558838399932 3.472042548262739634583799281542511670426231308529734881991103370911221 -18.47656879890032635659000323165840246678167639551754897099008468708374
14.09744331158917960680030862264484747930486390490621945278988929547126 4.420058552673922955540644113162508626909513564378385232789771538870923 -18.47656879890032635659000323165840246678167639551754897099008468708374
10.69245312532521243749711894506213597631176979388147278474478033669884 0.6311429719758108322113645112976945284216164120884005409474414669749201 -18.19811073326121504306172508209286009509866889632674709116204232727916
11.00747944229463500423568705989403002403483529462747900940815722119759 1.583899318254272125675931688021729294453735087716782086064557358162457 -18.59893218406696094359505731337839024136290351356368618279711776280245
11.33157003940254439410022496661422260083589151545880560913990720145208 2.529940965772354712325871333241133024199500089320264669395538260188934 -18.59893218406696094359505731337839024136290351356368618279711776280245
11.64848840130016347303767062388214946485916148954232980847922795505373 3.478396188306018397454958511985280255954763017965062817913360480292294 -18.59893218406696094359505731337839024136290351356368618279711776280245
13.03828647104466646703579219051564156205240030673973414117682964056578 4.416864011097125471116828039140261057425451621641072602866317016370598 -18.22753808896001657639545942868772747984107932224863752069558554891993
13.34964189688781183759125794871257769091519333914229962009866477677698 5.367158746776433155284537258095276234490817298720179190671582275305949 -18.22753808896001657639545942868772747984107932224863752069558554891993
9.639801989135152402148563067355871471423509317528634267814975782278765 0.6311429719758108322113645112976945284216164120884005409474414669749201 -18.19811073326121504306172508209286009509866889632674709116204232727916
9.950324720610251848512594959246434767399924910825288002253314691203612 1.58171077464094546537373982741309353335527107778004475762235955172184 -18.19811073326121504306172508209286009509866889632674709116204232727916
10.26714668302287167448458522741187037238121103224392182069753759363731 2.530207725714344094531914590576278438801277764084320759438586333844618 -18.19811073326121504306172508209286009509866889632674709116204232727916
10.59125720627511602643598139430879187533379372141697560573899629720813 3.47630858622273439420406645779963577487054829605605926327933900570413 -18.19811073326121504306172508209286009509866889632674709116204232727916
10.90817860950584377675503613837694131851746976713170972219348744959645 4.424772846452043508767024311665903106027167408766113272284221052861618 -18.19811073326121504306172508209286009509866889632674709116204232727916
11.24309163151898592017844805360825324619783034785529594931368830638709 5.367322420783499764483660630862365110568382998383848406842236795903984 -18.19811073326121504306172508209286009509866889632674709116204232727916
8.888744792120759701216861137837655732505040043521901879803995423520449 1.574339605007753930934308284524731543755504849318910330668010402126666 -18.62159567359440834667661396991038207293043512231328101646637981508503
9.207931823427404915569833557842356641306862805376705492112441240696612 2.522031357486052523297698167153881722007522868532764443664384130521304 -18.62159567359440834667661396991038207293043512231328101646637981508503
9.524850988804866413656463654075351105679128726563133029722459459760818 3.470487282898368794756558782511188198912261002671135137958334380323331 -18.62159567359440834667661396991038207293043512231328101646637981508503
9.848940901292418351595490146431074844391296467953686667118749341417374 4.416526976033590566253226774777889872764979726406911953281160327521779 -18.62159567359440834667661396991038207293043512231328101646637981508503
10.1658595542317419605648324636840736415396359988615598899994269022805 5.364983074115441793083148463871870059074535564042038469135918977323473 -18.62159567359440834667661396991038207293043512231328101646637981508503
8.14212227863843347139824901511524681569377920976877971525304929371231 2.528942074665499000168160786274400903093689509430002875474949813468121 -17.66065076419216132489826826259859773750155449816066288294422151637199
8.465204243761040445684277583440564863641933397807329770270092062759053 3.475538934185846401309076357190372019086365226139676507906062826873251 -17.66065076419216132489826826259859773750155449816066288294422151637199
8.78215477493799350496072205521006368951137710970109964915374125686866 4.424087945109101318345951293376628548946962700582232054593608047106549 -17.66065076419216132489826826259859773750155449816066288294422151637199
9.106316581233477642646283998660439679339476511528021958641377760304042 5.370341000312345433278282267690550941936809683637507537395691567542244 -17.66065076419216132489826826259859773750155449816066288294422151637199
7.693365458585866259235466616922545841705306673521996748215819686530249 1.622358097374050078089386874824561612396971480023119965186762540428989 -17.66065076419216132489826826259859773750155449816066288294422151637199
7.383092711088140514965342266019290319272012163370585169453323200330751 3.458843112983702001886939462335114427411799931032251666479028327533558 -20.72896666625442696906355070032108255527034815938205869926308412408706
7.712029938535063867859946936639942539085191017100816380945047608782812 4.413681634620020886878534548450202848623247884458283148751459454572113 -19.58795266536687516705714265218203732189262627100062719254478654488103
8.036140796991645992796677985561971391050669775604016769343621336823113 5.359774669802053405569803516216010891063375449869244215801710729502759 -19.58795266536687516705714265218203732189262627100062719254478654488103
6.650603002717121034050437322011283332745986510906510379961073432145293 4.413681634620020886878534548450202848623247884458283148751459454572113 -19.58795266536687516705714265218203732189262627100062719254478654488103
6.974713861173703158987168370933312184711465269409710768359647160185593 5.359774669802053405569803516216010891063375449869244215801710729502759 -19.58795266536687516705714265218203732189262627100062719254478654488103
14.46840828299226639212139314494796089210396072196245661232357895965856 5.468408282992266392121393144947960892103960721962456612323578959658557 -3.556948408367689875756044532703368660012187828145773111160187686621619
16.73678954774875237004857368964021441690581103724003469212964574436425 2.571379124832878577516146850613533771100010286529392094524453805043191 -28.10637297647541779590085686526805412509127571727171053109497759810526
16.01447056671958354966837445298920284169914064280074813909390468388603 3.454145130835173597433298357244085382624054029339458283316283650487503 -21.65431445021606482353205750271507357024214053108554155129904857388968
6.948862266263105663436963891456395590441071513312458822105485065808089 2.55396060979660410353308100190403868051787575648969018043013312927717 -20.72896666625442696906355070032108255527034815938205869926308412408706
6.223442681187483962981925524820084632785656893606550084462587984304073 3.4472981612107265295646487559045759069931033493142385542141062362342 -26.37098919054485608683130634084846297578690512725230121978531009435387
7.478292602775579810165523284986892551349651055275842451560139910559433 6.498465392759310596695025142160059638989999410472248947789678262878904 -1.013335225606860791097755645755106338557744981810204152636719211922523e-72
10.47829260277557981016552328498689255134965105527584245156013991055943 6.498465392759310596695025142160059638989999410472248947789678262878904 3.007885774576578236135473641200989976616130073148564908201020384418902e-73
9.478292602775579810165523284986892551349651055275842451560139910559433 6.498465392759310596695025142160059638989999410472248947789678262878904 -1.013355883654593991800981441448447451227338598948763696557460174376159e-72
8.478292602775579810165523284986892551349651055275842451560139910559433 6.498465392759310596695025142160059638989999410472248947789678262878904 -1.013387917015924424429451759976035034062189108361125841501420534455043e-72
3.5 5.060866528008938759148003483253520203806717220969667504210894834513364 -3.673380557146167812385830987549346132904284353464099407805714405638893e-72
4.511037297486860730583849003504145594952358097527146735460770138907982 4.579422220988783758908108399690454346342535028117236849246165556324069 -10.02745166010213806299041847438134980872504336746500579220222615113529
4.740667812833738868294008170934139617189615598269601381987089459681093 5.735711225010664457716631037679042380713876326550823644448293029860825 18.65075943022388641412410536277709296923669481050761063240632873015362
5.522375108455663365943480403398872330884292099828909618041121923374647 4.555812417007255977001149467074556611501215354954872420804654962070488 -10.02745166010213806299041847438134980872504336746500579220222615113529
5.8967871228257810764300709698463321496895790879111148911279976596137 5.505121016015018392478471524887245092000489571428595046398376548281587 -10.02745166010213806299041847438134980872504336746500579220222615113529
12.81050311975466692487217650645584760885131232549154913158153287880137 0.6326850747761072324485440261517240273329790320969861879945286381877612 -18.47656879890032635659000323165840246678167639551754897099008468708374
12.72136666614474147044692113624419214225455808085265677541825016573443 3.468401714142877153368124453414790979685926635248981111732218210823813 -18.22753808896001657639545942868772747984107932224863752069558554891993
12.4984653927593105966950251421600596389899994104722489477896782628789 13.4984653927593105966950251421600596389899994104722489477896782628789 -6.649683505983302332801186348757985703136824298729216549789174166980767e-73
12.4984653927593105966950251421600596389899994104722489477896782628789 8.498465392759310596695025142160059638989999410472248947789678262878904 1.672082119518616096365798504173919458491486391123033945446509962767359e-71
12.4984653927593105966950251421600596389899994104722489477896782628789 9.498465392759310596695025142160059638989999410472248947789678262878904 1.722754368593125818891346031177828525619506728411777506370950666205582e-71
12.4984653927593105966950251421600596389899994104722489477896782628789 10.4984653927593105966950251421600596389899994104722489477896782628789 5.06696966290935172552966283491712172751020149676530351983338651299412e-72
12.4984653927593105966950251421600596389899994104722489477896782628789 11.4984653927593105966950251421600596389899994104722489477896782628789 -5.067390319283537211786196259625573953196342361516031113967360468318594e-73
12.4984653927593105966950251421600596389899994104722489477896782628789 6.498465392759310596695025142160059638989999410472248947789678262878904 1.520034827151148220110252876538665799242172660129723093235923332460785e-71
12.4984653927593105966950251421600596389899994104722489477896782628789 7.498465392759310596695025142160059638989999410472248947789678262878904 -1.15208722882312315965629030188298426037941605820258028599507078845098e-73
12.4984653927593105966950251421600596389899994104722489477896782628789 14.4984653927593105966950251421600596389899994104722489477896782628789 -1.259075458056267548203705491941891616245019490780750425889766583664479e-73
12.4984653927593105966950251421600596389899994104722489477896782628789 15.4984653927593105966950251421600596389899994104722489477896782628789 -2.311568374788301554491570103921977842116287270108167963378406433036441e-73
12.4984653927593105966950251421600596389899994104722489477896782628789 16.4984653927593105966950251421600596389899994104722489477896782628789 -4.866744684879313379086257121189022546176175736650869392886597964552109e-74
12.4984653927593105966950251421600596389899994104722489477896782628789 17.4984653927593105966950251421600596389899994104722489477896782628789 6.70745492273876694889139410265773207481715620552849519421297979360995e-79
12.38645750079240491294834743084291751348319116046354955908558343836266 2.525863600353664416965476001694106736455331720548048057941156551230829 -18.22753808896001657639545942868772747984107932224863752069558554891993
12.29827690993406834348826497555210530441365201277079052372342754767441 5.372905984198455044560988499825761857735540127208573905173479036740796 -18.27420693576119579514267824633258589770844478903205923896202376152809
12.06953685178066176623082676432711798028082114170564808878005547049154 1.577401581378893786663064106525320018349529046064927885613753057511679 -18.22753808896001657639545942868772747984107932224863752069558554891993
11.98335612575330307728292360813653985469841989622578725963709347421553 4.420811155362915909250761270058438185598956497095318996122617449343111 -18.59893218406696094359505731337839024136290351356368618279711776280245
0.6333736924179262127695263175676222066971407101249037792348498960862776 12.80553826142014221881870806417162253705196300677882503972453997375581 18.60179193854266866376321033871473679566886520576195585774869163947112
3.469019491857061155149611230547250377753408140933992435347241443529286 12.72052555388926254757793407546420316769663297299677951286260457291512 18.26930248172411003889284567889082238518921425081406520341269245955801
6.494609151056977000000000315430039966126983827906267636188328632499471 12.4984653927593105966950251421600596389899994104722489477896782628789 -7.510174447353780232442351669426785433240049412539545384944745644465819e-74
17.4984653927593105966950251421600596389899994104722489477896782628789 12.4984653927593105966950251421600596389899994104722489477896782628789 -2.026472759219017012738060680898639628146987121561508341152225588335519e-72
16.4984653927593105966950251421600596389899994104722489477896782628789 12.4984653927593105966950251421600596389899994104722489477896782628789 -1.836553540158310427646406687033219815268839221354977985004768629573285e-72
15.4984653927593105966950251421600596389899994104722489477896782628789 12.4984653927593105966950251421600596389899994104722489477896782628789 -1.868204359587881177578146917285218048013203487318917818864793747005763e-72
14.4984653927593105966950251421600596389899994104722489477896782628789 12.4984653927593105966950251421600596389899994104722489477896782628789 -1.868282192852846004131656997531290568913698016742180314426282964090754e-72
12.4984653927593105966950251421600596389899994104722489477896782628789 12.4984653927593105966950251421600596389899994104722489477896782628789 -5.382601045887064902141282473419786558648628590734262944736753705031589e-73
11.4984653927593105966950251421600596389899994104722489477896782628789 12.4984653927593105966950251421600596389899994104722489477896782628789 -3.166127356163575020225533423882193404795786252589436201539736821982489e-73
10.4984653927593105966950251421600596389899994104722489477896782628789 12.4984653927593105966950251421600596389899994104722489477896782628789 3.167094128859675346910243816436897544688047925964631483915388674159865e-73
9.498465392759310596695025142160059638989999410472248947789678262878904 12.4984653927593105966950251421600596389899994104722489477896782628789 -8.233493952865945906359037597473416177816258487547492468442989133328071e-73
7.498465392759310596695025142160059638989999410472248947789678262878904 12.4984653927593105966950251421600596389899994104722489477896782628789 -2.311752877560979563348129552384266637996014788487328944692467403705929e-72
8.498465392759310596695025142160059638989999410472248947789678262878904 12.4984653927593105966950251421600596389899994104722489477896782628789 -2.264278449307851613748065546013238515716983678904742425831235907131592e-72
13.4984653927593105966950251421600596389899994104722489477896782628789 12.4984653927593105966950251421600596389899994104722489477896782628789 5.066925984147846196042939058872847193593095068728738915192422377006399e-72
2.526551619160936419943139523143778463297043134866895189145487128660115 12.3854569152824499988049374112985765120207992150589903296940356650013 18.26930248172411003889284567889082238518921425081406520341269245955801
5.366926740467164284592205919872071000321222140371451808720866672523413 12.29828791389678423718844047475452038630701959053991966299921600879116 18.26930248172411003889284567889082238518921425081406520341269245955801
1.579045135726541366022979372715883550982910202483846164107149359507803 12.06565105375270842536696334751007460762034968560580511264207773167083 18.26930248172411003889284567889082238518921425081406520341269245955801
4.417255039467312636719627656868150413882876238632699813202401371678193 11.98093669393534861567196376072228071307422790051333522402844604601012 18.41762429097178951651428941047288301016937586311904338643661614233302
