375 19.90702420214103796
0.50000000000010836 16.72236455875900418 0.000000000000124
1.60363830474766011 17.14200405891650902 27.225254867799418
16.67812141055981456 0.50000000000012967 89.999999999999019
17.24404083508706620 1.55085414402050681 57.499009896908724
0.50000000000010658 11.50000000000243006 0.000000000000012
0.50000000000010658 10.50000000000221867 0.000000000000018
0.50000000000010658 9.50000000000200728 0.000000000000014
1.50000000000031619 9.50000000000200551 0.000000000000022
0.50000000000010658 8.50000000000179767 0.000000000000006
1.50000000000031619 8.50000000000179590 0.000000000000025
2.50000000000052847 8.50000000000179412 0.000000000000010
0.50000000000010658 7.50000000000158540 0.000000000000028
1.50000000000031619 7.50000000000158362 0.000000000000051
2.50000000000052847 7.50000000000158185 0.000000000000032
3.50000000000073985 7.50000000000158451 0.000000000000042
0.50000000000010658 6.50000000000137312 0.000000000000001
1.50000000000031797 6.50000000000137135 0.000000000000058
2.50000000000053024 6.50000000000137135 0.000000000000003
3.50000000000074163 6.50000000000137312 0.000000000000049
0.50000000000010658 5.50000000000116174 0.000000000000017
1.50000000000031797 5.50000000000116085 0.000000000000079
2.50004181154612670 5.50000000000115996 0.000000000000046
3.50008751224696280 5.50000000000116085 0.000000000000016
4.50013081665585890 5.50000000000116263 0.000000000000156
5.61440194996676478 5.50000000000117240 0.000000000000192
0.50000000000010836 4.50000000000095124 0.000000000000022
1.50001534055614094 4.50000000000095035 0.000000000000054
2.50004181227050015 4.50000000000094946 0.000000000000040
3.50008751138877994 4.50000000000095035 0.000000000000041
4.50013081750147581 4.50000000000095213 0.000000000000192
5.50019013794504552 4.50000000000095834 0.000000000000267
6.50028654944334683 4.50000000000096101 0.000000000000365
0.50000000000011013 3.50000000000073985 0.000000000000016
1.50000000000033218 3.50000000000073985 0.000000000000061
2.50000000000055245 3.50000000000073808 0.000000000000012
3.50000000000077272 3.50000000000073985 0.000000000000068
4.50000000000098854 3.50000000000073985 0.000000000000166
5.50000000000120259 3.50000000000074341 0.000000000000122
6.50000000000141753 3.50000000000074785 0.000000000000210
7.50000000000163958 3.50000000000075939 0.000000000001108
0.50000000000010836 2.50000000000052935 0.000000000000014
1.50000000000033040 2.50000000000052847 0.000000000000070
2.50000000000055422 2.50000000000052758 0.000000000000018
3.50000000000077538 2.50000000000052847 0.000000000000043
4.50000000000100364 2.50000000000052935 0.000000000000074
5.50000000000122391 2.50000000000053113 0.000000000000043
6.50000000000143885 2.50000000000053380 0.000000000000071
7.50000000000166178 2.50000000000054534 0.000000000001137
8.50000000000197531 2.50000000000053113 0.000000000000142
0.50000000000010836 1.50000000000031619 0.000000000000000
1.50000000000033218 1.50000000000031619 0.000000000000035
2.50000000000055600 1.50000000000031619 0.000000000000014
3.50000000000078249 1.50000000000031619 0.000000000000006
4.50000000000100453 1.50000000000031619 0.000000000000035
5.50000000000122302 1.50000000000031797 89.999999999999972
6.50000000000145128 1.50000000000031974 89.999999999999929
7.50000000000171330 1.50000000000033040 0.000000000000952
8.50000000000199485 1.50000000000031797 0.000000000000123
9.50000000000237499 1.50000000000031797 89.999999999999815
0.50000000000011013 0.50000000000010658 0.000000000000000
1.50000000000033218 0.50000000000010658 0.000000000000024
2.50000000000055866 0.50000000000010658 0.000000000000012
3.50000000000078426 0.50000000000010658 0.000000000000017
4.50000000000106049 0.50000000000010658 0.000000000000012
5.50000000000130296 0.50000000000010658 89.999999999999986
6.50000000000153655 0.50000000000010836 89.999999999999957
7.50000000000177103 0.50000000000011369 0.000000000000696
8.50000000000205880 0.50000000000010836 0.000000000000050
9.50000000000235367 0.50000000000010658 89.999999999999929
10.50000000000266986 0.50000000000011369 89.999999999999375
3.34277303803476045 16.90995638095432696 27.120582931300305
4.39684628651608200 17.41487064722035072 1.178506124814261
5.40702420213797907 17.40702420214051216 0.000000000000142
6.40702420213819046 17.40702420214051216 0.000000000000099
7.40702420213840274 17.40702420214051216 0.000000000000099
8.40702420213861501 17.40702420214051216 0.000000000000071
9.40702420213882462 17.40702420214050505 0.000000000000057
10.40702420213903601 17.40702420214049795 0.000000000000043
11.40702420213924562 17.40702420214049795 0.000000000000043
12.40702420213945700 17.40702420214049795 0.000000000000043
13.40702420213967017 17.40702420214049795 0.000000000000057
14.40702420213987978 17.40702420214049795 0.000000000000085
15.40702420214008939 17.40702420214049795 0.000000000000057
16.40702420214030255 17.40702420214049084 0.000000000000099
17.40702420214051216 17.40702420214049084 0.000000000000085
4.23406731460518237 16.24292528839032457 27.120582931300291
5.40702420213798085 16.40702420214030255 0.000000000000128
6.40702420213819224 16.40702420214029900 0.000000000000142
7.40702420213840362 16.40702420214029900 0.000000000000099
8.40702420213861501 16.40702420214029900 0.000000000000095
9.40702420213882462 16.40702420214028479 0.000000000000093
10.40702420213903778 16.40702420214028123 0.000000000000092
11.40702420213924739 16.40702420214028479 0.000000000000092
12.40702420213945878 16.40702420214028123 0.000000000000091
13.40702420213966839 16.40702420214027768 0.000000000000089
14.40702420213987978 16.40702420214027413 0.000000000000084
15.40702420214008939 16.40702420214027413 0.000000000000082
16.40702420214030255 16.40702420214026702 0.000000000000079
17.40702420214051216 16.40702420214026702 0.000000000000075
5.40702420213797996 15.40702420214008939 0.000000000000171
7.40702420213840274 15.40702420214008761 0.000000000000099
11.40702420213924562 10.40702420213899337 0.000000000000327
8.40702420213861146 15.40702420214008939 0.000000000000085
9.40702420213882284 15.40702420214007162 0.000000000000114
10.40702420213903423 10.40702420213899160 0.000000000000351
11.40702420213924562 15.40702420214006452 0.000000000000128
12.40702420213945700 15.40702420214006274 0.000000000000114
13.40702420213966839 15.40702420214005741 0.000000000000099
14.40702420213987978 15.40702420214005386 0.000000000000085
15.40702420214009116 15.40702420214005031 0.000000000000071
16.40702086864604681 14.40702420213982649 89.999999999999645
17.40702420214051216 15.40702420214003965 0.000000000000057
6.40701138850014296 14.40702420213987622 0.000000000000072
7.40701281900855868 14.40702420213987978 0.000000000000057
8.40701392835215700 14.40702420213987267 89.999999999999247
9.40701491500149523 14.40702420213985491 89.999999999999858
10.40702420213903601 15.40702420214006629 0.000000000000156
11.40701672182760085 14.40702420213985135 89.999999999999943
12.40701758100666829 14.40702420213984425 89.999999999999616
13.40701842428123136 14.40702420213984070 89.999999999999886
14.40702420213987978 13.40702420213962043 0.000000000000046
15.40702007233792870 14.40702420213983359 89.999999999999716
16.40702420214030255 13.40702420213960444 0.000000000000046
17.40702164978767286 14.40702420213980872 89.999999999998707
6.40702420213819401 13.40702420213966484 0.000000000000044
7.40702420213840451 13.40702420213966661 0.000000000000044
9.40702420213882462 13.40702420213963997 0.000000000000043
10.40701583784913353 14.40702420213985135 89.999999999999943
11.40702420213924562 13.40702420213963819 0.000000000000034
8.40702420213861501 13.40702420213963997 0.000000000000045
12.40702420213945878 13.40702420213962398 0.000000000000035
13.40702420213967017 13.40702420213962220 0.000000000000041
14.40701925553158702 14.40702420213983714 89.999999999999844
15.40702420214009116 13.40702420213961155 0.000000000000049
16.40702420214030255 12.40702420213937529 0.000000000000112
17.40702420214051216 13.40702420213956536 0.000000000000047
7.40702420213840362 12.40702420213945523 0.000000000000079
8.40702420213861501 12.40702420213942148 0.000000000000083
9.40702420213882462 12.40702420213942325 0.000000000000084
10.40702420213903601 13.40702420213963997 0.000000000000047
11.40702420213924562 12.40702420213942325 0.000000000000074
12.40702420213945700 12.40702420213940549 0.000000000000078
13.40702420213966839 12.40702420213940371 0.000000000000081
14.40702420213987978 12.40702420213939305 0.000000000000087
15.40702420214009116 12.40702420213938417 0.000000000000090
16.40702420214029900 11.40702420213911594 89.999999999999972
17.40702420214051216 12.40702420213933621 0.000000000000115
7.40702420213840451 11.40702420213924384 0.000000000000082
8.40702420213861501 11.40702420213920476 0.000000000000073
9.40702420213882462 11.40702420213920121 0.000000000000069
10.40702420213903601 12.40702420213942148 0.000000000000087
11.40702420213924562 11.40702420213920654 0.000000000000053
12.40702420213945878 11.40702420213919055 0.000000000000038
13.40702420213967017 11.40702420213917634 0.000000000000026
14.40702420213987978 11.40702420213916390 0.000000000000014
15.40702420214009116 11.40702420213914969 0.000000000000005
16.40702420214029900 15.40702420214004498 0.000000000000043
17.40702420214051216 11.40702420213907864 89.999999999999957
9.40702420213882284 10.40702420213898627 0.000000000000389
10.40702420213903601 11.40702420213920476 0.000000000000066
12.40702420213945523 10.40702420213897739 0.000000000000307
13.40702420213966661 10.40702420213896140 0.000000000000293
14.40702420213987978 10.40702420213894897 0.000000000000280
8.40702420213861146 10.40702420213898982 0.000000000000385
15.40702420214008939 10.40702420213892943 0.000000000000262
6.40702420213819046 15.40702420214008761 0.000000000000128
16.40702420214029900 10.40702420213889923 0.000000000000238
17.40702420214051216 10.40702420213884771 0.000000000000195
8.40683519331285112 9.40702420213876955 89.999999999999687
9.40686424296379187 9.40702420213876245 89.999999999999716
10.40691066103279994 9.40702420213877311 89.999999999999631
11.40693567086509042 9.40702420213877488 89.999999999999687
12.40696277479156961 9.40702420213875889 89.999999999999758
13.40697418549449615 9.40702420213874291 89.999999999999773
14.40698558630866444 9.40702420213872159 89.999999999998934
15.40699493356908789 9.40702420213870738 89.999999999999758
16.40700290652621618 9.40702420213866297 89.999999999997996
17.40701224813849279 9.40702420213862389 89.999999999999758
8.40702420213860790 8.40702420213855106 89.999999999999019
9.40702420213881929 8.40702420213853685 89.999999999999076
10.40702420213903068 8.40702420213855461 89.999999999999119
11.40702420213924029 8.40702420213855817 89.999999999999091
12.40702420213945345 8.40702420213853330 89.999999999999133
13.40702420213966484 8.40702420213852264 89.999999999999147
14.40702420213987622 8.40702420213850132 89.999999999999204
15.40702420214008583 8.40702420213846935 89.999999999999204
16.40702420214029544 8.40702420213841251 89.999999999999247
17.40702420214051216 8.40702420213837698 89.999999999999375
11.40702420213922252 7.40702420213833879 89.999999999998295
12.40702420213943569 7.40702420213830504 89.999999999998352
13.40702420213964885 7.40702420213830326 89.999999999998366
14.40702420213985846 7.40702420213827573 89.999999999998394
15.40702420214007162 7.40702420213821000 89.999999999998394
16.40702420214028123 7.40702420213817359 89.999999999998451
17.40702420214049795 7.40702420213809543 89.999999999998550
13.40702420213966128 6.40702420213808210 89.999999999999233
14.40702420213987267 6.40702420213799861 89.999999999999503
15.40702420214008583 6.40702420213797375 89.999999999999545
16.40702420214029544 6.40702420213788315 89.999999999999687
17.40702420214051216 6.40702420213757229 89.999999999999801
16.40702420214027768 5.40702420213765755 89.999999999999304
17.40702420214049795 5.40702420213718682 89.999999999999346
18.40702420214071466 5.40702420213718860 89.999999999999474
16.40702420214025281 4.40702420213743284 89.999999999999758
17.40702420214047663 4.40702420213681290 0.000000000000024
17.20928811120424839 3.20928811120056690 54.338168398951574
7.26408968452749626 10.26408968452812509 20.401459750090947
7.26408968452749715 9.08414813408947808 20.401459750090972
9.39654121356375960 7.40702420213832013 89.999999999998877
10.40702420213901114 7.40702420213833701 89.999999999998309
6.40702420213819224 12.40702420213945345 0.000000000000096
7.32632616809671511 8.00334119009181499 22.432942711950442
12.40702420213944990 6.40702420213808033 89.999999999999233
6.50000000000137845 6.50000000000138911 0.000000000000147
8.19745400441360417 7.18497148369749183 53.637380268027634
0.50000000000010658 15.50000000000327383 0.000000000000000
1.58273425897438358 15.95906219093790668 27.120582931300302
0.50000000000010658 14.50000000000306244 0.000000000000000
1.50000000000031619 14.62072734603959745 0.000000000000011
2.45309139029733192 16.45337427947036346 27.120582931300305
0.50000000000010658 13.50000000000285105 0.000000000000002
1.50000000000031619 13.50207406867036752 90.000000000000000
2.47402853554480640 15.29203109837389718 27.120582931300316
3.36608061555335158 14.62531144710026965 27.112760631788390
4.23644300419935593 15.11962622832450798 27.112760631788387
0.50000000000010658 12.50000000000264144 0.000000000000018
1.50000000000031797 12.50207406867015436 0.000000000000031
2.64827615834642760 12.76333613880449391 21.462792394725483
2.62479409939298503 13.87889876041702841 27.112760631788355
4.32534307575017252 13.96857330819974052 24.563136420883684
1.50000000000031619 11.50000000000242650 0.000000000000055
2.62467955919471319 11.67167449434202986 17.160250083048783
3.57023139092949915 13.21508203947179361 24.563136420883701
4.48188476761321652 12.49331418956334083 20.345198100649391
5.26437902052936479 13.25932087245404922 20.345198100649387
1.50000000000031619 10.50000000000221689 0.000000000000039
2.62526426153857351 10.62526426154026105 17.160250083048723
3.58146160778495037 12.04533951757423438 20.345198100649398
4.52304625816817296 11.32302399332297682 19.813347492238485
5.42444087368580341 11.77135888913746520 19.813347492238485
2.50000000000052758 9.50000000000200373 0.000000000000016
3.59957615894757854 10.93596132258676867 19.813347492238474
4.51499312424375354 10.18005464143070071 17.299953290229826
5.44148075098108386 10.56820448305770022 17.299953290229826
3.56842737974522528 9.85636839938992715 17.299953290229830
4.49652762555019070 9.09930698068245114 20.401459750090936
5.44070343388267919 9.42934355414142011 20.401459750090936
3.50000000000073896 8.50000000000179590 0.000000000000033
5.40377754415533218 8.34868498663729319 20.401459750091000
4.50000000000095035 7.50000000000158540 0.000000000000150
5.40451486644165602 14.40119335249248778 0.288275110751709
2.49333999141157925 17.59854763992201399 27.225254867799631
3.34438566686775296 15.78634318690635752 27.120582931300323
6.34858244837565344 11.01859555673752133 17.299953290229833
6.36374246579223346 9.81621077483418780 20.401459750090936
6.34105065261794287 8.69728091339671039 20.401459750090993
6.37487054356448724 7.64293451761250697 20.401459750090968
4.50000000000095479 6.50000000000137490 0.000000000000149
5.50000000000116707 6.50002103648693996 0.000000000000124
15.50000000000629008 0.50000000000011546 0.000000000000451
16.00284389147004660 1.61336508991751160 54.338168398922718
14.50000000000569145 0.50000000000011191 0.000000000000252
14.76829965372014541 1.50000000000035527 89.999999999997570
15.31994071309528493 2.52611236450298549 65.447497053296189
13.50000000000508749 0.50000000000011546 89.999999999999375
13.62962450336291553 1.50000000000033751 89.999999999998792
14.00747408492084922 2.61290536854504651 64.406335012878301
14.63081959424978606 3.42312757856900607 64.406335012878188
15.24009103781991925 4.24009103781743235 64.406335012878515
12.50000000000433609 0.50000000000010836 0.000000000000112
12.50000000000324007 1.50000000000031974 0.000000000000238
12.88654888504524187 2.62059965549713514 62.783134604121273
13.33179200457593794 3.51611303289066957 62.783134604121429
13.95257219411019278 4.32134728245047306 62.783134604122061
11.50000000000297717 0.50000000000010836 89.999999999999829
11.50000000000298428 1.50000000000032330 89.999999999999687
11.66968700273500836 2.50000000000053646 89.999999999999474
12.17988375444859450 3.53390719101587703 68.348596754889130
12.62668583904626018 4.43245179131399070 68.348596754889115
14.40702420213984780 5.40702420213775259 89.999999999998849
10.50000000000268763 1.50000000000033218 89.999999999999005
10.50000000000244960 2.50000000000055156 89.999999999998778
10.91823119464991976 3.60430536917456390 62.783134604089177
11.47165773329857608 4.44417975974978408 62.783134604089682
13.25782199938803885 5.25782199938628025 68.348596754889243
9.50000000000222045 2.50000000000053024 89.999999999999744
9.66712561673214132 3.66712561673080639 64.359347583225883
10.79483361761794313 5.34429570641265350 64.359347583225883
11.91690085282925793 5.33969313714332916 62.783134604090286
8.50000000000186340 3.50000000000074341 0.000000000000185
10.23987441245035335 4.50144122734430319 64.359347583225869
9.56126852053368559 5.39809272117758887 62.783134604073886
8.99030063788379685 4.56723988506628498 62.783134604073886
8.28134688998426149 5.41428900365138244 53.637380268027606
7.50034114425356346 4.50000000000097966 0.000000000002052
15.40702420214006274 5.40702420213775170 89.999999999998963
16.60052768171009774 2.41530069514915802 54.338168398947523
15.93082674334421434 3.34644668252457400 65.447497053296416
11.23989858540917552 6.23989858540807418 64.359347583225940
10.11469505918231704 6.23796711175278240 62.783134604074021
8.89725885983630249 6.29346739490910778 62.783134604073567
7.69908720915153211 6.31009465078387066 53.637380268027719
6.61440996265354997 5.50000000000117595 0.000000000000308
17.98594570974149676 0.50000000000013500 89.999999999998195
18.57907929152638360 1.50801606106797159 65.097564906062658
17.85482470772324959 2.34742916534677359 57.499009896910756
18.40702420214056900 3.40702420213650381 0.000000000007149
18.40702420214070401 4.40702420213682622 0.000000000000298
18.40702420214072177 6.40702420213757584 89.999999999999844
18.40702420214071466 7.40702420213793999 89.999999999998906
18.40702420214071822 8.40702420213831303 89.999999999999488
18.40701764675366903 9.40702420213859192 89.999999999999744
18.40702420214072532 10.40702420213882107 0.000000000000153
18.40702420214072177 11.40702420213907509 89.999999999999957
18.40702420214072177 12.40702420213931667 0.000000000000117
18.40702420214072177 13.40702420213956003 0.000000000000052
18.40702246716366375 14.40702420213978741 89.999999999999588
18.40702420214072532 15.40702420214001300 0.000000000000043
18.40702420214072177 16.40702420214023505 0.000000000000068
18.40702420214072532 17.40702420214046953 0.000000000000085
18.40702420214072532 18.40702420214071111 89.999999999999972
0.50000000000010658 18.28403761118546100 0.000000000000078
1.50000000000031797 18.40702420214072177 0.000000000000156
3.39700985565112479 18.39684628651902898 1.178506124814274
4.39684628651599585 18.41508222253352756 1.178506124814267
5.40702420213789647 18.40702420214072177 0.000000000000142
6.40702420213818868 18.40702420214072532 0.000000000000099
7.40702420213840185 18.40702420214072532 89.999999999999929
8.40702420213861146 18.40702420214072532 89.999999999999915
9.40702420213882284 18.40702420214072177 89.999999999999872
10.40702420213903423 18.40702420214072177 89.999999999999886
11.40702420213924384 18.40702420214071822 89.999999999999901
12.40702420213945700 18.40702420214071822 89.999999999999929
13.40702420213966839 18.40702420214071466 89.999999999999901
14.40702420213987978 18.40702420214071466 89.999999999999886
15.40702420214009116 18.40702420214071466 89.999999999999901
16.40702420214030255 18.40702420214071111 89.999999999999929
17.40702420214051216 18.40702420214071111 89.999999999999943
19.39460379296058079 0.50001060604348346 0.000677416308875
19.40702420214087454 2.40702420213615387 89.999999999999446
19.40702420214088519 3.40702420213644697 0.000000000002390
19.40702420214092427 4.40702420213676760 0.000000000000285
19.40702420214093138 5.40702420213718060 89.999999999999631
19.40702420214093493 6.40702420213755630 89.999999999999929
19.40702420214092783 7.40702420213792401 89.999999999999446
19.40702420214093138 8.40702420213827395 89.999999999999687
19.40702156549803448 9.40702420213855284 0.000000000000641
19.40702420214093493 10.40702420213879620 0.000000000000113
19.40702420214093138 11.40702420213906265 89.999999999999943
19.40702420214093138 12.40702420213931489 0.000000000000124
19.40702420214093138 13.40702420213955648 0.000000000000057
19.40702360908720792 14.40702420213978030 89.999999999999559
19.40702420214093138 15.40702420214000590 0.000000000000071
19.40702420214093138 16.40702420214023860 0.000000000000072
19.40702420214093138 17.40702420214047663 0.000000000000128
19.40702420214093138 18.40702420214070401 89.999999999999972
19.40702420214092783 19.40702420214092783 89.999999999999815
0.50000000000010658 19.33387344864779678 89.999999999999957
1.50000000000032863 19.40702420214093138 0.000000000000151
2.50000000000055245 19.40415372576925535 0.000000000000452
3.50000000000077183 19.40702420214093138 0.000000000000331
5.40700322717795956 19.40702420214093138 0.000000000000142
6.40702420213810875 19.40702420214093493 0.000000000000114
7.40702420213832458 19.40702420214093138 89.999999999999915
8.40702420213853685 19.40702420214093138 89.999999999999901
9.40702420213875179 19.40702420214093493 89.999999999999872
10.40702420213896850 19.40702420214093493 89.999999999999858
11.40702420213918167 19.40702420214093138 89.999999999999801
12.40702420213939661 19.40702420214093138 89.999999999999787
13.40702420213961332 19.40702420214093138 89.999999999999858
14.40702420213983004 19.40702420214093138 89.999999999999872
15.40702420214004498 19.40702420214092783 89.999999999999844
16.40702420214025992 19.40702420214093138 89.999999999999815
17.40702420214047663 19.40702420214093138 89.999999999999787
18.40702420214070045 19.40702420214092783 89.999999999999687
