375 19.90702420213683633326888658853032586244400804328442363926285282703778
0.5 16.72236455875533938139474126442865045092873537084560471721509527601729 -2.306278644612933762318721835030838003868065958433052624700194785023367e-80
1.603638304745958948415547038825853476899302436473717124795498717169888 17.14200405891563462661005592886531809766448842834619986573554142254911 27.22525486781746605770063819362127876880862550588336716651743622599266
16.67812141056950447270167921358727599143390176719399155174677966621107 0.5 2.770635964478954322835992216053459455478516789171203498279482407429182e-80
17.24404083510080082597086362633158633577703494878154329286880396162691 1.550854144013313757506516532039556927193140360876373531003219645825628 -32.50099010225722562696301284964305038084713134219033653357736548498304
0.5 11.5 -7.034538762431118841415272488858143512390736015935464961488911795993891e-81
0.5 10.5 -1.114167479300077897073656715073484048487233271625394105270204484157726e-80
0.5 9.5 -2.208849037096963984507423029477780984175460708596686563032926656506673e-80
1.5 9.5 3.000631323189838153219950463725442652818728515202538979061280675687015e-80
0.5 8.5 1.64202233669532711934842819619261013058904564110084034461973515174727e-80
1.5 8.5 -5.238709242541589852187209094207004306192697975780378013355430799906856e-80
2.5 8.5 1.329531691793073391669699500718773445047410351341014915090124544313544e-79
0.5 7.5 1.622536415192131956704835669833697562884547282519908127071672661978241e-80
1.5 7.5 -1.143396361554868293936454016629045081610136042748011032563892094239094e-80
2.5 7.5 -3.028992717040065539153154790530745391961715920825111296694398684322041e-81
3.5 7.5 -5.345016173701993316133630033882308511427442078508918799129721222138832e-79
0.5 6.5 -2.297887292808969293015403393284675292957538340588882573815131662344441e-79
1.5 6.5 8.310792143335180482735741342292068175215441610072153744560173230427543e-80
2.5 6.5 -3.720962031678963532907968451872181105654022979038668269990811135789961e-80
3.5 6.5 -9.252827585172968393095360588194309486020529910679386330314694879572957e-80
0.5 5.5 5.557841927395315388230914631764263102385401660061849846274893132474368e-80
1.5 5.5 -1.042715901696333466953960032369203924056400209960550721224135156428655e-80
2.500041811546126700000000164439252681965159824077998560922989411292309 5.5 1.761489941042498181334766986114244076837496459025399595545293257548305e-80
3.500087512246962800000000039161253643461064603892750899658472750447871 5.5 -7.53886642609765192740235975252940844613635902904236806856456603536376e-79
4.500130816655858899999999875148123369349769250898598317784708296821088 5.5 -3.046268109881786561061099953058064357813073017164595247267331125117032e-79
5.614401949966764779999999998258869461291226406140728189782703071513704 5.5 4.054120495988626666946168059065853770470526897096787902580405948718433e-79
0.5 4.5 -2.022325481488444390816672900522095795662735182935961641045320121002259e-82
1.500015340556140940000000165856794274053796880534984470990368540835381 4.5 -9.570019588456228085888762672465869074581821915387916582367673620117164e-80
2.500041812270500149999999908522427329516114450269872837250014002192246 4.5 -3.395792000813460583450084902931720408151996141486874979935905132029482e-80
3.500087511388779940000000284132182886528291542401233913244386286504001 4.5 -3.203157826313582145459462021345399976946493307617240213851212622578598e-79
4.500130817501475810000000016786645543115793121222563930136336178538659 4.5 -5.603498870560685452722240848618051373249515871326160962366164837129207e-79
5.500190137945045519999999940220054791543448687554669356630208346782424 4.5 5.569243032630606766125946929862437826689601313776554605096741825513193e-79
6.500286549443346830000000077481520491834158132497127957661864875741 4.5 -5.179580706573847315120450450387472932529087435913470801965623214142781e-79
0.5 3.5 5.385923534959680077797568064087639864139508190146090896476659469127016e-80
1.5 3.5 8.640739326095534531221261202986067818459317634230029062308817664251487e-80
2.5 3.5 7.311359221855822612022161763802082512106818093460706837266468213089762e-80
3.5 3.5 -1.511401152766689465957116444680517944012002214868728207369874747606477e-79
4.5 3.5 5.665544315634683947284422661731475816558055817345435662073721424249602e-80
5.5 3.5 4.496677767296213898839856422632894938464665947539936724725571920524092e-79
6.5 3.5 -3.967163778120463904208873807761630346918249362497230588025699717603417e-79
7.5 3.5 -2.948555655850405555815308238391056421246354454927542212487434273201311e-79
0.5 2.5 -4.221768978017855536901799386850178264482202597050941668143454721903039e-80
1.5 2.5 -7.016930637019656914017733177075603397797364770007335579202563657674545e-80
2.5 2.5 -9.167321909607029375187714801235140860029443859792930463518258524545679e-80
3.5 2.5 1.88152585394747130464862873134505626194973300319912028714151676803694e-79
4.5 2.5 -2.101546196957098356858856109907699538292401783400080874112409095931932e-79
5.5 2.5 -1.289219369657967681291712557997087646305607036598032661692911788015506e-79
6.5 2.5 -2.939026858288175768928187715435939253538443845467042609109222349724003e-79
7.5 2.5 -4.507788207390828616044919508935465627682547333800836857709655060259352e-79
8.5 2.5 -2.677010497792530131085629229549222054640303634534922107849626964273159e-81
0.5 1.5 1.006754903785122829904498710020612178216419551097230740116452388458681e-79
1.5 1.5 1.058566093449487558109314955474914848903661842005240779068726907594351e-79
2.5 1.5 -4.221768978017855536901799386850178264482202597050941668143454721903039e-80
3.5 1.5 1.472968861923958538125325616079336167837097550192978837235302202382987e-79
4.5 1.5 -3.470872440278364751912170012780995954365318165604462191881446684248095e-79
5.5 1.5 -8.747788444695394384106879403376465928541392266016457712258451060674125e-80
6.5 1.5 4.097583469386256301376575950829825627079200919744865949081271354108052e-80
7.5 1.5 6.788324869755345458594264386078825744816470549519305010451161973887356e-80
8.5 1.5 -2.674088699160637889263812012547826817918563350168021401549619437386775e-79
9.5 1.5 -2.978646824550186087888691758021560371447927764225949226914602287780617e-80
0.5 0.5 -1.006759512118320908868675437072712389748654685579576102422095956517439e-80
1.5 0.5 -6.519139144109132282914326109880790929863409520602777230218207299511531e-80
2.5 0.5 -7.428320834206966330316599090821218941882977532345360397513886405186913e-81
3.5 0.5 2.679930863729256970586951950039529132572487920348104698751176044821474e-79
4.5 0.5 -3.496797803724755738592724681167262844042389556335958078187442958247246e-79
5.5 0.5 -3.482364016198237614834450553591994066921119360928347788823091649468941e-79
6.5 0.5 -2.753467294759802100409401241945288865579606832985380869751599320323885e-80
7.5 0.5 6.191678298686381420249712603720262453073129924053769049134810851048283e-80
8.5 0.5 1.362775864076430453196591139633046997251135161091348508755206878918355e-79
9.5 0.5 1.13350355638186654290573603997376809344070187520783095913829596110681e-80
10.5 0.5 7.357721359776829355093370290692924241575041093774294093660609140717266e-81
3.342773038034020744826781345650823837655118595223655874061531028323848 16.90995638095081317338435043144809906986801740342850973816220895414387 27.1205829312992492848307565526800718753808008120922530410472780588396
4.396846286515081176167631727489316741490946730416184894390258647869807 17.41487064721671969962563082823034457068794460076616633337143466894155 1.178506124822263296282642380998699070492008369259596135170309731270026
5.407024202136836333268886588530325862444008043284423639262852827037779 17.40702420213683633326888658853032586244400804328442363926285282703778 -1.762196690522636847754100881946774894735148357571414781873243418223331e-78
6.407024202136836333268886588530325862444008043284423639262852827037779 17.40702420213683633326888658853032586244400804328442363926285282703778 -7.226671919497973034550064877679541399710305567200387154357229638156699e-79
7.407024202136836333268886588530325862444008043284423639262852827037779 17.40702420213683633326888658853032586244400804328442363926285282703778 -7.226671919497973034550064877679541399710305567200387154357229638156699e-79
8.407024202136836333268886588530325862444008043284423639262852827037779 17.40702420213683633326888658853032586244400804328442363926285282703778 6.3175108366995317825829589397581553936289043865096433464550460101994e-79
9.407024202136836333268886588530325862444008043284423639262852827037779 17.40702420213683633326888658853032586244400804328442363926285282703778 -7.098856468540453392716938521722461637907483937715041746261709795607581e-80
10.40702420213683633326888658853032586244400804328442363926285282703778 17.40702420213683633326888658853032586244400804328442363926285282703778 1.150227057942581247122013038751700333201021547160783894038599405363481e-80
11.40702420213683633326888658853032586244400804328442363926285282703778 17.40702420213683633326888658853032586244400804328442363926285282703778 1.150227057942581247122013038751700333201021547160783894038599405363481e-80
12.40702420213683633326888658853032586244400804328442363926285282703778 17.40702420213683633326888658853032586244400804328442363926285282703778 -1.536603912397242636226774168840643119752096317861771953250932318250414e-79
13.40702420213683633326888658853032586244400804328442363926285282703778 17.40702420213683633326888658853032586244400804328442363926285282703778 -9.005770203370212018502319226556244801221962436033963895732241810838266e-79
14.40702420213683633326888658853032586244400804328442363926285282703778 17.40702420213683633326888658853032586244400804328442363926285282703778 -2.199258623526331831579001077683977415004734530440777922160810315202416e-79
15.40702420213683633326888658853032586244400804328442363926285282703778 17.40702420213683633326888658853032586244400804328442363926285282703778 -1.757488816106940107638701152009133363739399996378026391967210640848361e-79
16.40702420213683633326888658853032586244400804328442363926285282703778 17.40702420213683633326888658853032586244400804328442363926285282703778 -5.141788247355880377571918874710240832019703602440954284316742767198909e-79
17.40702420213683633326888658853032586244400804328442363926285282703778 17.40702420213683633326888658853032586244400804328442363926285282703778 4.743471839371512438510906534410708589159471191788257268213084286911938e-79
4.234067314604287247304224720421856073935325354300512827772205526473652 16.24292528838695302093401512953339385388626063883207892270545653896222 27.1205829312992492848307565526800718753808008120922530410472780588396
5.407024202136836333268886588530325862444008043284423639262852827037779 16.40702420213683633326888658853032586244400804328442363926285282703778 -4.88425431235703750594565335799688088689746341828998762437575958132563e-80
6.407024202136836333268886588530325862444008043284423639262852827037779 16.40702420213683633326888658853032586244400804328442363926285282703778 -1.01132205941470368181188406529728523645394465150262437260423775100645e-79
7.407024202136836333268886588530325862444008043284423639262852827037779 16.40702420213683633326888658853032586244400804328442363926285282703778 6.326399149386675977490781532625773211562325934651390844931282623991173e-79
8.407024202136836333268886588530325862444008043284423639262852827037779 16.40702420213683633326888658853032586244400804328442363926285282703778 8.029001340422805346463309419822121377364143800868245975096268199253754e-79
9.407024202136836333268886588530325862444008043284423639262852827037779 16.40702420213683633326888658853032586244400804328442363926285282703778 -8.181000529977332829550043269734054410970757487752520499445243046382208e-79
10.40702420213683633326888658853032586244400804328442363926285282703778 16.40702420213683633326888658853032586244400804328442363926285282703778 -1.901236511849208477849349424949981994160489362781189087872168083381942e-78
11.40702420213683633326888658853032586244400804328442363926285282703778 16.40702420213683633326888658853032586244400804328442363926285282703778 -1.901236511849208477849349424949981994160489362781189087872168083381942e-78
12.40702420213683633326888658853032586244400804328442363926285282703778 16.40702420213683633326888658853032586244400804328442363926285282703778 -1.843570870849840147458796257459135748465843124759313795605848911910262e-78
13.40702420213683633326888658853032586244400804328442363926285282703778 16.40702420213683633326888658853032586244400804328442363926285282703778 4.466361244760175870737603494921674752123496884871785674223357853648691e-80
14.40702420213683633326888658853032586244400804328442363926285282703778 16.40702420213683633326888658853032586244400804328442363926285282703778 -7.212859733195713251713009645870304918119719475300980300930177394575648e-80
15.40702420213683633326888658853032586244400804328442363926285282703778 16.40702420213683633326888658853032586244400804328442363926285282703778 7.340385711370982789257464716693573986427262478930718778902419887256044e-80
16.40702420213683633326888658853032586244400804328442363926285282703778 16.40702420213683633326888658853032586244400804328442363926285282703778 6.391339952517797503111746105886841908176877686156547775489933753557072e-79
17.40702420213683633326888658853032586244400804328442363926285282703778 16.40702420213683633326888658853032586244400804328442363926285282703778 -1.002676132460425290507477119328458851972771054676644085375765859615511e-78
5.407024202136836333268886588530325862444008043284423639262852827037779 15.40702420213683633326888658853032586244400804328442363926285282703778 -5.352245912645962277782417501765549991703090539840405628790096498812415e-79
7.407024202136836333268886588530325862444008043284423639262852827037779 15.40702420213683633326888658853032586244400804328442363926285282703778 -6.113298618842095289452809090268435211701814632560854110871186642278122e-79
11.40702420213683633326888658853032586244400804328442363926285282703778 10.40702420213683633326888658853032586244400804328442363926285282703778 -2.850457273243484612739331525400861686385737251540489208502400860979681e-80
8.407024202136836333268886588530325862444008043284423639262852827037779 15.40702420213683633326888658853032586244400804328442363926285282703778 8.353455733418649815991810067632414480874419281851273017158558795403004e-79
9.407024202136836333268886588530325862444008043284423639262852827037779 15.40702420213683633326888658853032586244400804328442363926285282703778 -5.492210640848848269087204369926625902156660449927822194141158300072875e-79
10.40702420213683633326888658853032586244400804328442363926285282703778 10.40702420213683633326888658853032586244400804328442363926285282703778 1.579810105230999468175001702743192481300486907597725934086841040098838e-79
11.40702420213683633326888658853032586244400804328442363926285282703778 15.40702420213683633326888658853032586244400804328442363926285282703778 -8.431201064782267878747657070057078280136015808860417175910887855154276e-79
12.40702420213683633326888658853032586244400804328442363926285282703778 15.40702420213683633326888658853032586244400804328442363926285282703778 -7.606292712133969243089092975002866738089074494827470632739292391319931e-79
13.40702420213683633326888658853032586244400804328442363926285282703778 15.40702420213683633326888658853032586244400804328442363926285282703778 3.136400309679663079220074619608945521628594027615314183118026718448741e-79
14.40702420213683633326888658853032586244400804328442363926285282703778 15.40702420213683633326888658853032586244400804328442363926285282703778 2.149238315512148029007472916909227786583925162360619480000307017574731e-79
15.40702420213683633326888658853032586244400804328442363926285282703778 15.40702420213683633326888658853032586244400804328442363926285282703778 -1.351144644798814306731868373553283566125503270426786276736048847957767e-78
16.40702086864604681000000001079407540189064626432779474072430106070725 14.40702420213683633326888658853032586244400804328442363926285282703778 -7.292631457803191775035801619023653966259409721592655086152185011293041e-79
17.40702420213683633326888658853032586244400804328442363926285282703778 15.40702420213683633326888658853032586244400804328442363926285282703778 1.269188462647127512091884998357892342113794778371733860577271477745183e-78
6.407011388500142959999999959983551050232436714952817211196289679534544 14.40702420213683633326888658853032586244400804328442363926285282703778 2.582708386063956307835073055728815211988202033569372236173955155126637e-79
7.407012819008558679999999881867979304413639708608410835970055869831275 14.40702420213683633326888658853032586244400804328442363926285282703778 -1.378944126296968462422548220507662541483884156567261454442677806822967e-78
8.407013928352157000000000479956242561449387435504240244995167143632091 14.40702420213683633326888658853032586244400804328442363926285282703778 -1.684087055474336018224772598360715685943519005026381586614685461433032e-79
9.407014915001495230000000222241858738067023348251870257565362878730543 14.40702420213683633326888658853032586244400804328442363926285282703778 -8.978168351894472896580535739051769329058880040878917592860924092909861e-79
10.40702420213683633326888658853032586244400804328442363926285282703778 15.40702420213683633326888658853032586244400804328442363926285282703778 -7.664923974324447617544020649974070425154256602980512455476982334510013e-79
11.4070167218276008500000000095155117394545176340772354549499092903325 14.40702420213683633326888658853032586244400804328442363926285282703778 1.383823260455231387531109546177079000515565287936771496976669794237119e-78
12.40701758100666828999999980682458175708617157823505604355348617207117 14.40702420213683633326888658853032586244400804328442363926285282703778 -5.654209415371033974793856646198985257260616016712811243518754572731581e-79
13.40701842428123135999999983650596186372598651392509824039492119878601 14.40702420213683633326888658853032586244400804328442363926285282703778 -2.030104052342252810816456672593214314133524018667930786041361379861015e-79
14.40702420213683633326888658853032586244400804328442363926285282703778 13.40702420213683633326888658853032586244400804328442363926285282703778 4.326190368107776483617172459245025186177215393933551180373044750429424e-79
15.40702007233792870000000006801573272037976164450407696947037357231185 14.40702420213683633326888658853032586244400804328442363926285282703778 -2.665813419231773391353884976768071317425785508128179263472732138580275e-79
16.40702420213683633326888658853032586244400804328442363926285282703778 13.40702420213683633326888658853032586244400804328442363926285282703778 3.51337457305740985344460335267455570999824946174321110718639340689705e-78
17.40702164978767285999999982445788205175021084950845336403664815247555 14.40702420213683633326888658853032586244400804328442363926285282703778 2.255875027486388371595252378029649060614636097713985934355427236370889e-78
6.407024202136836333268886588530325862444008043284423639262852827037779 13.40702420213683633326888658853032586244400804328442363926285282703778 -5.569878887605995926292325423186127748413110019518175984248146374473144e-79
7.407024202136836333268886588530325862444008043284423639262852827037779 13.40702420213683633326888658853032586244400804328442363926285282703778 -3.153785091851571956004452731670423935918922539632863482993135984476509e-79
9.407024202136836333268886588530325862444008043284423639262852827037779 13.40702420213683633326888658853032586244400804328442363926285282703778 4.970804963277270361872789193659660703352365664094958396808949181369429e-79
10.40701583784913352999999999832948526675593640293463251698018329131633 14.40702420213683633326888658853032586244400804328442363926285282703778 -4.74522125002416316861817338829182980947401739896403007315041017082436e-79
11.40702420213683633326888658853032586244400804328442363926285282703778 13.40702420213683633326888658853032586244400804328442363926285282703778 1.405598923889423481708162720347062890026208994361807608836359596015078e-78
8.407024202136836333268886588530325862444008043284423639262852827037779 13.40702420213683633326888658853032586244400804328442363926285282703778 -4.034812692911976295296229764024725892286183621282984642422189329447785e-79
12.40702420213683633326888658853032586244400804328442363926285282703778 13.40702420213683633326888658853032586244400804328442363926285282703778 1.509961546867718257148083162794834854399554656698169341467505399035983e-79
13.40702420213683633326888658853032586244400804328442363926285282703778 13.40702420213683633326888658853032586244400804328442363926285282703778 -4.727069098253522493204623972155950725654174736475719617900159700952368e-79
14.40701925553158702000000023516680711912279416832083023240367642551269 14.40702420213683633326888658853032586244400804328442363926285282703778 6.642520271233564560167130285546016919263357020358038119140446060689361e-79
15.40702420213683633326888658853032586244400804328442363926285282703778 13.40702420213683633326888658853032586244400804328442363926285282703778 1.992197689188118433406239901199287571074766167992792722243745694885321e-79
16.40702420213683633326888658853032586244400804328442363926285282703778 12.40702420213683633326888658853032586244400804328442363926285282703778 4.237382187478899486331742321008553588076633004024611390726773521391287e-78
17.40702420213683633326888658853032586244400804328442363926285282703778 13.40702420213683633326888658853032586244400804328442363926285282703778 2.459070241309341528014184231911410427092775127502985829911083883857031e-78
7.407024202136836333268886588530325862444008043284423639262852827037779 12.40702420213683633326888658853032586244400804328442363926285282703778 -4.310020800064419212943572831973973171478773988667509694668366660339156e-79
8.407024202136836333268886588530325862444008043284423639262852827037779 12.40702420213683633326888658853032586244400804328442363926285282703778 -1.807657570369075342574607442202168226822080726958514882768185626299704e-78
9.407024202136836333268886588530325862444008043284423639262852827037779 12.40702420213683633326888658853032586244400804328442363926285282703778 -1.110529846854927825216048818661887861562732263012312568441264735505834e-78
10.40702420213683633326888658853032586244400804328442363926285282703778 13.40702420213683633326888658853032586244400804328442363926285282703778 1.380941472952371700940536938962722037618592713840783699987049401357922e-78
11.40702420213683633326888658853032586244400804328442363926285282703778 12.40702420213683633326888658853032586244400804328442363926285282703778 1.364317440760273675420654864642461641949442737018848389236677482247387e-78
12.40702420213683633326888658853032586244400804328442363926285282703778 12.40702420213683633326888658853032586244400804328442363926285282703778 -3.773475322226813067309904058104327599967406927469618715500820015155479e-79
13.40702420213683633326888658853032586244400804328442363926285282703778 12.40702420213683633326888658853032586244400804328442363926285282703778 -9.816549492285099613619263357955432041538893759484649725547866771665135e-79
14.40702420213683633326888658853032586244400804328442363926285282703778 12.40702420213683633326888658853032586244400804328442363926285282703778 -4.515788476039999333983984690648608595131122394221841291227054520985963e-79
15.40702420213683633326888658853032586244400804328442363926285282703778 12.40702420213683633326888658853032586244400804328442363926285282703778 6.934335569806671610180474800455911447278400819399395331840476970101939e-80
16.40702420213683633326888658853032586244400804328442363926285282703778 11.40702420213683633326888658853032586244400804328442363926285282703778 3.455760754892486948089790807389317484148740378905561681803707662060206e-78
17.40702420213683633326888658853032586244400804328442363926285282703778 12.40702420213683633326888658853032586244400804328442363926285282703778 4.847205162104580241984649704478782430451914646112602897899073392748837e-79
7.407024202136836333268886588530325862444008043284423639262852827037779 11.40702420213683633326888658853032586244400804328442363926285282703778 -6.342001754514774266868521303580247810019449779622604090140789417133681e-79
8.407024202136836333268886588530325862444008043284423639262852827037779 11.40702420213683633326888658853032586244400804328442363926285282703778 -8.09836372736558700852926213618746128500353171638458653280230491423917e-79
9.407024202136836333268886588530325862444008043284423639262852827037779 11.40702420213683633326888658853032586244400804328442363926285282703778 -9.703733705907293093712838375994068179924646112901668871338903205665356e-79
10.40702420213683633326888658853032586244400804328442363926285282703778 12.40702420213683633326888658853032586244400804328442363926285282703778 7.654930100083298951892401355260453114632688707456296608771634291709488e-79
11.40702420213683633326888658853032586244400804328442363926285282703778 11.40702420213683633326888658853032586244400804328442363926285282703778 -5.387871001881294801294016173457668308412733947710422960797088269956756e-79
12.40702420213683633326888658853032586244400804328442363926285282703778 11.40702420213683633326888658853032586244400804328442363926285282703778 -3.660368048805580128074223081778740547998586959337888102958569632270185e-79
13.40702420213683633326888658853032586244400804328442363926285282703778 11.40702420213683633326888658853032586244400804328442363926285282703778 -9.188778830191363963129152409451564837788045189249045738837942413305113e-79
14.40702420213683633326888658853032586244400804328442363926285282703778 11.40702420213683633326888658853032586244400804328442363926285282703778 -1.01235662130664516751091423872167321033375703414442942107635256801193e-78
15.40702420213683633326888658853032586244400804328442363926285282703778 11.40702420213683633326888658853032586244400804328442363926285282703778 -8.855092008029402868734480661840794876559227377520180642492684965185926e-79
16.40702420213683633326888658853032586244400804328442363926285282703778 15.40702420213683633326888658853032586244400804328442363926285282703778 -1.186162974269153882175385512398978363095772562643416209533289078175166e-78
17.40702420213683633326888658853032586244400804328442363926285282703778 11.40702420213683633326888658853032586244400804328442363926285282703778 3.148631793832061058393748981013379866120956176498383356496006027171854e-78
9.407024202136836333268886588530325862444008043284423639262852827037779 10.40702420213683633326888658853032586244400804328442363926285282703778 -1.334527821295555405215047664193266646624959312049177788813844422461448e-78
10.40702420213683633326888658853032586244400804328442363926285282703778 11.40702420213683633326888658853032586244400804328442363926285282703778 -7.369151160338280936087284755279503488696099673220704038087227438600256e-79
12.40702420213683633326888658853032586244400804328442363926285282703778 10.40702420213683633326888658853032586244400804328442363926285282703778 -2.245289240633773764567031481916598151209630384175108916444860082031326e-80
13.40702420213683633326888658853032586244400804328442363926285282703778 10.40702420213683633326888658853032586244400804328442363926285282703778 -2.464287054972226696126379795871491666343736249136593889947091036834674e-82
14.40702420213683633326888658853032586244400804328442363926285282703778 10.40702420213683633326888658853032586244400804328442363926285282703778 -1.067028455734746870992047970896399319612090227869412098808496674945779e-78
8.407024202136836333268886588530325862444008043284423639262852827037779 10.40702420213683633326888658853032586244400804328442363926285282703778 -1.587143003113902288451871638799905133957821577312759757511807485726157e-78
15.40702420213683633326888658853032586244400804328442363926285282703778 10.40702420213683633326888658853032586244400804328442363926285282703778 -6.934727115785822282378343299631308708606503712562148369642966573678866e-79
6.407024202136836333268886588530325862444008043284423639262852827037779 15.40702420213683633326888658853032586244400804328442363926285282703778 -3.206899618115277034302560277922871800324518015287604310800948091579399e-79
16.40702420213683633326888658853032586244400804328442363926285282703778 10.40702420213683633326888658853032586244400804328442363926285282703778 -5.180161187904362823867698898108799666534030404781262344024603179259562e-79
17.40702420213683633326888658853032586244400804328442363926285282703778 10.40702420213683633326888658853032586244400804328442363926285282703778 2.892180070203444571412284947210955473228719370919211760384526858941332e-78
8.406835193312851119999999950267017914728762472990577226792755059540772 9.407024202136836333268886588530325862444008043284423639262852827037779 -2.05535335133799358165716939070757211376429830541270844455672143317997e-78
9.406864242963791869999999945135559119811723072737033444948779904159244 9.407024202136836333268886588530325862444008043284423639262852827037779 -5.340858674052650516660404179898861549276649819964090443451118886293835e-79
10.40691066103279994000000039450367727857571817699666730550349843579208 9.407024202136836333268886588530325862444008043284423639262852827037779 3.517989573166774623262039512182315720663582679818243125602319730455673e-79
11.40693567086509041999999984058446746407898627585083762895422831299734 9.407024202136836333268886588530325862444008043284423639262852827037779 1.955187959323449017953436472696676758100596058407983849205720597858889e-79
12.40696277479156960999999855037830158039839344985587140822341807207089 9.407024202136836333268886588530325862444008043284423639262852827037779 -8.867486348663236948412209775632104949740953404742814345844466331576016e-79
13.40697418549449615000000020665090771716982576798697736068980015645711 9.407024202136836333268886588530325862444008043284423639262852827037779 -1.021577260834462731901951121794924057146160652533900380596846822527593e-78
14.40698558630866444000000011883132903954074382012633536765830914146331 9.407024202136836333268886588530325862444008043284423639262852827037779 -8.303790577811542194772985421520395990639088657372129761747277616493294e-79
15.40699493356908789000000033035439829554190161981344580163331341926321 9.407024202136836333268886588530325862444008043284423639262852827037779 -1.042266976968534114706064150199469115619625743079692235599066625668005e-78
16.40700290652621617999999845231753878443978128764138679081841102088219 9.407024202136836333268886588530325862444008043284423639262852827037779 -2.868169195209702269003379614704829341044341246393610045717376657473269e-79
17.40701224813849279000000030511445532051980791345489167475493668531663 9.407024202136836333268886588530325862444008043284423639262852827037779 2.389223268984050359110505819435163540338305469196874401315214976569891e-78
8.407024202136836333268886588530325862444008043284423639262852827037779 8.407024202136836333268886588530325862444008043284423639262852827037779 2.683424592487976630230224379085403001961435132089027661563742890643131e-79
9.407024202136836333268886588530325862444008043284423639262852827037779 8.407024202136836333268886588530325862444008043284423639262852827037779 -7.115139185745403769998977019949934375665818684817473892584946143727049e-80
10.40702420213683633326888658853032586244400804328442363926285282703778 8.407024202136836333268886588530325862444008043284423639262852827037779 -3.157516975893748672808631043303438151164965675160936100737106824766647e-79
11.40702420213683633326888658853032586244400804328442363926285282703778 8.407024202136836333268886588530325862444008043284423639262852827037779 -1.427062968653532121321203361434997769246274791696913764665862958756311e-78
12.40702420213683633326888658853032586244400804328442363926285282703778 8.407024202136836333268886588530325862444008043284423639262852827037779 -9.258052811771171657202025484808053553480736791650272089965512699157233e-79
13.40702420213683633326888658853032586244400804328442363926285282703778 8.407024202136836333268886588530325862444008043284423639262852827037779 -1.020462879891706393896492997390469697490598113058103292881963114769515e-78
14.40702420213683633326888658853032586244400804328442363926285282703778 8.407024202136836333268886588530325862444008043284423639262852827037779 -7.39250402899065126235625005459350075829479294723126828477587318676323e-81
15.40702420213683633326888658853032586244400804328442363926285282703778 8.407024202136836333268886588530325862444008043284423639262852827037779 -7.225468297059104807489326297405405960385567315734404666543009212414312e-79
16.40702420213683633326888658853032586244400804328442363926285282703778 8.407024202136836333268886588530325862444008043284423639262852827037779 5.705762327633921672147900516704894021802374732279085946520756473595738e-79
17.40702420213683633326888658853032586244400804328442363926285282703778 8.407024202136836333268886588530325862444008043284423639262852827037779 2.349895145939743605039719547003660343811439967575351817588295072469242e-78
11.40702420213683633326888658853032586244400804328442363926285282703778 7.407024202136836333268886588530325862444008043284423639262852827037779 -1.353525768391140093666497557503086141959837945613098992090942536820347e-78
12.40702420213683633326888658853032586244400804328442363926285282703778 7.407024202136836333268886588530325862444008043284423639262852827037779 -8.011198899751107730393869038629787194998388652355800210783530572466941e-79
13.40702420213683633326888658853032586244400804328442363926285282703778 7.407024202136836333268886588530325862444008043284423639262852827037779 -1.136914974945662545788558748495430647814128620626096758712918674114649e-78
14.40702420213683633326888658853032586244400804328442363926285282703778 7.407024202136836333268886588530325862444008043284423639262852827037779 4.018218078740814692896494417994349231614062796537903409698462977551327e-79
15.40702420213683633326888658853032586244400804328442363926285282703778 7.407024202136836333268886588530325862444008043284423639262852827037779 -8.127897794693250328500088396994042411221177357523088425668043793999525e-80
16.40702420213683633326888658853032586244400804328442363926285282703778 7.407024202136836333268886588530325862444008043284423639262852827037779 2.243772799409188092580355707194548775829708261377392061600400043082616e-78
17.40702420213683633326888658853032586244400804328442363926285282703778 7.407024202136836333268886588530325862444008043284423639262852827037779 2.526459298896943367455662159150252151625036490594508012274713843225651e-78
13.40702420213683633326888658853032586244400804328442363926285282703778 6.407024202136836333268886588530325862444008043284423639262852827037779 -1.388858801567825137805950542723234016673953328149138158254157986232823e-78
14.40702420213683633326888658853032586244400804328442363926285282703778 6.407024202136836333268886588530325862444008043284423639262852827037779 -1.1422685818656264414535300724751381779483350892968061807502802368721e-78
15.40702420213683633326888658853032586244400804328442363926285282703778 6.407024202136836333268886588530325862444008043284423639262852827037779 2.453054272433954653095612245416130816937989543121580402633385704982352e-78
16.40702420213683633326888658853032586244400804328442363926285282703778 6.407024202136836333268886588530325862444008043284423639262852827037779 2.476651102314549095617917200157736470653204581966892258175790853778806e-78
17.40702420213683633326888658853032586244400804328442363926285282703778 6.407024202136836333268886588530325862444008043284423639262852827037779 2.945307953085396221689684568235046777226534148672992060177084762466216e-78
16.40702420213683633326888658853032586244400804328442363926285282703778 5.407024202136836333268886588530325862444008043284423639262852827037779 2.40456402453222005714600745938957716005783924170926150299132083826927e-78
17.40702420213683633326888658853032586244400804328442363926285282703778 5.407024202136836333268886588530325862444008043284423639262852827037779 3.147431091584077409775795541495339955205459102229679308786133566109521e-78
18.40702420213683633326888658853032586244400804328442363926285282703778 5.407024202136836333268886588530325862444008043284423639262852827037779 3.340223308958752651530734264622738417243394087926035963377501325135568e-78
16.40702420213683633326888658853032586244400804328442363926285282703778 4.407024202136836333268886588530325862444008043284423639262852827037779 2.495517239197660515225221312357802658261023385182063198367498392653239e-78
17.40702420213683633326888658853032586244400804328442363926285282703778 4.407024202136836333268886588530325862444008043284423639262852827037779 2.135404992721505181196321820228149116473465397280162643180194790938102e-78
17.20928811120008807997589169784638272362521724312360853233016929064202 3.209288111200088079975891697846382723625217243123608532330169290642022 -35.66183160152883197770249964645138481091755702222399460286016756478232
7.264089684525962851959825294677927018156529845260788713735002037123008 10.26408968452596285195982529467792701815652984526078871373500203712301 20.40145975009009368754853763439272088699818122494067062314505354887629
7.264089684525962851959825294677927018156529845260788713735002037123008 9.084148134087572227679998505877647195933068648283290996300822645767253 20.40145975009009368754853763439272088699818122494067062314505354887629
9.396541213561766111393907872432428908203359942905902979527472452351861 7.407024202136836333268886588530325862444008043284423639262852827037779 1.69898160597802459789593594142811398246144096442551100371947652459183e-79
10.40702420213683633326888658853032586244400804328442363926285282703778 7.407024202136836333268886588530325862444008043284423639262852827037779 -1.777580710593239110784652601327141433437126310377691598790660455618674e-79
6.407024202136836333268886588530325862444008043284423639262852827037779 12.40702420213683633326888658853032586244400804328442363926285282703778 -5.35483976034725814369473492065981792940502330671132360461008405931239e-79
7.326326168095736132396532500406253467129886665306036142444414205734411 8.00334119008975526329252420285330232849599477985628044735478905952765 22.43294271188766458049594422905093080341936068964971167770209216570087
12.40702420213683633326888658853032586244400804328442363926285282703778 6.407024202136836333268886588530325862444008043284423639262852827037779 -1.630940074462750820766434662009866058824249847129834508477560394449283e-78
6.5 6.5 -4.392145107280318900006705704247834286997698936880946125532786200192163e-79
8.197454004411464678654966085902591811860293718521412053388009427023704 7.184971483695952320832575565159840437796075424707455878361829594296643 -36.36261973218888153037533619010899970011810226836423026486091845425595
0.5 15.5 -1.581030090087407420990798830721335937451712057327383611741003884988336e-80
1.582734258974099126121615992733084758086967707608094169855443841220936 15.95906219093442712685741253730929518743372033947764001524314316826381 27.1205829312992492848307565526800718753808008120922530410472780588396
0.5 14.5 -1.581030090087407420990798830721335937451712057327383611741003884988336e-80
1.5 14.62072734603656783156169310474802431833709028904376395514455885593241 3.917382947436531597920409325599318886881051568513721682213953662462895e-80
2.453091390296837333391876316551739860443884656820894729858820496856212 16.45337427946683262312370580106948965449580617092812521293523608321787 27.1205829312992492848307565526800718753808008120922530410472780588396
0.5 13.5 -1.033689311188964544924100779803673742352872965038078911361671807711875e-80
1.5 13.50207406866750950246435521822555832770565425921884838087349776630225 8.66089375261900102494718892859532164785536289421071263507352040960351e-81
2.47402853554436562859905936750411699436717446668495112356611833937074 15.29203109837056697440707723539458997145196357488120919978639075308216 27.1205829312992492848307565526800718753808008120922530410472780588396
3.366080615552695795820383615731460771102922388069644208835036870745316 14.625311447097069808587927335751873830765451242914711878170683786839 27.11276063178815912653150154968483003921910372356360796943813143003687
4.236443004198493206351225271408395754215956536115340412359271837787035 15.11962622832124917748320474070229202528117543158720978044085366347799 27.11276063178815912653150154968483003921910372356360796943813143003687
0.5 12.5 -5.282205307313624761599848587367528981111319940003966754191110547133216e-80
1.5 12.50207406866750950246435521822555832770565425921884838087349776630225 2.895197141087377455935234987240023078149613070616161921926031174618211e-81
2.648276158346009814532187176930515621892040768723549895824693961260847 12.76333613880194306618711948353601953716676751716615759060860772869544 21.46279239475406750179914253788041268684736507814869870516240847442801
2.624794099392404342054647303577956085230481828805228668119826056546757 13.87889876041413946276085404286386336714025545253115825613832124665213 27.11276063178815912653150154968483003921910372356360796943813143003687
4.325343075749249138157718346034348564827295355014234367273991502949584 13.96857330819671964603385505602532205483269557803965036124657793879893 24.56313642089136586896086026890013467668993402393909518895872705376826
1.5 11.5 -4.216752632000512232204262070965073211696164659072238906521560237398979e-80
2.624679559194051211541967440802215433208623793759589150069296519324603 11.67167449433934978688135603131981493905794578815915187955460428822373 17.16025008302949322806742721167765073388350176030649215518024944479921
3.570231390928708247373703107551845988366070269047498840889533452653207 13.21508203946911239926153437071933971177696333029884177070406745243666 24.56313642089136586896086026890013467668993402393909518895872705376826
4.481884767612194842315260608807036310026695073892419228551531945374096 12.49331418956075071385151880518272505659419696153295895979850516335672 20.34519810064329101822626237157593959108390329868598166007327612144546
5.264379020528279163836520296514084565898005050568770610400248953556511 13.25932087245116168319034267619953192831345137220334443830152134023545 20.34519810064329101822626237157593959108390329868598166007327612144546
1.5 10.5 1.612793454440544099093775593187178015743839484476470825600575962902715e-80
2.625264261537909461924730339745951480288699570470682158043371188324419 10.62526426153790946192473033974595148028869957047068215804337118832442 17.16025008302949322806742721167765073388350176030649215518024944479921
3.581461607784103201095040739285780464071976972702109225929799423355454 12.04533951757174914375887981402410576044186548446153582685741760003626 20.34519810064329101822626237157593959108390329868598166007327612144546
4.523046258167193700259448641174868805556844941312932663198028118658569 11.32302399332063086257175995664553547480993786081048492120988184561862 19.81334749223591180822693371239478891051449044637031155366255774047892
5.424440873684645166209391441393899488519863294373886617425017864383811 11.77135888913501071936000209261501882614627846760917637881957591588397 19.81334749223591180822693371239478891051449044637031155366255774047892
2.5 9.5 -1.072185999227760814696710076490774144926015602053949775782539039045138e-79
3.599576158946921257710807667545229614392314526593967116324425199359808 10.93596132258413978768607541025653243555461963877140902583074328943985 19.81334749223591180822693371239478891051449044637031155366255774047892
4.514993124242899538398206657209960620367679350481283868602907696039506 10.18005464142821358845871608906878103990414843478568849439056169330483 17.29995329022850609568720330575315063482450395419347521368425775707019
5.441480750979922378013832020944445925872119838358717712512550053974187 10.56820448305549831129055546650560689326115724297360275362752314918343 17.29995329022850609568720330575315063482450395419347521368425775707019
3.568427379743942232972313714888282679450988904790446694280085784732466 9.85636839938952801006595544364612805666434497741692168513714900164651 17.29995329022850609568720330575315063482450395419347521368425775707019
4.496527625548727642115176958668164921984113451926048501740518551485492 9.099306980681907132087871733883488502167989091241215221817657507435489 20.40145975009009368754853763439272088699818122494067062314505354887629
5.440703433881656579233907839543727063605446441618547501976906093822774 9.429343554139087083656657411241738620262103766542197856307654605207538 20.40145975009009368754853763439272088699818122494067062314505354887629
3.5 8.5 1.35495013858767622877140653348437313896349575284281383898182116032298e-79
5.403777544154317848244616941980929663817387799021938401935203626873464 8.348684986635198425236224314553877866689062887765697482480958854978537 20.40145975009009368754853763439272088699818122494067062314505354887629
4.5 7.5 -3.805645792749617074412371173727365146107668619548278961648798346495444e-79
5.404514866440617893401468338072419347135173531134794590775195200867176 14.40119335248936266592113725053379601882590157532432532282047306275133 0.2882751107393722852903362644259772646912609326807842234932481000223196
2.493339991411048553574171289943822890610617753678438503730065912845461 17.59854763991840016309704575779509594369712087261183360412730557812297 27.22525486781746605770063819362127876880862550588336716651743622599266
3.344385666867103835869319691322772096724091415897751683569494995006017 15.78634318690297247067337049915478443851404940633169439747848366803623 27.1205829312992492848307565526800718753808008120922530410472780588396
6.348582448374309061306231539799870703228752780099228784683380577874953 11.01859555673521266754434082452416066315195987073975683838024090116424 17.29995329022850609568720330575315063482450395419347521368425775707019
6.363742465790882749407096927177311003098388123034010642802981467299041 9.816210774832132757024328279924123675777353495835908690045539852939989 20.40145975009009368754853763439272088699818122494067062314505354887629
6.341050652616736681786636207044343078663588163845325572908926663646742 8.697280913394526554312327637195262140417818918989580162562937398034802 20.40145975009009368754853763439272088699818122494067062314505354887629
6.374870543564135085020765667712410019465995263723651450996145965168687 7.642934517610873481309061293852398844287478198023634925527850789914771 20.40145975009009368754853763439272088699818122494067062314505354887629
4.5 6.5 -2.92697765828663077422085541237943971259943280434386197632873033302907e-79
5.5 6.500021036486939960000000093379188178692151066410943281439056937397676 -3.655209297283317866954692956629079327217824192187704730763463847050576e-79
15.5 0.5 4.712019588115145854185209368643913654208752528147503162873202859693097e-79
16.00284389147848814043970138828814702754233616725982364120476804053244 1.613365089909759894751529738820042626495277272475920865500827049227625 -35.66183160152883197770249964645138481091755702222399460286016756478232
14.5 0.5 -3.45212668214808886089104248336227431711126108182736048720173380801549e-79
14.76829965372387420769901708556433915394635831771462540188738797127918 1.5 -3.721720349701274496808917092319512159669767137684516177369676918764253e-79
15.31994071310083781749160590474863334688970449165266640234177737467197 2.52611236449932335289204359878096918930448703001591097883361277033145 -24.55250294603337113999588453546918312576280800332482305996636858669229
13.5 0.5 -9.126798241222993036954830793719420404187909626873162636772555716969224e-80
13.6296245033627484889961960106325675303003624834711272016354520896467 1.5 5.821525459831236686006230439729865768771189932726800969185640761495428e-80
14.00747408492214974403673899979751099454602093074696882634980423328765 2.612905368542372008069737862874225072795374653033510237345077599814037 -25.59366498693406246797367403000733416121108286248182052490082483498195
14.63081959425013920382734389840059819104895021544034871932035364851126 3.423127578567315801717224680021553584976722917887207021537766005358997 -25.59366498693406246797367403000733416121108286248182052490082483498195
15.24009103781752889864946594628063496031602207563146091328547479979569 4.240091037817528898649465946280634960316022075631460913285474799795695 -25.59366498693406246797367403000733416121108286248182052490082483498195
12.5 0.5 3.059270523191108007930801624229099985734854696308300711172037481438206e-79
12.5 1.5 3.185388461088960859395417162664981863124475299642638351834044753355615e-79
12.88654888504511903973336253386871299258290933865949118303226076032832 2.62059965549536003885350341578942764961822447516118534730136060256589 -27.21686539593683224102085838649193075991474560090490053425092397107266
13.33179200457600988174335135433146169021636964057601736654745217420579 3.516113032888558337579851286866331669507963545277628779905179759435822 -27.21686539593683224102085838649193075991474560090490053425092397107266
13.95257219410895498378541565803711229216844104826315463455357934339546 4.321347282448571385684457497521059288370805285564144149861946854558148 -27.21686539593683224102085838649193075991474560090490053425092397107266
11.5 0.5 2.184286257005607279423688325046082566035885084380973440936799118896304e-80
11.5 1.5 -2.580825746356264537255182074087761724042937462004878908757442649616117e-79
11.66968700273471852231800809811265793322811484034429310029889969770424 2.5 -5.612667566783671108502209532517347423524608860670441527078972305980798e-80
12.17988375444723896968404751843424439752314361254425691303610574182139 3.533907191014755523725010781357098342604495674817014610592241648081024 -21.65140324489827343462611822051958680492780822870924092781861502323278
12.6266858390452647552797602288158929150557924581236375505602619200759 4.432451791312832528196822434159141117589483097877251407187846199649081 -21.65140324489827343462611822051958680492780822870924092781861502323278
14.40702420213683633326888658853032586244400804328442363926285282703778 5.407024202136836333268886588530325862444008043284423639262852827037779 -1.45269477546026124855891825773443146508154656740564985091827875243114e-78
10.5 1.5 1.034882255800473341367763656677325006621987641057850440936874701648744e-79
10.5 2.5 8.444832198782685167820497207616160211457171160694183124234676714894228e-80
10.91823119464952331598350881880036909713023410009717355612438477103039 3.604305369172857938403679798811204031547845341922550549658034880337387 -27.21686539593683224102085838649193075991474560090490053425092397107266
11.47165773329579772216983269784042926414247956161382913626182453438879 4.444179759749001169126942483325220799096140083206045653453135389793059 -27.21686539593683224102085838649193075991474560090490053425092397107266
13.25782199938631075521857610628093440467354928710592038799095690767312 5.257821999386310755218576106280934404673549287105920387990956907673124 -21.65140324489827343462611822051958680492780822870924092781861502323278
9.5 2.5 -1.986711214980302807587084740544000943979136633949210737878584947720148e-80
9.667125616730088036961420444900144248820825031993009531116374862841284 3.667125616730088036961420444900144248820825031993009531116374862841284 -25.64065241678812377253668138575861312958256489574249845552591496623493
10.79483361761541934259746084179440695661665892165987065218631755205327 5.344295706411614356851027396783214240686389835739172416279930657640301 -25.64065241678812377253668138575861312958256489574249845552591496623493
11.91690085282668856417982151830317796177593986353035531977701594826627 5.339693137142199467853290354402124818985879153322489086056954546662991 -27.21686539593683224102085838649193075991474560090490053425092397107266
8.5 3.5 -2.172131124573280385558565103855410077947055423735598139733925076543936e-79
10.23987441245022489521800130144982010607275909069264490601693504366639 4.501441227342385605784748678289348884183038409369323658209128929314977 -25.64065241678812377253668138575861312958256489574249845552591496623493
9.561268520533773739200023637384202025802022559082276157781472367739082 5.39809272117535443156678596494925180578679881691112351911002405329989 -27.21686539593683224102085838649193075991474560090490053425092397107266
8.990300637881978469047446246450662738318555180732185495289606379580681 4.567239885065294993069714268334686110624521606560286995600807799441314 -27.21686539593683224102085838649193075991474560090490053425092397107266
8.281346889983253112023467691527574649530219313487440299635803896015114 5.414289003651949446964854805876258535208939605887516765038050601787877 -36.36261973218888153037533619010899970011810226836423026486091845425595
7.500341144253563460000002384915300204200540146854396607930530082889536 4.5 3.111149207258641851843495787910224053778743380100190490959357102929934e-80
15.40702420213683633326888658853032586244400804328442363926285282703778 5.407024202136836333268886588530325862444008043284423639262852827037779 2.578107784095104285299036716946139142924440968907460051673349834836795e-78
16.60052768171502455504826574259851960017897019894675710720595509613638 2.415300695143032757198694135887815874425554422082891952975344082083034 -35.66183160152883197770249964645138481091755702222399460286016756478232
15.93082674334777560166492658039119308781622930272717009006780637077395 3.346446682524341715357187454987589743645225047186135098255747098929709 -24.55250294603337113999588453546918312576280800332482305996636858669229
11.2398985854067482963074661436301816136231830112914141081464779641965 6.239898585406748296307466143630181613623183011291414108146477964196496 -25.64065241678812377253668138575861312958256489574249845552591496623493
10.11469505918004814538634751642426219281426802059893173791891213109748 6.237967111751497662290048649463268573335093558194618622905124562755562 -27.21686539593683224102085838649193075991474560090490053425092397107266
8.897258859837728181776459848089941370968774932720105156173931381131735 6.293467394908811572010600969998640764993496249040273302106060531424364 -27.21686539593683224102085838649193075991474560090490053425092397107266
7.699087209150301432738941786529837096343066224384490926139463025328157 6.310094650781376543042079599038124424931360161131685079887553157849347 -36.36261973218888153037533619010899970011810226836423026486091845425595
6.614409962653549970000000001122460264713943870248627160480822785700444 5.5 -2.947311450235023731766994984955183997396847086524389045198362310739175e-79
17.98594570976512250103227258208392887704731348653094273153762183747034 0.5 6.027481742851992604337473470796325232114298208618463127422486015258067e-80
18.57907929152605038633154499201702489133837214560941141727281466997432 1.508016710819162460455870377518504598462961594883796053334910512034654 -24.90269595905290915044341275802763252102355357336076963421970304549783
17.85482470772227957209740534935098237288258519695619854724952370828632 2.347429165350133285442161184040482828436873686724708002976161221840503 -32.50099010225722562696301284964305038084713134219033653357736548498304
18.40702420213683633326888658853032586244400804328442363926285282703778 3.407024202136836333268886588530325862444008043284423639262852827037779 3.54391794526726545046168570195863537391738867367090104716513481369271e-78
18.40702420213683633326888658853032586244400804328442363926285282703778 4.407024202136836333268886588530325862444008043284423639262852827037779 3.549687653644837643132402438535681116646801200725958487619477037875243e-78
18.40702420213683633326888658853032586244400804328442363926285282703778 6.407024202136836333268886588530325862444008043284423639262852827037779 3.274293977185410944231991125580648134681287059700972453406517744168816e-78
18.40702420213683633326888658853032586244400804328442363926285282703778 7.407024202136836333268886588530325862444008043284423639262852827037779 2.373980531156610592707277569463145429066050485990342243973196247589136e-78
18.40702420213683633326888658853032586244400804328442363926285282703778 8.407024202136836333268886588530325862444008043284423639262852827037779 7.993887153726782581830014397340499472641121011465849951350897515987346e-79
18.40701764675366902999999952379997828394773122155847667376166774974322 9.407024202136836333268886588530325862444008043284423639262852827037779 1.179257371393164639796093920325649736165177633727171212084139618272941e-79
18.40702420213683633326888658853032586244400804328442363926285282703778 10.40702420213683633326888658853032586244400804328442363926285282703778 2.999165526773913196023189556806211951553529846841503916030265506634764e-79
18.40702420213683633326888658853032586244400804328442363926285282703778 11.40702420213683633326888658853032586244400804328442363926285282703778 1.796981860169591623160314928529576276975495751502485082325890412387238e-78
18.40702420213683633326888658853032586244400804328442363926285282703778 12.40702420213683633326888658853032586244400804328442363926285282703778 5.506257622257708665596801404633048913992679102459184616075136111573221e-79
18.40702420213683633326888658853032586244400804328442363926285282703778 13.40702420213683633326888658853032586244400804328442363926285282703778 5.237458713184285364388628596254449494662813103794033359114572560674999e-79
18.40702246716366374999999987793861725233358412069314455307868433003759 14.40702420213683633326888658853032586244400804328442363926285282703778 1.212819536599346001342934162849677216851134003852903649177067122661557e-79
18.40702420213683633326888658853032586244400804328442363926285282703778 15.40702420213683633326888658853032586244400804328442363926285282703778 8.051666855385637998188446264028491008538422307575372825846124201008166e-80
18.40702420213683633326888658853032586244400804328442363926285282703778 16.40702420213683633326888658853032586244400804328442363926285282703778 -1.334462383879547673138672010297848787900350436750191229125621320911748e-78
18.40702420213683633326888658853032586244400804328442363926285282703778 17.40702420213683633326888658853032586244400804328442363926285282703778 -4.316879894707577450068616058773180707693731857781664611493204675575443e-79
18.40702420213683633326888658853032586244400804328442363926285282703778 18.40702420213683633326888658853032586244400804328442363926285282703778 -1.350826624034392730691400455814995036967015504540106640395163837921869e-78
0.5 18.28403761118546099999999997039000134732221348372639094509580032550611 -1.133703565797189542151413027234515115681450900491502594040881488575302e-81
1.5 18.40702420213683633326888658853032586244400804328442363926285282703778 5.451693924312293694423642676067050542921023860437717250020803117502946e-80
3.397009855650427040702595268350299177666325576839582576334431246117074 18.39684628651508117616763172748931674149094673041618489439025864786981 1.178506124822263296282642380998699070492008369259596135170309731270026
4.396846286515081176167631727489316741490946730416184894390258647869807 18.41508222252969628873465569869913065976462805700445507913481969371981 1.178506124822263296282642380998699070492008369259596135170309731270026
5.407024202136836333268886588530325862444008043284423639262852827037779 18.40702420213683633326888658853032586244400804328442363926285282703778 -1.762196690522636847754100881946774894735148357571414781873243418223331e-78
6.407024202136836333268886588530325862444008043284423639262852827037779 18.40702420213683633326888658853032586244400804328442363926285282703778 -1.910112997098317087143302219817020412514179106785987314914221508943227e-78
7.407024202136836333268886588530325862444008043284423639262852827037779 18.40702420213683633326888658853032586244400804328442363926285282703778 4.371892630650165134147335541594452901702904784940708291912498421936049e-79
8.407024202136836333268886588530325862444008043284423639262852827037779 18.40702420213683633326888658853032586244400804328442363926285282703778 -2.719939146277025282420521285439201401715267005942121113227234527679908e-79
9.407024202136836333268886588530325862444008043284423639262852827037779 18.40702420213683633326888658853032586244400804328442363926285282703778 -8.52440091347373134341199233588432835624546068306511640980049990176148e-79
10.40702420213683633326888658853032586244400804328442363926285282703778 18.40702420213683633326888658853032586244400804328442363926285282703778 1.388243361395882585970864041302040480152796244400934770275399696626795e-78
11.40702420213683633326888658853032586244400804328442363926285282703778 18.40702420213683633326888658853032586244400804328442363926285282703778 1.147656488470423010963655742999805179689743889339396067831144227035796e-79
12.40702420213683633326888658853032586244400804328442363926285282703778 18.40702420213683633326888658853032586244400804328442363926285282703778 8.918879697196302139753797124247969219723276901321550922753379181528104e-79
13.40702420213683633326888658853032586244400804328442363926285282703778 18.40702420213683633326888658853032586244400804328442363926285282703778 -9.163212542239374596612519708097485504489552289468041071313773159961562e-79
14.40702420213683633326888658853032586244400804328442363926285282703778 18.40702420213683633326888658853032586244400804328442363926285282703778 -1.46458770154032251410244345021323049610376828873317787158732790351474e-78
15.40702420213683633326888658853032586244400804328442363926285282703778 18.40702420213683633326888658853032586244400804328442363926285282703778 -1.716770297397461221302034012408090853562874274406855148196574849986741e-78
16.40702420213683633326888658853032586244400804328442363926285282703778 18.40702420213683633326888658853032586244400804328442363926285282703778 3.436659058099227828265640680169123703775772399843500535384222305398044e-79
17.40702420213683633326888658853032586244400804328442363926285282703778 18.40702420213683633326888658853032586244400804328442363926285282703778 -8.979873925737300298182782287801409318725914839905597076692822180049419e-79
19.39460379296058079 0.50001060604348346 0.000677416308875
19.40702420213683633326888658853032586244400804328442363926285282703778 2.407024202136836333268886588530325862444008043284423639262852827037779 3.575805407396165456370578070512857266479890290437462483664661659535213e-78
19.40702420213683633326888658853032586244400804328442363926285282703778 3.407024202136836333268886588530325862444008043284423639262852827037779 3.597051780899648468690680548351549970174489907821867499843534246916096e-78
19.40702420213683633326888658853032586244400804328442363926285282703778 4.407024202136836333268886588530325862444008043284423639262852827037779 -1.666334358271073951933038047356265081763772501815589524657094846172884e-78
19.40702420213683633326888658853032586244400804328442363926285282703778 5.407024202136836333268886588530325862444008043284423639262852827037779 -1.962749294751436916534652801858891085320193866526960711377627528611732e-78
19.40702420213683633326888658853032586244400804328442363926285282703778 6.407024202136836333268886588530325862444008043284423639262852827037779 3.712630286930971870693301394755874956969203795799040927480772411552202e-78
19.40702420213683633326888658853032586244400804328442363926285282703778 7.407024202136836333268886588530325862444008043284423639262852827037779 3.818004653620961960813986402333254723855406252166200108912539410055872e-78
19.40702420213683633326888658853032586244400804328442363926285282703778 8.407024202136836333268886588530325862444008043284423639262852827037779 3.836293729075766686319466651804146941307282253142586915254110909672908e-78
19.40702156549803448000000080689939733704997542222928317795290474758185 9.407024202136836333268886588530325862444008043284423639262852827037779 7.391846661609598237583757518848645577912717286690235772735950648133272e-79
19.40702420213683633326888658853032586244400804328442363926285282703778 10.40702420213683633326888658853032586244400804328442363926285282703778 1.227198019802481902796922070970660500814993110773746060916062502729872e-78
19.40702420213683633326888658853032586244400804328442363926285282703778 11.40702420213683633326888658853032586244400804328442363926285282703778 5.627878712192492771200524174366717406008534829435179641405250281637999e-79
19.40702420213683633326888658853032586244400804328442363926285282703778 12.40702420213683633326888658853032586244400804328442363926285282703778 9.623979312973102146134911293256463500256294754914500719516511547005178e-79
19.40702420213683633326888658853032586244400804328442363926285282703778 13.40702420213683633326888658853032586244400804328442363926285282703778 -2.472571640865717461815363935079782356171270861253386090707160384536227e-78
19.40702360908720792000000033624289283811723267255552846499265209934694 14.40702420213683633326888658853032586244400804328442363926285282703778 -2.263090550640196205522727745396479274406791188665672115979474090123022e-78
19.40702420213683633326888658853032586244400804328442363926285282703778 15.40702420213683633326888658853032586244400804328442363926285282703778 -2.536658636670699388637280125361941164355683445493558997688763662854065e-78
19.40702420213683633326888658853032586244400804328442363926285282703778 16.40702420213683633326888658853032586244400804328442363926285282703778 -1.655728465217812108178916842237215092761418940864708773470558027812795e-78
19.40702420213683633326888658853032586244400804328442363926285282703778 17.40702420213683633326888658853032586244400804328442363926285282703778 -3.724655069585844817486198035485837870006347375753750074467106629132999e-79
19.40702420213683633326888658853032586244400804328442363926285282703778 18.40702420213683633326888658853032586244400804328442363926285282703778 -4.126437182366848877366002810455304584093970507418670082550041637788882e-79
19.40702420213683633326888658853032586244400804328442363926285282703778 19.40702420213683633326888658853032586244400804328442363926285282703778 -1.361292455342198502733962419743351647110805647882925680417415617780509e-78
0.5 19.33387344864779678000000001340733372157086597734785470465215921088257 -3.698244377227983200290917642289933885773423777794455134181419322178291e-80
1.5 19.40702420213683633326888658853032586244400804328442363926285282703778 -1.956892512319900161667308632391924978932845448315299550138679969912792e-80
2.5 19.40415372576925535000000000599821350683948786245392911415844184960782 -7.608448395757297711647841527544893605520558394019807016193935983826721e-79
3.5 19.40702420213683633326888658853032586244400804328442363926285282703778 -7.552154955042443688307147644792384096559911763668229073478019852985769e-79
5.407003227177959559999999961049263169747850788480096833263308039719168 19.40702420213683633326888658853032586244400804328442363926285282703778 -1.725470118267226734851256967528929067434020587071815350816263417147363e-78
6.407024202136836333268886588530325862444008043284423639262852827037779 19.40702420213683633326888658853032586244400804328442363926285282703778 -4.702084264039021387202290925032757431249442644921382717717553217699708e-79
7.407024202136836333268886588530325862444008043284423639262852827037779 19.40702420213683633326888658853032586244400804328442363926285282703778 -4.345906565221622370823480532061036743302236680820994138058639835303375e-79
8.407024202136836333268886588530325862444008043284423639262852827037779 19.40702420213683633326888658853032586244400804328442363926285282703778 6.685324592606783419426192077948395851490386482396845716703711986139411e-79
9.407024202136836333268886588530325862444008043284423639262852827037779 19.40702420213683633326888658853032586244400804328442363926285282703778 -8.524990780123085450826613398553155432371557896805322784922876613282475e-79
10.40702420213683633326888658853032586244400804328442363926285282703778 19.40702420213683633326888658853032586244400804328442363926285282703778 -4.559477281582854253654155286868142068464651912992961551136978089134277e-79
11.40702420213683633326888658853032586244400804328442363926285282703778 19.40702420213683633326888658853032586244400804328442363926285282703778 -2.371405935098841016738727426207943382931534224884430000697492356074768e-79
12.40702420213683633326888658853032586244400804328442363926285282703778 19.40702420213683633326888658853032586244400804328442363926285282703778 -2.079581928735990797826247615977960132358075415077373029073753184685124e-79
13.40702420213683633326888658853032586244400804328442363926285282703778 19.40702420213683633326888658853032586244400804328442363926285282703778 -6.12616310226736354688769773527285625937885160698109387616952388889772e-79
14.40702420213683633326888658853032586244400804328442363926285282703778 19.40702420213683633326888658853032586244400804328442363926285282703778 -3.227656128301557460795832282154420272580196635995522346254354271767811e-78
15.40702420213683633326888658853032586244400804328442363926285282703778 19.40702420213683633326888658853032586244400804328442363926285282703778 -2.85713389619079398778810689180927736564881088424821439365044783196864e-78
16.40702420213683633326888658853032586244400804328442363926285282703778 19.40702420213683633326888658853032586244400804328442363926285282703778 -2.76605988077900531065402316555503344141132017018440803435755410503075e-78
17.40702420213683633326888658853032586244400804328442363926285282703778 19.40702420213683633326888658853032586244400804328442363926285282703778 -9.002256925555795415819039097332525548234975870139391465286839595085638e-79
18.40702420213683633326888658853032586244400804328442363926285282703778 19.40702420213683633326888658853032586244400804328442363926285282703778 3.7879036388666607551810781847424022818846391492291913544301632935912e-79
