266 16.82303560648544271809460765495419337776937777833889494472980289763686
0.5 16.32303560648544271809460765495419337776937777833889494472980289763686 4.590578211933405543546958113879837243738956211782093752384519740993606e-78
1.5 16.32303560648544271809460765495419337776937777833889494472980289763686 4.590578211933405543546958113879837243738956211782093752384519740993606e-78
2.5 16.3230342941242519999999999716073183002022817856618177639633378469369 4.68118172927419644243275333981167613670748824227779297118158263061848e-78
3.5 16.32303560648544271809460765495419337776937777833889494472980289763686 4.469773522145684345032564479304052053114246837787828127321769221493775e-78
4.5 16.32303560648544271809460765495419337776937777833889494472980289763686 4.499974694592614644661162887947998350770424181286394533587456851368732e-78
5.5 16.32303560648544271809460765495419337776937777833889494472980289763686 4.499974694592614644661162887947998350770424181286394533587456851368732e-78
6.5 16.32303560648544271809460765495419337776937777833889494472980289763686 4.499974694592614644661162887947998350770424181286394533587456851368732e-78
7.5 16.32303560648544271809460765495419337776937777833889494472980289763686 4.258365315017172247632375618796427969521005433297863283461955812369069e-78
8.5 16.32303560648544271809460765495419337776937777833889494472980289763686 4.650980556827266142804154931167729839051310898779226564915895000743522e-78
9.5 16.32303560648544271809460765495419337776937777833889494472980289763686 4.650980556827266142804154931167729839051310898779226564915895000743522e-78
10.5 16.32303560648544271809460765495419337776937777833889494472980289763686 -1.178954364965628283250719033470993384103777513103258764435340564535486e-78
11.5 16.32303560648544271809460765495419337776937777833889494472980289763686 3.28277222476975181063121999687485197598251297307961383727983229957436e-79
12.5 16.32281086123533000000000005239546984601896383624405873704974649857666 8.412974830045407845060594458106357661071014133498004880984409504970957e-79
13.5 16.32303560648544271809460765495419337776937777833889494472980289763686 4.174934465669846207849542928136681164215780257305834161796571875385119e-79
0.5 15.32303560648544271809460765495419337776937777833889494472980289763686 -1.442105984340921807265574012748435713082468152056545899186584326529241e-78
1.5 15.32303560648544271809460765495419337776937777833889494472980289763686 -1.442105984340921807265574012748435713082468152056545899186584326529241e-78
2.5 15.32303077998842300000000002852490511124589807251405908460051557778935 -1.59497721816799710236147385804000631042327346663348869100657093480619e-78
3.5 15.32303560648544271809460765495419337776937777833889494472980289763686 -1.359052760111863483286928388977583394527980457435488281955943344373107e-78
4.5 15.32303560648544271809460765495419337776937777833889494472980289763686 -1.359052760111863483286928388977583394527980457435488281955943344373107e-78
5.5 15.32303560648544271809460765495419337776937777833889494472980289763686 -1.359052760111863483286928388977583394527980457435488281955943344373107e-78
6.5 15.32303560648544271809460765495419337776937777833889494472980289763686 4.016755935441729850603588349644857588271586685309332033336454773369405e-78
7.5 15.32303560648544271809460765495419337776937777833889494472980289763686 4.705720093617760881430650506243112356506175989243090152441006912815426e-78
8.5 15.32303560648544271809460765495419337776937777833889494472980289763686 4.288566487464102547260974027440374267177182776796429689727643442244027e-78
9.5 15.32303560648544271809460765495419337776937777833889494472980289763686 4.633433885543508067733428846540018134187906518610185769310280260440361e-78
10.5 15.32303560648544271809460765495419337776937777833889494472980289763686 -1.152027744161874409514408581961803151741179619062019429447791870691232e-78
11.5 15.32303560648544271809460765495419337776937777833889494472980289763686 1.108898063251299310677213295677444203247218805331876450376819465472429e-78
12.50270351445458 15.319752823320703 0.3057334542663967
0.5 14.32303560648544271809460765495419337776937777833889494472980289763686 -1.442105984340921807265574012748435713082468152056545899186584326529241e-78
1.5 14.32303560648544271809460765495419337776937777833889494472980289763686 -1.45720657056438695707987321707040886191055682380582910231942814146672e-78
2.5 14.32302900789679000000000000884930272206077923500848677367424443090045 -1.53296929051996850338285721825041558609461337225928320329126152501278e-78
3.5 14.32303560648544271809460765495419337776937777833889494472980289763686 -1.389253932558793782915526797621529692184157800934054688221630974248065e-78
4.5 14.32303560648544271809460765495419337776937777833889494472980289763686 3.926152418100938951717793123713018695303054654813632814539391883744532e-78
5.5 14.32303560648544271809460765495419337776937777833889494472980289763686 3.926152418100938951717793123713018695303054654813632814539391883744532e-78
6.5 14.32303560648544271809460765495419337776937777833889494472980289763686 3.95635359054786925134639153235696499295923199831219922080507951361949e-78
7.5 14.32303560648544271809460765495419337776937777833889494472980289763686 3.95635359054786925134639153235696499295923199831219922080507951361949e-78
8.5 14.32303560648544271809460765495419337776937777833889494472980289763686 1.402446679773468191418706228704522043470143953924163007454596280465908e-77
9.5 14.32303560648544271809460765495419337776937777833889494472980289763686 4.449308104331492972125087732264335230941623554521201943235990533672969e-78
10.5 14.32303560648544271809460765495419337776937777833889494472980289763686 -1.931458061531428380026583284224407233753891510212896923639733057532181e-78
11.5 14.32303560648544271809460765495419337776937777833889494472980289763686 -1.9356827469122957103887699205948214744726012154549664729295743675716e-78
0.5 13.32303560648544271809460765495419337776937777833889494472980289763686 -1.449656277452654382172723614909422287496512487931187500753006233997981e-78
1.5 13.32303560648544271809460765495419337776937777833889494472980289763686 -1.045401617467716077859189295999024644510806024715617188372420600152567e-78
2.5 13.32302457170948899999999998878962450651857811797249076298959944893362 -1.0143988968108263426551741728053787926982093083384622652281027029848e-78
3.5 13.32303560648544271809460765495419337776937777833889494472980289763686 -1.381703639447061208008377195460543117770113465059413086655209066779326e-78
4.5 13.32303560648544271809460765495419337776937777833889494472980289763686 -9.060351734079089888579522593183889296853203049569921879706288962487381e-80
5.5 13.32303560648544271809460765495419337776937777833889494472980289763686 5.738222764916756929433697642349796554673695264727617190480649676242008e-78
6.5 13.32303560648544271809460765495419337776937777833889494472980289763686 5.738222764916756929433697642349796554673695264727617190480649676242008e-78
7.5 13.32303560648544271809460765495419337776937777833889494472980289763686 5.752746105760006174410858499822208577493288383602043377418362803479139e-78
8.5 13.32303560648544271809460765495419337776937777833889494472980289763686 1.402123994916640585724945059415467284734073015541114266219614420276371e-77
9.5 13.32303560648544271809460765495419337776937777833889494472980289763686 4.137560625229451049117981984220642778896296059303597658399205292869237e-78
10.5 13.32303560648544271809460765495419337776937777833889494472980289763686 4.252608097283413042290928009532771822153097017834948580299947354623012e-78
0.5 12.32303560648544271809460765495419337776937777833889494472980289763686 3.192890731496556259142651755745966090395064848284660398803061404577054e-79
1.5 12.32303560648544271809460765495419337776937777833889494472980289763686 -9.060351734079089888579522593183889296853203049569921879706288962487381e-80
2.5 12.32299829692002299999999998905017644711598420787995910949875327076061 1.259593864387416600963337387999944751873823385450357797052823457983671e-79
3.5 12.32303560648544271809460765495419337776937777833889494472980289763686 1.510058622346514981429920432197314882808867174928320313284381493747897e-79
4.5 12.32303560648544271809460765495419337776937777833889494472980289763686 -9.060351734079089888579522593183889296853203049569921879706288962487381e-80
5.5 12.32303560648544271809460765495419337776937777833889494472980289763686 -6.040234489386059925719681728789259531235468699713281253137525974991587e-80
6.5 12.32303560648544271809460765495419337776937777833889494472980289763686 6.733620990408252185064512293685993614952457571390006885855788157802287e-78
7.5 12.32303560648544271809460765495419337776937777833889494472980289763686 6.916068490347038614949035579463702163264611661171707034842467241365367e-78
8.5 12.32303560648544271809460765495419337776937777833889494472980289763686 6.753377849965997291973417986352727989768828874899254317424544000268885e-78
9.5 12.32303560648544271809460765495419337776937777833889494472980289763686 7.094142818548823652612509835514838550589620043399195045596698062318099e-78
0.5 11.32303560648544271809460765495419337776937777833889494472980289763686 5.511713971564779682219209577520199322252365188488369143487992452179823e-79
1.5 11.32303560648544271809460765495419337776937777833889494472980289763686 6.394918058317521982054771034615473710702235893967021670228963822597398e-79
2.5 11.32290134560069100000000000881663262124881943152449041083746027532186 5.807735199475886972709254527884950654381233787000727874360673034855608e-79
3.5 11.32303560648544271809460765495419337776937777833889494472980289763686 4.907690522626173689647241404641273369128818318517041018174239854680665e-79
4.5 11.32303560648544271809460765495419337776937777833889494472980289763686 -1.413414870516338022618405524536686730309099675732907813234181078148031e-77
5.5 11.32303560648544271809460765495419337776937777833889494472980289763686 6.644257938324665918291649901668185484359015569684609378451278572490746e-78
6.5 11.32303560648544271809460765495419337776937777833889494472980289763686 6.565371712263229323230159618614414985326127037637911223943635517331804e-78
7.5 11.32303560648544271809460765495419337776937777833889494472980289763686 6.765062628112387116806043536243970674983724943678875003514029091990578e-78
8.5 11.32303560648544271809460765495419337776937777833889494472980289763686 6.70248696552965432264623688916823798320256423345403961968576836814028e-78
0.5 10.32303560648544271809460765495419337776937777833889494472980289763686 1.082096785840874793473155537194301603808364713062892347124006638346005e-78
1.5 10.32303560648544271809460765495419337776937777833889494472980289763686 2.322614107415000921674269757220043467740903873487647016719652140462591e-79
2.5 10.32281456031159999999999999300345029188211664646155319093850211747956 3.288582149147053037001076250968118429697335565211125722664021274343536e-79
3.5 10.32303560648544271809460765495419337776937777833889494472980289763686 4.349628130482281920471444232319410625687469297762615779811231849011911e-79
4.5 10.32303560648544271809460765495419337776937777833889494472980289763686 -1.382373453374234950108803339232040529459513853855522314990885584542433e-77
5.5 10.32303560648544271809460765495419337776937777833889494472980289763686 -1.353012525622477423361208707248794134996744988735775000702805818398116e-77
6.5 10.32303560648544271809460765495419337776937777833889494472980289763686 -1.050236548431281726938764057183700542608378646764311584984986565115236e-77
7.5 10.32303560648544271809460765495419337776937777833889494472980289763686 -1.125351264388173599192396903942744427636945590323978928538267898507617e-77
0.5 9.323035606485442718094607654954193377769377778338894944729802897636857 -4.830271272755389325940578981213685220055758088386749120120244192333602e-78
1.5 9.323035606485442718094607654954193377769377778338894944729802897636857 -4.835161946202835035307283933868634984460468633524357138689190259117521e-78
2.5 9.322290171549106000000000004712911325727284254068074324709759671349721 -5.746504665808101553641762534632047774430502578660806356613482866729935e-78
3.5 9.323035606485442718094607654954193377769377778338894944729802897636857 -9.910265414287133878654964097029549526944737710103852330255365058711739e-78
4.5 9.323035606485442718094607654954193377769377778338894944729802897636857 -9.6982610941828053482711647532888200371495574667338515579750366601792e-78
5.5 9.323035606485442718094607654954193377769377778338894944729802897636857 -7.805340569251819994613193471025303824907593527765659584972448299061883e-80
6.5 9.323035606485442718094607654954193377769377778338894944729802897636857 -2.18901359586874593317580778107612465149219257065933723743753231205033e-79
0.5 8.323035606485442718094607654954193377769377778338894944729802897636857 -1.177473311983748466849705251467242885601163949025094538776501560960198e-77
1.5 8.323035606485442718094607654954193377769377778338894944729802897636857 -1.169786481434888413224496872379824555035537891462781343695798977171292e-77
2.5 8.321501559608529999999999995047701980054129845547890246300348822516783 -1.18160539787334198438951263825927230267259875492601918607236351099482e-77
3.5 8.323035606485442718094607654954193377769377778338894944729802897636857 -7.580783106754841838265189893083479070845144689261808217650513741455573e-78
4.5 8.323035606485442718094607654954193377769377778338894944729802897636857 6.129117608853685848640565394701236305496069600088542978621337106779747e-79
5.5 8.323035606485442718094607654954193377769377778338894944729802897636857 7.93376071153634572958979190942706650994867676837052232976136337494999e-79
0.5 7.323035606485442718094607654954193377769377778338894944729802897636857 -1.203520492334577967888880969937918482388189181365751317989168721691822e-77
1.5 7.323035606485442718094607654954193377769377778338894944729802897636857 8.042725744030006124610451331877613489419426815276410767474415032022579e-79
2.5 7.320613323098128999999999997978718647792873574319231036582412313590735 8.398974939044476786224253403963253000454361668705210674528654517152304e-79
3.5 7.323035606485442718094607654954193377769377778338894944729802897636857 9.064027407295070104594163031777132299469097725425860426077990406600201e-79
4.5 7.323035606485442718094607654954193377769377778338894944729802897636857 6.638646630471098979258043083546050457881165907658078596707850514842363e-79
0.5 6.323035606485442718094607654954193377769377778338894944729802897636857 -1.483988611014049912686818785609115244230205931136799013628996389322647e-77
1.5 6.323035606485442718094607654954193377769377778338894944729802897636857 -1.244078162035792025699988545537912598419737730134973285595646948393915e-77
2.5 6.319756387927025999999999994400499096690405437829372730251076966637921 -1.206913654622690481258518797899163404363693825372153608306874732064014e-77
3.5 6.323035606485442718094607654954193377769377778338894944729802897636857 -1.836498050140508734980860118837791322924003537390560436038935614193112e-78
0.5 5.323035606485442718094607654954193377769377778338894944729802897636857 -1.324476097154948492001605237298107175596467452943391644601831103914639e-77
1.5 5.323035606485442718094607654954193377769377778338894944729802897636857 1.217833553518199826557860247429788674773344964663222591909157559927728e-77
2.5003702116942605 5.3193876325087865 0.04204902259219762
0.5 4.323035606485442718094607654954193377769377778338894944729802897636857 1.182590182318850340769560566427410109223183720255939302078864728462332e-77
1.5 4.323035606485442718094607654954193377769377778338894944729802897636857 1.184583482801287582934426434534150030749661003743492108248648704367875e-77
0.5 3.323035606485442718094607654954193377769377778338894944729802897636857 1.339409199699659992109438973817777298127252104439174692142937946403427e-77
16.32303560648544271809460765495419337776937777833889494472980289763686 0.5 2.404013326775651850436433328058125293431716542485885938748735338046652e-77
15.32303560648544271809460765495419337776937777833889494472980289763686 0.5 2.404013326775651850436433328058125293431716542485885938748735338046652e-77
14.32303560648544271809460765495419337776937777833889494472980289763686 0.5 0.0
13.32303560648544271809460765495419337776937777833889494472980289763686 0.5 1.020049240498188749385317640008238392798980665071148184402018762631723e-80
12.32303560648544271809460765495419337776937777833889494472980289763686 0.5 1.58640205223474504658100849595409850449458656537468676415486555371443e-81
11.32303560648544271809460765495419337776937777833889494472980289763686 0.5 0.0
10.32303560648544271809460765495419337776937777833889494472980289763686 0.5 -4.129066545478751902347438681789532882680496181444625856636980646966905e-82
9.323035606485442718094607654954193377769377778338894944729802897636857 0.5 -6.372447386302293221634264223872668805453419478197511722060089903616124e-78
8.323035606485442718094607654954193377769377778338894944729802897636857 0.5 1.208046897877211985143936345757851906247093739942656250627505194998317e-79
7.323035606485442718094607654954193377769377778338894944729802897636857 0.5 1.208046897877211985143936345757851906247093739942656250627505194998317e-79
6.323035606485442718094607654954193377769377778338894944729802897636857 0.5 1.208046897877211985143936345757851906247093739942656250627505194998317e-79
5.323035606485442718094607654954193377769377778338894944729802897636857 0.5 -1.867649362366453008536102387942154827148412177308615454688067159181628e-80
4.323035606485442718094607654954193377769377778338894944729802897636857 0.5 3.020117244693029962859840864394629765617734349856640626568762987495794e-80
3.323035606485442718094607654954193377769377778338894944729802897636857 0.5 -1.908845007079208223300366939710312615747591302950655995462982173537069e-79
2.323035606485442718094607654954193377769377778338894944729802897636857 0.5 -1.619499109251328639399514236097583705796738798092840326444247112476103e-79
16.32303560648544271809460765495419337776937777833889494472980289763686 1.5 2.404013326775651850436433328058125293431716542485885938748735338046652e-77
15.32303560648544271809460765495419337776937777833889494472980289763686 1.5 2.404013326775651850436433328058125293431716542485885938748735338046652e-77
14.32303560648544271809460765495419337776937777833889494472980289763686 1.5 -2.331530512903019131327797147312654179056890918089326563711085026346753e-77
13.32303560648544271809460765495419337776937777833889494472980289763686 1.5 -2.861477039469555458201740014799219915168275693319171950153276432124351e-80
12.32303560648544271809460765495419337776937777833889494472980289763686 1.5 4.264735874830196607710283095619760391682855341692092134783624296795818e-80
11.32303560648544271809460765495419337776937777833889494472980289763686 1.5 4.264735874830196607710285589251944630613414195542174595244379765222586e-80
10.32303560648544271809460765495419337776937777833889494472980289763686 1.5 -4.129066545478751902347438681789532882680496181444625856636980646966905e-82
9.323035606485442718094607654954193377769377778338894944729802897636857 1.5 -6.372447386302293221634264223872668805453419478197511722060089903616124e-78
8.323035606485442718094607654954193377769377778338894944729802897636857 1.5 -6.372447386302293221634264223872668805453419478197511722060089903616124e-78
7.323035606485442718094607654954193377769377778338894944729802897636857 1.5 1.208172041689668839381237335744043434498550646853155464347058864427426e-79
6.323035606485442718094607654954193377769377778338894944729802897636857 1.5 1.057041035642560487000944302538120417966207022449824219299067045623528e-79
5.323035606485442718094607654954193377769377778338894944729802897636857 1.5 4.530175867050532066820886756684315282744503928224970524338068669387697e-80
4.323035606485442718094607654954193377769377778338894944729802897636857 1.5 4.530175867050532066820886756684315282744503928224970524338068669387697e-80
3.323035606485442718094607654954193377769377778338894944729802897636857 1.5 -2.048403509397823017376532827287826117800407908181302584252654529129976e-79
16.32303278727166000000000000184809041392264027511493441220831292674183 2.5 2.381307015463686795828215466757311181413940479029002688045793465669827e-77
15.32302986163358599999999999893375251141223247623307014365989245371609 2.5 -2.328480602650023881370133763417740997786677922969064088527717347562621e-77
14.32302884469547899999999999728454948225691811629255420220729017035479 2.5 -2.330396495648888060241906719964724337832706720023314939825447623836585e-77
13.32302698339773000000000000469907765923761632722346321624015147245392 2.5 -4.555339236014128534730623202422692825404058612782946718422196682480558e-80
12.32302552872686299999999999909890901629927172842818386279984698955539 2.5 -3.62206341862442606357624639630685103001375473326255328619167244127303e-79
11.32302174058131000000000000679693937048572105202140865990655461940245 2.5 -6.880396133959683080589725896315427054829701218398631350448556622899167e-79
10.32301925834428999999999999099086652343144173293207055147878665490213 2.5 1.731278140343413183402294916955162742202060783945439804275015983768684e-77
9.32301530643588099999999999912304282621560858975974427475444284355676 2.5 -6.503703210288249961290329548394475470319004218962299850009102125678569e-78
8.323010420813931000000000000428461324149151892664878518494178590371928 2.5 -6.325126944701239739874950221695749017703585542028136766976983425008888e-78
7.322994699324345500000000007750235740536843452430753991437067582033706 2.5 8.256542508991259794236212720248077880166217847155080151097797043800879e-80
6.322977111821560999999999998954972470292166951059757501782065920052121 2.5 1.595100804859310444784583104742703531590845944769856531544314949898622e-79
5.322944846730207999999999999021718843748037994201043465040495675404731 2.5 4.80614125955823198977110975103927604666799168897024169334070682689026e-80
4.322879295638312 2.50001791297625 -0.0018839598966
16.32303560648544271809460765495419337776937777833889494472980289763686 3.5 2.43122417498619134009697543886819551282687141240500153894465312073075e-77
15.32303560648544271809460765495419337776937777833889494472980289763686 3.5 -2.328480602650023881370133763417740997786677922969064088527717347562621e-77
14.32303560648544271809460765495419337776937777833889494472980289763686 3.5 -2.355691450860563371030675874227811217181832792888179688723635130246719e-77
13.32303560648544271809460765495419337776937777833889494472980289763686 3.5 -2.388028791586327503436719268014754096303439388592670781475956565125292e-77
12.32303560648544271809460765495419337776937777833889494472980289763686 3.5 -2.284906128422587561374333052700744780956397447840804639246937608504929e-77
11.32303560648544271809460765495419337776937777833889494472980289763686 3.5 1.717845695544283391767530404428502877936210151438593527959827381996e-77
10.32303560648544271809460765495419337776937777833889494472980289763686 3.5 1.729067305501134191437476960796560825237151056773042206413416618578369e-77
9.323035606485442718094607654954193377769377778338894944729802897636857 3.5 1.653736796660497286229203767802935754752976981378672865929235668080839e-77
8.323035606485442718094607654954193377769377778338894944729802897636857 3.5 1.271217363063316100670390528620162427379272817288443462646736649223048e-77
7.323035606485442718094607654954193377769377778338894944729802897636857 3.5 1.277872297925558244915758180134536471522788015834225430565107851285773e-77
6.323035606485442718094607654954193377769377778338894944729802897636857 3.5 1.352224545897044978918819913911585108858743022281138768348909999610985e-79
5.323035606485442718094607654954193377769377778338894944729802897636857 3.5 -2.604293467297908644605948747464654418404783514243793375126250100714563e-79
16.32303560648544271809460765495419337776937777833889494472980289763686 4.5 2.43122417498619134009697543886819551282687141240500153894465312073075e-77
15.32303560648544271809460765495419337776937777833889494472980289763686 4.5 2.419143706007419220245536075410616993764400475005574976438378068780767e-77
14.32303560648544271809460765495419337776937777833889494472980289763686 4.5 2.479546050901279819502732892698509589076755162002707788969753328530682e-77
13.32303560648544271809460765495419337776937777833889494472980289763686 4.5 2.46829474613882940608729188791063817254197388839045272991443960082774e-77
12.32303560648544271809460765495419337776937777833889494472980289763686 4.5 2.548783359321315354603811705792603990412474937022339319095475734610738e-77
11.32303560648544271809460765495419337776937777833889494472980289763686 4.5 2.483890017192143338691699467239712840521539256667132192617295341801674e-77
10.32303560648544271809460765495419337776937777833889494472980289763686 4.5 1.748219630402731106914729541946202570153790176729250450205636930725496e-77
9.323035606485442718094607654954193377769377778338894944729802897636857 4.5 1.760692833343792361550995028022149230109059688551029089874680575372068e-77
8.323035606485442718094607654954193377769377778338894944729802897636857 4.5 1.822600020290212768088481381838946304193656017477229190060719803766136e-77
7.323035606485442718094607654954193377769377778338894944729802897636857 4.5 1.297241006511523070957849782803077010324368318320983850608247615960506e-77
6.323035606485442718094607654954193377769377778338894944729802897636857 4.5 3.1652177218896063662343716764339960360532603940369653016548671097737e-79
16.32303560648544271809460765495419337776937777833889494472980289763686 5.5 2.43122417498619134009697543886819551282687141240500153894465312073075e-77
15.32303560648544271809460765495419337776937777833889494472980289763686 5.5 2.455385112943735579799854165783352550951813287203854663957203224630716e-77
14.32303560648544271809460765495419337776937777833889494472980289763686 5.5 2.515787457837596179057050983071245146264167974200987476488578484380632e-77
13.32303560648544271809460765495419337776937777833889494472980289763686 5.5 2.551970195121644703169744141724296944677808741324096086446093099566662e-77
12.32303560648544271809460765495419337776937777833889494472980289763686 5.5 1.190693626558297418585955839631472394490373999318780323241474651023683e-77
11.32303560648544271809460765495419337776937777833889494472980289763686 5.5 1.239072112168266803261590140849422378031653198483701871131177826674116e-77
10.32303560648544271809460765495419337776937777833889494472980289763686 5.5 1.304805319544003034683356807768286776236483703159809646573697393172472e-77
9.323035606485442718094607654954193377769377778338894944729802897636857 5.5 1.85425056871908153845397531286087913848307618239135485336594799697855e-77
8.323035606485442718094607654954193377769377778338894944729802897636857 5.5 1.838141189834725819976906280836588503298807086722805612283338850046123e-77
7.323035606485442718094607654954193377769377778338894944729802897636857 5.5 1.825476833855467362462338821698343051284656573333360909020324123528816e-77
16.32303560648544271809460765495419337776937777833889494472980289763686 6.5 2.440254733711968209990751418430860850619129354684165626267560493896601e-77
15.32303560648544271809460765495419337776937777833889494472980289763686 6.5 2.395362919400841273033471281376260641687509707608427628469023471799437e-77
14.32303560648544271809460765495419337776937777833889494472980289763686 6.5 2.467465581922507699651293529240931070014284224603281226463478276580699e-77
13.32303560648544271809460765495419337776937777833889494472980289763686 6.5 8.150962497404608785170981372178490216960055831345704844763122053634231e-79
12.32303560648544271809460765495419337776937777833889494472980289763686 6.5 1.416151851769341081022247255320044363534190747487465393802009019605449e-78
11.32303560648544271809460765495419337776937777833889494472980289763686 6.5 1.295583942103622769020576870458643390002396247271517887437114797201868e-77
10.32303560648544271809460765495419337776937777833889494472980289763686 6.5 1.929190558790759010553296608201664805307206617055365584738706744212736e-77
9.323035606485442718094607654954193377769377778338894944729802897636857 6.5 1.890593395177836756750260381111038233276701703010257032232045630172367e-77
8.323035606485442718094607654954193377769377778338894944729802897636857 6.5 1.916343196366347652177283875218790078347632890616308051340618796837383e-77
16.32303560648544271809460765495419337776937777833889494472980289763686 7.5 -2.718105520223726966573856777955166789055960914870976563911886688746214e-79
15.32303560648544271809460765495419337776937777833889494472980289763686 7.5 2.118801004479953833318857106426857444941191754821299439577147783415018e-79
14.32303560648544271809460765495419337776937777833889494472980289763686 7.500003400053782000000000005400631390878753360525085414953462657459046 2.378950743748326318619557790788508961851207706138395785225630356817723e-79
13.32303560648544271809460765495419337776937777833889494472980289763686 7.5 4.661908193714756424739334883587549221546627360615423603334302482378321e-79
12.32303560648544271809460765495419337776937777833889494472980289763686 7.5 1.677956537289900742835251816861547057311046785826827935256082806229776e-78
11.32303560648544271809460765495419337776937777833889494472980289763686 7.5 1.305368438596265196323829390042045844087308586130079484231400423996883e-77
10.32303560648544271809460765495419337776937777833889494472980289763686 7.5 1.312520189857415655429980371249965107735328220464012380376011656283887e-77
9.323035606485442718094607654954193377769377778338894944729802897636857 7.5 1.363641106902072822073311127950125764835760182513238573203145844310991e-77
16.32303560648544271809460765495419337776937777833889494472980289763686 8.5 -1.200348663852157126346613541355380146778789952980421793968599923166771e-79
15.32303560648544271809460765495419337776937777833889494472980289763686 8.5 9.086925700883476184644719402988827492356617676218760340281249002990776e-79
14.32303560648544271809460765495419337776937777833889494472980289763686 8.500005258538256999999999995457269759298814880412211556157313008146901 1.650802353709600631579038492280990884516670599203656743266190953894091e-79
13.32303560648544271809460765495419337776937777833889494472980289763686 8.5 2.62309709217017697526182965851875606424451970489283318345938256256314e-80
12.32303560648544271809460765495419337776937777833889494472980289763686 8.5 1.776742865639418690267696396675868262464502368593287054804420363754959e-78
11.32303560648544271809460765495419337776937777833889494472980289763686 8.5 6.351857584027596822038658466349553330267576070900878591391274582244717e-79
10.32303560648544271809460765495419337776937777833889494472980289763686 8.5 1.347778866011923650163682257007695412848737865725720692453975357308468e-77
16.32303560648544271809460765495419337776937777833889494472980289763686 9.5 1.636645554125102053628132988229141057490337469438703740329149877390205e-79
15.32303560648544271809460765495419337776937777833889494472980289763686 9.5 1.014384983777237771414675406372043971709587833413009734902667761106427e-78
14.32303560648544271809460765495419337776937777833889494472980289763686 9.500006586331688000000000003290590228952523305499122964278243390473963 5.777679208772578343841472741039438374186600456767539644243864089378242e-79
13.32303560648544271809460765495419337776937777833889494472980289763686 9.5 3.695854762470601810497575062674663607969562073706361028324191319320906e-79
12.32303560648544271809460765495419337776937777833889494472980289763686 9.5 3.390898863617516869044049835558873564637632819738480465143862550204211e-79
11.32303560648544271809460765495419337776937777833889494472980289763686 9.5 6.797286799939979182236257408804719387872932552985640462740260066205029e-79
16.32303560648544271809460765495419337776937777833889494472980289763686 10.5 4.611290147974468878451681415161857094843025721295598294189057703892037e-79
15.32303560648544271809460765495419337776937777833889494472980289763686 10.5 4.071615082658857461183879685147311306019635789010620245500215036058688e-79
14.32303560648544271809460765495419337776937777833889494472980289763686 10.50003832221334599999999999926723927964000881704618770247870833796238 2.685051214907469898334038098317323470558046528639745739550400506141153e-79
13.32303560648544271809460765495419337776937777833889494472980289763686 10.5 4.777627119392592506229165291749394021255468627295545008496559014864563e-79
12.32303560648544271809460765495419337776937777833889494472980289763686 10.5 -2.093391071891778292647444708836524078996819691059454986910546841473733e-79
16.32303560648544271809460765495419337776937777833889494472980289763686 11.5 7.950836072857159120826211102909698842080361131421770199222641559049884e-79
15.32303560648544271809460765495419337776937777833889494472980289763686 11.5 4.543508402142143392880729820208972206897406781175720343401584252854906e-79
14.32303560648544271809460765495419337776937777833889494472980289763686 11.50055634261889599999999999824880276522820122211375494993220830031815 9.350067584275617676857056033003086903053333088535852477745277044740902e-80
13.32303560648544271809460765495419337776937777833889494472980289763686 11.5 3.7982489655982069372307235569861026006026277085594317865996146143439e-79
16.32303560648544271809460765495419337776937777833889494472980289763686 12.5 3.807354823748217339433643609512781201528084033398164190675448274652806e-79
15.32303560648544271809460765495419337776937777833889494472980289763686 12.5 1.059537158171625075713196572391425710935184420711583941189461033595802e-79
14.32303560648544271809460765495419337776937777833889494472980289763686 12.50060273373550899999999999968985786455709920955489116651903902914588 6.844017101556158094895722245155682808989089233598142251302624301793259e-79
16.32303560648544271809460765495419337776937777833889494472980289763686 13.5 3.061410070820259355406661287667037957473198497208894281764743400351479e-80
15.32303560648544271809460765495419337776937777833889494472980289763686 13.5 2.989768182954967012576585587801944731797728282084230239778828747506212e-79
16.32303560648544271809460765495419337776937777833889494472980289763686 14.5 3.804101258317899849153239690178805635417476193194429279830679599597714e-79
16.29595692376532 16.297016891944562 0.37943271315433247
0.5582526086033729000000000013082998938498183275034944067820137120968063 0.5 3.938187638428705539938289984996530490994490717786440419300296288917794e-81
0.5 1.5 2.838811264352533315110996346714419368167386106667119449959479882298677e-80
14.80677342326475725122129658352502123384820511575381679436674429573687 16.13438906835959247786770158204695571755403738586770701152812592017131 31.87911208435719497810459726306202829239282477256203350517426074745967
15.47055213441209462969629400058205161948679007343353885207686818668889 15.36959082663192611402041350818682482192758191297307443204226835075613 31.87911208435719497810459726306202829239282477256203350517426074745967
1.34856758544299297252901868657389494918439750894632290479223430894353 2.434267087408939047086578607108328083768340534725571401252141402571932 25.13088858502495799388699576116612761469172568392204577293073020103847
1.665013769174957795196738824741920719112620990303752360834763385531497 1.47815196704410631226597067917161632027769201874008487420840911407177 25.13088858502495799388699576116612761469172568392204577293073020103847
2.049780461024370953826504617507099470954878951159229659210903672861669 3.294108497408340469662422346456507774596177905987485884420523350296262 25.13088858502495799388699576116612761469172568392204577293073020103847
2.474468021042449745565588968380298428584980269392572039937568588693327 2.388768519076503671008029047845865294001037243613323543477661495064925 25.13088858502495799388699576116612761469172568392204577293073020103847
2.75062645536571227706332974805661191760083955369736104597359326402175 4.15473201709301500413703495232430372368676430633709127279633204712185 25.13088858502495799388699576116612761469172568392204577293073020103847
3.1756023085619836317450130793934673791667875665594477498155101925613 3.248777461447712841711958588257762333348601356338119541099123373550129 25.13088858502495799388699576116612761469172568392204577293073020103847
3.659232286249473770610011783177276377817251366414990135495339460429965 4.572457501559672861217276320663069268903418842852131139466964030073266 25.13088858502495799388699576116612761469172568392204577293073020103847
4.084540780232018383099248283970494096978865089879503891447538510692779 3.665793829305859499623537439108383206449775735402619736409475236542828 25.13088858502495799388699576116612761469172568392204577293073020103847
4.357546190518963715075869777984150995090982497959205508991104255929285 5.438478877425222106553194176026066113881953966744657231483952161576579 25.13088858502495799388699576116612761469172568392204577293073020103847
4.782233750537042506814954128857349952721083816192547889717769171760943 4.533138899093385307898800877415423633286813304370494890541090306345242 25.13088858502495799388699576116612761469172568392204577293073020103847
5.058759066100341696373355708917355516861463940172112263409773619847425 6.298320287424623529129037915374245804709791338006571714652334109300909 25.13088858502495799388699576116612761469172568392204577293073020103847
5.483446626118420488112440059790554474491565258405454644136438535679083 5.392980309092786730474644616763603324114650675632409373709472254069572 25.13088858502495799388699576116612761469172568392204577293073020103847
5.759971941681719677670841639850560038631945382385019017828442983765564 7.158161697424024951704881654722425495537628709268486197820716057025238 25.13088858502495799388699576116612761469172568392204577293073020103847
6.184659501699798469409925990723758996262046700618361398555107899597222 6.252821719092188153050488356111783014942488046894323856877854201793901 25.13088858502495799388699576116612761469172568392204577293073020103847
6.665269345182223726206792000585423698599769091312524195673186332664397 7.582940017569088938784298929712061356863509105103582204855328087581414 25.13088858502495799388699576116612761469172568392204577293073020103847
7.124079699440732 6.668822130086915 25.106227771442406
7.366524795594934457622720869394407040997567486972088113189974202915041 8.442690667441505166019809744943804143995567398763743061715762920581226 25.13088858502495799388699576116612761469172568392204577293073020103847
7.821224045717589799601483383462016214949089330088751435294419106223789 7.551428926840886349335745440467712455096718474101589449653859325202177 25.13088858502495799388699576116612761469172568392204577293073020103847
8.06773767117631243892020680032761156276804892918499486760864356683318 9.302532077440906588595653484291983834823404770025657544884144868305556 25.13088858502495799388699576116612761469172568392204577293073020103847
8.522436921298967780898969314395220736719570772301658189713088470141928 8.411270336840287771911589179815892145924555845363503932822241272926507 25.13088858502495799388699576116612761469172568392204577293073020103847
8.76895054675769042021769273126081608453853037139790162202731293075132 10.16237348744030801117149722364016352565124214128757202805252681602989 25.13088858502495799388699576116612761469172568392204577293073020103847
9.223649796880345762196455245328425258490052214514564944131757834060068 9.271111746839689194487432919164071836752393216625418415990623220650836 25.13088858502495799388699576116612761469172568392204577293073020103847
9.674287203924368594362612612646614698741888325079589085623380428170861 10.5870681274481859332808468855336468335188202889952204891872350489822 25.13088858502495799388699576116612761469172568392204577293073020103847
10.1296393284486727673591707416389908929101969832484072408315856275702 9.694414602975637828585669365923882557578863400416076186647573144149825 25.13088858502495799388699576116612761469172568392204577293073020103847
10.3755034006709052001695719608046630869041524759849707173888441499008 11.44690245745778822548642531386154217410918083078282889194757367958587 25.13088858502495799388699576116612761469172568392204577293073020103847
10.83020265079356054214833447487227226085567431910163403949328905320954 10.55564071685716940880236100938545048521033190612067527988567008420682 25.13088858502495799388699576116612761469172568392204577293073020103847
11.07671627625228318146705789173786760867463391819787747180751351381894 12.3067438674571896480622690532097218649370182020447433751159556273102 25.13088858502495799388699576116612761469172568392204577293073020103847
11.53141552637493852344582040580547678262615576131454079391195841712768 11.41548212685657083137820474873363017603816927738258976305405203193115 25.13088858502495799388699576116612761469172568392204577293073020103847
11.79653073568200917516702378153562474248702086878709549544209540054582 13.14063934359401488120505761214837896077343855092733895315218971462616 29.80820909037653587698946806936828714424406304264982373639938117085089
12.25161507234292505581709558948571797193645861335534830932381288514763 12.24887549337503089441195810028628976952839228734514483750996550378806 29.80820909037653587698946806936828714424406304264982373639938117085089
12.67811993021333539948022194276282578495443839725697868079858445184431 13.63553864186590173055554884879838229912402106485488122422526531224209 28.53769917505584814895271843815456653234309412709200578713929563807332
13.15043731066267722681109704815801248642574320808031851106709905148215 12.739273574326380751555405823376863320478295463669613888591663283338 27.02618310147893529551848517229902498903319557793174965868031289073056
13.37205010887028599368682428245867664619584840764324240020729178245996 14.45268356863679734596824754883396272253849987177165785795060949097943 28.53769917505584814895271843815456653234309412709200578713929563807332
14.042274404046928 13.67873919117468 28.534927303334896
14.07831382691802758195886862299900737532872757172087363075068314333838 15.30749326537452271982517584026137785955914111700838403802353634384543 25.13088858502495799388699576116612761469172568392204577293073020103847
14.7555796833307008493813081040236018281933201751467127187118842337462 14.52063569473111190673085250889762742630072958606990804063334132915015 25.13088858502495799388699576116612761469172568392204577293073020103847
