110 11.044635006947892
0.5000000000001545 10.544635006947765 1.45e-12
10.544635006947779 0.500000000000111 1.3e-13
0.5000000000005178 0.5000000000001386 89.9999999999983
1.5000000000015676 0.5000000000002292 89.99999999998859
2.500000000002264 0.5000000000002442 89.99999999998862
3.5030791004402277 0.5000000000001421 89.99999999999552
4.505362157792891 0.5000000000001688 89.99999999999233
0.500000000000326 1.5000000000004166 89.99999999999656
1.5000000000012816 1.5000000000006217 89.99999999997841
2.5000000000022213 1.5000000000006635 89.99999999997722
3.500000000002992 1.5000000000004032 89.99999999998958
0.5000000000001528 2.5000000000007057 89.99999999999486
1.5000000000005196 2.500000000000949 89.9999999999785
0.500000000000159 3.5000000000010036 89.9999999999947
1.5000000000005294 3.500000000001269 89.99999999997976
0.500000000000151 4.500000000001323 89.99999999999629
0.5000000000001235 5.500000000001659 5.36e-13
10.543652884509559 10.544635006947768 89.99999999999929
9.54168472575223 10.544635006947768 89.99999999999866
8.540115466618326 10.544635006947761 89.9999999999974
7.538577107387713 10.544635006947775 89.9999999999996
6.536932161965258 10.544635006947772 89.99999999999798
5.535056353666409 10.544635006947725 89.99999999999262
4.532765993979854 10.544635006947729 89.99999999999329
3.5297189286876725 10.544635006947686 89.99999999999112
2.525182296620064 10.541703989496188 0.035598595861572
10.544635006947718 9.544635006947509 89.99999999999865
9.54463500694736 9.544635006947473 89.9999999999946
8.544635006947018 9.544635006947495 89.9999999999978
7.544635006946703 9.544635006947521 89.99999999999977
6.544635006946345 9.544635006947548 89.99999999999537
5.544635006945837 9.544635006947344 89.99999999997256
4.544635006945539 9.544635006947356 89.99999999997439
3.544635006945227 9.54463500694732 89.99999999998087
10.544635006947754 8.544635006947207 89.9999999999993
9.544635006947408 8.544635006947225 89.9999999999948
8.544635006946836 8.544635006947217 3.051e-12
7.544635006946401 8.544635006947278 4.97e-13
6.544635006945851 8.544635006947184 89.99999999997698
5.5446350069454 8.544635006947017 89.9999999999589
4.54463500694496 8.54463500694696 89.99999999995306
10.544635006947544 7.544635006946907 89.99999999999994
9.544635006946846 7.544635006946954 89.99999999999685
8.54463500694636 7.5446350069469394 89.9999999999985
7.544635006945928 7.54463500694695 89.99999999998766
6.544635006945381 7.5446350069469545 89.99999999997408
5.544635006944758 7.544635006946766 89.99999999995397
4.544606532806775 7.544635006946738 89.99999999995137
10.544635006947772 6.541561212832361 89.99999999999943
9.5446350069475 6.5446350069467005 89.99999999999645
8.544635006947237 6.54463500694669 89.99999999999673
7.544635006946821 6.544635006946644 89.99999999997758
6.544635006946523 6.544635006946729 89.99999999997146
5.544635006946091 6.544635006946521 89.99999999994955
4.544635006945837 6.544635006946503 89.9999999999485
10.544635006947761 5.5392836642088685 2.12e-12
9.544635006947496 5.544635006946405 4.919e-12
8.544635006947235 5.544635006946413 1.664e-12
7.544635006946765 5.544635006946401 89.99999999997488
6.544635006946489 5.544635006946515 89.9999999999704
5.5357293911165035 5.535885259196266 88.98836962025776
4.23592983246188 5.485586290991847 76.69143233021201
10.544635006947733 4.536868538672785 3.624e-12
9.544635006947393 4.5446350069461445 9.912e-12
8.544635006947056 4.544635006946152 5.266e-12
7.544635006946491 4.544635006946171 89.99999999997353
6.425322723890034 4.460544518108849 78.91497812020276
5.0417730094354924 4.528702232644352 77.20620486232646
3.962739689091004 4.522612178291208 76.6914323302123
10.544635006947715 3.533841829054017 5.624e-12
9.544635006947395 3.5446350069459145 1.1776e-11
8.544635006947125 3.544635006945865 1.0689e-11
10.542412287153532 2.437935707049253 89.99859087813554
9.537986596506578 2.544635006945689 1.2982e-11
4.500000000003446 1.5000000000005 89.9999999999782
5.507782860852491 0.5000000000001625 89.99999999999292
4.768482197269123 3.5653025452300753 77.20620486232725
5.860544764600206 3.5521844866409875 78.91497812020218
7.241529477562717 3.4842617068224033 76.69143233030707
1.588702434704405 9.769196748518102 25.216376040546795
0.6751952692400955 9.347417960730182 25.224974561120447
2.4747822466561726 9.081131348902083 25.216376040483013
1.5700769256058176 8.655093460840853 25.21637604048485
0.6653716045556921 8.229055572779155 25.216376040484644
3.3624890417645 8.382029647002778 24.564442458333424
2.4481679637117995 7.963266040312568 25.216376040491806
1.5434626426607125 7.537228152250387 25.216376040540684
0.6653716045560056 7.0546739681684745 25.216376040516867
3.3820296470009734 7.291449227714373 24.564442458550612
2.2892315515698174 6.783088463677745 25.216376040541466
1.4111405134666244 6.300534279594655 25.216376040542666
3.334710533111218 6.0523042194942365 74.13145217504093
2.2168236600617237 5.53846520182368 37.535999765730985
1.5000000000004894 4.500000000001608 89.99999999998658
2.7683224285160115 4.701115237148666 37.53599976572914
2.5000000000008473 3.5000000000016596 89.99999999997091
9.671999192560769 1.3407200502447214 39.55399382025178
8.90097437270274 0.7039149567009053 39.553993820251414
8.612678917019096 1.7627809806583987 39.55399382025782
7.612806063916492 0.6456774116699568 88.02226866498425
7.882051837653101 2.4563163126047685 39.553993820258924
6.500000000004212 1.5000000000005809 89.9999999999726
6.5108154696638945 0.500000000000214 89.99999999998806
6.679968437574509 2.589501117972277 76.69143233030766
5.500000000003844 1.5000000000005436 89.9999999999727
5.586804195970077 2.5868041959692656 78.91497812020413
3.500000000001106 3.500000000000997 89.99999999996967
4.500000000001233 2.5000000000007447 89.99999999997404
3.500000000001004 2.500000000000746 89.99999999997443
2.5000000000007714 2.5000000000010614 89.99999999997534
