110 11.033745229800907
0.5000000000269003 10.533745229774006 7.1e-14
10.533745229666913 0.500000000238292 89.99999999402353
0.50000000002784 0.5000000000269003 9e-15
1.5000000000840847 0.500138501362196 89.9999999998944
2.5000000001390945 0.5000000000628546 89.999999999907
3.5000000001941065 0.5000000000278266 89.99999999992039
0.5000000000284857 1.5000000000807008 2.7e-14
1.5000000003111706 1.500398203649854 89.9999999921697
2.5000000004805396 1.5000000002145617 89.99999999531072
0.5000000001384066 2.5000000001345004 3.4e-14
1.5004686758122583 2.500644085794196 89.99757177412086
0.5000000000280922 3.5000000001883 3.7e-14
1.5000000000881961 3.500977531605649 89.9999999994869
0.5000000000314673 4.5000000002421 4.7e-14
0.5000000000268994 5.5000000002959 5.9e-14
10.533745229773768 10.533463730549958 89.99999999999858
9.53374522971949 10.533474662560575 89.99999999999726
8.533745229665211 10.533745229595683 89.99999999999595
7.533745229610934 10.533745229707753 89.99999999999467
6.533745229556656 10.533745229771025 89.99999999999346
5.533745229502379 10.53374522977337 89.99999999999433
4.533745229448085 10.533745229773645 1.806e-12
3.5337452293937837 10.533745229773512 1.0982e-11
2.533745229339506 10.533745229773702 1.0829e-11
10.533677496581094 9.532994403632905 89.99934187655343
9.533544017425514 9.53308524181465 89.99919934283587
8.533413329227525 9.533745125702664 89.99998812358965
7.533296592780907 9.533745190288966 89.99999550460215
6.533169657029621 9.53374522872486 89.99999988667395
5.533002202883664 9.533745229541674 89.99999997970984
4.532799213771508 9.533745229594775 89.99999998576301
3.5325135960995073 9.533745228857702 89.99999990183893
10.53374522977285 8.439366879208043 89.99999999986733
9.530489809676158 8.528599766304701 89.54809698968684
8.530468307416276 8.529817223989385 89.54809698968641
7.5304372026331725 8.529817224344775 89.54809698968594
6.5304060978501415 8.529817224709388 89.54809698968543
5.530374993064302 8.529817224718169 89.5480969896848
4.530343888278396 8.529817224718649 89.548096989684
3.5303127834924046 8.529817224708571 89.54809698968288
10.53340565891655 7.439366879152892 89.99999999973947
9.53118420172536 7.5252216606146956 89.80346773127168
8.527548348773724 7.525889401239205 89.9999790552362
7.526901113217047 7.525890304168168 89.99987557358646
6.526400483812905 7.52590511278653 89.99820670385714
5.5224878796255155 7.52984832840594 89.54809699206628
4.5224567746782895 7.529848328416348 89.54809699108688
3.5066764795541543 7.529972547841839 89.54809700016098
10.533745229774008 6.439366879092817 5.4e-14
9.53374522972021 6.439366879101113 1.6e-14
8.533745229666414 6.525889218265358 89.99999999999999
7.533745229612615 6.5258892181980075 89.99999999999999
6.533745229558818 6.525889463514029 89.99999999999997
5.533745229505021 6.52592032342646 89.99999999999993
4.533745229451223 6.525920323428502 89.99999999999989
3.5337452293974265 6.526044542929792 89.99999999999987
10.53374522975689 5.439366879032859 2.45468e-10
9.533745229645998 5.439366879046944 89.99999999999122
8.533745229551345 5.525889218020804 89.99999999913689
7.533745229467264 5.525439446739608 89.99999999873044
6.5337452293799805 5.525889463453914 4.21508e-10
5.533745229291871 5.525920323371444 7.1523e-11
4.533745229208823 5.5259203233740015 89.99999999999599
3.5337452291448397 5.526044542871151 89.99999999985944
10.533745229771338 4.439366878975181 2.47141e-10
9.533745229624857 4.439366878992775 89.99999999998245
8.533745229540097 4.525889217899214 89.99999999929464
7.53374522944879 4.471331373607143 2.7587e-11
6.533745229357412 4.525889463394489 7.61896e-10
5.533745229278584 4.525920323316955 8.6882e-11
4.533278899028478 4.525920323319503 89.99999999999623
3.075511264557923 4.460008689145078 65.97616165827138
10.533745229773265 3.439366878916029 89.99999999998981
9.533745229717958 3.439366878938608 89.99999999997402
10.533745229769472 2.4393668788576734 89.99999999983694
3.953297035815308 1.5608247153210693 67.4418149154815
4.660642798921404 0.6606427986984604 65.88625845876368
1.5515419650344526 9.835567818306625 38.79147620552633
0.6953723915290366 9.208418879326345 34.15992367987257
2.3395414236623115 9.13625582104946 34.16036513922251
1.521959355375551 8.560174571296475 34.16036513922242
0.6944901528451153 7.998663468136666 34.16036513922236
2.3139545603515788 7.8891092347661 34.1603651391161
1.486485357288057 7.327598131246189 34.16036513922219
0.6944901530200385 6.713810872647702 34.160365130840844
2.3392550765256184 6.697773682522756 34.160365139133866
1.5473595067438781 6.0838395990172005 34.16036513913377
2.3364450859161856 5.410496926302657 34.16426437608864
1.5004670566131635 4.501362077574442 3.385203458e-06
9.71247636404419 1.5312045828874536 67.51509479491972
9.218933764645188 0.6532101697064654 67.51509479505825
8.995602726989173 2.414017182554997 67.51509480756857
8.502060127686288 1.536022769309242 67.51509480756177
8.020158332664092 0.6532101696467061 67.5150948075658
8.309639699228223 3.3544080551235305 63.26487942402395
7.8188689155349405 2.481916378015963 63.26487942241761
7.338893113612218 1.6031847235171264 63.34705431102099
6.917318232493451 0.6944938559621328 63.40976783676683
7.1380143094723785 3.3547268358399793 63.34705431103351
6.658371003517935 2.476575417125253 63.3470543110534
6.206045488829726 1.5741329205619898 64.44109227091452
5.785480344414941 0.6667905160074756 64.44109227107303
5.961298129430771 3.3652775245913076 65.88625845870456
5.51247968459652 2.470566121170568 65.8862584587002
5.0919084566455215 1.5632109959028857 65.88625845872343
4.80585741140459 3.3723643796437344 67.44181491548176
4.384989436012006 2.464346293782605 67.4418149154734
3.7522938807762167 3.5231543618553007 64.99975783934445
2.660246424188256 3.550264387116618 65.97616165800484
3.236996459307647 2.4402815630099397 61.26073942145288
