110 11.00901220576273
0.5000000000002638 10.509012205762534 3.908e-12
0.5000000000065326 0.5000000000008233 6.179e-12
1.500000000019643 0.5000000000003437 1.4351e-11
2.5000000000291847 0.5000000000034461 3.57971e-10
3.5000000000393507 0.5000000000019513 89.99999999993453
0.5000000000003588 1.5000000000024674 1.243e-11
1.5040277353059652 1.5000000000009628 2.7785e-11
2.5070650585900047 1.5048657841592963 0.019163731447094
0.5000000000002407 2.5000000000041065 1.5792e-11
1.5000000000005667 2.5000000000014104 2.8587e-11
0.5000000000011298 3.5000000000061515 9.3511e-11
1.5048248578667618 3.500000000001878 3.1322e-11
0.5000000000003437 4.500000000007917 2.1032e-11
0.5000000000004574 5.500000000009279 1.8565e-11
10.509012205762335 10.509012205762556 89.99999999999406
9.50901220576147 10.509012205762367 89.99999999997218
8.509012205760877 10.50901220576242 89.99999999997625
7.509012205760353 10.509012205762378 89.99999999998244
6.5090122057598645 10.509012205762538 89.99999999999046
5.509012205758153 10.509012205758296 1.44877e-10
4.509012205756781 10.509012205757493 2.6265e-10
3.5090122057507434 10.509012205762556 5.627e-12
2.509012205745788 10.509012205759372 1.05999e-10
10.509012205762485 9.509012205762236 89.99999999998876
9.509012205761657 9.509012205761755 89.99999999993317
8.50901220576125 9.50901220576179 89.99999999992806
7.509012205760865 9.50901220576137 89.99999999992858
6.509012205760465 9.50901220576182 89.99999999993348
5.509012205759859 9.509012205742406 89.99999999996434
4.50901220575933 9.509012205742046 89.99999999998839
3.5090122057588142 9.509012205762241 1.0658e-11
10.509012205762449 8.50901220576192 89.99999999998474
9.509012205761485 8.509012205761318 89.99999999991418
8.509012205760992 8.509012205761326 89.99999999989909
7.50901220576058 8.509012205760527 89.99999999989697
6.509012205760165 8.509012205761303 89.99999999989957
5.509012205759559 8.509012205729942 89.99999999992713
4.5090122057590305 8.509012205731226 89.99999999994832
10.509012205762385 7.509012205761605 89.99999999998174
9.509012205761266 7.509012205760978 89.99999999990665
8.509012205760586 7.5090122057609925 89.9999999998847
7.509012205759937 7.509012205759657 89.99999999986905
6.5090122057593245 7.50901220576085 89.9999999998728
5.509012205758549 7.509012205719369 89.99999999985044
4.509012205757946 7.509012205722222 89.99999999984584
10.509012205762353 6.509012205761287 89.99999999997935
9.509012205761179 6.509012205760655 89.99999999990128
8.509012205760472 6.50901220576073 89.99999999987881
7.509012205759664 6.509012205758589 89.9999999998444
6.509012205758931 6.509012205760588 89.999999999868
5.509012205757993 6.509012205709692 89.99999999982704
4.509012205757331 6.509012205712904 89.99999999981885
10.509012205762414 5.509012205760964 89.99999999997758
9.509012205761454 5.509012205760342 89.9999999998973
8.509012205761 5.509012205760487 89.99999999987506
7.5090122057606905 5.509012205098168 89.9999999998697
6.5090122057603965 5.509012205760351 89.99999999986608
5.509012205760099 5.504255398397803 89.99999999986836
4.509012205759823 5.509012205707924 89.99999999987072
10.509012205762406 4.509012205760635 89.99999999997665
9.509012205761422 4.509012205760036 89.99999999989431
8.50901220576095 4.509012205760241 89.99999999987087
7.509012205760653 4.509012205025878 89.99999999986893
6.36430661820687 4.364306618207301 69.25148675008772
5.233745726892756 4.305368204529525 68.83104017332872
4.197905093555699 4.399681413787084 68.83104017331539
10.509012205762374 3.5090122057602975 89.9999999999767
9.509012205761273 3.5090122057597384 89.99999999989215
8.3403862305644 3.3643066182064936 69.25148674994529
10.509012205762374 2.5090122057599586 89.99999999997742
4.891868454632764 0.644705587553978 69.25148675008288
4.873365413095359 3.364634295509799 69.25148674924637
5.9757482301260705 3.4421531289253475 69.25148675008404
7.141756130307277 3.4220194799983523 68.92572840960061
1.577541675314437 9.755982011114252 28.805238603474915
0.6800346058489364 9.307551540035393 28.821863675458985
2.4376054236663545 9.05118104373424 25.01005525860478
1.5439151010043197 8.601516899077478 25.01005525860785
0.6645054572758458 8.121241766448192 25.01005525860734
3.3333089905492304 8.333308990552789 27.860223203523297
2.420478769213863 7.905894383072443 28.640435621516822
1.542833841872211 7.426583021312373 28.64043562152664
0.6784781445505361 6.922938363399131 28.64043562152805
3.5090122057553077 7.157605775341192 89.99999999970895
2.330534061205497 6.717359603250625 28.640435621534596
1.4586625318197362 6.205425848710572 29.917342188281186
3.509012205754487 6.157605775340692 89.99999999968549
2.26951372706787 5.511704918853902 32.05457980934465
1.5000000000008304 4.500000000002341 3.4054e-11
3.362192704119377 5.010786273703067 68.83104017330038
2.7392801981021373 4.179646410692025 68.83104017329462
10.50901220576258 0.5000000000001776 89.9999999999983
9.769750770734767 1.569336697061932 58.73484325128027
9.296331321198691 0.6868870006263785 58.734843251318324
9.05625500586924 2.4437456161069186 66.59708050339202
8.579328738394533 1.560519001922755 66.5970805034103
8.122563163634558 0.6456911912431229 69.05631534914774
7.8568884358268445 2.478119635344647 69.25148674994472
7.407252636446713 1.5791044948578086 69.25148674994519
7.051018008356147 0.6447055875546681 69.25148674994652
6.695935595159391 2.522138187918816 68.92572840741141
6.337238159629716 1.5832998775441922 69.25148674982908
5.982018386905197 0.6456398762810887 69.2514867499512
5.618278799415689 2.508222009845409 69.25148675008279
5.26401202706274 1.5730776070887695 69.25148675008226
3.840786941475071 3.461708095666494 69.25148674924246
4.5190986406996245 2.429489892640905 69.25148674978918
3.4799787027503175 2.5236167729835906 68.6671487522732
4.140607980144264 1.4834326677214529 67.05608745301134
2.6468195016403677 3.143088389347463 68.83104017328859
