110 11.017171771777154
0.500000000000103 10.51717177177705 2.8e-14
10.51717177177705 0.500000000000103 89.99999999999997
0.500000000000103 0.500000000000103 5e-15
1.5000000000003073 0.500000000000103 4e-15
2.500000000000513 0.500000000000103 0.0
3.500000000000718 0.500000000000103 4e-15
0.500000000000103 1.500000000000309 3.4e-14
1.5000000000003082 1.500000000000309 8.3e-14
2.5020921138492254 1.5000000000003073 89.99999999999999
0.500000000000103 2.5000000000005156 89.99999999999999
1.5000000000003073 2.5000000000005147 89.99999999999999
2.5000000000005125 2.5000000000005125 89.99999999999999
0.5000000000001039 3.5000000000007216 89.99999999999993
1.5000000000003109 3.5000000000007203 1.9e-14
0.501533386481885 4.500000000001119 89.99999999997767
1.5031290025570332 4.5000000000009255 1.6e-14
0.500000000000103 5.503811723184606 0.0
0.5020020115010313 6.505785267202159 89.99523283360723
10.51717177177705 10.51717177177705 89.99999999999996
9.517171771776844 10.51717177177705 89.9999999999999
8.517171771776638 10.51717177177705 89.99999999999999
7.517171771776433 10.51717177177705 89.99999999999993
6.517171771776226 10.51717177177705 4.1e-14
5.517171380783362 10.51717177177705 89.99999999999997
4.515034903535414 10.51717177177705 89.99999999999996
3.5119747718282506 10.51717177177705 89.99999999999994
2.5063854219741826 10.51537315682904 0.030321331638604
10.51717177177705 9.517171771776846 89.99999999999996
9.517171771776844 9.517171771776846 89.99999999999993
8.51717177177664 9.517171771776846 89.99999999999996
7.517171771776433 9.517171771776846 89.99999999999993
6.517171771776226 9.517171771776846 1.4e-14
5.517171771776021 9.517171771776846 89.99999999999997
4.517171771775816 9.517171771776844 0.0
3.513627120311984 9.517171771776846 89.99999999999993
10.51717177177705 8.517171771776642 89.99999999999996
9.517171771776844 8.517171771776642 89.99999999999991
8.51717177177664 8.517171771776642 89.99999999999994
7.517171771776432 8.517171771776642 89.99999999999996
6.517171771776226 8.517171771776642 0.0
5.51717177177602 8.517171771776642 89.99999999999997
4.517171771775816 8.51717177177664 89.99999999999991
3.51717177177561 8.517171771776642 89.99999999999994
10.51717177177705 7.517171771776436 89.99999999999993
9.517171771776844 7.517171771776436 89.99999999999989
8.517171771776638 7.517171771776436 89.9999999999999
7.517171771776432 7.517171771776437 89.99999999999997
6.5171717717762245 7.517171771776436 1.7e-14
5.517171771776019 7.517171771776434 89.99999999999982
4.517171771775814 7.517171771776433 89.99999999999982
3.4718880576657267 7.489879325486687 86.67128376951294
10.51717177177705 6.517171771776232 89.99999999999991
9.517171771776846 6.517171771776232 89.9999999999999
8.51717177177664 6.517171771776232 89.99999999999991
7.517171771776435 6.517171771776232 89.99999999999994
6.51717177177623 6.51717177177623 89.99999999999994
5.495241649174578 6.4952416491748455 87.42843041137756
4.44156760594254 6.46282347688408 83.17664349853557
3.407183224802581 6.471841296644751 84.32174821186521
10.517171771777049 5.517171771776026 89.99999999999991
9.517171771776846 5.5171717717760265 89.99999999999991
8.517171771776642 5.5171717717760265 89.99999999999993
7.517171771776436 5.5171717717760265 89.99999999999991
6.374570084248265 5.435676776365435 78.6763552930014
5.280045114183593 5.431839515194919 76.6935174373049
4.250977989997508 5.4255847635942835 76.69351743730488
2.8187788864562013 5.525415297986179 84.3217482118652
10.51717177177705 4.5171717717758195 89.99999999999993
9.517171771776844 4.517171771775821 89.99999999999993
8.517171771776642 4.517171771775821 89.99999999999991
7.219353276751982 4.476946191295844 80.60995313273887
10.51717177177705 3.5171717717756157 89.99999999999991
9.517171771776844 3.5171717717756166 89.9999999999999
10.517171771777049 2.51717177177541 89.99999999999987
4.284209607076637 1.4149552241449115 61.80520061656321
5.115990354506019 0.5884422590088816 78.6763552930014
3.6755648391869244 4.53408759547336 76.69351743730495
5.045461032941978 4.453584205114821 76.0036585867274
6.097908279890742 4.47122525381155 78.67635529300134
1.5361089988779688 9.787734322666218 35.85923465101887
0.7187083389243476 9.20150919575245 35.852346240998735
2.3190445190802915 9.119767344590768 35.859234651018795
1.5085858858877526 8.533971472392874 35.859234651018795
0.6981272526952162 7.9481756001949755 35.85923465101883
2.2712813819770488 7.851375095489392 35.85923465101871
1.4515218215937233 7.258856554751928 35.85923465101974
2.205152250349382 6.569707987757855 35.85923465101974
1.5000000000003073 5.500000000001131 0.0
9.680094133671028 1.5985467532530402 72.67826557272538
9.40936860197126 0.6052657329786175 76.13238299752155
8.886700013306841 2.534152921421816 76.96518564174539
8.610490706546098 1.5716493776521707 76.9651856417454
8.37427004120641 0.5998881317808209 76.96518564174545
8.063608173536764 3.499442648782057 79.25738465509164
7.7867487419302055 2.53413089093803 79.25738465509161
7.550248516981563 1.561162087420584 79.2573846550916
7.3335528271278765 0.5844359199131031 79.2573846550916
6.94203666474302 3.5092247000993373 80.60995313273885
6.705260051118385 2.534799090893636 80.60995313273884
6.488376688309038 1.5570837257341275 80.60995313273884
6.298649399934408 0.5748775481687858 80.60995313273882
5.861514243809773 3.498710154613501 78.67635529300138
5.644879873392902 2.5222382039343567 78.67635529300136
5.455219221679013 1.5403647955273878 78.67635529300138
4.61340183581625 3.5122979626078656 78.08608221516434
4.613401835816195 2.4902825935466875 78.08608221516494
2.608205428278838 4.541421603454936 84.32174821186518
3.592450368504024 3.5173404673065347 78.08608221516491
3.5924503685039992 2.4953250982453556 78.08608221516492
2.500000000000517 3.500000000000717 89.99999999999997
