110 11.033855748225182
0.5000000000001013 10.533855748225081 0.0
10.533799794601467 0.5000826301865491 89.99829111035172
0.5007236528660259 0.5000000000001013 0.0
1.5011598346934134 0.5001569819804441 0.002594349133601
2.501962253510158 0.500153202661175 0.002790197733482
3.5026559503870613 0.5003080418403414 89.99121796757576
0.5006465007519401 1.5000000000003046 0.0
1.5015170242174012 1.5004122150873966 0.000990546235606
2.505324506896392 1.5039708593165262 89.75306839100809
0.5000502107894889 2.5000000000005085 89.99999999999999
1.500141040172105 2.500617022416548 0.000250643973337
2.6331332190161856 2.818007346704571 71.48075757018844
0.5000502425078919 3.500000000000712 0.0
1.536766348596236 3.500839947815814 0.001102702617033
0.5000902179571369 4.500000000000916 6e-15
0.5000000000001013 5.500000000001119 0.0
10.533855748225076 10.53374416034739 8.7e-14
9.533855748224862 10.533751309940675 9.7e-14
8.53385574822465 10.533769468559528 1.19e-13
7.533855748224437 10.533787229500945 1.6e-13
6.533855748224225 10.533783921463804 1.81e-13
5.533855748224014 10.533784447254956 2.08e-13
4.5338557482238055 10.533764580125911 2.39e-13
3.533855748223598 10.533751863909732 2.36e-13
2.5338557482233894 10.533855748225076 2.7e-13
10.53367146028874 9.533513524674081 89.99998451172398
9.533427243377947 9.533570016528728 5.6537665003e-05
8.533079660026655 9.533625030504666 0.000105591354912
7.532734076811197 9.533644469274495 2.6092815289e-05
6.532286407094267 9.533644625415466 89.99985707876401
5.531874168258365 9.53360575584015 0.000602741594431
4.531363035524287 9.533557765289839 4.8143559962e-05
3.5309290037897494 9.533563046833091 89.9998624566502
10.533855748225081 8.533231042086948 89.99999999999999
9.533855748224877 8.533322381683957 89.99999999999999
8.533855748224672 8.533428320921177 89.99999999999996
7.53385574822447 8.533490728048072 89.99999999999994
6.5338557482242665 8.53350674210955 89.99999999999993
5.533855748224063 8.533462696178006 89.99999999999993
4.533855748223859 8.533373853579429 89.9999999999999
3.5338557482236554 8.5333065043488 89.99999999999987
10.533790333845507 7.532954932494878 89.99884565884894
9.53367197610746 7.533134317705905 89.99761053031683
8.53357011510282 7.533291805511469 89.99782296714818
7.533466461902304 7.533357655742997 89.99966196880878
6.533363582882115 7.533340898587513 89.99991022220132
5.533246168202762 7.533243624974293 89.99970787936496
4.5331187590152195 7.533054974967715 89.99905751676822
3.5329750230971326 7.5330638811899995 89.99842884720212
10.533855748225081 6.532547325601898 89.99999999999996
9.533855748224877 6.53277652660897 89.99999999999997
8.533855748224674 6.533062959238232 89.99999999999997
7.53385574822447 6.533233895657305 89.99999999999997
6.5338557482242665 6.533243303256802 89.99999999999999
5.533855748224063 6.533137173662081 0.0
4.53385574822386 6.532755600950525 0.0
3.5338557482236563 6.532855924083434 0.0
10.533703265794676 5.532022228628651 89.98968067688686
9.53351623933947 5.53244827168223 89.98487063118336
8.533367682204537 5.5328738128925785 89.98737956446178
7.533186874992973 5.533125850242644 89.99419127327928
6.532989576022904 5.533029797360375 89.99682347585822
5.516591483866674 5.516834317514638 88.17440995905115
4.506567355139261 5.497328395437486 89.28335225548778
3.500599567097244 5.53266911542028 89.99949329953127
10.533642599635407 4.531464631422396 89.97998157905744
9.533518104488948 4.5321367825564725 89.97584285855292
8.533413672323482 4.532676081624714 89.97388146550503
7.418815795003717 4.418508945861124 74.63373259403937
10.533421198901218 3.5293181111562575 89.96592930707246
9.533086590919481 3.5318024291473966 89.95821169766579
10.530981440834463 2.5268400117067564 89.9114295172853
4.254305926320208 1.4365280366734696 66.41584922154308
5.048170084998856 0.6261245009411232 72.69531012551954
4.208876833066057 4.3994552415926504 71.45888331540725
5.249882871939141 4.357913591122891 71.4583797152778
6.341060151394034 4.413276290677517 72.69511618839323
1.5510627161830932 9.83598973780294 38.89343695774026
0.6970956209491455 9.217940874047654 34.189065167733716
2.3393654937455906 9.136277284579597 34.160408945277254
1.52195902765476 8.559937283656193 34.160408945277226
0.6944902544779641 7.99842554787706 34.16040894527724
2.338253507797758 7.905361440909948 34.16040894527643
1.5106340126236848 7.343747426745166 34.16040894527729
0.6945532564847259 6.765176703583487 34.15934141166042
2.3393654937455937 6.697611203999017 34.160408945275776
1.523511660211287 6.118983174393616 34.16040894527576
2.3059740379516294 5.441243769862444 34.16207871094657
1.5002567314664566 4.5010022909797955 0.001025349774948
9.708573093744636 1.6031589122406804 71.46223961451471
9.400599814166346 0.6328448164146403 71.84101941685302
8.960458906768759 2.5288643005217835 71.4720800017681
8.645795209030126 1.5794953016138904 71.47055752413154
8.32248227893879 0.6330171883421851 71.47458216013224
8.194380440314387 3.4653663270090207 73.80722777485568
7.8832979232381195 2.5143073276984063 73.80585326925886
7.559534336947478 1.5669310683221673 73.80699297444308
7.235532880794889 0.619623787624703 73.80857169737887
7.110833213361156 3.4660131855364384 74.63166182455178
6.78671917601625 2.517964710904586 74.6312343020825
6.4626056505452745 1.5699174324815734 74.63153509127777
6.164767576988611 0.6146473944456083 74.63207219020953
6.0172331517702 3.4666745282571445 72.69468282819396
5.693652114083242 2.519996979638218 72.69403607205243
5.396035408481685 1.5652321491558014 72.69403728968231
4.92426244466404 3.400061118417566 70.2167155682389
4.616589529671071 2.4257327921701073 72.67700816579749
3.8038697993097843 3.4803806795625176 71.45558474716839
3.5812146910036864 2.4997421004755838 71.48011137454729
2.6996652188417967 4.044963631029055 69.04583671674844
