110 11.032341228538147
0.5017048169487524 10.529710547663882 0.010849030174541
10.532341228538035 0.5000000000001181 89.99999999999962
0.5000000000005258 0.5015829313346449 89.99999999999902
1.5000000000015818 0.5013611222474381 89.99999999999471
2.500000000002635 0.5010524084055401 89.999999999987
3.5000000000037033 0.5012515025802378 89.99999999997756
4.5000000000046905 0.5000000000003295 89.99999999998215
0.5009991610346525 1.5061935821828394 89.97688109695406
1.503049344393668 1.5045392910072284 89.94133536219437
2.5053588765139287 1.5040056323072006 89.99941938103217
3.50782776070059 1.5064451412774025 0.011445904141386
0.5000000000001066 2.510562847945057 89.9999999999995
1.5000000000003162 2.5108810806721404 89.999999999999
2.5000000000005262 2.5056499589870476 89.99999999999855
0.5011415981453258 3.5144164425809103 89.97429370092514
1.5035282767504352 3.51431227834453 89.93425315675901
0.5009746714720889 4.517369620296021 89.97207403417757
1.5034110455707177 4.517376666101592 89.92943249720493
0.5012308184444683 5.520464849189886 89.98078940429369
10.531397637866611 10.53234122853803 3.15e-13
9.528619283959262 10.532341228538037 89.99999999999973
8.525821268655765 10.532341228538035 89.99999999999889
7.523133615887687 10.532016085458503 89.98956679781365
6.520631087985643 10.531178633505704 89.96564176930185
5.518203946814 10.532341228538014 89.99999999999694
4.514523761249493 10.531535310400333 89.96340180545137
3.5117259307278186 10.530662907093284 89.97263666839994
2.509397235456957 10.530691014085468 89.99788059938523
10.531557450758909 9.5323412285378 6.44e-13
9.528544761750396 9.53234122853782 89.99999999999949
8.525607376745212 9.532341228537824 89.99999999999783
7.522728512178962 9.53140713248919 89.98348513902698
6.519709452014091 9.528978719125536 89.96527677376646
5.5174544761785524 9.53234122853777 89.99999999999397
4.514566114431152 9.530091074103819 89.93976967686125
3.5128059790547197 9.527539697095072 89.92472215516142
10.5315403658308 8.532341228537572 9.58e-13
9.528421322486786 8.532341228537604 89.99999999999928
8.52530032814817 8.53234122853761 89.99999999999679
7.521978539791112 8.530804457916103 89.9801726222392
6.5189118054889095 8.52718746148228 89.96702928606051
5.516497980202233 8.532341228537526 89.99999999999086
4.513588740801654 8.528701976299658 89.94120307943936
10.531578893139086 7.53234122853734 1.26e-12
9.528485338042266 7.532341228537386 89.999999999999
8.524893708855128 7.5323412285374 89.99999999999574
7.521614083465378 7.5302042312711315 89.98162123673663
6.518392133883534 7.525301601674139 89.97407730610139
5.515305432216551 7.53234122853728 89.99999999998761
4.463143096282089 7.527340707277808 89.94175616450576
10.532341228537792 6.532341228537109 1.516e-12
9.528964475866545 6.5323412285371685 89.9999999999988
8.525442052282619 6.532341228537187 89.99999999999467
7.522382512781437 6.52961372215264 89.9847829307294
6.518959790920407 6.522876808291369 89.98564402503307
5.512526473391652 6.532341228537034 89.9999999999842
4.47866786314662 6.525960285959099 89.93911445304842
10.532341228537906 5.53234122853688 1.499e-12
9.532341228537152 5.532341228536952 89.99999999999851
8.526686663929345 5.532341228536976 89.99999999999362
7.523945907673657 5.529054914145941 89.99367794684534
6.520614382192127 5.429563345856643 0.013821548099571
5.515502102728725 5.532341228536786 89.99999999998064
4.51167806174964 5.524461335592497 89.92617791730612
4.1561859750993015 4.516692243809124 87.426722837432
10.532341228538007 4.53234122853665 1.338e-12
9.532341228537147 4.532341228536734 89.99999999999804
8.532341228536726 4.532341228536762 89.99999999999244
7.532341228536441 4.528537173112965 89.99999999999322
10.532341228538009 3.532341228536417 5.15e-13
9.532341228537714 3.532341228536516 89.99999999999774
10.532341228538025 2.532341228536187 2.11e-13
5.291595139559813 1.4228256624420847 68.6344611854465
6.062242468183419 0.647908377888232 68.63446118544975
5.3764293645054915 4.3845453129748835 68.63446118546618
6.384545312974357 4.216650982401275 68.63446118546777
1.5823882413549 9.764540698617672 27.31602695306559
0.6741931917936741 9.339677840631762 27.30364537033023
2.4609620549770024 9.046309823405041 22.866949192871846
1.5526343514297123 8.623761249456539 22.898686709681712
0.6552985593468756 8.175516388415211 22.880043140290663
3.3399032617745914 8.328450218000313 26.6447820702984
2.4293698266462105 7.908223808982812 26.623440867711086
1.5330675375915375 7.4597645967315005 26.692967158110793
0.6718138662402833 6.942542052140448 26.708328226248224
3.3015661824582385 7.1777829561556095 26.92019145863392
2.3826010882179562 6.764923797795998 26.585801819856197
1.4795323872492787 6.20913555982881 33.4662851460654
3.409099301128735 5.966785449007898 0.059456477275316
2.2686551536849198 5.5273209582369915 33.28835682719961
3.0185496342962512 4.5871324478855175 68.49415237942128
9.799176393195687 1.589392679979221 59.506033299288035
9.28358813356749 0.6477959155621829 68.63446118541583
9.085844823890291 2.4651774057645124 66.75316467186408
8.574108304414004 1.5790710222146713 68.63446118541653
8.209791579942028 0.647795915562078 68.63446118543709
8.374844035236318 3.384545312974722 68.63446118545284
7.864628475260129 2.5103461288669995 68.63446118545286
7.500311750788248 1.5790710222145719 68.63446118545293
7.135995026316751 0.6477959155619946 68.63446118545309
7.155692791864904 3.443012193895774 68.63446118545058
6.791211601350366 2.5113166752192315 68.63446118544068
6.426726105831602 1.5796101519871693 68.63446118544925
6.0202285885028735 3.2853758757481293 68.63446118542669
5.655911864031236 2.3541007690950515 68.63446118546348
3.8225031128492066 3.5287683147079454 87.34761619172247
4.984563354916326 3.4640475429480437 68.63446118546527
3.5000000000007367 2.5181181152078262 89.99999999999802
4.64779591556277 2.5219950996695712 68.63446118546433
2.6531949729088136 3.6545728466157144 68.57214991059668
