110 11.01654240371106
0.5000000000001039 10.516542403710954 2.8e-14
10.516542403710954 0.5000000000001048 89.99999999999991
0.5000000000001048 0.5000000000001039 89.99999999999999
1.5000000000003126 0.5000000000001039 89.99999999999997
2.50000000000052 0.5000000000001039 89.99999999999997
3.500000000000727 0.5000000000001039 89.99999999999999
0.5000000000001048 1.5000000000003118 89.99999999999991
1.5000000000003126 1.5000000000003109 89.99999999999994
2.5000000000005205 1.5000000000003109 89.99999999999991
0.5000000000001039 2.500000000000572 89.99999999999999
1.5000000000003109 2.500000000000518 89.99999999999996
2.500000000000517 2.5000000000005174 89.99999999999993
0.5000000000001084 3.500000000000806 4.27e-13
1.5000000000003286 3.500000000000725 0.0
0.5000000000001048 4.500000000001032 4.6e-14
1.5000000000003118 4.500000000000931 5e-15
0.5000000000001039 5.500000000001255 8e-15
10.515842055972858 10.516542403710954 5.4e-14
9.51494111643402 10.516542403710954 89.99999999999997
8.513480422057606 10.516542403710954 89.9999999999999
7.512366832538861 10.516542403710954 6e-15
6.511038146202193 10.516542403710954 89.99999999999999
5.509831611940712 10.516542403710954 89.99999999999991
4.508310524050772 10.516542403710954 89.99999999999984
3.505258922776932 10.516542403710954 89.99999999999989
2.5016140697117386 10.51521867452172 0.00096467806641
10.516542403710954 9.516542403710748 4.3e-14
9.515166030479996 9.516542403710748 0.0
8.514194073224768 9.516542403710748 89.99999999999991
7.513076217691284 9.516542403710748 89.99999999999996
6.511912528399565 9.516542403710748 89.99999999999991
5.510143692628391 9.516542403710748 89.99999999999982
4.508421188055907 9.516542403710748 89.99999999999973
3.507775664197719 9.516542403710748 89.99999999999974
10.516542403710954 8.51654240371054 4.2e-14
9.516542403710748 8.516542403710542 89.99999999999999
8.51654240371054 8.516542403710542 89.99999999999987
7.516542403710333 8.516542403710542 89.99999999999986
6.516542403710126 8.51654240371054 89.99999999999986
5.516542403709917 8.516542403710538 89.99999999999964
4.51654240370971 8.516542403710538 89.99999999999959
3.516542403709504 8.51654240371054 89.99999999999956
10.516542403710954 7.516542403710335 5.5e-14
9.516542403710748 7.516542403710335 89.99999999999997
8.51654240371054 7.516542403710336 89.9999999999999
7.516542403710333 7.516542403710335 89.99999999999987
6.516542403710126 7.516542403710334 89.99999999999983
5.516542403709916 7.516542403710331 89.99999999999953
4.516542403709709 7.516542403710332 89.99999999999952
3.5165424037095026 7.516542403710332 89.99999999999953
10.516542403710954 6.516542403710128 4.3e-14
9.516542403710748 6.516542403710128 89.99999999999994
8.51654240371054 6.516542403710128 89.9999999999999
7.516542403710334 6.516542403710128 89.99999999999989
6.516542403710126 6.516542403710128 89.99999999999986
5.485357962488244 6.485357962488451 86.30485189094105
4.431190428623584 6.439919223895728 80.36630521659714
3.4086134571714632 6.457929532186938 82.17108590938783
10.516542403710954 5.51654240370992 89.99999999999996
9.516542403710748 5.516542403709921 89.99999999999993
8.516542403710542 5.516542403709922 89.99999999999987
7.516542403710335 5.516542403709921 89.99999999999989
6.359677083528539 5.438808586479177 78.78947876352933
5.2681064599441205 5.431737837272652 76.84034742098069
4.2402173320397285 5.427801313476133 76.8403474209807
2.995349415079334 5.505343676104941 82.17108590938786
10.516542403710954 4.516542403709712 89.99999999999994
9.516542403710748 4.516542403709714 89.9999999999999
8.51654240371054 4.516542403709716 89.99999999999989
7.20637457360977 4.479205440815027 80.78444620891781
10.516542403710954 3.5165424037095057 89.99999999999997
9.516542403710748 3.5165424037095074 89.99999999999987
10.516542403710954 2.5165424037092987 89.99999999999994
4.285413873280257 1.4142624728382547 61.762386165034
5.117893373514135 0.5876669762337361 78.78947876352925
3.8326568960811627 4.496122261062917 76.8403474209808
5.037684964519154 4.454836846439815 76.4140804174609
6.088126509552437 4.4731771930621855 78.78947876352936
1.5399870988769822 9.78876507115586 35.68520182463807
0.7004921164058358 9.207626912902981 33.89326038724832
2.3187595714579223 9.116892950208797 35.68520182463805
1.5065253564480532 8.533561500715702 35.68520182463805
0.697782832251483 7.945368199955613 35.685201824638064
2.318759571457915 7.885720978478614 35.68520182463793
1.506039973189476 7.2904798366271475 36.53608072301287
0.6994055022594541 6.69940550226082 36.53608072301269
2.2047192614434605 6.563573756196329 36.53608072301293
1.5000000000003109 5.500000000001139 1.2e-14
2.5000000000005205 4.500000000000931 89.99999999999982
9.67620329300982 1.5976561252503418 73.02495611329003
9.410918905317178 0.6034379217542689 76.41766829511083
8.879684330947686 2.534871931153182 77.24540545837213
8.608521240386311 1.5709530734668262 77.24540545837215
8.377047295651625 0.598050133283377 77.24540545837218
8.053387115283027 3.501188662007054 79.49573885554821
7.781605432774432 2.534537039343487 79.49573885554821
7.5498659340132015 1.560460956272284 79.49573885554821
7.337595480692832 0.5827750012230162 79.4957388555482
6.934173564330079 3.5102922720327427 80.78444620891777
6.70218175931133 2.53485543101154 80.78444620891777
6.4897402073416215 1.5562466932710644 80.78444620891777
6.302057557681749 0.5736209905934917 80.78444620891777
5.856509449517221 3.499631130183631 78.7894787635293
5.644308598209124 2.522236849126747 78.78947876352929
5.456696892314962 1.5399690936598307 78.78947876352925
4.631214534760479 3.5242799313014848 76.41408041746814
4.613252523780145 2.4908733174170457 78.1805631651857
3.591813033867266 3.5135945889733264 78.18056316518556
3.591813033867237 2.491933284996103 78.1805631651857
2.5000000000005427 3.5000000000007243 89.99999999999986
