110 11.02376897600647
0.5000000000001563 10.523768976006341 1.502e-12
10.523768976006322 0.5000000000002043 89.9999999999968
0.5027118020222199 4.526641646210624 89.99892606826347
0.5000000000001243 3.520969688062345 89.9999999999976
1.5000000000003553 3.5210388777565114 89.9999999999952
0.5023752049220978 2.515075382511096 89.99196159945897
1.5070800256195618 2.514534756880984 0.010369806282727
0.5019003501636252 1.508987859706461 89.9988141664504
1.5056997114003439 1.5088020027082676 89.99685447497255
2.5094975802601636 1.5076597462244994 89.98156586776652
0.500000000000151 0.503147978408597 89.99999999999952
1.500000000000452 0.5031374815205787 89.99999999999902
2.5000000000007536 0.5027400541615634 89.99999999999858
3.5000000000010547 0.5000000000001315 89.99999999999818
2.514926561316115 10.520993097026341 0.015445413998734
3.5190589618273194 10.523768976006352 8.95e-13
4.52376897600079 10.523768976006076 3.0639e-11
5.523768976002397 10.523768976006211 1.819e-11
6.5237689760039625 10.523768976006068 3.449e-11
7.523768976004629 10.523768976006185 1.9839e-11
8.523768976005247 10.523768976006302 7.522e-12
9.523768976005815 10.52376897600635 1.549e-12
10.523768976006311 10.52376897600636 89.99999999999956
3.523768976000182 9.523768976006117 1.691e-12
4.523768976001264 9.52376897600572 3.9165e-11
5.523768976004105 9.523768976005766 4.5688e-11
6.5237689760046145 9.52376897600581 4.0146e-11
7.523768976005057 9.523768976005835 3.2358e-11
8.523768976005519 9.523768976006044 1.2758e-11
9.523768976005945 9.52376897600612 2.86e-12
10.523768976006316 9.523768976006142 89.99999999999893
4.523768976004641 8.52376897600534 5.0605e-11
5.523768976004893 8.523768976005547 4.6882e-11
6.523768976005147 8.523768976005574 4.3116e-11
7.523768976005389 8.52376897600552 3.9634e-11
8.523768976005812 8.523768976005812 1.5177e-11
9.523768976006126 8.523768976005895 3.34e-12
10.523768976006362 8.523768976005899 4.67e-13
4.523768976003901 7.523768976004991 5.6559e-11
5.523768976004269 7.523768976005336 4.7521e-11
6.523768976004586 7.52376897600532 4.8225e-11
7.523768976004909 7.523768976005197 4.6414e-11
8.523768976005474 7.5237689760055915 1.537e-11
9.523768976005888 7.523768976005677 3.65e-12
10.523768976006293 7.523768976005661 4.02e-13
5.52376897600359 6.523768976005124 4.7888e-11
6.523768976003943 6.523768976005078 5.2012e-11
7.5237689760043 6.523768976004838 5.3752e-11
8.523768976004968 6.523768976005369 1.4945e-11
9.523768976005437 6.5237689760054565 2.942e-12
10.523768976006128 6.523768976005437 6.5e-14
5.509916814240328 5.523768976004903 4.8154e-11
6.513064113035345 5.5237689760048285 5.5495e-11
7.516054400772636 5.520225287538203 0.006275766292902
8.518188494527276 5.523768976005094 8.384e-12
9.520256637372405 5.523768976005237 1.976e-12
10.523768976006314 5.52376897600522 89.99999999999966
5.504008371348742 4.523768976004681 4.9018e-11
6.511327229102354 4.523768976004596 5.8108e-11
7.512898723932183 4.51747172575534 89.98675708186161
8.523768976005748 4.523768976004835 3.07e-12
9.523768976005998 4.523768976005021 1.32e-12
10.523768976006314 4.523768976005003 89.99999999999932
10.523768976006357 3.523768976004784 89.99999999999886
4.470860701252196 4.5074054134776365 1.673100630844601
4.509383654675187 6.509383654676542 1.673100630842924
4.4836315270740315 5.508204945945166 1.673100630843763
0.6696303579480682 9.330765452458465 25.089073065089188
1.585390612091901 9.745852473175368 25.100712565603427
1.5534032464291965 8.626583248899149 25.100712565519817
2.4589667697658664 9.050793933822447 25.100712565524244
2.4565557374477054 7.9379527247638 24.32473490924478
3.3622023176015214 8.36220231760262 24.324734909243976
3.3650129401219133 7.251791089746993 25.07901576304141
0.6648871041296713 8.165981480525158 25.100712565508484
0.6615666584033795 7.05338552576008 24.324734909244746
1.56746365046864 7.477081155452291 24.32473490924483
0.6647406920736074 5.943805573348712 25.065886734834535
1.5705618941470543 6.36746575542253 25.065886734836923
2.4763830962207396 6.791125937498689 25.06588673497889
1.471722263264267 5.217267003580907 25.065886734839108
2.3828039160115915 5.643387542605197 25.06588673483298
3.2985593915538987 6.060992436774377 25.081728642674793
2.3328821501849224 4.516068086996581 25.065886734835114
3.2905658320675255 4.848737182069445 25.153118250384132
2.6711073528005826 3.3469869159851315 63.36127777169903
3.3436914068270616 2.4575077775276464 63.361277771692784
3.8134660543929844 3.394044630945439 63.361277771706085
4.009536324592958 1.554593581429382 63.3612777716968
4.457899606725184 2.4484450048975943 63.36127777170054
4.906262888857249 3.3422964283658843 63.361277771703925
4.685126471857835 0.6711073528001004 63.361277771712274
5.133489753990043 1.5649587762682637 63.36127777171226
5.581853036122096 2.458810199736506 63.36127777171269
6.030216318254175 3.35266162320474 63.36127777171372
5.803880633618521 0.6711073528000409 63.361277771727764
6.252243915750575 1.564958776268282 63.36127777172768
6.700607197882654 2.458810199736513 63.36127777172808
7.148970480014491 3.352661623204878 63.36127777173008
6.930634515073827 0.6669417312646315 64.40424571235144
7.379072091705569 1.5609412673168483 64.40424571235138
7.827509668337081 2.4549408033691797 64.40424571235215
8.077821847145582 0.6562264858239066 66.86800440168054
8.52699755563457 1.5517669149214086 66.86800440168038
8.969662716800093 2.450088625932799 66.86800440168086
9.367542490182334 3.3675424901810045 66.8680044016821
9.250317666392181 0.6437872075738493 69.43202736043575
9.694329475948205 1.5452612125078984 69.43202736043543
10.309773735392966 2.3824073394271785 69.43202736047277
8.274915010459772 3.367606315419313 66.31439072709254
