110 11.046903781003579
0.500000000000103 10.546903781003476 1.9e-14
10.546903781003476 0.5000000000001039 89.99999999999996
0.5000000000001066 4.5104215920842075 3.96e-13
1.5000000000003268 4.500000000000925 1.2e-14
0.5000000000005187 3.507679486612714 4.7252e-11
1.503584936550305 3.500000000000719 3.6e-14
0.5000000000001039 2.505270441338136 3.4e-14
1.5000000000003109 2.5000000000005143 7e-14
0.500000000000103 1.502845122202567 0.0
1.500000000000309 1.500000000000309 0.0
2.500000000000514 1.5000000000003082 89.99999999999999
0.5000000000001084 0.5010822958057854 6.06e-13
1.500000000000333 0.500000000000103 89.99999999999999
2.500000000000555 0.500000000000103 0.0
3.5000000000007723 0.5000000000001066 89.99999999999977
2.5469037810018325 10.546903781003476 5.7e-14
3.546903781002038 10.546903781003476 5.7e-14
4.546903781002245 10.546903781003476 8.5e-14
5.546903781002449 10.546903781003474 7.1e-14
6.546903781002655 10.546903781003476 4.9e-14
7.54690378100286 10.546903781003476 4.2e-14
8.546903781003065 10.546903781003476 2.8e-14
9.54690378100327 10.546903781003476 1.6e-14
10.546903781003476 10.546903781003476 1.8e-14
3.546903781002039 9.54690378100327 9.9e-14
4.546903781002245 9.54690378100327 1.28e-13
5.546903781002449 9.546903781003262 1.28e-13
6.546903781002654 9.546903781003266 1.42e-13
7.54690378100286 9.546903781003266 8.6e-14
8.546903781003063 9.546903781003266 6.4e-14
9.54690378100327 9.546903781003266 3.8e-14
10.546903781003476 9.546903781003266 0.0
4.546903781002245 8.546903781003063 1.42e-13
5.546903781002449 8.546903781003051 1.28e-13
6.546903781002653 8.546903781003056 1.42e-13
7.546903781002859 8.54690378100306 1.56e-13
8.546903781003063 8.54690378100306 1.85e-13
9.54690378100327 8.546903781003056 1.27e-13
10.546903781003476 8.546903780513938 4.6e-14
4.429589962395465 7.429589962396078 15.810747529080345
5.546903781002446 7.546903781002839 5.97e-13
6.546903781002652 7.546903781002848 5.34e-13
7.546903781002858 7.546903781002851 4.15e-13
8.546903781003063 7.546903781002852 3.24e-13
9.54690378100327 7.54690378100285 1.91e-13
10.546903781003476 7.546903780291481 1.25e-13
5.546903781002444 6.545221893100714 4.16e-13
6.5469037810026505 6.546903781002639 4.09e-13
7.546903781002856 6.546903781002644 3.7e-13
8.546903781003062 6.546903781002645 2.84e-13
9.546903781003266 6.546903781002645 1.99e-13
10.546903781003476 6.546903780138746 1.19e-13
5.54690378100245 5.543490278672386 1.63e-13
6.546903781002655 5.546903781002429 1.56e-13
7.546903781002861 5.546903781002435 1.14e-13
8.546903781003063 5.546903781002436 1.02e-13
9.54690378100327 5.5469037798615854 9.7e-14
10.546903781003476 5.546903779908242 9.1e-14
7.546903781002847 4.546903781002216 89.99999999999947
8.546903781003056 4.54690378100223 89.9999999999999
9.546903781003266 4.546903779555674 89.9999999999999
10.546903781003474 4.546903779575985 89.99999999999991
9.54690378100327 3.5469037795273324 7e-15
10.546903781003476 3.543224092355771 1.4e-14
10.545467009066709 2.5396428353314806 89.99991997417821
4.546903781002241 6.312276143789095 4.26e-13
4.546903781002245 5.31227614378889 4.17e-13
0.500000000000103 9.265132170911606 0.0
1.5659143300361573 9.851873101143982 37.63294765809626
1.594923745315083 8.664946555563931 12.28287033499283
2.536903082302397 9.03903676695901 12.282870334992829
2.5496754019598677 7.855705114610007 13.670767586915865
3.489050985581724 8.224818218053734 13.67076758691586
3.411058842584821 7.057370058827048 26.12051497278745
0.500000000000103 8.263750266262202 0.0
0.500000000000103 7.2620506172578425 0.0
1.5000000000003082 7.50000000000154 4.3e-14
0.500000000000103 6.260296652496234 0.0
1.5000000000003082 6.500000000001335 9e-15
2.500000000000515 6.259994882409448 2.14e-13
1.500000000000309 5.500000000001131 1.9e-14
2.5000000000005356 5.040284943529944 2.526e-12
3.5165896799150875 5.291408902071574 3.588419733888982
2.6497111714883674 2.978755111808611 68.24431827308482
3.0628443635562235 3.8905737720418987 68.2443182730849
3.474996125659477 2.3487859499833816 68.24431827308474
3.888129317727337 3.260604610216665 68.24431827308474
4.301262509795346 4.172423270449889 68.24431827308476
4.19493784601617 1.4606042037740732 65.62533720299801
4.607639515104302 2.371470457585423 65.62533720299598
5.02034118419258 3.282336711396735 65.62533720299099
5.418651834795661 4.269843662883474 73.51099632915901
4.9341191915600975 0.6689799352813912 65.62533720299788
5.34930050608063 1.5853189688631164 65.62533720299795
5.764627161904178 2.5019787825580084 65.62533720299037
6.197853830342344 3.4120749690970933 65.41343482276336
6.028714809102752 0.6617839614497303 65.62533720299771
6.441416478190928 1.57265021526108 65.62533720299353
6.870784923455239 2.477927879470178 65.41343482276649
7.126570828925793 0.6617839614497365 65.62533720299629
7.555408880958424 1.5653390297314913 65.62533720299628
7.970575966599586 2.475088235323965 65.62533720299626
8.38511981955343 3.3851198195523917 65.62533720299629
8.244548757239457 0.6624700708549973 65.52762360150095
8.659569848364022 1.572863508284088 65.51834691761215
9.074686622397035 2.4843132199883695 65.40835116884763
6.538975144577017 4.538975144576596 89.08408556104182
7.286318510283789 3.387505904196708 65.41343482276338
9.7581199383212 1.572341941792447 65.51834691761205
9.343718099395616 0.6622479269050761 65.5183469181385
