110 11.018436356228634
0.5000000000001048 10.518436356228529 1.16e-13
10.517570727089296 0.5012877202280892 89.97576113049394
0.5000000000001075 5.500000000001183 5.83e-13
0.5000000000001013 4.500000000000955 89.99999999999999
1.5000000000003055 4.500000000000943 89.99999999999996
0.5009888253407517 3.50000000000073 89.99999999999997
1.5029943705626074 3.5000000000007336 89.99999999999994
0.5009403454904628 2.5000000000005214 89.99999999999997
1.5066444302373228 2.5000000000005236 89.99999999999997
0.501384365251563 1.5000000000003126 89.99999999999999
1.5057054246601584 1.5000000000003144 89.99999999999997
2.5116213064043373 1.5078658088777281 0.00813999982722
0.5014372241009104 0.5000000000001039 89.99999999999999
1.5050443411630061 0.5000000000001048 89.99999999999999
2.5079211027140986 0.5026480189061635 89.94385791722127
2.5003441891892835 10.515502504255888 89.99966426717036
3.5039365752349148 10.518436356228516 89.99999999999879
4.506529281839705 10.518436356228502 89.9999999999987
5.508627293482776 10.517531243216995 0.000135566694624
6.510467725748275 10.517865736845803 89.98729929771743
7.512141268057077 10.51795764428258 89.98197353220489
8.513751147728902 10.518003717039647 89.9798345164284
9.515425615164315 10.517958151852824 89.97201624523093
10.517447771285903 10.517787144489695 89.965074772475
3.5184363562269847 9.518436356228285 89.99999999999746
4.518436356227195 9.512514247486905 89.99999999999721
5.518436356227417 9.515321095364245 89.99999999999766
6.518436356227639 9.516264497762279 89.99999999999817
7.518436356227861 9.516609290174578 89.99999999999866
8.518436356228083 9.516837937292596 89.99999999999916
9.518436356228303 9.516669203017848 89.99999999999966
10.518436356228527 9.515319930504653 1.45e-13
3.513009513543399 8.404685186014781 0.017121807162354
4.515265327174205 8.506971443776445 89.98244546831822
5.51843635618039 8.51284820410843 89.99999999461218
6.518436356188593 8.512886077885263 89.99999999552618
7.518436356222091 8.514729650551653 89.99999999933776
8.518436356223733 8.515078814268612 89.99999999950084
9.518436356225095 8.51520009687523 89.99999999963224
10.51843635622853 8.512807926865428 89.99999999999996
3.5184363562270784 7.40308591086635 89.99999999999682
4.518436356227288 7.482522764759642 89.9999999999973
5.5184363562274985 7.509380278824908 89.99999999999811
6.5184363562277055 7.510874695022957 89.99999999999862
7.518436356227912 7.5131409658436485 89.99999999999912
8.518436356228118 7.513382573043726 89.9999999999996
9.518436356228325 7.5136739602140885 7.2e-14
10.51843635622853 7.510715463150294 2.5e-14
4.518436356227272 6.481096568751341 89.99999999999805
5.518436356227485 6.505995333000096 89.99999999999878
6.518436356227693 6.50682148099599 89.99999999999913
7.518436356227902 6.509705324832645 89.99999999999953
8.51843635622811 6.512002494477439 89.99999999999993
9.518436356228317 6.512243704817378 3.27e-13
10.518436356228529 6.50879439994356 3.11e-13
4.518436356227289 5.480148967384533 89.99999999999918
5.518436356227492 5.503172166859464 89.99999999999912
6.518436356227695 5.501596059245105 89.99999999999903
7.518436356227896 5.5033254037805515 89.99999999999895
8.518436356228104 5.50878049214114 89.9999999999991
9.518436356228314 5.511415130394546 89.99999999999949
10.51843635622853 5.506959940772739 2.28e-13
7.518195592909468 4.497797298084687 89.99418445418304
8.518436356225017 4.507998629876515 89.99999999964453
9.518436356227195 4.510991645258534 89.99999999986994
10.518436356228348 4.505154531349071 89.99999999997921
9.518436355595338 3.510560342084495 89.99999992764424
10.518436355897478 3.5032610220254092 89.99999996233754
10.516722029715261 2.501108126856372 89.97593417521874
3.51843635622706 6.401468934091669 89.99999999999771
0.694292376298173 9.249208423094823 31.529709149805143
1.5551678819977597 9.772074632343957 31.478007453903672
1.526750837749114 8.582123668840511 31.478007453899494
2.3795914963585205 9.10429491567731 31.478007453898933
2.330930403503899 7.901949069267103 31.47800745390088
0.6875059527230931 8.037747008420723 31.47800745389953
0.6875059527230967 6.755925015573545 31.478007453901178
1.4916855184778859 7.357572408847313 31.478007453901096
2.3309304035038547 6.698867354961868 31.478007453904105
1.5267508377490628 6.097219961688104 31.47800745390441
2.3309304035038743 5.4170453621147505 31.478007453904766
3.5184363562270855 5.39980046617714 89.99999999999923
2.6736355616487733 3.3934236873464063 63.68655589437835
3.0011430886981754 4.349178842709329 63.73455523834981
3.309581261373274 2.4222475118820928 63.25321445513485
3.7578806764387225 3.32421343236853 63.63883588975033
4.204007781767991 4.22530144303008 63.50853187808671
3.5099346284880264 0.503604954076665 89.9533227617324
4.012931151458864 1.5905651763322424 62.929615794228965
4.468936358712057 2.496746688875028 63.528294710091494
4.915596729658613 3.401993463741381 63.607597951042045
5.3912502667900535 4.39715308153528 76.31287965794823
4.679383891532908 0.6681427249817569 64.15791273880589
5.129685269258015 1.5620888107570954 64.1316595771799
5.571396101825506 2.460177300387114 64.11285199025993
6.087894650683069 3.3219783291993217 64.12744729526058
5.812085604908903 0.6703805477291098 64.06284595106875
6.253878493757207 1.572874807793092 64.00500539460566
6.771906596520546 2.438157347718004 63.959950972047075
6.928232905127133 0.6680888600080692 64.17062938537804
7.4442589375446735 1.5301682300374413 64.17836843254157
7.906069921105074 2.433531764442736 65.77596432502656
8.316429964867126 3.3466006729725732 65.82912147184393
8.155388889056264 0.6583838567741598 66.41407577166005
8.614908377488279 1.5493125218111192 66.40828821316289
9.022714801647917 2.4628013166791574 66.40804035840254
6.414628809120023 4.370201166595599 76.42043422046684
7.219105155813248 3.3554907938645946 65.84784253893302
9.729511495410627 1.5801864565873078 65.67598030290591
9.325755409216395 0.662088836815137 65.7708651079316
