110 11.002038317427598
0.5000000000016609 10.50203831742667 4.2124e-11
10.502038317426862 0.5000000000012355 89.99999999997127
0.5000000000987113 4.515638466489125 89.99999999059646
0.5000000000237881 3.5106029845385276 89.9999999997623
1.5000000000783773 3.7011216490659873 89.9999999981485
0.500000000003288 2.507278240596208 89.99999999986152
1.5000000000093783 2.5000000000063207 89.99999999972312
0.500000000000747 1.5044980100842147 89.99999999996186
1.5000000000037046 1.5000000000044427 89.99999999974459
2.52715030304146 1.529837222426727 2.60199791302849
0.5000000000002638 0.501500133924127 89.99999999999967
1.5000000000010685 0.5000000000009637 89.99999999997685
2.5000000000018043 0.5025520057777326 89.99999999996562
3.500000000002238 0.5000000000003757 89.99999999997104
2.494551357845154 10.499679296844363 0.005856523855741
3.497969692154655 10.502038317427392 2.828e-12
4.5020382985370775 10.502038317423775 3.92816e-10
5.5020382998087385 10.502038317427276 89.9999999999855
6.502038301324726 10.502038317427267 89.99999999998371
7.502038303233876 10.502038317426786 89.999999999941
8.50203830603398 10.502038317427129 89.99999999995906
9.502038312442174 10.502038317427214 89.99999999998467
10.502038316428573 10.502038317427068 89.99999999999764
3.50203829742014 9.502038317426987 5.741e-12
4.502038300401367 9.502038317419348 7.73866e-10
5.502038303583155 9.502038317426578 89.99999999997647
6.502038305710638 9.5020383174259 89.99999999990108
7.502038307456307 9.502038317423064 89.99999999963559
8.502038308989807 9.50203831742646 89.99999999991391
9.502038311515658 9.502038317426504 89.99999999996925
10.502038317424168 9.50203831742601 89.99999999999532
4.502038317392827 8.502038317416446 1.032447e-09
5.502038317398734 8.502038317421272 5.32353e-10
6.502038317404768 8.502038317423567 4.836e-11
7.502038317410134 8.502038317421116 89.9999999996113
8.502038317414124 8.50203831742575 89.99999999986416
9.50203831741716 8.502038317425635 89.99999999995174
10.502038317424118 8.502038317424901 89.99999999997654
4.502038317393963 7.502038317414169 1.236472e-09
5.502038317401556 7.502038317419022 7.50859e-10
6.5020383174116425 7.502038317421733 1.71766e-10
7.50203831741511 7.500014541682739 4.863e-11
8.502038317419675 7.502038317425375 89.9999999998522
9.502038317425 7.502038317424506 89.99999999995451
10.502038317427019 7.502038317410174 1.54e-11
5.502038317409576 6.502038317417972 8.3164e-10
6.5020383174106815 6.502038317415883 7.83103e-10
7.502038317414223 6.499097064402596 4.5783e-10
8.502038317420576 6.502038317425058 89.99999999984622
9.50203831742397 6.502038317423795 89.9999999999743
10.502038317426628 6.502038317395455 4.3115e-11
5.4981324349097145 5.502038317417369 8.5388e-10
6.50203831687457 5.502038317381285 4.690236e-09
7.502038317006351 5.498371684291441 6.556292e-09
8.502038317418409 5.5020383174247245 89.99999999983785
9.502038317422638 5.502038317423132 89.9999999999853
10.502038317425962 5.502038317385556 2.9954e-11
5.502038316834504 4.502038317416884 8.76059e-10
6.502038316924795 4.502038317375947 5.244573e-09
7.502038317032169 4.497723022046775 2.486104e-09
8.502038317138215 4.502038317424157 89.99999999980574
9.502038317210392 4.50203831742245 89.99999999999879
10.502038317424367 4.502038317376243 3.41282e-10
9.50203831742661 3.5020383174219956 89.9999999999954
10.50203831742727 3.502038317367692 89.99999999999783
10.502038317421402 2.502038317360332 89.99999999982674
4.493046572803717 4.492713976180159 1.040220491797697
4.493043581046383 6.493043581054199 1.040220491788972
4.486923039928569 5.492767619153577 1.040220491793149
0.6656197373076305 9.291213006127633 25.275864005436798
1.5698822367194665 9.718189981965047 25.275864077795326
1.531740644968259 8.594306609799572 25.275864076254184
2.4381854044228906 9.022244400943089 25.54965792339662
2.433651553303183 7.910881910822411 24.920613136904834
3.337911021663147 8.33791102169117 24.920613136792582
3.338798474760816 7.229166833453465 25.599098476394243
0.6656197370544268 8.08655242496429 25.275864046151614
0.6641272957361268 6.972895921465744 24.92061313690089
1.567012415629093 7.402883025609433 24.920613136903174
0.6664059739229726 5.861128731731786 25.465507563888725
1.5692502652199547 6.29109638828119 25.465507563929332
2.4720945559492447 6.721064046811091 25.46550760286902
1.495870695793605 5.148539635742644 25.465507563786527
2.4031484509208387 5.580618670825892 25.465507563763403
3.3104246920507756 6.0126969863524975 25.46550762297645
2.4204084856938715 4.481227831373462 25.465507563562788
3.3232527770781224 4.911195487848703 25.46550756212182
2.594998681756174 3.238882694615595 60.62927247457878
3.3410038704141454 2.525503479405522 60.62927247218526
3.834214289253036 3.440635423948257 64.72302493137146
3.98470230733576 1.5601655180640206 64.72302493151022
4.4668294198121075 2.4383857739876453 64.72302493150177
4.919699911336476 3.330421189876071 64.7230249315013
4.670167436241235 0.670167436238474 63.60153268364708
5.151849146233923 1.54749037447167 63.60153268362835
5.604555788164751 2.4391956953242047 63.60153268361942
6.055308518472201 3.331870881183139 63.60153268362362
5.832787264510835 0.6701674362387342 63.601532683589966
6.285493906441124 1.5618727570917854 63.6015326835811
6.736246636748895 2.4545479429508195 63.6015326835856
6.968805113563332 0.6650935314218911 64.85008668742095
7.419729870571167 1.5581152860984142 64.85008668742006
7.901918206868963 2.4364588849462736 64.85008668742655
8.33694478600438 3.3369447860035364 64.85008668743932
8.112381305776072 0.6610078351742947 65.8031349355272
8.595075190563305 1.5404282215596408 65.8031349355252
9.030238972929526 2.4412063571500253 65.8031349355326
7.217928346746432 3.3318708811818616 63.601532683610756
9.738580579221887 1.5755528053784364 62.41897502340225
9.303367209642786 0.6746797416261092 62.41897502373656
