110 11.019768088775608
0.5000000000001021 10.519768088775507 4e-14
10.519768088775505 0.5000000000001021 89.99999999999994
0.5000000000001013 4.500000000000924 3.3e-14
1.5000000000003064 4.500000000000927 5.7e-14
0.5000000000001021 3.5000000000007176 89.99999999999991
1.502751531963443 3.5000000000007225 1.5e-14
0.5000000000001013 2.500000000000512 6e-15
1.5000000000003064 2.5000000000005174 1.9e-14
0.5000000000001981 1.5000000000003073 89.99999999999997
1.502760662632026 1.5000000000003109 9.8e-14
2.5462643998446053 1.504059637609795 0.017033205233628
0.5000000000001981 0.5000000000001021 89.99999999999999
1.500000000000595 0.500000000000103 5.2e-14
2.500000000000925 0.5000000000001537 5.865e-12
2.4947629753795812 10.51841566835181 0.001522762009714
3.4986555535900514 10.519768088775503 89.99999999999996
4.501824731491596 10.519768088775503 0.0
5.505046525622727 10.519768088775505 89.99999999999991
6.5082358577046024 10.519768088775507 89.99999999999994
7.511148340629922 10.519768088775507 89.99999999999991
8.513967440647798 10.519768088775507 89.99999999999994
9.516299806346016 10.519768088775507 89.99999999999994
10.51819351252599 10.519768088775505 89.99999999999993
3.4992435582686436 9.5197680887753 89.99999999999982
4.501958213644581 9.5197680887753 89.9999999999999
5.505143100639333 9.5197680887753 89.99999999999987
6.508301374885581 9.519768088775301 89.99999999999993
7.512115524714522 9.519768088775301 89.9999999999999
8.51469012931308 9.519768088775301 89.99999999999996
9.516874178078382 9.5197680887753 89.99999999999987
10.518192250240073 9.5197680887753 89.99999999999987
3.5197680887740717 8.519768088775091 89.99999999999976
4.519768088774277 8.519768088775091 89.99999999999982
5.51976808877448 8.519768088775095 89.99999999999986
6.5197680887746845 8.519768088775095 89.99999999999993
7.519768088774889 8.519768088775095 89.99999999999994
8.519768088775095 8.519768088775098 89.99999999999997
9.5197680887753 8.519768088775095 89.99999999999984
10.519768088775505 8.519768088775088 89.99999999999996
3.519768088774078 7.519768088774884 89.99999999999997
4.519768088774281 7.519768088774882 89.99999999999996
5.5197680887744855 7.519768088774891 89.99999999999997
6.51976808877469 7.519768088774892 89.99999999999997
7.519768088774894 7.519768088774893 89.99999999999999
8.519768088775098 7.519768088774893 89.99999999999999
9.519768088775303 7.51976808877487 0.0
10.519768088775507 7.519768088774872 0.0
4.519768088774275 6.519768088774667 8.4e-13
5.519768088774479 6.519768088774679 7.82e-13
6.519768088774688 6.519768088774686 2.44e-13
7.519768088774892 6.519768088774686 2.13e-13
8.519768088775098 6.519768088774688 1.28e-13
9.519768088775301 6.519768088774656 1.28e-13
10.519768088775507 6.519768088774649 8.8e-14
4.519768088774275 5.513533808712841 9.22e-13
5.519768088774478 5.519768088774473 8.95e-13
6.519768088774688 5.519768088774481 2.7e-13
7.5197680887748914 5.519768088774481 2.42e-13
8.519768088775095 5.519768088774484 1.25e-13
9.519768088775301 5.519768088774445 1.19e-13
10.519768088775505 5.519768088774435 9.4e-14
7.519768088774876 4.519768088774276 1.71e-13
8.519768088775084 4.51976808877428 8.5e-14
9.51976808877529 4.519768088774232 2.26e-13
10.519768088775502 4.519768088774225 4.9e-14
9.519768088775301 3.5197680887740175 89.99999999999989
10.519768088775505 3.519768088774004 89.9999999999999
10.5197680887755 2.5197680887737888 89.99999999999972
3.51976808877407 5.519768088774467 9.52e-13
3.5197680887740717 6.519768088774672 9.09e-13
0.6870886632700488 9.262985862024676 30.22087576866775
1.555800097778031 9.765406416718704 30.294908945461128
1.472382070651375 8.558513240805482 30.294908945458825
2.3358224479869536 9.062964145043942 30.294908945458833
2.3358224479869585 7.9048065857620475 30.294908945458754
0.6839456407870177 7.925682277849555 30.294908945458833
0.6839456407870177 6.767524718567668 30.29490894545875
1.5473860181226011 7.271975622806122 30.29490894545876
0.5607120404002393 5.560712040401267 7.463612972614337
1.5222154731226483 5.9197890199458945 7.463612972614532
2.459056048373736 6.467122788110649 7.4636129726145
2.496945712571096 5.068418466940751 12.464133683260998
2.651718530957943 3.03555734798117 67.82866165938785
3.029096112717662 3.96161682813652 67.82866165938796
3.4642712091448917 2.37771317425142 67.61844584279241
3.8428288894520204 3.308596988846392 67.82866165938843
4.25856872232385 4.386973337881237 71.50352366896416
3.6527206876895617 0.6527206876884586 67.61844584279555
4.189685293892105 1.5130705197317735 67.61844584279227
4.570458001511413 2.4377391874894463 67.61844584279254
4.953132222952346 3.3665256567089505 67.09677533700524
5.312273634675285 4.359681368524544 73.75851757721745
4.916867135777243 0.6527206876884621 67.61844584279254
5.297639843396537 1.5773893554460985 67.61844584279254
5.67841255101583 2.5020580232037335 67.61844584279253
6.063551516713051 3.424928693507287 67.61844584279257
5.998335595636989 0.6527206876884639 67.61844584279228
6.37910830325628 1.577389355446102 67.61844584279213
6.7645512061782105 2.5016271114968536 67.4591223030031
7.079804055496732 0.6527206876884604 67.61844584279297
7.464492994846102 1.5757766759950425 67.61844584279297
7.91518908205885 2.471651338394783 67.61844584279298
8.367047401086738 3.3670474010857165 67.61844584279298
8.166009573644654 0.6546859413370116 67.20073505979863
8.618312911779476 1.5574771524622895 66.2147806482556
9.069532747921613 2.451424568642469 66.21478064825524
6.432162501298194 4.519768088774277 2.27e-13
7.21516816713158 3.3973111310278608 67.45912230299967
9.780782895536046 1.5802669955862627 59.56416162558268
9.329659904575054 0.6841579877462642 59.68596319885797
