110 11.030765147391305
0.500000000000103 10.530765147391202 1.3e-14
10.530765147391202 0.500000000000103 89.99999999999996
0.500000000000103 4.500000000000931 0.0
0.500000000000103 3.5000000000007243 0.0
1.5000000000003118 3.672241160984405 6e-14
0.500000000000103 2.500000000000518 1e-15
1.50000000000031 2.5000000000005183 89.99999999999999
0.5000000000001048 1.50000000000031 0.0
1.500000000000317 1.50000000000031 89.99999999999999
2.5000000000005262 1.5000000000003109 89.99999999999997
0.5000000000001048 0.500000000000103 5e-15
1.5000000000003162 0.500000000000103 0.0
2.5000000000005516 0.500000000000103 89.99999999999997
2.526264889768876 10.530765147391204 4.3e-14
3.5266993601000687 10.530765147391202 5.7e-14
4.527167255033305 10.530765147391204 89.99999999999997
5.527739668881366 10.530765147391204 89.99999999999999
6.528297323547925 10.530765147391204 89.99999999999997
7.528944887662637 10.530765147391202 89.99999999999999
8.529799589999355 10.530765147391202 89.99999999999997
9.530401574811963 10.530765147391202 89.99999999999999
10.530764967737685 10.5307651473912 2.03e-13
3.524541696207727 9.530765147390998 4.3e-14
4.526073586428108 9.530765147390994 89.99999999999999
5.527245059211483 9.530765147390994 89.99999999999999
6.528188577486999 9.530765147390994 89.99999999999999
7.5291431088532645 9.530765147390998 89.99999999999997
8.53076424161229 9.530765147390998 89.99999999999997
9.530764607495822 9.530765147390998 89.99999999999997
10.5307651473912 9.530765147390984 4.41e-13
3.530765147389754 8.530765147390788 0.0
4.530765147389961 8.530765147390785 89.99999999999999
5.530765147390168 8.530765147390786 89.99999999999997
6.530765147390374 8.530765147390786 89.99999999999997
7.530765147390582 8.530765147390788 89.99999999999996
8.530765147390788 8.53076514739079 89.99999999999997
9.530765147390994 8.53076514739079 89.99999999999999
10.530765147391202 8.530765147390769 0.0
3.530765147389754 7.53076514739058 0.0
4.530765147389961 7.530765147390573 1.4e-14
5.530765147390168 7.530765147390579 0.0
6.530765147390374 7.53076514739058 0.0
7.530765147390582 7.53076514739058 0.0
8.530765147390788 7.530765147390582 5e-15
9.530765147390994 7.53076514739058 1.7e-14
10.530765147391202 7.530765147390554 1.1e-14
4.53076514738996 6.530765147390332 7.8e-14
5.530765147390167 6.530765147390365 7.1e-14
6.530765147390374 6.530765147390371 7.3e-14
7.53076514739058 6.5307651473903725 6.6e-14
8.53076514739079 6.530765147390374 0.0
9.530765147390994 6.530765147390374 2.8e-14
10.530765147391202 6.5307651473903405 1e-14
4.53076514738996 5.530765147390112 1.02e-13
5.530765147390167 5.528515360230572 1.01e-13
6.530765147390374 5.53076514739016 9.9e-14
7.530765147390582 5.530765147390165 9.9e-14
8.53076514739079 5.5307651473901664 3.1e-14
9.530765147390994 5.5307651473901664 3.4e-14
10.530765147391202 5.530765147390129 3e-14
7.530765147390575 4.530765147389955 7.1e-14
8.530765147390785 4.530765147389959 0.0
9.530765147390998 4.5307651473899595 89.99999999999999
10.530765147391202 4.530765147389918 0.0
9.530765147390998 3.5307651473897512 89.99999999999997
10.530765147391202 3.530765147389707 89.99999999999997
10.5307651473912 2.530765147389496 89.99999999999989
3.530765147389753 6.5307651473903725 7.1e-14
3.530765147389753 5.5307651473901664 8.7e-14
0.6910999559182782 9.299196250263858 32.584470132991136
1.5854074448336748 9.792866490862087 30.18792265808504
1.482775048613309 8.576264471582398 30.187922658083785
2.3471558626289504 9.07910222708816 30.187922658083785
2.347155862628951 7.922204730306931 30.187922658083792
0.6836092847607 7.961321693077132 30.1879226580838
0.6836092847607 6.804424196295902 30.187922658083792
1.5479900987763409 7.307261951801664 30.187922658083792
0.5879541820976533 5.587954182098688 11.25238918429114
1.5289774000341043 5.982898340958483 11.252389184291143
2.4428109652919967 6.514504331523414 11.252389184291141
1.555790475989295 4.757706665772952 10.891101942134004
2.4980931602522616 5.152905381772791 10.891101942134004
2.6170747712148072 3.1645402092899393 53.401598402732766
3.1121358503628493 4.042484171461675 53.401598402732766
3.3731800742154787 2.3723629648921607 63.41533172197036
3.864201685214848 3.2448674615745 63.41533172197036
4.320147120570196 4.530765147389627 3.1193e-11
3.6723454413271743 0.6723454413265433 63.04009403625752
4.097355529784556 1.5815311332487112 62.68784032468175
4.5881307331100105 2.453558472306777 62.687840324468375
5.039389939348443 3.364765063394721 64.63261443381785
5.418060780098916 4.432629870335776 78.3970225512842
4.7942719284168565 0.6723454413265113 63.04009403625756
5.254117227772873 1.5637942301596657 62.6878403244683
5.71584384611661 2.4584544085501245 63.470267095551264
6.156254537529838 3.385907460356819 65.63107410373068
5.926006957715472 0.6706824300773677 63.4702670955513
6.384690700595163 1.5593835950493968 63.4702670955513
6.839499326020404 2.4706927930292757 65.63107410373061
7.0749330185519135 0.6617590180687793 65.63107410373078
7.523211582937488 1.5565101415293365 65.63107410373078
7.935822046916843 2.467417713687542 65.63107410373078
8.369006129322113 3.3690061293210753 65.63107410373078
8.224631693328165 0.656421088987047 66.8256306361877
8.637331849999084 1.5675266729724964 66.8256306361877
9.07079994783074 2.469742100824786 66.8256306361877
6.496852616324676 4.504200992545885 87.45220118038065
7.252109789999759 3.381600365187482 65.63107410373071
9.784367369512513 1.595582653441356 61.60239231579415
9.348654066250784 0.6724671345403124 63.84533299129093
