110 11.01760616846051
0.5000000000001021 10.517606168460407 1.3e-14
10.517606168460407 0.5000000000001021 89.99999999999999
0.5000000000001021 5.500000000001129 2.8e-14
0.5000000000001021 4.500000000000924 1.2e-14
1.5000000000003082 4.500000000000923 4.5e-14
0.5000000000001021 3.5000000000007185 89.99999999999999
1.5033585889255194 3.500000000000718 4.8e-14
0.5000000000001021 2.5000000000005134 1.1e-14
1.5000000000003073 2.500000000000513 3.8e-14
0.5000000000001021 1.5000000000003082 9e-15
1.50000000000042 1.5000000000003082 2.3e-14
2.582403886508592 1.5064899719690743 0.015835931341857
0.5000000000001137 0.5000000000001021 1.8e-14
1.5000000000003473 0.5000000000001021 1.7e-14
2.500000000000608 0.5023087932872183 89.99999999999496
2.5018016352446897 10.515974422007757 0.027433053741419
3.505282423913418 10.517606168460407 89.99999999999997
4.508302159151334 10.517606168460407 4.3e-14
5.510413933630476 10.517606168460407 4.3e-14
6.512028904845993 10.517606168460407 89.99999999999997
7.51364204767833 10.517606168460407 1.5e-14
8.514953408726726 10.517606168460407 4.3e-14
9.516386532560096 10.517606168460407 89.99999999999994
10.517606168460407 10.517606168460407 4.3e-14
3.5054437134881695 9.517606168460203 89.99999999999997
4.517606168459175 9.517606168460201 5.7e-14
5.5176061684593805 9.517606168460201 1.4e-14
6.5176061684595865 9.517606168460201 4.3e-14
7.517606168459791 9.517606168460201 3.6e-14
8.517606168459997 9.517606168460203 5.9e-14
9.517606168460201 9.517606168460201 4.4e-14
10.517606168460407 9.517606168460203 4.2e-14
3.517606168458971 8.517606168459999 89.99999999999999
4.517606168459176 8.517606168459995 1.4e-14
5.5176061684593805 8.517606168459999 0.0
6.5176061684595865 8.517606168459997 5.7e-14
7.517606168459793 8.517606168459997 5.7e-14
8.517606168459997 8.517606168459999 5.7e-14
9.517606168460203 8.517606168459999 4e-14
10.517606168460407 8.517606168459999 3.9e-14
4.517606168459176 7.517606168459789 7.9e-14
5.517606168459382 7.517606168459791 8.5e-14
6.517606168459587 7.517606168459791 8.3e-14
7.517606168459793 7.517606168459791 8.5e-14
8.517606168459999 7.517606168459793 5.7e-14
9.517606168460203 7.517606168459793 5.7e-14
10.517606168460407 7.517606168459793 7.6e-14
4.517606168459178 6.517606168459583 1.16e-13
5.517606168459383 6.517606168459585 1.11e-13
6.517606168459587 6.517606168459586 9.9e-14
7.517606168459793 6.517606168459586 8.5e-14
8.517606168459999 6.517606168459587 8.7e-14
9.517606168460203 6.5176061684595865 8.2e-14
10.517606168460407 6.517606168459587 7.9e-14
4.517606168459177 5.5107738136887905 9.9e-14
5.517606168459383 5.517606168459379 9.9e-14
6.517606168459588 5.5176061684593805 1.14e-13
7.517606168459793 5.5176061684593805 9.9e-14
8.517606168459999 5.517606168459382 8.4e-14
9.517606168460203 5.5176061684593805 8e-14
10.517606168460407 5.517606168459381 7.8e-14
7.517606168459787 4.517606168459175 8.5e-14
8.517606168459993 4.517606168459177 7.1e-14
9.5176061684602 4.517606168459174 6.4e-14
10.517606168460407 4.517606168459176 4e-14
9.517606168460203 3.51760616845897 1.6e-14
10.517606168460407 3.51760616845897 1.8e-14
10.517606168460407 2.517606168458765 3.2e-14
3.5176061684589723 5.517606168459381 9.9e-14
3.5176061684589714 7.517606168459791 7.1e-14
3.517606168458973 6.5176061684595865 9.4e-14
0.6932506464775798 9.231849472355897 32.22950736311657
1.5485209459028946 9.782240993273561 33.67242794712637
1.4920526199999546 8.54301669100725 33.672427947126025
2.3242736497478504 9.097460698681388 33.67242794712603
0.693332518711018 7.938287755019823 33.67242794712604
0.693332518711018 6.736683897083982 33.67242794712605
1.5255535484589142 7.291127904758122 33.67242794712605
2.324273649747851 7.895856840745549 33.67242794712605
1.5291774680127541 5.911018318915777 11.74071302461932
2.4263254063488717 6.508718065290068 11.740713024619318
2.492077105520655 5.089497870995842 11.71013840198172
2.651799453841793 3.0556823503900756 67.81175508598042
3.0294502765133693 3.9816304354012666 67.81175508598044
3.4630395235650586 2.394639208473049 67.57423186165163
3.86866569178038 3.3913229875185906 67.81175508598037
4.252404105238797 4.383706933437276 71.30226745373125
3.652930350018136 0.6529303500174288 67.57423186165198
4.182345962721151 1.5162549336330406 67.57423186165163
4.563832104794623 2.4406294915944318 67.57423186165163
4.947480996560332 3.3696077370768385 66.98904047889732
5.308665839079642 4.361429500951012 73.58087490026082
4.9078674836928675 0.6529303500174297 67.57423186165161
5.289353625766339 1.5773049079788164 67.57423186165161
5.670839767839811 2.5016794659402026 67.57423186165161
6.057246853417224 3.4240231677551156 67.57423186165161
5.989680036177878 0.6529303500174297 67.57423186165164
6.3711661782513485 1.5773049079788164 67.57423186165163
6.757884646878526 2.501033503532858 67.4125087016019
7.0714925886628865 0.6529303500174297 67.57423186165167
7.457447781006167 1.5754605465871294 67.57423186165167
7.911836194754777 2.4697485923979907 67.57423186165167
8.364675818442672 3.3646758184416448 67.57423186165167
8.158728999307487 0.6551742047006544 67.09579406822253
8.614592133946877 1.5558043010173503 66.16789285609688
9.066787986369148 2.4492741146653203 66.16789285609688
6.429606505528804 4.517606168459175 7.1e-14
7.212189088075411 3.3951196940440393 67.41250870160164
9.777896561657718 1.5785178908919062 59.524445353968424
9.325382985432224 0.6845081626373615 59.5244453539684
