110 11.017337827308191
10.51733782730809 0.500000000000103 89.99999999999996
0.5000000000001021 5.500000000001121 0.0
0.5000000000001021 4.5000000000009175 6e-15
1.5000000000003055 4.500000000000921 1.5e-14
0.5000000000001021 3.5000000000007137 89.99999999999999
1.5007102011916098 3.5000000000007168 1.1e-14
0.5000000000001021 2.50000000000051 0.0
1.5000000000003064 2.500000000000513 1.5e-14
0.500000000000103 1.5000000000003055 89.99999999999999
1.5000000000003082 1.5000000000003073 89.99999999999991
2.500000000000513 1.5000000000003073 89.99999999999989
0.5000000000001066 0.5000000000001021 2e-15
1.500000000000318 0.500000000000103 89.99999999999994
2.5000000000005262 0.500000000000103 89.99999999999994
3.500000000000734 0.500000000000103 89.99999999999993
3.517337827306658 10.517337827308086 9.9e-14
4.517337827306863 10.517337827308086 8.5e-14
5.517337827307067 10.517337827308083 8.5e-14
6.517337827307271 10.517337827308083 5.7e-14
7.517337827307475 10.517337827308086 6e-14
8.51733782730768 10.51733782730809 4.5e-14
9.517337827307884 10.517337827308086 3.5e-14
10.51733782730809 10.517337827308086 3e-14
4.517337827306863 9.517337827307884 8.5e-14
5.517337827307067 9.51733782730786 2.8e-14
6.517337827307271 9.517337827307868 89.99999999999993
7.517337827307475 9.517337827307882 89.99999999999994
8.51733782730768 9.517337827307882 89.99999999999991
9.517337827307884 9.517337827307882 89.99999999999997
10.51733782730809 9.517337827307873 89.99999999999997
4.5173378273068625 8.327632043594473 89.99999999999999
5.517337827307068 8.517337827307648 89.99999999999996
6.517337827307271 8.517337827307658 89.9999999999999
7.517337827307477 8.517337827307678 89.99999999999993
8.51733782730768 8.517337827307678 89.99999999999999
9.517337827307886 8.517337827307657 89.99999999999999
10.51733782730809 8.517337827307658 89.99999999999999
4.517337827306865 7.327632043594271 89.99999999999999
5.5173378273070695 7.51733782730744 89.99999999999997
6.517337827307273 7.517337827307445 89.99999999999999
7.517337827307477 7.517337827307474 0.0
8.51733782730768 7.517337827307474 1.4e-14
9.517337827307886 7.517337827307442 2.8e-14
10.51733782730809 7.517337827307443 1.6e-14
4.517337827306866 6.327632043594067 89.99999999999996
5.5173378273070695 6.51733782730723 89.99999999999997
6.517337827307273 6.517337827307228 89.99999999999997
7.517337827307477 6.517337827307268 89.99999999999999
8.51733782730768 6.517337827307268 2.5e-14
9.517337827307886 6.517337827307227 2.4e-14
10.51733782730809 6.5173378273072275 2.1e-14
4.517337827306865 5.327632043593862 89.99999999999997
5.5173378273070695 5.516334715278057 89.99999999999997
6.517337827307273 5.5173378273070215 89.99999999999994
7.517337827307477 5.517337827307063 89.99999999999993
8.51733782730768 5.517337827307064 89.99999999999999
9.517337827307886 5.5173378273070135 0.0
10.51733782730809 5.517337827307013 0.0
7.517337827307475 4.517337827306857 89.99999999999976
8.517337827307678 4.517337827306859 89.99999999999979
9.517337827307884 4.5173378273068 89.99999999999986
10.517337827308086 4.5173378273067994 89.99999999999996
9.517337827307884 3.517337827306591 89.99999999999984
10.517337827308086 3.517337827306571 89.99999999999989
10.51733782730808 2.517337827306355 89.99999999999963
0.5000000000001021 10.147543851631966 9e-15
1.5000000000003055 10.51733782730809 2.2e-14
1.5759799810615336 9.349065296106176 23.113120814410916
2.564981818101635 9.79416893561286 33.842032088338584
2.5151334492910036 8.595663563053726 22.31087063895413
3.4229166853420736 9.09160515158529 26.297356248152685
3.39370845706007 7.826524542506771 16.877898850722627
0.6561396870933152 8.956772152877505 23.11312081441075
0.6523846997023348 7.866796881560711 22.310870638954114
1.5744621034267516 8.253886335337725 22.310870638954125
0.623629370246694 6.623629370247917 16.877898850722655
1.525501085229279 7.0954179069228545 16.87789885072266
2.452462588347943 7.484511558450366 16.87789885072266
1.5646667255154885 5.864828607500425 17.09197841929515
2.4658678985000155 6.336410961279613 17.091978419295152
3.392467487094697 6.725393328823745 17.091978419295145
2.49126631411017 5.103539283977223 17.091978419295167
3.3924674870946965 5.57512163775641 17.091978419295163
2.6561643038617904 3.086945518853775 66.88152772873354
3.037860283603532 4.011309957636044 66.88152772873384
3.4326827133477518 2.358938802816123 66.88152772873231
3.825316361803931 3.2786337620827335 66.88152772873318
4.20701234154564 4.202998200865022 66.88152772873408
4.145435667190812 1.4815695235832553 66.88152772872668
4.538069315647039 2.401264482849856 66.88152772872873
4.930702964103258 3.3209594421164663 66.88152772873129
5.312398943844877 4.2453238808988125 66.88152772873413
4.88060940934814 0.6567181222157688 66.88152772872665
5.273445321582768 1.5768868589543912 66.88152772872672
5.6663528248754576 2.4972232887459125 66.88152772872328
6.059206225697439 3.4174329903006258 66.88152772869913
5.9676900138527635 0.6561643038614138 66.88152772872665
6.360323662309088 1.5758592631279993 66.88152772872193
6.752957310765961 2.495554222394386 66.88152772871345
7.055007052969641 0.6561643038614289 66.88152772872328
7.448411051656448 1.576012742627786 66.8306492924951
7.918689435821166 2.462478707674525 66.83064929247242
8.360939767953393 3.360939767952372 66.83064929247243
8.157316720714698 0.6620982304632657 65.55292509036687
8.615503081835872 1.5522875127699294 65.55292509036259
9.057366463011997 2.4498974039901156 65.55292509036235
6.466932936634047 4.466932936633592 83.8865936443085
7.2251781542811635 3.383054485905009 66.65528415780112
9.764571333197068 1.5855565112713568 61.723247851499735
9.312008736894587 0.6673373548744594 64.4332777613988
