110 11.042412106780263
0.5000000000001021 10.542412106780162 8e-15
10.542412106780162 0.500000000000103 89.99999999999993
0.5015237705832929 5.50631188017819 89.99563791593266
0.5000000000001021 4.50499988628704 4e-15
1.5000000000003073 4.500000000000924 7e-15
0.500000000000103 3.503424746425314 6e-14
1.500000000000309 3.500000000000719 4.3e-14
0.5000000000001021 2.502284907905015 1.3e-14
1.5000000000003073 2.500000000000514 1.9e-14
0.5000000000001021 1.50133464381807 8e-15
1.5000000000003082 1.5000000000003082 9e-15
2.5000000000005143 1.501761034842513 89.99999999999999
0.5000000000001021 0.5004951354477987 7e-15
1.5000000000003073 0.5000000000001021 8e-15
2.500000000000513 0.5000000000001021 9e-15
3.5000000000007176 0.5000000000001021 0.0
2.5330963026295907 10.541260737063677 89.98263199752357
3.536877206101816 10.542412106780148 1.62e-12
4.539150121111614 10.542412106780162 89.99999999999996
5.540928652270718 10.542412106780162 89.99999999999993
6.542411115207035 10.542412106780162 89.99999999999993
7.542411373783116 10.542412106780162 89.99999999999993
8.54241159793785 10.542412106780162 89.99999999999991
9.542411796206093 10.542412106780162 89.99999999999993
10.542412000941301 10.542412106780162 89.99999999999994
4.54241210677893 9.542412106779956 89.99999999999993
5.542412106779136 9.542412106779958 89.99999999999994
6.5424121067793415 9.542412106779954 89.99999999999993
7.542412106779546 9.542412106779956 89.99999999999991
8.542412106779754 9.542412106779956 89.99999999999993
9.542412106779956 9.542412106779956 89.99999999999991
10.542412106780162 9.542412106779958 89.99999999999993
4.540241392547438 8.54241210677975 89.99999999999993
5.541346058337163 8.54241210677975 2e-15
6.5424121067793415 8.54241210677975 89.99999999999991
7.542412106779546 8.54241210677975 89.9999999999999
8.542412106779754 8.54241210677975 89.9999999999999
9.542412106779956 8.54241210677975 89.9999999999999
10.542412106780162 8.542412106779754 89.99999999999991
4.486943592615388 7.486943592616004 83.22832238821147
5.5424121067791345 7.542412106779546 89.99999999999996
6.542412106779341 7.542412106779542 89.9999999999999
7.542412106779546 7.542412106779546 89.99999999999989
8.54241210677975 7.542412106779546 89.9999999999999
9.542412106779958 7.542412106779546 89.9999999999999
10.542412106780162 7.542412106779546 89.99999999999991
4.350848267467203 6.4960786590624995 83.22832238821141
5.369837266470233 6.491187743503389 81.95841950731638
6.542412106779335 6.542412106779335 89.99999999999969
7.542412106779546 6.542412106779341 89.99999999999987
8.54241210677975 6.5424121067793415 89.99999999999989
9.542412106779956 6.5424121067793415 89.99999999999989
10.542412106780162 6.5424121067793415 89.99999999999989
4.247629178873006 5.486059179080675 81.4655098053415
5.316352800990437 5.478884298279484 80.82045995537942
6.358208288920638 5.458709757964694 77.30062855057291
7.542412106779546 5.542412106779136 89.99999999999989
8.54241210677975 5.542412106779136 89.99999999999989
9.542412106779956 5.542412106779135 89.99999999999989
10.542412106780162 5.542412106779135 89.99999999999989
7.241689895353261 4.499554512545681 79.99878854719617
8.54241210677975 4.54241210677893 89.99999999999987
9.542412106779954 4.54241210677893 89.99999999999987
10.542412106780159 4.54241210677893 89.99999999999989
9.542412106779954 3.5424121067787255 89.99999999999986
10.542412106780159 3.542412106778725 89.99999999999989
10.542412106780159 2.54241210677852 89.99999999999984
1.567767548271136 9.823962915701209 34.23176900395905
2.348192909659582 9.145444260356115 34.23176900395906
3.527407916786784 9.527407916788011 1.746232187017179
3.5077207249102913 8.499286770332546 3.738490731587839
0.7054176274928814 9.265920874453904 36.904589881442966
0.6946553362787355 8.020360488622018 34.231769003959045
1.521424122969159 8.582902374489066 34.23176900395905
0.745164302065418 6.845199298728936 34.23176900395899
1.5734617518511378 7.408781302503588 34.23176900395908
2.4017588498570333 7.972363066923672 34.23176900395903
1.5116965323089584 6.157227615740964 34.23176900395903
2.341114355759422 6.721571933144755 34.231769003959045
3.170294439768955 7.285754490216517 34.23176900395904
2.2831836095508593 5.472627261012489 34.23176900395904
3.109952396241281 6.035169146879539 34.231769003959045
2.5000000000005183 3.28378573051241 89.99999999999935
2.65961471959013 4.283785730512614 89.99999999999932
3.473316341581623 2.5686657236988286 81.46550980534151
3.6310590409510324 3.5561911167748814 81.46550980534151
3.786852447702742 4.544009033312204 81.4655098053415
3.5000000000007194 1.5000000000003073 0.0
4.500000000000925 1.5000000000003073 89.99999999999999
4.490878217103804 2.5733609860792233 80.82045995537945
4.648614544967378 3.5608439212640715 80.8204599553794
5.106887862280088 4.49976061443939 80.82045995537939
4.500000000000923 0.5000000000001021 1.4e-14
5.500000000001158 1.4640758321814946 89.9999999999965
5.54298868649415 2.4846875728288875 87.47828548029418
5.937907114795151 3.503270890032163 77.30062855057272
6.439849258615621 0.5792365407244144 79.99878854719616
6.579419093893921 1.5700539681372168 79.99878854719616
6.77206552356104 2.5515114027759203 79.99878854719614
7.455279656486115 0.5792365407244144 79.99878854719617
7.608683216981698 1.5795864332659222 78.63129439827192
7.817896944571161 2.557534151520373 78.63129439827192
8.079883641322066 3.524870965323786 78.63129439827192
8.534516197210632 0.500000000000103 89.99999999999989
8.6398443062342 1.5949181743924772 77.71796482686725
8.904553504864705 2.560712968628528 77.71796482686723
6.147104037140304 4.481205230631282 77.30062855057274
6.981393448191627 3.5300270760955885 79.99878854719614
9.708037141504184 1.6212175247412048 73.16033153640215
9.534516197210836 0.500000000000103 89.99999999999993
