110 11.015757840067764
0.5000000000001199 10.51575784006765 3.78e-13
10.515757840067657 0.5000000000001119 89.99999999999982
0.5048224947565609 4.5185873138241766 89.95812263843209
0.501928933722116 3.513835464633634 89.98623289724793
1.5057957007279592 3.51192786600385 89.96927442239506
0.5000000000001306 2.509640188235207 2.59e-13
2.500000000000652 2.500000000000558 9.14e-13
0.5000000000001226 1.5052688200767683 3.18e-13
1.5000000000003668 1.5052087684098563 6.81e-13
2.5000000000006484 1.5000000000003393 1.703e-12
0.5000000000001164 0.5015169744651091 2.66e-13
1.50000000000035 0.5015174871192576 5.6e-13
2.5000000000005946 0.5000000000001146 9.2e-13
2.515757840064833 10.51575784006761 89.99999999999874
3.515757840065123 10.515757840067616 89.9999999999962
4.515757840065412 10.515757840067621 89.99999999999523
5.515757840065705 10.515757840067616 89.99999999999474
6.515757840066008 10.515757840067614 89.99999999999451
7.515757840066325 10.515757840067614 89.99999999999469
8.515757840066662 10.515757840067618 89.99999999999532
9.515757840067037 10.515757840067623 89.99999999999648
10.51575784006752 10.51575784006762 89.99999999999794
3.5157578400658958 9.515757840067307 89.99999999998796
4.515757840066133 9.515757840067335 89.99999999998609
5.515757840066365 9.515757840067328 89.99999999998545
6.5157578400665965 9.51575784006733 89.99999999998545
7.515757840066835 9.515757840067323 89.9999999999861
8.51575784006709 9.515757840067346 89.99999999998882
9.51575784006735 9.515757840067346 89.99999999999189
10.515757840067609 9.515757840067286 89.99999999999501
3.50868999703317 8.363940698003926 0.815749739531213
4.5157578400658185 8.515757840066973 89.99999999996821
5.515757840066153 8.515757840067012 89.99999999997289
6.51575784006646 8.515757840067058 89.9999999999776
7.515757840066765 8.515757840067085 89.99999999998354
8.515757840067055 8.51575784006712 89.99999999998793
9.515757840067334 8.515757840067097 89.99999999999113
10.515757840067652 8.514330219716104 9e-14
4.515757840065961 7.51575784006674 89.99999999996531
5.515757840066229 7.515757840066781 89.99999999997013
6.515757840066504 7.515757840066836 89.99999999997578
7.515757840066792 7.515757840066863 89.99999999998285
8.515757840067062 7.5157578400668985 89.99999999998774
9.515757840067321 7.515757840066856 89.99999999999116
10.51575784006765 7.513486336339221 4.93e-13
4.5157578400660245 6.515757840066522 89.99999999996383
5.515757840066279 6.515757840066559 89.9999999999685
6.515757840066547 6.51575784006662 89.99999999997453
7.515757840066833 6.515757840066643 89.99999999998253
8.515757840067096 6.515757840066678 89.9999999999879
9.515757840067339 6.515757840066602 89.99999999999076
10.515757840067646 6.512778067435661 89.99999999999939
4.510421000100774 5.515757840066312 89.9999999999632
5.515757840065787 5.515757840066344 89.99999999996753
6.5157578400662235 5.515757840066407 89.99999999997372
7.515757840066616 5.515757840066424 89.99999999998266
8.515757840066959 5.515757840066457 89.99999999998862
9.515757840067241 5.515757840066297 89.99999999998673
10.515757840067579 5.512125505228107 89.9999999999936
4.5157578400658895 4.515757840066096 89.99999999996241
5.515757840066166 4.515757840066131 89.99999999996678
6.51575784006646 4.515757840066197 89.999999999973
7.515757840066788 4.515757840066204 89.99999999998296
8.515757840067119 4.515757840066209 89.99999999999268
9.515757840067408 4.511015714418743 89.9999999999981
10.515757840067645 4.511008400913795 89.99999999999892
7.515757840066746 3.515757840065983 89.99999999998357
8.515757840067112 3.515757840065942 89.99999999999909
9.515757840067375 3.5098561648362705 89.99999999999926
10.515757840067636 3.5065310688274054 89.99999999999964
10.513011555104374 2.502351220566084 89.999634168462
0.697222082135065 9.281659119159373 35.40855422070494
1.556940915222861 9.798214460838796 35.40855422082028
1.5546190925314627 8.564770298628625 28.35943197409756
2.4015306125844456 9.101043546751747 28.359431974107313
2.4491801908603494 7.866273733917706 27.139183001598145
3.3427305128152094 7.191587631319724 27.139183001586787
0.6730273272510852 8.070567704492294 27.139183001610316
0.6730273272510541 6.946847278893768 27.13918300159397
1.5629283891349233 7.403000871512356 27.13918300160578
0.6730273272509999 5.823126853294931 27.139183001588147
1.5629283891346017 6.279280445913545 27.139183001588137
2.4528294510183026 6.735434038531969 27.13918300158756
1.5281059990293735 5.137710442389252 27.13918300161654
2.428686012479181 5.5993379492787625 27.139183001592787
3.328344412435427 6.060493047128009 27.139183001575102
2.354518293260868 4.437599958552073 27.139183001614708
3.3380859401526406 4.941766022544769 27.139183001578168
3.055172653307569 3.6730273272517393 27.139183001605886
1.5000000000003908 2.5086003545546793 5.4e-13
4.238917276736776 3.4628323606661615 78.96720538440903
3.500000000000855 0.5000000000001066 1.14e-13
3.50000000000096 1.5000000000003242 89.99999999999991
3.500000000000917 2.500000000000537 89.99999999999916
5.5157578400661285 3.515757840065918 89.99999999996614
4.5000000000011475 0.5000000000001039 89.9999999999997
4.500000000001225 1.5000000000003393 89.99999999999642
5.06922400697474 2.495918200002969 78.96720538440931
5.500000000001443 0.5000000000001137 89.99999999999868
5.891477336788993 1.5384825162811984 76.93216481546634
6.546647405035123 2.5157578400657603 89.99999999997173
6.708999522551131 0.6982938115269297 54.05541518288245
7.296002037098598 1.50787892003338 54.055415182881845
7.883004551647385 2.3174640285388692 54.05541518288201
7.94420010800326 0.6982938115269279 54.055415182882776
8.531202622552055 1.5078789200324056 54.05541518288262
9.118205137099455 2.3174640285388968 54.05541518288225
6.515757840066417 3.5157578400659864 89.99999999997245
9.788397026496899 1.5382124662944228 54.05541518287224
9.201742420096082 0.7023779889783652 55.48150288881514
