110 11.039352471048513
0.5000000000001075 10.539352471048407 6e-15
10.539352471048407 0.5000000000001075 89.99999999999996
0.5000000000001226 5.500000000001825 1.62e-12
0.5000000000001101 4.500000000001542 2.65e-13
1.500000000000325 4.500000000000984 4.94e-13
0.5000000000001501 3.500000000001235 4.619e-12
1.505267586065652 3.5000000000007656 2.83e-13
0.5000000000001075 2.500000000000916 5e-15
1.5000000000003215 2.500000000000546 1.5e-14
0.5000000000001474 1.5000000000005755 4.568e-12
1.5000000000005063 1.5000000000003268 1.8e-14
2.5029145227091045 1.5028060704872708 0.011281556121875
0.5000000000001412 0.5000000000001918 1.609e-12
1.5000000000004396 0.5000000000001101 7e-15
2.500000000000751 0.5010708641917461 89.99999999999656
3.5000000000010103 0.5000000000001297 89.99999999999805
2.5313408094382037 10.538467063707134 0.00022428061807
3.5333580249480416 10.539352471048407 89.99999999999993
4.535677470327681 10.539352471048407 89.99999999999999
5.536052244878262 10.539352471048407 89.99999999999999
6.536650236536663 10.539352471048407 89.99999999999997
7.537261922618301 10.539352471048407 89.99999999999997
8.5378792238673 10.539352471048407 89.99999999999997
9.538483130429938 10.539352471048407 89.99999999999997
10.53881251092929 10.539352471048407 89.99999999999997
3.535324503436933 9.539352471048193 89.99999999999993
4.535700132538574 9.539352471048193 0.0
5.5361453592707965 9.539352471048193 89.99999999999997
6.536737929786597 9.539352471048193 89.99999999999993
7.537498263833312 9.539352471048193 89.99999999999999
8.537998441491151 9.539352471048193 89.99999999999999
9.538811106292169 9.539352471048193 89.99999999999999
10.538812511083833 9.53935247104819 89.99999999999999
4.539352471047121 8.539352471047977 1.4e-14
5.539352471047336 8.539352471047978 89.99999999999999
6.539352471047549 8.539352471047977 89.99999999999999
7.5393524710477635 8.539352471047978 89.99999999999999
8.539352471047978 8.539352471047978 89.99999999999999
9.53935247104819 8.539352471047978 89.99999999999997
10.539352471048407 8.539352471047978 89.99999999999996
5.336007153729702 7.539352471047763 1.56e-13
6.538006610674064 7.539352471047762 1.3e-13
7.538470583348259 7.539352471047763 5.9e-14
8.539349339171153 7.539352471047764 89.99999999999999
9.539350601889087 7.5393524710477635 1.4e-14
10.539351789788405 7.539352471047758 89.99999999999932
5.537599133061753 6.539352471047549 2.24e-13
6.538006609007978 6.539352471047547 2.13e-13
7.5380080150397974 6.539352471047549 89.99999999999999
8.538471985596146 6.53935247104755 89.99999999999997
9.539350479060012 6.53935247104755 3.2e-14
10.539351767594418 6.5393524710475415 89.99999999999902
5.537217723331786 5.5393524710473345 2.7e-13
6.537600603047162 5.539352471047333 2.13e-13
7.5384705801976075 5.5393524710473345 89.99999999999993
8.538998824804407 5.539352471047336 89.99999999999996
9.539350513174789 5.539352471047335 4e-15
10.539351757666442 5.539352471047325 89.9999999999987
7.539352471047761 4.53935247104712 89.9999999999999
8.539352471047975 4.539352471047121 89.9999999999999
9.539352471048193 4.539352471047121 6e-15
10.539352471048407 4.539352471047087 5e-15
9.539352471048193 3.5393524710469073 3.5e-14
10.539352471048407 3.5393524710468585 2.8e-14
10.539352471048396 2.5393524710466315 89.99999999999962
4.5332786003560965 5.5363278171571855 89.65207895706585
4.332534156576338 7.5389080406391935 89.91325809843808
4.53505936800104 6.53860028505396 89.91325809835234
0.7094823042099234 9.221721579861454 42.024604363173694
1.5124416854140206 9.827773725528674 41.97030408394788
1.58720436728178 8.54582340595776 41.98158897318483
2.3286856441770625 9.21695217763769 41.97030408394786
2.3773834557555653 7.846388472609739 48.23420116613742
3.3333719234624817 8.333371923463552 48.2342011661375
0.5003111876759361 7.949461796208452 0.035586156977337
0.5000000000001199 6.945836458303002 1.424e-12
1.5314118935222956 6.9835256985122545 3.754334408317029
3.12325719113523 7.180301112820338 48.23420116613752
1.502578866939884 5.978585425490426 3.85706588007332
2.5008743341139046 6.045295165207827 3.797243390375352
3.5328768138347284 5.974332547010618 0.001856832817215
2.498251358320069 5.042920899661332 3.797243390375284
3.530253761098828 4.97433246147778 0.001856832817219
2.6633155185791892 2.9918736058256674 65.2701089230842
3.080131096240627 3.9008662321382896 65.27010892308422
3.579039948874385 2.589673929643285 65.27010892308417
3.995855526535829 3.4986665559559156 65.27010892308427
4.530269964759632 4.533300870332191 2.7e-13
4.164598294869555 1.4750665210356235 64.86958719326202
4.593613354478163 2.4008459203673973 65.39076987216733
5.011470719950079 3.3133468656131626 65.27010892308434
4.893132004137074 0.6627981486484593 65.39076987216752
5.530269964759847 4.5393524710471205 2.98e-13
5.313119975464266 1.5703362704253427 65.39076987216754
5.729547236732764 2.4795053064537624 65.39076987216752
6.172435654608803 3.3765543223985572 65.39076987216754
5.997345197398331 0.6627981486484593 65.39076987216751
6.413772458666829 1.571967184676879 65.3907698721675
6.8572912865175555 2.470740579654638 65.16859994145932
7.097250671927898 0.6627981486484593 65.39076987216752
7.539856330532956 1.5599766769986982 65.39076987216752
7.9581938594667445 2.46827075193559 65.39076987216752
8.376554322399627 3.376554322398557 65.39076987216752
8.23147347408493 0.6612850210877799 65.7398034966092
8.649824060057666 1.5696076029372015 65.7398034966092
9.068197644021293 2.477919820023439 65.7398034966092
6.530269964760059 4.539352471047119 2.7e-13
7.2756401311376555 3.379054466651814 65.1659324074774
9.774602704812061 1.6113628110601326 64.781573537399
9.34217106305761 0.6690415166318449 65.70816048752889
