110 11.03171109263779
0.5000000000001013 10.53171109263769 2.4e-14
10.52678381382329 0.5007357882001271 89.99225893061488
0.500769567098879 4.506357144669043 0.000199030071485
0.50074983479902 3.5048368459613215 89.99677992861233
1.5021984125369974 3.5050393187403586 0.005206461226157
0.50072988225127 2.50349010678928 89.99611637719495
1.5021238982139735 2.5032938212516838 89.99783126505635
0.5004993233758448 1.5019400169492076 89.99434011998385
1.501305477704932 1.5017156343706253 0.000842789367534
2.5022167609214687 1.5000000000003046 89.99999999999999
0.5004517469979142 0.500799108692803 0.00268141766504
1.5013224219087444 0.5008393192306873 89.99557571473231
2.502038997299645 0.5000000000001013 4e-15
3.50302525341828 0.5009054393932857 89.98440073195812
2.5317110926360566 10.53171109263769 1.14e-13
3.531711092636261 10.53171109263769 9.9e-14
4.531711092636465 10.531711092637682 9.9e-14
5.5317110926366695 10.531711092637684 1.14e-13
6.531711092636874 10.531177602886823 1.04e-13
7.531711092637076 10.53088166407207 9.1e-14
8.53171109263728 10.530838544424519 7.1e-14
9.531711092637487 10.53081105378834 7.5e-14
10.53171109263769 10.53085294941992 6.4e-14
3.531711092636261 9.531711092637483 2.13e-13
4.531711092636465 9.531711092637465 1.99e-13
5.5317110926366695 9.53069386339619 1.85e-13
6.531711092636874 9.529574001707829 1.56e-13
7.531711092637076 9.529380128799247 1.37e-13
8.53171109263728 9.5291063652109 1.19e-13
9.531711092637487 9.529206900678403 9.8e-14
10.53171109263769 9.529162921863966 7.6e-14
4.531711092636466 8.531711092637256 3.84e-13
5.53171109263667 8.529854665125853 3.27e-13
6.531711092636874 8.527623322052488 3.13e-13
7.531711092637076 8.526641759961993 2.56e-13
8.53171109263728 8.527666924954502 2.13e-13
9.531711092637487 8.526914773503366 1.7e-13
10.53171109263769 8.52762193236388 1.26e-13
4.531711092636454 7.531711092637048 5.97e-13
5.53171109263666 7.525723420892552 4.84e-13
6.531711092636865 7.5237908355512575 3.82e-13
7.531711092637071 7.524290941645282 2.83e-13
8.531711092637277 7.517977449221554 1.87e-13
9.531711092637483 7.523470726376081 9.1e-14
10.531711092637687 7.512012049386945 0.0
4.5317110926364474 6.444879820387541 3.25e-13
5.531711092636654 6.519625278103727 2.84e-13
6.5317110926368604 6.520358515846691 2.31e-13
7.531711092637067 6.515981950666033 1.81e-13
8.531711092637273 6.511110229970619 1.56e-13
9.531711092637483 6.510479758638693 9.9e-14
10.531711092637687 6.5093749194508845 5.6e-14
4.531711092636462 5.444879820387336 2.6e-13
5.531711092636666 5.515645169989525 1.68e-13
6.531711092636871 5.51366446078511 9.9e-14
7.5317110926370745 5.509318113863893 7.1e-14
8.531711092637279 5.508919974032659 1.9e-14
9.531711092637483 5.507653418162803 89.99999999999999
10.53171109263769 5.506447875679817 89.99999999999994
4.519304033596711 3.9615078982134277 88.78830853136714
5.531711092636659 4.511324749496556 89.99999999999883
6.531711092636864 4.507799943581528 89.99999999999905
7.531711092637069 4.507337152759254 89.99999999999926
8.531711092637277 4.506625826575362 89.99999999999945
9.531711092637483 4.503938624749855 89.99999999999964
10.531711092637687 4.502624458261722 89.99999999999986
7.528325886200266 3.5048937777073497 89.9819233932117
8.529502937040672 3.505340346361881 89.99130744822729
9.530333440015056 3.5013617113917364 89.99848458719465
10.531252561217023 3.496573404494081 0.000696248551412
10.5215096011306 2.486714286992077 89.84305159631616
0.6762454009439844 9.347070401338383 28.009930905329746
1.5903962462305858 9.796030584937647 30.1015495641213
1.5675935655101396 8.636553987820108 23.56502135577939
2.463340101881278 9.084170723757042 23.565021355779514
2.4827818699624458 7.931715004672784 22.179567021481706
3.379953168218496 8.379953168219512 22.17956702148171
3.4097609156300837 7.2299741322679605 22.32761512497679
0.651757924417872 8.205122747499882 22.17956702148201
0.6517579244178702 7.125215289474003 22.179567021481713
1.5777631969700705 7.502725865757544 22.179567021481716
0.6517579244178711 6.045307831448125 22.179567021481777
1.5777631969700732 6.422818407731667 22.179567021481834
2.503768469522277 6.8003289840152075 22.179567021482033
1.447238574309556 5.289699130097077 22.17956702148187
2.4209382005440134 5.686653572930568 22.179567021481418
3.389235772130609 6.02087072802386 19.5829566653376
2.5313488103537005 4.651757924418684 22.179567021481397
3.483220674656027 4.965819681388665 22.179567021481375
2.503630480372888 3.5000000000007128 89.99999999999999
2.517669656931829 2.500000000000509 0.0
3.5066832018602945 3.6203020253555507 0.24451899824732
3.5130718505519343 1.556959554501589 88.8531896410411
3.6520355519934116 2.6158816379909218 0.730410306544912
5.511386820603567 3.494182554351547 88.5131847295559
4.504054624510059 0.5008217654155755 89.9776695962414
4.514364039309098 1.5126448270593507 88.7897809765922
4.7851661467994315 2.5089477310008355 88.73026889218472
5.504998265627722 0.5007328006912521 89.9744457508172
5.796023617837135 1.511637031968224 87.39519738912796
6.4766406981816775 2.4826853173231402 87.35799649304595
6.700315460366024 0.694550088504772 55.991800260196136
7.262344549504108 1.52281163415894 55.99601975123525
7.887767055852765 2.3085634105715545 56.00655214875232
7.910974111077877 0.6947028138965043 55.996123353333516
8.537285218104966 1.4798023126856963 56.0129656070464
9.096858946871684 2.3099930889930738 55.998595116454815
6.527098066176942 3.5053819239291677 89.96201413959632
9.78282165915319 1.5358246878071133 56.008050534841814
9.22724699178027 0.6968873789630461 55.60213596000085
