110 11.013611004088306
0.5000000000001021 10.513611004088204 0.0
10.513611004088204 0.5000000000001021 1e-15
0.5000000000001084 5.500000000001304 2.98e-13
0.5000000000001021 4.500000000001079 2.9e-14
1.5000000000003082 4.5000000000009255 5.7e-14
0.5000000000001021 3.5000000000008553 1.6e-14
1.5042280957985197 3.5000000000007203 2.5e-14
0.5000000000001021 2.5000000000006266 1e-14
1.5000000000003073 2.5000000000005143 1.7e-14
0.5000000000001048 1.500000000000389 2.7e-13
1.500000000000317 1.5000000000003082 3.6e-14
2.50186474972541 1.5016576397051038 89.99759794443221
0.5000000000001039 0.5000000000001297 8.7e-14
1.5000000000003144 0.5000000000001021 9e-15
2.5000000000005245 0.5006767808607382 89.99999999999982
3.5000000000007327 0.500000000000103 89.9999999999999
2.513611004086424 10.513611004088187 3.55e-13
3.513611004086648 10.513611004088204 89.99999999999999
4.513611004086874 10.513611004088201 89.99999999999987
5.51361100408711 10.513611004088204 4.3e-14
6.5136110040873785 10.513611004088204 3.5e-14
7.5136110040875845 10.513611004088204 3e-14
8.513611004087789 10.513611004088204 4.3e-14
9.513611004087997 10.513611004088201 4.4e-14
10.513611004088204 10.513611004088201 5.5e-14
3.5136110040867607 9.513611004087997 2.8e-14
4.513611004086966 9.51361100408799 1.4e-14
5.513611004087173 9.513611004087997 5.7e-14
6.5136110040873785 9.513611004087998 2.8e-14
7.5136110040875845 9.513611004087995 3.6e-14
8.51361100408779 9.513611004087998 2.9e-14
9.513611004087997 9.513611004087993 5.1e-14
10.513611004088201 9.513611004087995 4.4e-14
4.513611004086966 8.51361100408778 9.9e-14
5.513611004087173 8.51361100408779 5.7e-14
6.513611004087379 8.513611004087792 5.7e-14
7.5136110040875845 8.51361100408779 0.0
8.51361100408779 8.51361100408779 2.8e-14
9.513611004087997 8.513611004087783 0.0
10.513611004088204 8.513611004087789 89.99999999999999
4.513611004086964 7.513611004087573 1.28e-13
5.513611004087171 7.511679628713189 9.9e-14
6.513611004087378 7.513611004087586 2.4e-14
7.513611004087584 7.5136110040875845 4e-14
8.51361100408779 7.513611004087586 1e-14
9.513611004087997 7.513611004087577 3e-15
10.513611004088204 7.513611004087583 89.99999999999997
5.513611004087165 6.508557302523661 1.15e-13
6.513611004087378 6.51361100408738 2.8e-14
7.5136110040875845 6.5136110040873785 4.3e-14
8.51361100408779 6.51361100408738 1e-15
9.513611004087997 6.5136110040873705 1.3e-14
10.513611004088204 6.513611004087377 89.99999999999997
5.513611004087174 5.505820139958818 4e-14
6.513611004087379 5.513611004087174 4.3e-14
7.5136110040875845 5.513611004087172 89.99999999999999
8.51361100408779 5.513611004087175 89.99999999999999
9.513611004087998 5.513611004087164 89.99999999999997
10.513611004088204 5.513611004087171 89.99999999999994
7.5136110040875845 4.513611004086966 89.99999999999994
8.51361100408779 4.513611004086969 89.99999999999997
9.513611004087997 4.513611004086958 89.99999999999996
10.513611004088204 4.513611004086964 89.99999999999994
9.513611004087997 3.5136110040867523 89.99999999999999
10.513611004088204 3.513611004086757 89.99999999999999
10.513611004088201 2.5136110040865507 89.99999999999986
4.513611004086968 5.338382637866467 4.3e-14
4.513611004086956 6.338382637866674 1.13e-13
0.6778268054033436 9.281692235833615 27.66714761610187
1.5771414549111942 9.769594564950825 30.01590170624033
1.532197829288453 8.591077374783298 29.08543207411286
2.4030963548626274 9.082578927620172 29.085432074112852
2.4001703743097607 7.928490389212252 29.908504601004214
3.342934288916046 8.342934288917075 26.528271306650257
3.4567545083004827 7.232317717833745 11.863539172121882
0.6800045252372975 8.065949054714881 29.08543207411284
1.5484435414092954 7.403630394094413 29.90850460100425
0.6827195789045497 6.903103794506235 29.908504601004257
1.463261632947228 6.197801968772033 30.091823374831048
2.3300862597200496 6.699610898309723 29.908504601004278
3.51315106526358 6.140614398599491 0.052729377702255
2.2794479220969457 5.515001581598836 30.091823374831083
3.3577898848998733 4.984406775966466 66.95602101039759
2.6558211191874026 3.1095814086881037 66.95602101039762
2.98801566226278 4.054986932997241 66.95602101039762
3.426723433889223 2.367158827151789 66.95602101039734
3.818660460787991 3.288537626468444 66.95602101039773
4.169631629627195 4.227206293079172 66.95100746362014
4.138031980674988 1.4846412033998542 66.95602101039731
4.529469553421351 2.4048458690274788 66.95602101039738
4.920907126167712 3.3250505346551043 66.95602101039735
5.305840228317971 4.248022078431954 66.95602101039731
4.8721824400534155 0.6558211191869923 66.95602101039742
5.263620012799779 1.576025784814616 66.95602101039742
5.6550575855461425 2.4962304504422397 66.95602101039744
6.047939087712389 3.41582089594205 66.95602101039744
5.9588972083581 0.6558211191869932 66.95602101039731
6.350334781104463 1.5760257848146173 66.95602101039724
6.746506984464846 2.49594119359329 66.77280410924543
7.045611976662783 0.6558211191869932 66.9560210103973
7.443316368970379 1.5733599988981593 66.9560210103973
7.911852350630917 2.460768466924038 66.95602101039728
8.357789884900901 3.3577898848998733 66.95602101039728
8.147062868989648 0.6616774730890471 65.64981856013986
8.60965891308529 1.5499630242385267 65.64981856013912
9.055146929795105 2.4459911915377037 65.64981856013907
6.458801237149338 4.4588012371489265 83.31449993386657
7.217311410312389 3.38209014475939 66.7728041092446
9.763256885757315 1.5806938934164965 61.07267056382539
9.3184966528925 0.6815681342576276 61.05309335474115
