110 11.033160099299058
0.5000000000001021 10.533160099298957 3e-15
10.530327901573598 0.5028574187618329 89.99759675696257
0.5000000000001021 5.500000000001121 0.0
0.5000000000001021 4.5000000000009175 0.0
1.5000000000003073 4.500000000000922 1.6e-14
0.5020055942649222 3.5000000000007137 0.0
1.5057618849394014 3.500000000000717 0.0
0.5787201982864252 2.50000000000051 2.3e-14
1.640252073051629 2.500000000000512 3.8e-14
0.5029314680447436 1.5000000000003055 89.99999999999999
1.508731047964341 1.5000000000003064 7e-14
0.5029338404286952 0.5000000000001021 5e-15
1.5081560971403825 0.5000000000001021 3.4e-14
2.5134451524040125 0.5040113564094053 0.015266010406725
2.5331600992972527 10.53316009929895 2.27e-13
3.533160099297465 10.531000548982554 1.85e-13
4.533160099297676 10.530485100814946 1.85e-13
5.5331600992978895 10.530439545485958 1.85e-13
6.533160099298102 10.530482660145424 1.2e-13
7.533160099298314 10.530513743709607 8.9e-14
8.533160099298525 10.53044007705969 5.7e-14
9.533160099298739 10.530416231882759 2.6e-14
10.53316009929895 10.530454102405399 0.0
3.52106032697846 9.527363162529406 0.010892254311798
4.523336778199682 9.525269766560717 0.000476100401784
5.525275085841542 9.525069635042577 89.98781716225494
6.52682932765965 9.525153107897712 0.012479745690186
7.528137311441973 9.525242227689812 0.013214732468519
8.529520585725455 9.52525422956933 0.01167767419041
9.530960879301517 9.525222857240012 0.010660162174781
10.532424545294948 9.52518920491262 0.006290894986655
3.533160099297527 8.519747249407928 89.99999999999945
4.5331600992977314 8.519279073335593 89.99999999999953
5.533160099297935 8.519395875582441 89.99999999999957
6.533160099298139 8.519565188763705 89.99999999999966
7.533160099298344 8.519673945391384 89.9999999999997
8.533160099298547 8.519794042240921 89.99999999999976
9.533160099298753 8.51977199984433 89.9999999999998
10.533160099298957 8.519737475963476 89.99999999999986
4.5331600992977314 7.513726501782514 89.99999999999977
5.533160099297935 7.513948384952837 89.99999999999984
6.533160099298139 7.514158786407096 89.99999999999986
7.533160099298344 7.514283173499358 89.99999999999987
8.533160099298547 7.514321327547777 89.9999999999999
9.533160099298753 7.514307243934822 89.99999999999993
10.533160099298957 7.514281622830348 89.99999999999996
4.533160099297733 6.507884964843952 5.9e-14
5.5331600992979375 6.508582833330827 5.9e-14
6.533160099298141 6.508452933825915 5.7e-14
7.533160099298344 6.508823814875063 5.7e-14
8.533160099298549 6.508919547407219 4.7e-14
9.533160099298753 6.508883145509039 4.8e-14
10.533160099298957 6.50884907550587 4.6e-14
4.5331600992977314 5.4462598692741615 1.28e-13
5.533160099297935 5.503559647521912 1.14e-13
6.533160099298139 5.503089652437033 5.7e-14
7.533160099298344 5.503696575053863 2.8e-14
8.533160099298547 5.503548665375661 1e-15
9.533160099298753 5.503477661668582 89.99999999999999
10.533160099298957 5.503257408906628 89.99999999999996
7.52137498578627 4.499021187844315 89.95764309457958
8.524934665431323 4.499249594436034 89.95723613418279
9.528078838240098 4.498238861879415 89.97496148052434
10.53137804928718 4.498897480781242 89.97482099101963
9.526402436760145 3.4931012563465798 89.97370657321868
10.530848344069234 3.4951115502961976 89.98436748345442
10.530911502669564 2.4916288886203812 89.96456805523532
3.533160099297527 5.5011810517652915 1.42e-13
3.5331600992975263 7.513564659050001 89.99999999999976
3.53316009929753 6.507539594925986 5.9e-14
0.705818775314154 9.222173880071862 34.3343644482973
1.5556774236538553 9.832395219852808 37.94278800209125
1.5204852366228732 8.560314936795123 34.35626930687749
2.338219328582185 9.13607747286163 34.3562693068775
0.6949407707152453 7.9959778612722605 34.35626930687748
0.6949407707152453 6.7678914877529905 34.356269306877465
1.5126748626745519 7.343654023819505 34.35626930687749
2.338219328582181 7.907991099342366 34.356269306877486
1.5301730463068912 6.078009449589812 29.456303415338528
2.351914784255835 6.6565115875928935 29.456303415338535
2.3519147842558317 5.393641274519259 29.456303415338567
2.673968321366007 3.505393589224459 65.14950490596095
3.0920287253324936 4.418946347370107 65.22203528195726
2.6806670410132516 1.680086269134271 64.92903136132473
3.313384835724129 2.498100311596157 65.02570295099906
3.7381056642531103 3.4140462731025205 65.15666452117657
4.20862858487382 4.308451757595688 65.04467372165256
3.653431512092528 0.636995446976587 71.00561968292479
4.015525735651211 1.625984256734828 65.0078436738445
4.440204580868342 2.5354428169047485 65.0048445990892
4.90749531991125 3.425092246933771 65.00417341792674
5.3305971411229836 4.335791931636192 65.07903705492727
4.717416949526748 0.6385863819593016 70.97564466320979
5.121089813310419 1.6152787320451107 64.95973809381006
5.588053428447703 2.5083474244094135 64.78437287326807
6.015644126948846 3.4199853089731733 64.9210386821817
5.812036195780612 0.6527482322012848 67.91927404066561
6.2609480490212785 1.5808546128487309 64.63768576074767
6.690691810695968 2.487616267524796 64.64830838386887
6.938578443416121 0.6682664744605242 64.50313060918762
7.371189345511104 1.5738693510094643 64.51781721076034
7.920555803751794 2.4241849951781695 64.46961405282968
8.354309772764784 3.32927835829526 64.48403578803432
8.05416760322629 0.6697365514258493 64.46324034585473
8.60226182792146 1.5216176908416577 64.37610763909774
9.037019274621303 2.4276282089973247 64.42215507466926
6.496990759934226 4.477789587323996 87.76450263148111
7.242357857306732 3.3366305279360216 64.60319722345056
9.74220047038624 1.5722231484560032 64.36010915125134
9.306301755390818 0.6686873769175259 64.36372780265461
