110 11.0306996983073
0.5000000000001021 10.530699698307199 9e-15
10.530699698307199 0.500000000000103 89.99999999999993
0.5000000000001021 4.500000000000924 0.0
0.5000000000001021 3.5000000000007185 0.0
1.6566268795164354 3.901572512314856 22.17553523555729
0.5000000000001021 2.5000000000005134 89.99999999999999
1.5000000000003082 2.500000000000516 1.5e-14
0.5000000000001243 1.5000000000003073 0.0
1.5000000000004308 1.500000000000309 1.4e-14
0.5000000000001243 0.5000000000001021 8e-15
1.500000000000406 0.500000000000103 1.7e-14
2.5000000000006555 0.5000000000001172 89.99999999999861
2.5306996983055514 10.530699698307199 0.0
3.530699698305757 10.530699698307199 0.0
4.530699698305963 10.530699698307199 89.99999999999999
5.530699698306169 10.530699698307199 89.99999999999997
6.530699698306373 10.530699698307199 89.99999999999997
7.530699698306579 10.530699698307199 89.99999999999997
8.530699698306785 10.530699698307199 89.99999999999999
9.530699698306993 10.530699698307199 89.99999999999999
10.530699698307199 10.530699698307199 89.99999999999999
3.5306996983057615 9.530699698306993 89.99999999999997
4.530699698305968 9.530699698306993 89.99999999999999
5.530699698306173 9.530699698306993 89.99999999999997
6.5306996983063765 9.530699698306993 89.99999999999994
7.530699698306583 9.530699698306993 89.99999999999997
8.530699698306789 9.530699698306993 89.99999999999997
9.530699698306995 9.530699698306993 89.99999999999997
10.530699698307199 9.530699698306991 89.99999999999999
3.53069969830576 8.333547162379244 7.1e-14
4.530699698305964 8.530699698306783 5.7e-14
5.530699698306171 8.530699698306783 5.7e-14
6.5306996983063765 8.530699698306785 5.7e-14
7.530699698306581 8.530699698306787 5.7e-14
8.530699698306787 8.530699698306785 2.8e-14
9.530699698306993 8.530699698306785 89.99999999999999
10.530699698307199 8.530699698306783 89.99999999999999
3.524417532936011 7.037756222949893 89.99615216530997
4.530699698305966 7.5306996983065755 89.99999999999993
5.530699698306171 7.530699698306577 89.99999999999993
6.5306996983063765 7.530699698306579 89.99999999999994
7.530699698306583 7.530699698306579 89.99999999999997
8.530699698306787 7.530699698306581 89.99999999999999
9.530699698306995 7.530699698306579 0.0
10.530699698307199 7.530698746753313 8e-15
4.530699698305966 6.530699698306369 89.99999999999999
5.530699698306172 6.530699698306369 89.99999999999999
6.5306996983063765 6.530699698306373 89.99999999999999
7.530699698306581 6.530699698306373 89.99999999999999
8.530699698306787 6.530699698306375 0.0
9.530699698306995 6.530699698306371 1.4e-14
10.530699698307199 6.530698052609516 1.6e-14
4.530699698305966 5.530699698306164 89.99999999999999
5.530699698306172 5.530699698306164 0.0
6.5306996983063765 5.530699698306169 0.0
7.530699698306583 5.529750366083523 0.0
8.530699698306787 5.53069969830617 0.0
9.530699698306995 5.530699698306166 89.99999999999999
10.530699698307199 5.530696626912733 89.99999999999999
4.530699698305966 4.530699698305751 89.99999999999996
5.530699698306172 4.530699698305959 0.0
6.5306996983063765 4.530699698305963 0.0
7.530699698306583 4.528645179968244 0.0
8.530699698306787 4.530699698305964 4e-15
9.530699698306993 4.530699698305961 6e-15
10.530699698307199 4.530472579997291 0.0
9.530699698306993 3.530699698305755 2.8e-14
10.530699698307199 3.530204619836952 2.1e-14
10.530563662144417 2.5299368443340158 0.00124285121482
3.530699698305761 6.034373587143899 89.99999999999997
3.530699698305761 5.030738608327174 89.99999999999996
0.6744596219213053 9.302504136239573 27.521542427928615
1.5823531136809268 9.804720063718236 31.962994366366285
1.5655244693370092 8.613846139172237 25.919904729462065
2.439948750176294 9.10236273142738 25.919904729462072
2.464083022109606 7.899000548244333 22.175535235557227
0.6682601247639548 8.172325243982327 25.919904729462072
0.6517386245835537 7.046661693597134 22.175535235557227
1.563046360157704 7.4602314961891665 22.175535235557224
0.6517386245835537 5.6517386245845795 22.17553523555724
1.4676533381479544 6.2993475010918045 22.175535235557245
2.378961073722105 6.712917303683837 22.175535235557238
1.5630463601577036 4.943306096136125 22.175535235557287
2.378961073722105 5.590914972643348 22.17553523555729
2.5861536890379604 4.280442458755813 22.17553523555734
2.4764192088441916 3.1558388143810996 22.175535235557337
2.8604354239666594 1.6258843818757809 63.805504661221995
3.4687117355221124 2.4411014184293167 63.80550466122077
3.906337840863122 3.494043876585858 66.51877866086741
3.6693692930234114 0.6693692930224939 63.803222664410306
4.14477120828416 1.5499511020548602 63.80322266440411
4.5918019583484035 2.4589683714495134 65.31180706580786
5.00948180502354 3.3675626404618644 65.31180706581152
4.837418993573362 0.663137057843727 65.31180706580787
5.27940484697587 1.5605578806771394 65.31180706580787
5.6970846936511945 2.4691521496892705 65.31180706580791
6.136917686136035 3.367562640462128 65.31180706580793
5.967462684932324 0.6631370578437252 65.31180706580824
6.385142531607648 1.571731326855856 65.31180706580824
6.824975524092487 2.4701418176287135 65.31180706580824
7.068063947900523 0.6631370578437235 65.31180706580872
7.507896940385361 1.561547548616581 65.31180706580871
7.94988279378785 2.4589683714500024 65.31180706580872
8.367562640463166 3.367562640462138 65.31180706580875
8.195499829012626 0.663137057843719 65.3118070658097
8.637485682415114 1.5605578806771412 65.3118070658097
9.055165529090432 2.4691521496892745 65.3118070658097
7.266961377494976 3.367562640462135 65.31180706580825
9.758185382548769 1.604278747197244 65.31180706580615
9.337595368266015 0.6762332701601936 63.617311894478895
