110 11.038257167293025
0.5000000000001013 10.538257167292924 1e-15
10.538257167292924 0.5000000000001013 89.99999999999997
0.5000000000001013 4.502866308384978 2.8e-14
0.5000000000001021 3.5012526197305003 89.99999999999994
1.5000000000003073 3.5000000000007128 89.99999999999989
0.5000000000001021 2.500000000000511 89.99999999999994
2.5000000000005085 2.501019835264971 89.99999999999989
0.5000000000001013 1.5000000000003064 1.5e-14
1.5000000000003055 1.5000000000003055 2.4e-14
2.500000000000508 1.5000000000004414 1.8e-14
0.5000000000001013 0.5000000000001021 0.0
1.5000000000003055 0.5000000000001013 4e-15
2.5000000000005076 0.5000000000001021 7e-15
3.500000000000711 0.5000000000001279 7e-15
2.535421807125051 10.537551923734137 0.017218033885143
3.5370267596613068 10.538257167292922 89.99999999999999
4.538257167291655 10.538257167292892 2.217e-12
5.53825716729188 10.538257167292924 89.99999999999999
6.538257167292095 10.538257167292924 89.99999999999999
7.538257167292302 10.538257167292924 3.2e-14
8.53825716729251 10.538257167292922 5.7e-14
9.538257167292716 10.538257167292924 89.99999999999994
10.53825716729292 10.538257167292924 89.99999999999997
3.5382571672914693 9.53825716729272 2.8e-14
4.5382571672916745 9.538257167292642 89.99999999999986
5.538257167291882 9.53825716729272 89.99999999999999
6.538257167292088 9.53825716729272 0.0
7.538257167292295 9.53825716729272 89.99999999999994
8.538257167292503 9.53825716729272 3e-14
9.538257167292706 9.53825716729272 89.99999999999996
10.538257167292922 9.53825716729272 89.99999999999996
4.536968852783642 8.538257167292414 4.97e-13
5.538257167291876 8.538257167292517 89.99999999999997
6.538257167292081 8.538257167292517 89.99999999999999
7.538257167292288 8.538257167292517 89.99999999999989
8.5382571672925 8.53825716729251 89.99999999999947
9.53825716729271 8.538257167292517 89.99999999999994
10.53825716729292 8.538257167292517 89.99999999999993
4.5382571672916505 7.538257167292192 4.55e-13
5.538257167291861 7.538257167292315 89.99999999999991
6.538257167292071 7.538257167292313 89.99999999999999
7.5382571672922865 7.538257167292313 89.9999999999999
8.538257167292496 7.538257167292304 89.99999999999923
9.53825716729271 7.538257167292313 89.99999999999994
10.538257167292922 7.538257167292315 89.99999999999993
5.538257167291902 6.538257167292111 89.99999999999983
6.538257167292106 6.53825716729211 89.99999999999982
7.5382571672923095 6.53825716729211 89.99999999999983
8.538257167292514 6.537464382896731 89.99999999999994
9.538257167292716 6.538257167292111 89.99999999999993
10.538257167292922 6.5382571672921115 89.99999999999993
5.317188179469254 5.482334387831611 80.14823994867692
6.538257167292105 5.538257167291906 89.9999999999998
7.5382571672923095 5.538257167291905 89.99999999999983
8.538257167292514 5.536517075665535 89.9999999999999
9.538257167292716 5.538257167291906 89.99999999999996
10.538257167292922 5.538257167291908 89.99999999999991
5.1491090036004845 4.496556122235207 80.14823994867693
6.188811855704374 4.515953585616649 82.9832248290423
7.538257167292306 4.538257167291703 89.99999999999983
8.53825716729251 4.535137117426696 89.99999999999984
9.538257167292716 4.538257167291704 89.99999999999994
10.538257167292922 4.538257167291705 89.9999999999999
7.11273298481954 3.534337738677943 87.38690997555607
8.112936131515404 3.5159814694463893 87.3869099755561
9.53825716729272 3.5382571672915013 89.99999999999991
10.538257167292924 3.538257167291502 89.99999999999991
10.538257167292924 2.538257167291299 89.9999999999999
4.011131620583644 4.505980217920653 79.83302773422942
4.4600804859754515 6.460080485975798 80.14823994869268
4.300567981093947 5.472814528230305 80.14823994867689
0.6782647799339294 9.302763543466503 27.070161109663367
1.5850353939015562 9.807638622423227 31.150846863762975
1.542359036430399 8.613357007031636 31.150846863762688
2.398167388894071 9.130650022501419 31.150846863762677
2.3981673888941506 7.962164114270214 31.150846863762734
3.430527527780109 8.435931219072868 13.409907136639141
3.3806493352094575 7.31438362930777 23.434489950974047
0.6865506839667272 8.096063991561852 31.150846863762695
0.6865506839667281 6.9275780833305864 31.150846863759966
1.5423590364304451 7.444871098800407 31.150846863762848
0.6863863582440839 5.684296202655123 28.38491203517334
1.5325795184196425 6.270473964829031 31.150846863759224
2.389546857825272 6.788467529491184 31.15084686376283
1.6815561481716461 4.681556148172258 29.550570506708095
2.3289449376605527 5.567262843552727 29.55057050670808
3.185087202427956 6.084757692180654 29.55057050670808
2.5000000000006586 3.5024752585344676 89.99999999999832
2.822136500811606 4.697342110360868 29.550570506707228
4.500000000000916 2.500000000000509 89.99999999999989
1.5000000000003055 2.50000000000051 89.99999999999991
3.5000000000010103 3.5000000000009277 89.99999999999676
3.5000000000007114 1.5000000000004405 2.8e-14
3.5000000000007123 2.5000000000006835 89.99999999999991
4.855313735986092 3.5326097727896 80.14823994867693
4.500000000000914 0.5000000000001013 1.4e-14
4.500000000000915 1.5000000000003055 5.7e-14
5.50000000000112 2.454433091473108 89.99999999999983
6.068657683625665 3.5231962844725317 82.98322482904231
5.500000000001118 0.5000000000001013 0.0
6.400903763175526 1.4272173010461513 78.2323491780465
6.55733518287421 2.4555029050770223 82.9832248290423
7.308604888064946 0.5222756978452114 87.38690997555604
7.486341787981782 1.5152049242476755 87.38690997555604
7.620807705293193 2.510108980823264 87.38690997555604
8.3887161841813 0.5938435260840329 77.87871750808951
8.593171310021683 1.6053760271761819 74.09410994434357
8.978886461724091 2.5352704060760227 74.09410994434353
9.742247097843137 1.6170289097708452 68.69098790808853
9.411519265300628 0.5938435260840338 77.87871750808948
