110 10.99678339663159163950277843399023984453989872042677421189558845495345
0.5 10.49678339663159163950277843399023984453989872042677421189558845495345 0.0
10.49678339663159163950277843399023984453989872042677421189558845495345 0.5 -7.795952623478961646711879054938199061512590984672675198628883841834053e-81
0.5 0.5 -7.123157929815639679502334867535241926293019705541376882606287319417954e-75
1.5 0.5 -7.917056149928096465839301235558658252780953534088192004112418045940973e-75
2.5 0.5 0.0
3.5 0.5 0.0
0.5 1.5 -7.123157929815639679502334867535241926293019705541376882606287319417954e-75
1.5 1.5 -7.917056149928096465839301235558658252780953534088192004112418045940973e-75
2.5 1.5 0.0
0.5 2.5 -7.123146405136816413732791630150477401543635012319651402354568512459671e-75
1.5 2.5 -7.123086002791922553133534433333189508948322657632654269542037137199921e-75
0.5082305578311745000000000001011303013516866702954701022780897298812566 3.5 -1.323124338103866182462463826774876008268116651993278837024208157126479e-75
10.49678339663159163950277843399023984453989872042677421189558845495345 10.49678339663159163950277843399023984453989872042677421189558845495345 -4.154189946568886378443796469998692664155465082349582267999880369972056e-75
9.49678339663159163950277843399023984453989872042677421189558845495345 10.49678339663159163950277843399023984453989872042677421189558845495345 -5.32816117619791525157525956850637113184357535221240415633962828966076e-75
8.49678339663159163950277843399023984453989872042677421189558845495345 10.49678339663159163950277843399023984453989872042677421189558845495345 -5.32816117619791525157525956850637113184357535221240415633962828966076e-75
7.49678339663159163950277843399023984453989872042677421189558845495345 10.49678339663159163950277843399023984453989872042677421189558845495345 -3.284219582934141473647525602593380871991010478424549419746713994113188e-74
6.49678339663159163950277843399023984453989872042677421189558845495345 10.49678339663159163950277843399023984453989872042677421189558845495345 -2.947078830932555429083644689082253350757774671857737999664110219223364e-74
5.49678339663159163950277843399023984453989872042677421189558845495345 10.49678339663159163950277843399023984453989872042677421189558845495345 -2.82966821395628520669965798663048917391264826932550351049021970394774e-74
4.49678339663159163950277843399023984453989872042677421189558845495345 10.49678339663159163950277843399023984453989872042677421189558845495345 -3.166822459971238586335720494223463301112381413635276801644967218376389e-74
3.49678339663159163950277843399023984453989872042677421189558845495345 10.49678339663159163950277843399023984453989872042677421189558845495345 -1.474149130377031832971568888889357549380626360900820797888910912668605e-75
2.49678339663159163950277843399023984453989872042677421189558845495345 10.49678339663159163950277843399023984453989872042677421189558845495345 -4.414929078806887248857387448946697154579669307530158422665074898412274e-79
10.49678339663159163950277843399023984453989872042677421189558845495345 9.49678339663159163950277843399023984453989872042677421189558845495345 1.505146481343684034958201906223986235450195380695443894445015070387567e-74
9.49678339663159163950277843399023984453989872042677421189558845495345 9.49678339663159163950277843399023984453989872042677421189558845495345 -4.545876294337538260870082595125412077888073206560979119655880161892583e-75
8.49678339663159163950277843399023984453989872042677421189558845495345 9.49678339663159163950277843399023984453989872042677421189558845495345 1.959697850321540301907410723667728209418739551991499374433737376785086e-74
7.49678339663159163950277843399023984453989872042677421189558845495345 9.49678339663159163950277843399023984453989872042677421189558845495345 2.751403465314349948491340847223594034696834905400318574844979181379184e-74
6.49678339663159163950277843399023984453989872042677421189558845495345 9.49678339663159163950277843399023984453989872042677421189558845495345 -5.620204053591602784297169205778806192052662799983928909256161170959309e-74
5.49678339663159163950277843399023984453989872042677421189558845495345 9.49678339663159163950277843399023984453989872042677421189558845495345 -3.091632871455487951408614823225196825000204568386470662275205310506016e-74
4.49678339663159163950277843399023984453989872042677421189558845495345 9.49678339663159163950277843399023984453989872042677421189558845495345 -1.246256983970665913531797739518757523356457562507865109667736094759546e-74
3.49678339663159163950277843399023984453989872042677421189558845495345 9.49678339663159163950277843399023984453989872042677421189558845495345 -6.690293971359966333044620282801995253349378856223792269562007524605203e-79
10.49678339663159163950277843399023984453989872042677421189558845495345 8.49678339663159163950277843399023984453989872042677421189558845495345 1.128859861007763026219992631148839952477828497718592491565989319022746e-74
9.49678339663159163950277843399023984453989872042677421189558845495345 8.49678339663159163950277843399023984453989872042677421189558845495345 1.435996316947916109870703358222795895618128070727556321033592517921334e-74
8.49678339663159163950277843399023984453989872042677421189558845495345 8.49678339663159163950277843399023984453989872042677421189558845495345 7.917056149928096465839301235558658252780953534088192004112418045940973e-75
7.49678339663159163950277843399023984453989872042677421189558845495345 8.49678339663159163950277843399023984453989872042677421189558845495345 3.019407546933535403038563605334527546174318777545194721856076127109529e-74
6.49678339663159163950277843399023984453989872042677421189558845495345 8.49678339663159163950277843399023984453989872042677421189558845495345 3.613186758178142637976511198001426915132890292601809122164507480555102e-74
5.49678339663159163950277843399023984453989872042677421189558845495345 8.49678339663159163950277843399023984453989872042677421189558845495345 3.298266340102441064336847748773434267237174572520544382836853763389882e-74
4.49678339663159163950277843399023984453989872042677421189558845495345 8.49678339663159163950277843399023984453989872042677421189558845495345 3.60691209137359789771567400984359829633545046021965949545552900005151e-74
10.49188720610956299999999999931699650577866402291080955192918659935072 7.49678339663159163950277843399023984453989872042677421189558845495345 2.429773059223521029566619234529023543177608668077985774677912198262832e-74
9.49187005926135199999999999934288872971665208775218779325189914414413 7.49678339663159163950277843399023984453989872042677421189558845495345 6.706006279362597700234575275074449196987334829944661101538474288342483e-75
8.491853835138000564584980184225507885143495805099426978673966969728841 7.49678339663159163950277843399023984453989872042677421189558845495345 -3.582241454628127224180100141223332567527927921870235028444955255373595e-74
7.491853835138000564584980184225507885143495805099426978673966969728841 7.49678339663159163950277843399023984453989872042677421189558845495345 -1.944458339597567650324426095343896006881594815561450113042147883330151e-74
6.491853835138000564584980184225507885143495805099426978673966969728841 7.49678339663159163950277843399023984453989872042677421189558845495345 1.23806991319971369822472082733382943929860423237535152093078206677281e-74
5.491853835138000564584980184225507885143495805099426978673966969728841 7.49678339663159163950277843399023984453989872042677421189558845495345 3.760601671215845821273668086890362670070952928691891201953398571821962e-74
4.491853835138000564584980184225507885143495805099426978673966969728841 7.49678339663159163950277843399023984453989872042677421189558845495345 2.869932854348934968866746697890013616633095656106969601490751541653603e-74
10.49678339663159163950277843399023984453989872042677421189558845495345 6.49678339663159163950277843399023984453989872042677421189558845495345 1.959697850321540301907410723667728209418739551991499374433737376785086e-74
9.49678339663159163950277843399023984453989872042677421189558845495345 6.49678339663159163950277843399023984453989872042677421189558845495345 2.018925671765978565117195399986509184203437636815707375610515115268561e-74
8.49678339663159163950277843399023984453989872042677421189558845495345 6.49678339663159163950277843399023984453989872042677421189558845495345 -2.394683032138912754304204955889533829610784891757006227828092548482449e-74
7.49678339663159163950277843399023984453989872042677421189558845495345 6.49678339663159163950277843399023984453989872042677421189558845495345 -2.399551388507883857038125757338129169130299198428979498465923209440596e-74
6.49678339663159163950277843399023984453989872042677421189558845495345 6.49678339663159163950277843399023984453989872042677421189558845495345 1.286521624363315675698886450778281966076904949289331200668267932465408e-74
5.49678339663159163950277843399023984453989872042677421189558845495345 6.49678339663159163950277843399023984453989872042677421189558845495345 1.286521624363315675698886450778281966076904949289331200668267932465408e-74
10.48983773868331500000000000033259508607364811390767132053380240778536 5.49678339663159163950277843399023984453989872042677421189558845495345 1.116489460773500375492118722968279548957858257821579691559563665825964e-74
9.484692650001520000000000000303982408193852983485963986041912263447558 5.49678339663159163950277843399023984453989872042677421189558845495345 -1.238124356381063405203831039035993732860432042444544451519510857890729e-74
8.484675503153309999999999999951920223467322173341667038019199194373737 5.49678339663159163950277843399023984453989872042677421189558845495345 8.596462973560071252469797167983182281132730674894365512962432240864994e-75
7.484659279096549999999999999698160866346678599423256140574700305086733 5.49678339663159163950277843399023984453989872042677421189558845495345 1.096952514376917634477731379979119547365476687367216725217334218609946e-74
6.482762619792387999999999999667889558901949798000300013065684551395313 5.49678339663159163950277843399023984453989872042677421189558845495345 1.187558422489214469875895185333798737917143030113228800616862706891146e-74
5.482745472944177000000000000199567066894547283101841863422349538899508 5.49678339663159163950277843399023984453989872042677421189558845495345 1.23806991319971369822472082733382943929860423237535152093078206677281e-74
10.49678339663159163950277843399023984453989872042677421189558845495345 4.49678339663159163950277843399023984453989872042677421189558845495345 -2.32629630931017495972165161922083365110957721060001875591160980069811e-79
9.49678339663159163950277843399023984453989872042677421189558845495345 4.49678339663159163950277843399023984453989872042677421189558845495345 -1.238124356381063405203831039035993732860432042444544451519510857890729e-74
8.49678339663159163950277843399023984453989872042677421189558845495345 4.49678339663159163950277843399023984453989872042677421189558845495345 -3.963676789237354783838590631881556575530254613215343349549637087639796e-75
7.49678339663159163950277843399023984453989872042677421189558845495345 4.49678339663159163950277843399023984453989872042677421189558845495345 5.307325247415516526898026619514844497538401585204520373633490843145723e-75
10.49678339663159163950277843399023984453989872042677421189558845495345 3.49678339663159163950277843399023984453989872042677421189558845495345 -1.036601333814716964441674965383049715319392250122769449325501321771334e-79
9.49678339663159163950277843399023984453989872042677421189558845495345 3.49678339663159163950277843399023984453989872042677421189558845495345 1.040640690364341987704879985548100490563389863813443491776725139602013e-75
10.49678339663159163950277843399023984453989872042677421189558845495345 2.49678339663159163950277843399023984453989872042677421189558845495345 -2.244648231691928949585611311140901621566485990065425699953006516769652e-79
4.49678339663159163950277843399023984453989872042677421189558845495345 6.49678339663159163950277843399023984453989872042677421189558845495345 1.286521624363315675698886450778281966076904949289331200668267932465408e-74
4.482729249102933074109857324930899244956172815929232355456169071301495 5.49678339663159163950277843399023984453989872042677421189558845495345 7.330070535113582029280275693709070398387808210141828913603684167256977e-75
6.484659279096532796678290989523947484776961413272185594509675207350093 4.49678339663159163950277843399023984453989872042677421189558845495345 1.187558422489214469875895185333798737917143030113228800616862706891146e-74
5.358151032791774223366019832042821934556804682898647571273782040304426 4.49678339663159163950277843399023984453989872042677421189558845495345 1.563845042825135478615445661889795296779691875287089774228116474488038e-74
1.574881123183418621785299214708063211226787469950143346964429517527658 9.721394135218283023287481240881899039047441746254299767237308362571991 26.06812623473842639471356480680470530046079786985267226497924753875836
0.6654877727646199005355992247583873933081122231669723987579345703125 9.2885539989308244989961512264944332173399743624031543731689453125 25.24396463727293823236225113759212816596443687516613718669750712865734
2.435908067891577339697507013701313364902480237336462603042210513508594 9.017851438457490852740601831391353159364483641118460520688767458986586 24.87040308351811904146473745377968719630354186929979165422359466381734
1.53282093017621861352366157429138118234206886430386889951952687654165 8.588279403896679973888448148283149811224157341596582052724747522094178 24.87040308351811904146473745377968719630354186929979165422359466381734
0.6639142981565989345041105816350103875088388984478630415238023392087785 8.084972061138852146190974415428822653392211378435488202326423116574604 24.87040308351811904146473745377968719630354186929979165422359466381734
1.545402909135802587939850294230946293898637522876440145046165957391819 7.39119968257358864562117039357168029272808306502780513207152007730198 27.4875362554376878189745214649216182224763218544706288183217291747124
2.422998242433352774050345589713539239834553155007392633863496082655718 7.898985655297507424303206188016941287983271990083415167918535990951652 25.99000264109048218572747049969324795376332712360268552941796545617673
3.330575917431442920578136696571083785609003432628017288226006690373628 8.330575917431442920578136696571083785609003432628017288226006690373628 25.41746337324742855683240495561694295914651223900511853978192952680024
0.6743334528869183870293826441666206308528589362829918623672957496074018 6.898811646622739719791296728976955123366627651786529487045968449542363 27.4875362554376878189745214649216182224763218544706288183217291747124
2.422404997165952776714750098578126930006045324622043455938803306112444 6.718630423862724460514679528349886780229205432058731315014759924451689 29.47810382772361342401501376111300792703484721125046917075591366311111
3.330575917431442920578136696571083785609003432628017288226006690373628 7.22340696052274670524417287781244493523919697637045947999433473849659 25.41746337324742855683240495561694295914651223900511853978192952680024
0.681317362936989493029372505084256135749446879520810267856518377397184 5.734448606343729772082567101506733031488016359076723431670971343578212 29.47810382772361342401501376111300792703484721125046917075591366311111
1.551861180051471134872061301831191532877746102071426861897660841754814 6.22653951510322711629862331492830990585861089556772737334286563401495 29.47810382772361342401501376111300792703484721125046917075591366311111
3.276652334167255295577183612390897395153732347525688650141416839056651 6.052802190711970426455696122023127728905936760182947730110540917320946 29.47810382772361342401501376111300792703484721125046917075591366311111
0.5 4.5 5.149961458386366109496864990847667767205550149820384272129861771707389e-75
1.535564699938292011891806018897026600897133902424455462059131910341392 5.06862037319297573802358369517997398016474768720093984676675233644747 29.47810382772361342401501376111300792703484721125046917075591366311111
2.406108517052773653734494815643961998025433124975072056100274374699022 5.560711281952473082239639908601550854535342223691943788438646626884208 29.47810382772361342401501376111300792703484721125046917075591366311111
1.681317362936989493029372505084256135749446879520810267856518377397184 3.987782614405948174001705166881108387151360918262939534271710251657213 29.47810382772361342401501376111300792703484721125046917075591366311111
2.54564105815391268825648803686524656540200252624046156803320099393317 4.490877361202746782680652254846520135832337165048477791593493296989206 29.47810382772361342401501376111300792703484721125046917075591366311111
3.4161848752683943300991768336121819625303017487910781620743434582908 4.982968269962244126896708468268097010202931701539481733265387587425944 29.47810382772361342401501376111300792703484721125046917075591366311111
9.73549405936677321621430119743632885890334774751480878760890160748572 1.569591471028843027352509370599347428312204995178250189776472563214109 -28.28544560850575386638806859532216302791324169024408834617136689346654
9.283488296284470564742119950403955176374485615013251683503877582839724 0.6772311435248787934350783025011763585249339353858861740817966934506483 -28.28544560850575386638806859532216302791324169024408834617136689346654
9.025184131605446128612495198066532783817524774378034345163992046562569 2.43722545826283603451255813144771011947068775325643158493537478290957 -23.91626345387654203461186771709983727856922509463117177479115025698608
8.5726959610681928629334191376875063443651446409376401836212309225382 1.543968657417527652733720794984653936829792369126075028867809379234294 -23.91626345387654203461186771709983727856922509463117177479115025698608
8.099782581577937113886893657789764465186698876739779478990677490956409 0.6597700004108361939282653882310508557526455335048482916394788033455244 -23.91626345387654203461186771709983727856922509463117177479115025698608
7.402740978478691893125803760724478543109938734667470662591085411865768 1.552293026529791934740956625681978965805558799644947583112863351682661 -26.41327857664115517510328202162632774163832056366433910484470932253937
7.874645414431184781104856828950113845578378496497719060199648120423713 2.43446036214430562022643190049514512180398596272295380170936007359671 -26.41327857664115517510328202162632774163832056366433910484470932253937
8.3265576753175165919241999010266182315207796743499675443420676679197 3.3265576753175165919241999010266182315207796743499675443420676679197 -26.41327857664115517510328202162632774163832056366433910484470932253937
6.930635149800700654924051136928352031962430972670753532921638370329889 0.6702257213140750475785785329636216130191190460768066675535207870337501 -26.41327857664115517510328202162632774163832056366433910484470932253937
6.726814512662413172225808010078658807315093837806067031449612013486386 2.440281928157760531216922512098284065952186448742822509910016504451593 -28.11580597285302361869183093822778285287812713317324614836345744554732
7.20183670598099392804149052997512284044400733344543567094136555729136 3.327979658978042126416516691196745427915771391673373657010110763364305 -27.33079988666256508353433635734024984519120792344633035515792555723771
5.78367164299063838590244392576447715173455628653074169437322005896064 0.6766260542518512050849145295866975056423366677770104075223887251206843 -28.11580597285302361869183093822778285287812713317324614836345744554732
6.254926855330666797405748548423641637617327383295007571503525354667063 1.55862295041552520375143896610092803104423890656676534543686087965563 -28.11580597285302361869183093822778285287812713317324614836345744554732
6.091207224193617158510486969878270309354669342277826650922288124833486 3.372643221528513167729841946668498647811809285015314502600922484569744 -28.15689049678571867852030484942688577014635897749318040478701227383924
4.676626054251851205084914529586697505642336667777010407522388725120684 0.7266822153361387069489586429172070441113318795312209162399697850632296 -28.11580597285302361869183093822778285287812713317324614836345744554732
5.147881266591879616588219152245861991525107764541276284652694020827107 1.608679111499812705615483079431437569513234118320975854154441939598175 -28.11580597285302361869183093822778285287812713317324614836345744554732
5.619319688178366469710403996041277958472482688766695369275964618893032 2.490984470449925231685387344209494549173594514432811309109556076264569 -28.15689049678571867852030484942688577014635897749318040478701227383924
3.993593996049781626752688683494395271693164838919617634993429186834512 1.570318177920736087925801800172000843285830433228392990711249116250801 -28.11580597285302361869183093822778285287812713317324614836345744554732
4.464547410006636359064325839864849242053487898731711089239225624984428 2.452476326421878626425199132098645127422377631622766915038293784781959 -28.11580597285302361869183093822778285287812713317324614836345744554732
4.936554320425920483311744920081646673402520798940531542754181139476836 3.334477693324118333355833139967893848789000327004327559839042293645019 -28.15689049678571867852030484942688577014635897749318040478701227383924
4.168708882370120448322259484979929206324203072019499038650937918014525 4.24786214096053034038373603667647758360614029367776986641001258047684 32.16618739658359794288380049455466528494812643914992265204904216674742
3.303946417818471146403379748650051632096564109905744375042272928784908 3.74451171161396928472488617624965574629227338743733057524170869821916 32.16618739658359794288380049455466528494812643914992265204904216674742
2.432386907484606717878048881760366908622084799050676326934131058477871 3.251676274823507003732975939502786462997150143032083290218376579030596 32.18404491735391988142388323023567757642269205633995508764239555560012
3.304926650743022981557486420535059629189932090691153562573677054517113 2.404023471528579119505879756800584364421743435906224782361182991882559 -28.08251590675854126062014466411245030310614765033957574403008192594296
