110 10.99762847524631761731872838066395157339940426339751487611781155447998
0.5 10.49762847524631761731872838066395157339940426339751487611781155447998 -1.345345924857267090343129394237502724227806596990831926419616297124262e-80
10.49762847524631761731872838066395157339940426339751487611781155447998 0.5 0.0
0.5 0.5 4.64226013324200337954441560955802828579351279499541403147464447650202e-80
1.5 0.5 3.049910252995249957663383894913181270212995120262475183367678784131635e-80
2.5 0.5 0.0
3.5 0.5 0.0
0.5 1.5 4.215340071509076879068946223943016593528600056307493034418036033576925e-80
1.5 1.5 1.436453804918743453321953275223518091498915999824032921958569654582554e-80
2.5 1.5 0.0
0.5 2.5 7.37492717441893676423235884618394555469260888023767385815953398268282e-81
1.5 2.5 9.807837486252378489260694460004681317989073626548136867559166096069634e-81
0.5 3.5 0.0
10.49762847524631761731872838066395157339940426339751487611781155447998 10.49762847524631761731872838066395157339940426339751487611781155447998 -2.647331126019351994530703029674231909205199590394366325321653985125588e-79
9.497628475246317617318728380663951573399404263397514876117811554479981 10.49762847524631761731872838066395157339940426339751487611781155447998 -2.949342850488654856696539031086105867570753324422957165176907076756757e-79
8.497628475246317617318728380663951573399404263397514876117811554479981 10.49762847524631761731872838066395157339940426339751487611781155447998 -2.949342850488654856696539031086105867570753324422957165176907076756757e-79
7.497628475246317617318728380663951573399404263397514876117811554479981 10.49762847524631761731872838066395157339940426339751487611781155447998 8.43613741486661429035188469952342146447734246764453944540828884248985e-79
6.497628475246317617318728380663951573399404263397514876117811554479981 10.49762847524631761731872838066395157339940426339751487611781155447998 -4.164760796045606355240213377114742914414480015740598200509870983545366e-79
5.497628475246317617318728380663951573399404263397514876117811554479981 10.49762847524631761731872838066395157339940426339751487611781155447998 -3.113565717072782605158973464532253461964448795482239548660270512919573e-79
4.497628475246317617318728380663951573399404263397514876117811554479981 10.49762847524631761731872838066395157339940426339751487611781155447998 1.983515910878312461937573558901223977513463295905578286036768837250819e-79
3.497628475246317617318728380663951573399404263397514876117811554479981 10.49762847524631761731872838066395157339940426339751487611781155447998 2.587539359816918990990134071890506003421888969705199302557014263223618e-79
2.497628475246317617318728380663951573399404263397514876117811554479981 10.49762847524631761731872838066395157339940426339751487611781155447998 4.357538579278324484153240053195044510007975649765507414946765119142404e-79
10.49762847524631761731872838066395157339940426339751487611781155447998 9.497628475246317617318728380663951573399404263397514876117811554479981 -2.312373302649281583629784231861171149072318114661270468682668022473632e-80
9.497628475246317617318728380663951573399404263397514876117811554479981 9.497628475246317617318728380663951573399404263397514876117811554479981 -2.949342850488653247254762010755037649216116912938078491557428591335837e-79
8.497628475246317617318728380663951573399404263397514876117811554479981 9.497628475246317617318728380663951573399404263397514876117811554479981 -3.393031593924088599368604692030009606851235206635795341145059187572684e-79
7.497628475246317617318728380663951573399404263397514876117811554479981 9.497628475246317617318728380663951573399404263397514876117811554479981 -5.361651000651293478067072266168560159599022734565774359211587854636963e-79
6.497628475246317617318728380663951573399404263397514876117811554479981 9.497628475246317617318728380663951573399404263397514876117811554479981 -3.692064017563171742096603835859041724092997779894047512948015220553239e-79
5.497628475246317617318728380663951573399404263397514876117811554479981 9.497628475246317617318728380663951573399404263397514876117811554479981 -2.985276178875641290896318797939526480807361308468520090481585216183987e-79
4.497628475246317617318728380663951573399404263397514876117811554479981 9.497628475246317617318728380663951573399404263397514876117811554479981 4.373626807128160457469863771586774282581409223996284308157091334808268e-79
3.497628475246317617318728380663951573399404263397514876117811554479981 9.497628475246317617318728380663951573399404263397514876117811554479981 2.587539359816918990990134071890506003421888969705199302557014263223618e-79
10.49762847524631761731872838066395157339940426339751487611781155447998 8.497628475246317617318728380663951573399404263397514876117811554479981 -6.700718194538032954074417972501798715914738117861770697299887831830777e-81
9.497628475246317617318728380663951573399404263397514876117811554479981 8.497628475246317617318728380663951573399404263397514876117811554479981 -8.164932954419048315787989140382365509992753853469332632475746281316232e-80
8.497628475246317617318728380663951573399404263397514876117811554479981 8.497628475246317617318728380663951573399404263397514876117811554479981 3.91558210768504964289017988716537530387614087163921904082327720688632e-80
7.497628475246317617318728380663951573399404263397514876117811554479981 8.497628475246317617318728380663951573399404263397514876117811554479981 -4.036783233507866556590488093127476662628369428072069107643802886285318e-79
6.497628475246317617318728380663951573399404263397514876117811554479981 8.497628475246317617318728380663951573399404263397514876117811554479981 -4.193090691840651253992852083418606079569474236586361474449568778026355e-79
5.497628475246317617318728380663951573399404263397514876117811554479981 8.497628475246317617318728380663951573399404263397514876117811554479981 -3.23169724245791732539984753955671433488367471378871991820988902635099e-79
4.497628475246317617318728380663951573399404263397514876117811554479981 8.497628475246317617318728380663951573399404263397514876117811554479981 -2.347350297159570205117142199025574051426147548892164571352128420400866e-79
10.4973577132393970000000000004113038170444291391017332902567706514242 7.497628475246317617318728380663951573399404263397514876117811554479981 1.86430951590015622173229779905633838539147890794193665263472621385751e-79
9.497342881696219000000000000047331654313297707275156770134810628837051 7.497628475246317617318728380663951573399404263397514876117811554479981 -6.343458381256505638149130768959994986810614479647279425208059502280532e-79
8.497342881696219000000000000047331654313297707275156770134810628837051 7.497628475246317617318728380663951573399404263397514876117811554479981 2.423569507592512864747875007110944574740200077889505540808106987669309e-79
7.497342881696219000000000000047331654313297707275156770134810628837051 7.497628475246317617318728380663951573399404263397514876117811554479981 5.931309965587722834053898456416886641260000273947992839283268030008491e-79
6.497342881696219000000000000047331654313297707275156770134810628837051 7.497628475246317617318728380663951573399404263397514876117811554479981 1.480578149308656757576711613900917408453145028654259055042411910567579e-79
5.497342881696219000000000000047331654313297707275156770134810628837051 7.497628475246317617318728380663951573399404263397514876117811554479981 -4.108210399376767136347619551642640315526889173410944807320724371988788e-80
4.497342881696219000000000000047331654313297707275156770134810628837051 7.497628475246317617318728380663951573399404263397514876117811554479981 -2.951598115681771854185888488796145073433221324716744368004024544873302e-79
10.49762847524631761731872838066395157339940426339751487611781155447998 6.497628475246317617318728380663951573399404263397514876117811554479981 -1.313900747733246181822319731354679736161772475009133707381088245681833e-79
9.497628475246317617318728380663951573399404263397514876117811554479981 6.497628475246317617318728380663951573399404263397514876117811554479981 -5.381206395841698256968384999278797800983227617012243022917462221377207e-79
8.497628475246317617318728380663951573399404263397514876117811554479981 6.497628475246317617318728380663951573399404263397514876117811554479981 2.601291363967996460876673295378310402966043542802844104611215640023644e-79
7.497628475246317617318728380663951573399404263397514876117811554479981 6.497628475246317617318728380663951573399404263397514876117811554479981 2.601291363967996326756525210350721384769823841845770881809592432905234e-79
6.497628475246317617318728380663951573399404263397514876117811554479981 6.497628475246317617318728380663951573399404263397514876117811554479981 -8.965892391995086549771141163915289787021203838782812434342269883724026e-80
5.497628475246317617318728380663951573399404263397514876117811554479981 6.497628475246317617318728380663951573399404263397514876117811554479981 -6.660933585675930175489452923266827214761610735138445226906571746145004e-80
10.49762847524631761731872838066395157339940426339751487611781155447998 5.497628475246317617318728380663951573399404263397514876117811554479981 -1.310911078153328504672567792435599109754717345383273186513498637886044e-79
9.497628475246317617318728380663951573399404263397514876117811554479981 5.497628475246317617318728380663951573399404263397514876117811554479981 -1.310930663569424632115057603289873591045747097559584105964426429924885e-79
8.497628475246317617318728380663951573399404263397514876117811554479981 5.497628475246317617318728380663951573399404263397514876117811554479981 2.601282147301601375909504521494822125471330881494739162412914160853408e-79
7.497628475246317617318728380663951573399404263397514876117811554479981 5.497628475246317617318728380663951573399404263397514876117811554479981 -9.681327330360866335423591015201712583708605307067523240073661956111867e-80
6.497628475246317617318728380663951573399404263397514876117811554479981 5.497628475246317617318728380663951573399404263397514876117811554479981 -4.635992850229990753890584484999478276589247557194625259716129188141663e-79
5.497628475246317617318728380663951573399404263397514876117811554479981 5.497628475246317617318728380663951573399404263397514876117811554479981 -4.821369949528901693511487069769556364034120570791776963778646039999253e-79
10.49762847524631761731872838066395157339940426339751487611781155447998 4.497628475246317617318728380663951573399404263397514876117811554479981 -4.633041199398956959954994374205046358930692885133967532266852602593805e-79
9.497628475246317617318728380663951573399404263397514876117811554479981 4.497628475246317617318728380663951573399404263397514876117811554479981 1.991510004430946926311473070372002418311446493160781902169864444314431e-80
8.497628475246317617318728380663951573399404263397514876117811554479981 4.497628475246317617318728380663951573399404263397514876117811554479981 -2.926095694262726099917933680797214338674736072667904534812460610113608e-80
7.497628475246317617318728380663951573399404263397514876117811554479981 4.497628475246317617318728380663951573399404263397514876117811554479981 -5.509018703333101237643228088652134748765352547340147883443390945936167e-80
10.49762847524631761731872838066395157339940426339751487611781155447998 3.497628475246317617318728380663951573399404263397514876117811554479981 -6.102350482347023984974279737985525905416282621281201035125416433379026e-79
9.497628475246317617318728380663951573399404263397514876117811554479981 3.497628475246317617318728380663951573399404263397514876117811554479981 -1.15491610260551848308630859233645980477719514521284673822894927767275e-79
10.49762847524631761731872838066395157339940426339751487611781155447998 2.497628475246317617318728380663951573399404263397514876117811554479981 -6.03083233434303651367319143186414693474459332176221522964630250741069e-79
4.497628475246317617318728380663951573399404263397514876117811554479981 6.497628475246317617318728380663951573399404263397514876117811554479981 -6.661417460661717737116162461530227969948723779218850444869289822841768e-80
4.497628475246317617318728380663951573399404263397514876117811554479981 5.497628475246317617318728380663951573399404263397514876117811554479981 2.353977802793458838072090002098725292743615950660806936854134274661916e-79
6.485205135913336097828330892026798980129858567057545234094386086075892 4.497628475246317617318728380663951573399404263397514876117811554479981 -4.424433198371607702912630962380378656911407307416543209578515835409489e-79
5.365797310229258413875261304546509093273060514303626699937311345988529 4.497628475246317617318728380663951573399404263397514876117811554479981 -4.381552829120241062777643435572582376292201269547076299634340099326774e-79
1.573359768129090776426428464114790164442126037508676671379811566804551 9.729065604692534232510642686668820882920107587740862277106975833147643 27.06026804138627887524456253863718193787780742257445835520063220311544
0.6727279831616367431023357361614375809330815956445598736123344436822037 9.293915505160141891603916790296069499084324327348017193591976148961951 27.06026804138627887524456253863718193787780742257445835520063220311544
2.43725720125267001238585786982964680605901655216200553133006899815488 9.022287698017683384428212154130025303378441781379660597443622393693115 24.43024641870666314605396263584660453163063510821224213595404350208968
1.536594870980178579390361403811635919535837692885839517851013773223159 8.587121994381995475117540377975844003192536403238307994777627705556102 24.43024641870666314605396263584660453163063510821224213595404350208968
0.6620252890184653264048976708833350615831723295624105698496944605369004 8.094515767030287672905356126008643748186611786847473790631090475408151 24.43024641870666314605396263584660453163063510821224213595404350208968
1.544988617196263718464887683210170010413054573383346895925907427169326 7.397413666494073537045083811066558129299694534043753962046231404304778 27.42529233050112560349554325948663751737602788551575034524386746356736
2.418453375829984072732524887698858946751534431194101355262766270922173 7.889493997015281116186578743486380870826017810029260901533576786603877 27.20185802658023048843271907566221256214406030904394368337987290757456
3.3300197184194946490623984552824234784584968815160143463911285195437 8.3300197184194946490623984552824234784584968815160143463911285195437 25.75909768311702835628151344196630926076220593972660531046892520195504
0.6741019014141573142276289422603410312657205827843861700546645400447717 6.904590211758478828589672208134190001362855351594725284576588477452676 27.42529233050112560349554325948663751737602788551575034524386746356736
2.429821800065120642461237442514112507554494343440353114325660360156203 6.729233999179578219854102281974109661285533609460203020627294327506441 28.71646694487642839422486078817634343534111699787706343133758515893581
3.3300197184194946490623984552824234784584968815160143463911285195437 7.219684909961198407030742204633611909382856834723401022729591341227486 25.75909768311702835628151344196630926076220593972660531046892520195504
0.6787418408084795594099813568607696706316409830490797932393565383099689 5.762923323200450345775409866625024564804234330131399741009395081309121 28.71646694487642839422486078817634343534111699787706343133758515893581
1.559430018361602582968194260660600116454555026847457306325410015042977 6.236681697847857241513401264408439168295984687113896183134423002982641 28.71646694487642839422486078817634343534111699787706343133758515893581
3.318886634437838057908747023803181902767763280348435082878455016170013 6.076074628142382305027918370461144641852884747303338421735317951154059 28.71646694487642839422486078817634343534111699787706343133758515893581
0.5 4.584181482391970786365428509764254894172593347082319947770038542999152 0.0
1.568902152602649712721574220716379050470807598754370450283148488666657 5.093962792146950924643060820433659230043758249059635663660628840895403 29.49235821907625330800708438418325317938602293734883750807272338517388
2.442973841943217423067654018121288194864520793014962289251955772224945 5.579816329789870146827364947152323363913256378985183941768131581302233 29.49235821907625330800708438418325317938602293734883750807272338517388
1.65754641948395675526341070737390863366282651765789894328239438020419 3.938637511628395170812908598567661757309839042482579818435926173920284 35.45823293664727824375269914463490325178800403288858694440999106743279
2.550244015209621377700386084534562046180681791375913904476956848468217 4.49161912968518466753977935379734921036991728691030919520887621220146 29.49235821907625330800708438418325317938602293734883750807272338517388
3.420665380025104717857121255835655830361133271929244204470428246522303 4.983926602381619837970182827475528537757988736262039986765249559543061 29.49235821907625330800708438418325317938602293734883750807272338517388
9.734885818695930642346149779227002704208694186358171729378932361840467 1.57103914877864124419534626828294629337495040685435769321290612396851 -27.98877273011445377331740885330657476449631150925144803063391874005614
9.287847783776417493324612451799619096547199994183658161523856054854063 0.6761690539420988877954275599713991749588609410723769718933868251226065 -27.98877273011445377331740885330657476449631150925144803063391874005614
9.025122579491919528835851236676180114341564764186985578094709578404865 2.438131732890225780723586569786815178698086623049926727685509675783661 -23.98703797583404906553024111495210720995012674244207007536985513885918
8.577765199956831936026195416842721079754375680648146839952751961208843 1.542660754161180263746912062144475719064787138898022553069345683615486 -23.98703797583404906553024111495210720995012674244207007536985513885918
8.101429937420750260967277122678867841699711292304465888511157865710947 0.6600837057877635047444392706528573019747003679376519580409965443032144 -23.98703797583404906553024111495210720995012674244207007536985513885918
7.404700207334046485134066178834269687524734557934832804551896364024868 1.551854723879658374723284587773968199174192371021796851650355233349768 -26.55013951543227993529874222618246770601914998101547435241581565062405
7.879955419679782188466735783806174906070378366290871803805546220900651 2.432270265684096622357917133947116104161740541169540142587076535371003 -26.55013951543227993529874222618246770601914998101547435241581565062405
8.326883891152603744959305285807536460418173513443819223074181991207637 3.326883891152603744959305285807536460418173513443819223074181991207637 -26.54563612266089323256400756947207147956085741211910134373017519276861
6.930799890248457366939516279174336916327924815258491869272970340952134 0.6707621751650298291146933345467754412141773903440997947283239548673261 -26.55013951543227993529874222618246770601914998101547435241581565062405
6.730233074396474043127883330674406404469045171858014051459776841577354 2.440097579461440964552306740729178924780580310897341813459743936270089 -28.09438081917021902485263469689746209246241557004533516691648967336693
7.21152053369315197584007373703692505172730978042833347926780374124088 3.331850699906298258548358125078572021439625242824317871351900502442895 -26.54563612266089323256400756947207147956085741211910134373017519276861
5.786248559021977982175040113667443829106264285792312408419784392150207 0.6763539676687732624200941840472601412262610026234439787480031417382616 -28.04006230095254116697359830234002262309938885835007542192283851590052
6.256337380777274111569153570038601626581103704014361668833582496443935 1.558973081251023657866169095770622626203943589648282675830211320921057 -28.04006230095254116697359830234002262309938885835007542192283851590052
6.092986803537595133590657915033892614631421668649236612303394414982335 3.36951872558868173915942317900158947310658998305108985821073661704427 -28.58194535386352862338053510752975103794170259662710758203229885861367
4.676353967668773262420094184047260141226261002623443978748003141738262 0.719719856553304570603215552882077426866385400196472455512784963216329 -28.04006230095254116697359830234002262309938885835007542192283851590052
5.14644278942406939181420764041841793870110042084549323916180124603199 1.602338970135554966049290464605439911844067987221311152594993142399124 -28.04006230095254116697359830234002262309938885835007542192283851590052
5.616531611179365521208321096789575736175939839067542499575599350325718 2.484958083717805361495365376328802396821750574246149849677201321581919 -28.04006230095254116697359830234002262309938885835007542192283851590052
3.995607058029431839411489483394094914167419334471281558122283586323564 1.56883548655237323009266729442140970937219402871800599218505524930751 -28.04006230095254116697359830234002262309938885835007542192283851590052
4.465695879784727968805602939765252711642258752693330818536081690617292 2.451454600134623625538742206144772194349876615742844689267263428490305 -28.04006230095254116697359830234002262309938885835007542192283851590052
4.93578470154002409819971639613641050911709817091538007894987979491102 3.3340737137168740209848171178681346793275592027676833863494716076731 -28.04006230095254116697359830234002262309938885835007542192283851590052
4.1736083486467382415362425920775678489500965640519790189123317600535 4.244119173246213668261632030021539352021452940021344642157325860298318 33.20998655365667965296603374538205559119694605507513565794136075618062
3.310541623607822383363375740764097423342090269280372528358391951087799 3.736734933629864361400249959747616090873384639428377796038665774064532 33.20998655365667965296603374538205559119694605507513565794136075618062
2.438282846881917595573278554875425345160200169656183379527033687393684 3.243382464221960880813662619201206637607647516878692341000076084952065 33.2106025695715087227595684599014638180027254087256367545129816566063
3.306913823270482843589424091133500404827175358028730405237400605867408 2.403031428805802808830857788991330747283544359543161744943103021710453 -28.04006230095254116697359830234002262309938885835007542192283851590052
