110 10.99841239090868854806625758035844270359887614278806790050695280094059
0.5 10.49841239090868854806625758035844270359887614278806790050695280094059 -1.723738356530077748329571731281979343897991966528316384393968702362671e-80
10.49841239090868854806625758035844270359887614278806790050695280094059 0.5 3.788099260386834988667709083376975797005915133236068780446553246992941e-79
0.5 0.5 0.0
1.5 0.5 0.0
2.5 0.5 0.0
3.5 0.5 0.0
0.5 1.5 0.0
1.5 1.5 0.0
2.5 1.5 0.0
0.5 2.5 3.317737533646690141216402801146825128204160333381112896847977754783014e-81
1.5 2.5 1.792803504840966129135390634315625684554159630105442086631678732026163e-80
0.5000005707623709999999821782786213308940676527113922043797726533880394 3.5 3.163157117159531271748547095092817624809757263177558052592645170301724e-80
10.49841239090868854806625758035844270359887614278806790050695280094059 10.49841239090868854806625758035844270359887614278806790050695280094059 2.558701699088617043951008763295737781663157119464914651113711940338038e-79
9.498412390908688548066257580358442703598876142788067900506952800940586 10.49841239090868854806625758035844270359887614278806790050695280094059 0.0
8.498412390908688548066257580358442703598876142788067900506952800940586 10.49841239090868854806625758035844270359887614278806790050695280094059 -1.431576390398967232878070107535593988208897739141320841940270839396918e-79
7.498412390908688548066257580358442703598876142788067900506952800940586 10.49841239090868854806625758035844270359887614278806790050695280094059 -2.020608461147385609043965676749618340158761953066556398119260171493574e-79
6.498412390908688548066257580358442703598876142788067900506952800940586 10.49841239090868854806625758035844270359887614278806790050695280094059 -2.146722649764795878308266943912192499694484208398804428108679829755382e-79
5.498412390908688548066257580358442703598876142788067900506952800940586 10.49841239090868854806625758035844270359887614278806790050695280094059 -2.208419154199328538567880228083937703675879563263091816954096471168608e-79
4.498412390908688548066257580358442703598876142788067900506952800940586 10.49841239090868854806625758035844270359887614278806790050695280094059 -2.587247929499845792164518841439402033718663256017561101737796322215106e-79
3.498412390908688548066257580358442703598876142788067900506952800940586 10.49841239090868854806625758035844270359887614278806790050695280094059 -1.084073843512401747144594834546811840188889555377985433966156613334729e-78
2.498412390908688548066257580358442703598876142788067900506952800940586 10.49841239090868854806625758035844270359887614278806790050695280094059 -1.129529950424969471455723887481933612739728113354315568486240114926797e-78
10.49841239090868854806625758035844270359887614278806790050695280094059 9.498412390908688548066257580358442703598876142788067900506952800940586 -1.153983613446604081967483301935898501768603246902682001704868527481442e-78
9.498412390908688548066257580358442703598876142788067900506952800940586 9.498412390908688548066257580358442703598876142788067900506952800940586 -8.003310698436529401578578290645768878886996027120097660407221916863853e-79
8.498412390908688548066257580358442703598876142788067900506952800940586 9.498412390908688548066257580358442703598876142788067900506952800940586 -8.000331397606307402098223987593913728427469950079514204727330337200269e-79
7.498412390908688548066257580358442703598876142788067900506952800940586 9.498412390908688548066257580358442703598876142788067900506952800940586 -4.447280029951295776424949546723681988567587517217899765800446950636257e-79
6.498412390908688548066257580358442703598876142788067900506952800940586 9.498412390908688548066257580358442703598876142788067900506952800940586 1.770782215252574073136504259256386310235770053530525001945253964210596e-79
5.498412390908688548066257580358442703598876142788067900506952800940586 9.498412390908688548066257580358442703598876142788067900506952800940586 1.206285335656131925776371986498013135397057184621165372361469605525872e-80
4.498412390908688548066257580358442703598876142788067900506952800940586 9.498412390908688548066257580358442703598876142788067900506952800940586 -3.897361862902990989516088065229045872993716295215141250151110774253056e-80
3.498412390908688548066257580358442703598876142788067900506952800940586 9.498412390908688548066257580358442703598876142788067900506952800940586 -1.403189840901649152025542533342596103008930850402692255586194276563608e-79
10.49841239090868854806625758035844270359887614278806790050695280094059 8.498412390908688548066257580358442703598876142788067900506952800940586 -4.678202428443974442952399036759820986247962165237209515501691050954896e-79
9.498412390908688548066257580358442703598876142788067900506952800940586 8.498412390908688548066257580358442703598876142788067900506952800940586 -8.415597518751599021991452106448175321199908423184802290880535247980941e-79
8.498412390908688548066257580358442703598876142788067900506952800940586 8.498412390908688548066257580358442703598876142788067900506952800940586 -2.375363029365539096271770377658915789964439723471521037743009272989353e-79
7.498412390908688548066257580358442703598876142788067900506952800940586 8.498412390908688548066257580358442703598876142788067900506952800940586 2.335047666960365232539471188120399190789438537843051885223176318248607e-79
6.498412390908688548066257580358442703598876142788067900506952800940586 8.498412390908688548066257580358442703598876142788067900506952800940586 -1.685030762927066731802396528502159330060760060736140972440738078179922e-79
5.498412390908688548066257580358442703598876142788067900506952800940586 8.498412390908688548066257580358442703598876142788067900506952800940586 -1.618668082409581580358518629619976999201453637377905926176012952286294e-79
4.498412390908688548066257580358442703598876142788067900506952800940586 8.498412390908688548066257580358442703598876142788067900506952800940586 -2.566518492655331011921095633806172532981977371218943787913732666108386e-80
10.49841239090868854806625758035844270359887614278806790050695280094059 7.498412390908688548066257580358442703598876142788067900506952800940586 -1.213586457387321817530063743356036310004148532672394684003192853332448e-79
9.498412390908688548066257580358442703598876142788067900506952800940586 7.498412390908688548066257580358442703598876142788067900506952800940586 1.190735134146392633167457672107989736823686832896503012768961381506814e-79
8.498412390908688548066257580358442703598876142788067900506952800940586 7.498412390908688548066257580358442703598876142788067900506952800940586 1.051497837965827498324038820752681540401901439153979618931452048562895e-79
7.498412390908688548066257580358442703598876142788067900506952800940586 7.498412390908688548066257580358442703598876142788067900506952800940586 1.514334221867996475132192110489700887266626246530778465352106793405977e-80
6.498412390908688548066257580358442703598876142788067900506952800940586 7.498412390908688548066257580358442703598876142788067900506952800940586 -2.140631527227593944110466780194550155020418613947839948122597521501293e-79
5.498412390908688548066257580358442703598876142788067900506952800940586 7.498412390908688548066257580358442703598876142788067900506952800940586 2.265087933519772472144880648295972324213300762392480469926572240621845e-80
4.498412390908688548066257580358442703598876142788067900506952800940586 7.498412390908688548066257580358442703598876142788067900506952800940586 1.614549549459968766521009495911992589784817947611105773236199603157132e-80
10.49376288983269999999999477597753723342724698533157939019223897095751 6.498412390908688548066257580358442703598876142788067900506952800940586 -3.976496714195588318913051306817197127787905531311343059251031542411771e-79
9.491961140568016000000002920906594125261015789870512036378870588395903 6.498412390908688548066257580358442703598876142788067900506952800940586 1.275675931653384100872890696419088698981685611486221030391207840530133e-79
8.491877567149936000000005898092577854018695342958781522812442592369847 6.498412390908688548066257580358442703598876142788067900506952800940586 -1.149855730490705588048918997797848331530057288242393472821829933802426e-79
7.4887673538087776361361173687394288123186925076879560947418212890625 6.495249646030442000004792173602385929598312941379845142364501953125 -0.3574063658615717676377488624078718340355631248338628133024928713426576
6.48449095053068500000002753413047635524606027086394155276536741628993 6.498412390908688548066257580358442703598876142788067900506952800940586 -2.063829787538348202441106344744895211688315257365510159240236555748638e-79
5.484489215969088999999972821992540920690640521616954809178232100985361 6.498412390908688548066257580358442703598876142788067900506952800940586 -1.077368634874420289952882505330896907841310214799489606403712046124053e-79
10.49376257512499499999999463454933696050793557591450997768727868676772 5.498412390908688548066257580358442703598876142788067900506952800940586 -3.901052173504736000356563576462781487563408798004261144656426539736985e-79
9.493760657481512999999987258282202669592672222989821363658974304205863 5.498412390908688548066257580358442703598876142788067900506952800940586 1.332303129991378412676512712626488007087018130546033042139372146545679e-79
8.491959906052488000000003769712080277799789233164317463591152804264819 5.498412390908688548066257580358442703598876142788067900506952800940586 -8.100925404627397172271869005534524828980621738835214023328440977091496e-80
7.4888083276904575556115401109866791529157126205973327159881591796875 5.495185658677369000004792173602385929598312941379845142364501953125 -0.3621764961708117676377488624078718340355631248338628133024928713426576
6.485558228457441999999986414383092459916538167689323391200138463789075 5.498412390908688548066257580358442703598876142788067900506952800940586 -4.554077181818317214947443438052555564052532817084445901174317495939876e-80
5.485557813989485000000036782671100691545663813973895611376385285897593 5.498412390908688548066257580358442703598876142788067900506952800940586 -2.979210991959112560214421966995210796186783062846840845529914237609262e-79
10.49376311906257299999999720893254600316622698272432090308559547918475 4.498412390908688548066257580358442703598876142788067900506952800940586 1.669549779665347137181108145107069242652680044609173558665518507865743e-80
9.493761038918908000000001163092132283537234196717358480016279919821952 4.498412390908688548066257580358442703598876142788067900506952800940586 1.271923079396371627975124319605835718458289786059088660797028495913384e-79
8.493759769530355000000003915889916581942001411262478819844580211195307 4.498412390908688548066257580358442703598876142788067900506952800940586 -8.289682732420711544950609059559189189331730135701254062488988663809984e-80
7.49058341997965588336432512232487823666815529577434062957763671875 4.495127115876094000004792173602385929598312941379845142364501953125 -0.3650332519527317676377488624078718340355631248338628133024928713426576
10.49841239090868854806625758035844270359887614278806790050695280094059 3.498412390908688548066257580358442703598876142788067900506952800940586 1.967268940199906599792593149464598708961771134067540139275115699197844e-80
9.498412390908688548066257580358442703598876142788067900506952800940586 3.498412390908688548066257580358442703598876142788067900506952800940586 -1.305073595235566817645966239887275946147329069158677047643595962534179e-79
10.49841239090868854806625758035844270359887614278806790050695280094059 2.498412390908688548066257580358442703598876142788067900506952800940586 1.669034050807842766873431736338841881634822608961866319379783526323984e-79
4.46832127939281273578494008147428437934865459444499490614820570221446 6.4822451208059497357689645229189791588477789403289608045979400495628 1.883942300969533448977271325257085179784554800501907068922419081225748
4.469389974424651464805978574003781020882326091693565224023826543449773 5.481739449651854031578976035073029365050740934484288994658436826994156 1.883942300969533448977271325257085179784554800501907068922419081225748
6.484497436899221186259253561762229009558223844326432563028334326699158 4.498412390908688548066257580358442703598876142788067900506952800940586 -1.256907794229688818224630487367102222932635852548131849649003777207084e-79
5.484497436899221186259253561762229009558223844326432563028334326699158 4.498412390908688548066257580358442703598876142788067900506952800940586 -8.266928205683162867309966161411241894997781191801939262348578350790208e-80
1.574155441761189663223315079316464113394887587492888696508154741496628 9.729695047367482570029544365155515796574854647663784101333942577324061 26.98676237988200125153668915576388327789754438443781792879108699628701
0.6724480099121651330651316945467673544079198853136352313304578551639782 9.296718203437049649364815444683292754642912851573553986042073041116312 26.98676237988200125153668915576388327789754438443781792879108699628701
2.437893540591838932986077022168405351457292232500195777635573105272568 9.023118745851821648691273518030173812462584410138936621796685985212235 24.45611435815072588227551346266108843210406938732366713413682610336534
1.53623583992602654578264276530402437383116040210348726119576789345485 8.590167226753713934425885729679267660892437866416178328138900522938651 24.45611435815072588227551346266108843210406938732366713413682610336534
0.6621373874868428558485407176161853748221598835588155475149111273210396 8.096619502330724001433689375592036467469704886181713601873759758661676 24.45611435815072588227551346266108843210406938732366713413682610336534
1.545374934411724503728560437187435684778957909882028177054627634751161 7.399921448748363746051528307291127424511228419752554777663284742264785 27.31715991798793405596181138719600955127779983689398141580401512879322
2.420169566709148822667846338195728902950512061530145193691112575701786 7.893887550004756035352669843689229159248478733387194333630797541393929 26.8654688138189416450492156301885750509543195281284678397094094371462
3.331414281431576174290902723348516269618788139186350913166521831802192 8.331414281431576174290902723348516269618788139186350913166521831802192 25.60950916659545399805428299150077413298093308440249396984076075450104
0.6736977503862487975213192959075577593518070872220490141556843515603204 6.908475157815504497689449427958209468009753732870700791356220160664828 27.31715991798793405596181138719600955127779983689398141580401512879322
2.426391337078542761652520481879715556899824604109819933300558767037074 6.728424342056921555191968426626585089841175676426921216484788771313645 28.94543311959777363767243396577698498975883954007734947489428710207663
3.335585759485821572117700673212919855466139836945758665917138452301639 7.224472244397117229336952265621931083990192692294327354726218490701794 25.60950916659545399805428299150077413298093308440249396984076075450104
0.6806167392472856026920176358065077111188270800077856031101780847174594 5.746848084189088796883697613504846604645056056807273974558938486094662 29.26734593417622500221480308476084003147257271595917044318041730562848
1.552964779354015201559399324742303467358772152316751831513061354062704 6.235733445927347111883326105663210579687637767612041365438114945896771 29.26734593417622500221480308476084003147257271595917044318041730562848
3.277127613720450563706650390338919639119507669956518121851640282901543 6.056185237475183861580883882709310872201996158450292326223576272259462 28.94543311959777363767243396577698498975883954007734947489428710207663
0.5 4.5 3.603091659360884060833605898950072363056136666810546022952184517823882e-80
1.530209523922937113280539210834588339665096221224240058695108824550171 5.076649382232814708087655149899268866134851388725270647125996256063249 29.26734593417622500221480308476084003147257271595917044318041730562848
2.402557564029666712147920899770384095905041293533206287097992093895415 5.565534743971073023087283642057632841177433099530038038005172715865358 29.26734593417622500221480308476084003147257271595917044318041730562848
1.680616700922493956933505090547079865641263391556866809641029864573677 3.953492513814775669547453487333778241627720577911980504761526602349437 29.26734593417622500221480308476084003147257271595917044318041730562848
2.526899544176531799077723002433559304373811907729447448101629730774063 4.488887599854444515046151806922028806708515670143294938461257036411193 29.26734593417622500221480308476084003147257271595917044318041730562848
3.399247584283261397945104691369355060613756980038413676504513000119307 4.977772961592702830045780299080392781751097380948062329340433496213302 29.26734593417622500221480308476084003147257271595917044318041730562848
9.741693642871800454657888218630762540886469216819332194419741002283647 1.569016729653217304921926045909006820320269228777493820712654628001923 -28.93923988259423113689942255406682563853614443192804635243024117589089
9.283811412256746554403190207811577719006335433546289504682178077938013 0.6795075917314897859734729845567196522514077345780139389007281793903947 -28.93923988259423113689942255406682563853614443192804635243024117589089
9.029115725157010370665757221013071294612248595513497682979470464664162 2.439698190911585139205467670427377029769650102874625724588447262086659 -23.53002225374807242166502279387108353611240814000572231003583225516245
8.570430285470217182257392416552847905410576431794145860288246805845574 1.548736394569895141487735800299621828443227424537338720279114960735605 -23.53002225374807242166502279387108353611240814000572231003583225516245
8.111134704395753924656795426928715162249997573315715917285271071754742 0.6580402754912116787141711580599043180256240664529773243038364964460331 -23.53002225374807242166502279387108353611240814000572231003583225516245
7.408824455796712751818916265615558687454960695571690651207078442156508 1.546974468800435097425184167350390796214090242897421995281942210507742 -27.27830791087951314694622545795561639466777669147243499856259863712984
7.867137548376531824584497073861776686392658424033281818100427612718662 2.435765281742334374561896361321762885917193229178751576260919366999123 -27.27830791087951314694622545795561639466777669147243499856259863712984
8.324860438147829373115111079249647659278475785416607526570789637413819 3.324860438147829373115111079249647659278475785416607526570789637413819 -27.27830791087951314694622545795561639466777669147243499856259863712984
6.920708153754860729873238957875341984800103822029473420105308426329458 0.6735519527608591749511465011087950443204003573714603739361631635267677 -27.27830791087951314694622545795561639466777669147243499856259863712984
6.742546976565337484675382595233172064195540678069369129546133921064728 2.436800014244658937523737576617488736358957720278251696558028530721064 -27.27830791087951314694622545795561639466777669147243499856259863712984
7.200269866336635033205996600621043037081358039452694838016495945759885 3.32589517065015393607695229454537350972024027651610764686789880113576 -27.27830791087951314694622545795561639466777669147243499856259863712984
5.795167316430122142609966728278197749930094323188102643741425655234094 0.6725933139533155443486881058421290292825391999296295593885941625252878 -27.02481879192013673371714697668933532811237877207292839059611620758264
6.254430674523485462729705287492955361540683804527151898444363905237679 1.56337749820508301504969991037589298446526783475229007521224948374009 -27.27830791087951314694622545795561639466777669147243499856259863712984
6.073370353137030611041509992582495549754924186486803139519293558943683 3.325819291004151602664323823927703542714968276382046036324335894419458 -27.02481879192013673371714697668933532811237877207292839059611620758264
4.672593099904536945401933756430739160883907866406021864182616906521128 0.672593099904536945401933756430739160883907866406021864182616906521128 -27.02481879192013673371714697668933532811237877207292839059611620758264
5.126969514010747314610285568187889200386021639518675546885252287419913 1.563402885607400466997449457535067443149609826105411909845215338664599 -27.02481879192013673371714697668933532811237877207292839059611620758264
5.58518157244623359751812304989555763209675034478691191016206936339852 2.452256219614183784944582876264228128682027036843740093290127663289153 -27.02481879192013673371714697668933532811237877207292839059611620758264
3.999060585292187222349367396678429361447133890706520071229760086836883 1.563081038592764494784634423116668652272796774870649181045051712769574 -27.28510289099863972169925605533411877567442506132210874931266248220528
4.457479080595829269350131444492296611956440437741659370506280476515824 2.451817491746085259649601210439684664881939509084173058671790459369598 -27.28510289099863972169925605533411877567442506132210874931266248220528
4.932147689341212201233421887599078673352247700630977777961408300862626 3.372247504131221633685993863289377522276542725883039686374456050901536 -31.52731251594308259241381058973093959507169681643444393975834361191879
4.260371491787732378195647884352472701465101952885759285138663616253925 4.268385487561243530895443374112345348262379532414050904023223357543213 43.43572283439774062033573096826479774364922370062803603730119235521797
3.400393206771027687472686308247272346158810053057877943478779128299471 3.715441152898427198566781291817152856111505420635013965801331507917824 42.58870192783896864764698491573597657489433682820815978502649205573466
2.499752547893356156932640887406399935373893655274749618963741595934234 3.201504476420252699118840231253418934206094251997865692173594652921594 43.84895442800442427822501120337792211146072586944989478448481417466765
3.307589842878452237143902991255659217613722481759170614771816475330641 2.403938789483910191122261029020897367404479558235878699775623453350599 -27.28510289099863972169925605533411877567442506132210874931266248220528
