110 10.99793569653433055939444266710361238979286016973006989468061734037175
0.5 10.49793569653433055939444266710361238979286016973006989468061734037175 0.0
10.49793569653433055939444266710361238979286016973006989468061734037175 0.5 0.0
0.5 0.5 0.0
1.5 0.5 0.0
2.5 0.5 0.0
3.5 0.5 0.0
0.5 1.5 1.303133261882410764633548555350774739010307694464938584392332441944955e-79
1.5 1.5 9.060351734079089888579522593183889296853203049569921879706288962487381e-80
2.5 1.5 0.0
0.5 2.5 0.0
1.5 2.5 2.979300830221999480354303051855150459526077040583455679891579663584102e-82
0.5 3.5 0.0
10.49793569653433055939444266710361238979286016973006989468061734037175 10.49793569653433055939444266710361238979286016973006989468061734037175 1.45927178955474674058350000373817188915258535540313555019800089422784e-70
9.497935696534330559394442667103612389792860169730069894680617340371751 10.49793569653433055939444266710361238979286016973006989468061734037175 0.0
8.497935696534330559394442667103612389792860169730069894680617340371751 10.49793569653433055939444266710361238979286016973006989468061734037175 1.297130479604219324963111114433930568135631427025009377953778572646969e-70
7.497935696534330559394442667103612389792860169730069894680617340371751 10.49793569653433055939444266710361238979286016973006989468061734037175 7.13421763782320628729711112938661812474597284863755157874578214955833e-70
6.497935696534330559394442667103612389792860169730069894680617340371751 10.49793569653433055939444266710361238979286016973006989468061734037175 7.13421763782320628729711112938661812474597284863755157874578214955833e-70
5.497935696534330559394442667103612389792860169730069894680617340371751 10.49793569653433055939444266710361238979286016973006989468061734037175 7.458500257724261118537888907995100766779880705393803923234226792720072e-70
4.497935696534330559394442667103612389792860169730069894680617340371751 10.49499717701535000000000000174374594859384461035430521576926537400692 2.230734580166198568566022587614268924813688470459818104293369426943657e-70
3.497935696534330559394442667103612389792860169730069894680617340371751 10.49793569653433055939444266710361238979286016973006989468061734037175 1.945695719406328987444666671650895852203447140537514066930667858970454e-70
2.497935696534330559394442667103612389792860169730069894680617340371751 10.49793569653433055939444266710361238979286016973006989468061734037175 2.09504902705600647889126984800118774650678217907493475422558918869366e-70
10.49793569653433055939444266710361238979286016973006989468061734037175 9.497935696534330559394442667103612389792860169730069894680617340371751 1.297130479604219324963111114433930568135631427025009377953778572646969e-70
9.497935696534330559394442667103612389792860169730069894680617340371751 9.497935696534330559394442667103612389792860169730069894680617340371751 1.297130479604219324963111114433930568135631427025009377953778572646969e-70
8.497935696534330559394442667103612389792860169730069894680617340371751 9.497935696534330559394442667103612389792860169730069894680617340371751 1.45927178955474674058350000373817188915258535540313555019800089422784e-70
7.497935696534330559394442667103612389792860169730069894680617340371751 9.497935696534330559394442667103612389792860169730069894680617340371751 2.202510279418692666478163888043529832348167466919726007336095811271652e-70
6.497935696534330559394442667103612389792860169730069894680617340371751 9.497935696534330559394442667103612389792860169730069894680617340371751 2.257190337006533894511658737305429067523736107453060926469811510274531e-70
5.497935696534330559394442667103612389792860169730069894680617340371751 9.497935696534330559394442667103612389792860169730069894680617340371751 9.728478597031644937223333358254479261017235702687570334653339294852268e-71
4.497935696534330559394442667103612389792860169730069894680617340371751 9.494274528309907000000000000193322299872818344817383574590373379817101 7.723425428500873055805874417795064099715019905647341073302818551329848e-71
3.497935696534330559394442667103612389792860169730069894680617340371751 9.497935696534330559394442667103612389792860169730069894680617340371751 2.087569365613040476112506949792107008093281827868374467644362390353716e-70
10.49793569653433055939444266710361238979286016973006989468061734037175 8.497935696534330559394442667103612389792860169730069894680617340371751 0.0
9.497935696534330559394442667103612389792860169730069894680617340371751 8.497935696534330559394442667103612389792860169730069894680617340371751 1.702483754480537864014083337694533870678016247970324808564334376599147e-70
8.497935696534330559394442667103612389792860169730069894680617340371751 8.497935696534330559394442667103612389792860169730069894680617340371751 2.269978339307383818685444450259378494237354997293766411419112502132196e-70
7.497935696534330559394442667103612389792860169730069894680617340371751 8.497935696534330559394442667103612389792860169730069894680617340371751 2.269978337193301747400323476257489889161114161361352366519464063534062e-70
6.497935696534330559394442667103612389792860169730069894680617340371751 8.497935696534330559394442667103612389792860169730069894680617340371751 2.269978339307383818685444450259378494237354997293766411419112502132196e-70
5.497935696534330559394442667103612389792860169730069894680617340371751 8.497935696534330559394442667103612389792860169730069894680617340371751 8.107065497526370781019444465212066050847696418906308612211116079043557e-71
4.497935696534330559394442667103612389792860169730069894680617340371751 8.493163292176240999999999999763915544811000708841879269093635482408508 7.97918547451787153928158733567257178371150752049925376271810616046691e-71
10.49793569653433055939444266710361238979286016973006989468061734037175 7.497935696534330559394442667103612389792860169730069894680617340371751 0.0
9.497935696534330559394442667103612389792860169730069894680617340371751 7.497935696534330559394442667103612389792860169730069894680617340371751 0.0
8.497935696534330559394442667103612389792860169730069894680617340371751 7.497935696534330559394442667103612389792860169730069894680617340371751 2.269978339307383818685444450259378494237354997293766411419112502132196e-70
7.497935696534330559394442667103612389792860169730069894680617340371751 7.497935696534330559394442667103612389792860169730069894680617340371751 3.242826199010548312407777786084826420339078567562523444884446431617423e-71
6.497935696534330559394442667103612389792860169730069894680617340371751 7.497935696534330559394442667103612389792860169730069894680617340371751 2.257190337006533894511658737305429067523736107453060926469811510274531e-70
5.497935696534330559394442667103612389792860169730069894680617340371751 7.497935696534330559394442667103612389792860169730069894680617340371751 1.783554409455801571824277782346654531186493212159387894686445537389582e-70
4.495475956094747 7.492138703205902 -0.08123353831456
10.49793569653433055939444266710361238979286016973006989468061734037175 6.497935696534330559394442667103612389792860169730069894680617340371751 1.621413099505274156203888893042413210169539283781261722442223215808711e-70
9.497935696534330559394442667103612389792860169730069894680617340371751 6.497935696534330559394442667103612389792860169730069894680617340371751 1.621413099505274156203888893042413210169539283781261722442223215808711e-71
8.497935696534330559394442667103612389792860169730069894680617340371751 6.497935696534330559394442667103612389792860169730069894680617340371751 0.0
7.497935696534330559394442667103612389792860169730069894680617340371751 6.497935696534330559394442667103612389792860169730069894680617340371751 1.216059824628955617152916669781809907627154462835946291831667411856533e-71
6.497935696534330559394442667103612389792860169730069894680617340371751 6.497935696534330559394442667103612389792860169730069894680617340371751 6.485652398021096624815555572169652840678157135125046889768892863234845e-70
5.497935696534330559394442667103612389792860169730069894680617340371751 6.497935696534330559394442667103612389792860169730069894680617340371751 4.539956678614767637370888900518756988474709994587532822838225004264392e-70
10.49793569653433055939444266710361238979286016973006989468061734037175 5.497935696534330559394442667103612389792860169730069894680617340371751 8.789892024270508617383531782193778388796277162389884623939217768371265e-71
9.497935696534330559394442667103612389792860169730069894680617340371751 5.497935696534330559394442667103612389792860169730069894680617340371751 8.107065497526370781019444465212066050847696418906308612211116079043557e-71
8.497935696534330559394442667103612389792860169730069894680617340371751 5.497935696534330559394442667103612389792860169730069894680617340371751 2.432119649257911234305833339563619815254308925671892583663334823713067e-70
7.497935696534330559394442667103612389792860169730069894680617340371751 5.497935696534330559394442667103612389792860169730069894680617340371751 2.364651589369220082098552777347771153365121395297852179580318132852523e-70
6.497935696534330559394442667103612389792860169730069894680617340371751 5.497935696534330559394442667103612389792860169730069894680617340371751 6.485652398021096624815555572169652840678157135125046889768892863234845e-70
5.497935696534330559394442667103612389792860169730069894680617340371751 5.497935696534330559394442667103612389792860169730069894680617340371751 4.539956678614767637370888900518756988474709994587532822838225004264392e-70
10.49640761931936300000000000030993044428846586806305581028591813465917 4.497935696534330559394442667103612389792860169730069894680617340371751 9.600598574023145695485476228714984993881046804280515485160329376275621e-71
9.496133108316749999999999999918112223907255159653508623429983043830373 4.497935696534330559394442667103612389792860169730069894680617340371751 8.917772047279007859121388911733272655932466060796939473432227686947912e-71
8.495793009399359999999999999895446716373649509235367951119534850752214 4.497935696534330559394442667103612389792860169730069894680617340371751 1.134989169653691909342722225129689247118677498646883205709556251066098e-70
7.495245586523429 4.497330530533791 -0.03175931096537
10.49793569653433055939444266710361238979286016973006989468061734037175 3.497935696534330559394442667103612389792860169730069894680617340371751 6.357772375012597383077698442630158573541968236717992040275882944658198e-71
9.497935696534330559394442667103612389792860169730069894680617340371751 3.497935696534330559394442667103612389792860169730069894680617340371751 -4.992119321524321710349523808666733897644806749750840016819679566002781e-71
10.49793569653433055939444266710361238979286016973006989468061734037175 2.497935696534330559394442667103612389792860169730069894680617340371751 -4.414929078806887248857387448946697154579669307530158422665074898412274e-79
4.497935696534330559394442667103612389792860169730069894680617340371751 6.490609492074514500000000000094663308626492718056858047974263809068142 3.891391438812657974889333343301791704406894281075028133861335717940907e-70
4.490799220052934585678357103879433739264577103010849684568851462916218 5.481834015288077416877078895641449132313061109744845688819479878322172 -0.8237295343849074735726708887466511929536082340549595714542071811277786
6.483893512462062634364534210243436767073792700644761443071349924135628 4.497935696534330559394442667103612389792860169730069894680617340371751 7.13421763782320628729711112938661812474597284863755157874578214955833e-70
5.483893512462062634364534210243436767073792700644761443071349924135628 4.497935696534330559394442667103612389792860169730069894680617340371751 7.13421763782320628729711112938661812474597284863755157874578214955833e-70
1.570331742835061171322348901773855717441052687252879957918443234221693 9.737466966483840657327323860677484971702024060933832507999041486893888 28.34172366814734186685687794261577024673000530698210957255938997829122
0.6774305710980202028146168748047807653158353821200002670524900753141672 9.286411534806489441986341732839489773664094877529624108997868077514974 28.34172366814734186685687794261577024673000530698210957255938997829122
2.438724283125714028411326174563820568109512440354769315446448760409985 9.026628971611483687210539436306183523839786933939089548761693628467809 23.81747383034371881106318347568427226269290656244200275928632324319776
1.544945334132316696367208685139726428475598547358329968858071549109383 8.575100080721506376409870903632567430017834843273208384459879201537928 23.81747383034371881106318347568427226269290656244200275928632324319776
0.6593304359633299180191322761010973288063718651845224942801128540558727 8.105076087422056682826087316407863515865032498106506700804079955918841 23.81747383034371881106318347568427226269290656244200275928632324319776
1.550165645941743179647931337673632005064048031297506353756800015788484 7.40634154907970452679747766315915210361768711381587667257250591824919 26.802484990222776181572509799018984485496034458889561176667771424427
2.433628176387773710132936923551975204268167848432182432857729474424911 7.875278186034693035262209850558894058032859248404015952802777596650935 26.802484990222776181572509799018984485496034458889561176667771424427
3.326194438872781966046008027079523510471686859074084543755435437954837 8.326194438872781966046008027079523510471686859074084543755435437954837 26.802484990222776181572509799018984485496034458889561176667771424427
0.671741257661548593348434640024088879321173310655985350925181902416914 6.927432160655846227548897522584764141924159848920525925853005788055999 26.802484990222776181572509799018984485496034458889561176667771424427
2.433795045907061821272784288078071858809917182962027690866417388415893 6.731888239517143801895080816952186153588785289658434899938404275626257 28.01210115745526969132465300475556658174312448088889521988088381242269
3.326194438872781966046008027079523510471686859074084543755435437954837 7.205829439622324384077167764104720207438525711891209913522678097171242 26.802484990222776181572509799018984485496034458889561176667771424427
0.6762532268509721813946438384284873062792986092312874581761836832263269 5.777242622772981058917145031794600789168264992941800105804148859712865 28.01210115745526969132465300475556658174312448088889521988088381242269
1.555758426135772391519949964293595045391254066605021971542514965328256 6.253185136331209888725049350590080112212470005847919306875722724005461 28.01210115745526969132465300475556658174312448088889521988088381242269
3.31998950178632271635836049150773532302527688325883790631161561414119 6.070629023562915741417071541356247576547811986270413415446202819277151 28.01210115745526969132465300475556658174312448088889521988088381242269
0.5 4.600989395922008877522501193366113482888966383710512647627965176486538 0.0
1.560705162008204465225477137247386740387656094158555143843726154317646 5.11422138391365846107621279145764865038549314606664629008037787239936 28.29128093737335784922291168199478675408400959938661479932441185314604
2.439914252002942602479300558610979791535251070422349172172463033367492 5.59066589728395923968184868793578332437037354645562427193596140758794 28.29128093737335784922291168199478675408400959938661479932441185314604
1.641551692420651571749748910159978015870107883683851894021901948617578 3.903296160998889538128165170113485098200157180221530934038709219869274 31.01538118629179745012244759105080641696646379069492772031303816955098
2.486338615716611397895515385345343261216740574346542816223404975226155 4.473871308249367391560712292194188533754242152722203030545822689797216 28.91299385709641592417906514566394547003499376190097092164094413346769
3.364284499656687602071092269951857627627855811837317582625819459778865 4.952661182727277606935769368072349654552829631822410748052243375324078 28.91299385709641592417906514566394547003499376190097092164094413346769
9.740796578264796671037778549092683724880722179629690677413401115677919 1.568759419762845664828509413128521530468083625455082481919965731070563 -28.90190381509526803750813028404738402359655621630800278244945832613619
9.282719052682000995640021046114211863989446089112265049778794096847274 0.6793799704355714220486314112272512268558315842755876106711679369336105 -28.90190381509526803750813028404738402359655621630800278244945832613619
9.028338504574860866868461378905092119660524199901642731178994069559435 2.439244147873772958391831276259635487558888573634271386038057502358222 -23.55266737178001841235005716553854900692669764378174065945385443990775
8.56945134147930490285694070310155085314050508135579671175179975579034 1.548398157898980435609227449260641205349316112311519145610800470957156 -23.55266737178001841235005716553854900692669764378174065945385443990775
8.109209880297175977802884577077415932946058062677994310649821140417379 0.6581425143428989438604681966152963831608196115354311183008416192225985 -23.55266737178001841235005716553854900692669764378174065945385443990775
7.406994813947928009266188134102570021787692782536039220812566503324132 1.5468561059307704779375758700055176200186732207086838528898150560237 -27.33791219939690164249532301814563634812903523627632166118945163832186
7.866232259523817939688011923581941232208470812874822657293257296979155 2.43516965900813489768659734866024863720947621912603853703453513530654 -27.33791219939690164249532301814563634812903523627632166118945163832186
8.324160197207703384309020033036561275987069655352000834367911903902819 3.324160197207703384309020033036561275987069655352000834367911903902819 -27.33791219939690164249532301814563634812903523627632166118945163832186
6.918291929663102860545001142950437031507994280928889443484189066097455 0.6737754993266271750854226340670511138057905143780690603127054364689318 -27.33791219939690164249532301814563634812903523627632166118945163832186
6.742696282129090269401546475942798286478099490098700003956421979053049 2.439410959296262640959571494195408771085876785675806063881418984251249 -27.33791219939690164249532301814563634812903523627632166118945163832186
7.200624219812975714022554585397418330256698332575878181031076585976714 3.328401497495831127581994178571721409863470221901768361214795752847528 -27.33791219939690164249532301814563634812903523627632166118945163832186
5.792612506930998832239352710980880976331012396657534298015486660956689 0.6735529820130989639205208299761165918292315557232068597442807800337399 -26.76788423164369857081407665545391646937119852388775547094795131721297
6.253993397844265120680359484790665296198400988491550226628044541826372 1.566330352692119338107418258256942264872994079345191271304309364696481 -27.33791219939690164249532301814563634812903523627632166118945163832186
6.06991117662459700964107929146288412893165748793586766087421352760648 3.326327916947397397940832310392124025577668678050529348651032594530721 -26.76788423164369857081407665545391646937119852388775547094795131721297
4.671607779586933161453610356711488364215191491679540546029584745841031 0.6716077795869331614536103567114883642151914916795405460295847458410306 -26.76788423164369857081407665545391646937119852388775547094795131721297
5.121984932003238330120805508671628465872759326364452157011332269208629 1.564446186344494315693635918174324990988006640353710027107006714155494 -26.76788423164369857081407665545391646937119852388775547094795131721297
5.581034008235087465733951278959274331784427847658766400894476582856439 2.452910188591165788357602448106817252531161099169742302283101560539276 -26.76788423164369857081407665545391646937119852388775547094795131721297
3.999780425117258923849485321415756716175085772934587541671687759035626 1.560122512344192340916603907923100107864993073729695752105403271698447 -26.76788423164369857081407665545391646937119852388775547094795131721297
4.450157577533564092516680473375896817832653607619499152653435282403224 2.45296091910175349515662946938593673463780822240386523318282524001291 -26.76788423164369857081407665545391646937119852388775547094795131721297
4.929050166505159711124561986956905621357507288434134660914535451506122 3.378641304784899760022622626795207622414777091220082849564236493841104 -31.8297000331032621903985498476553561570496111620877056888017709163297
4.276912674896944017304248438135227305975579217985527074961451045371779 4.278068589496073330224544274476584307942170585440549356198757526622659 -43.91859178617847971045658871905678542337341576573372590818947720209716
3.43123140314961335075660051414742013945576017574408848764479716436707 3.704112962348808273390081681414420227445425664582433433604233570443344 -43.92450843124450995982083520341973377578349527689815758927278060417778
2.511032288195389253038159129829380461849379237891498893040398169653127 3.20200055970432458128784765851875466801911055202577190732300838344564 -43.92450843124450995982083520341973377578349527689815758927278060417778
3.306216458144459183611939514595329513114167960621114052131157196779419 2.405546066138496542325855364850726711596054690630529828817857157035372 -26.76788423164369857081407665545391646937119852388775547094795131721297
