110 10.99888759728561407412693386372544155111236081579880149395794710138561
0.5 10.49888759728561407412693386372544155111236081579880149395794710138561 -8.129718591377353265180666193305031518767158191312913595384799758887175e-80
10.49888759728561407412693386372544155111236081579880149395794710138561 0.5 -2.713173811209851108461799507945212052579966626660852204160254696290014e-80
0.5 0.5 -5.343406461658730754024986077956523878970207594452078389338067173402268e-73
1.5 0.5 4.019172029237484274573876222336373292084080872789217345837709783759402e-75
2.5 0.5 0.0
3.5 0.5 0.0
0.5 1.5 -5.343406461658730754024986077956523878970207594452078389338067173402268e-73
1.5 1.5 4.019172029237484274573876222336373292084080872789217345837709783759402e-75
2.5 1.5 3.864438114352790116991769345924529415523059281596013155556708574959072e-80
0.5 2.5 -5.383598181951105596770724840179887611891048403179970562796444271239862e-73
1.5 2.5 -2.636486872467726248788942225670263840108002926300376277436874912479768e-101
0.5 3.5 -5.383598181951105596770724840179887611891048403179970562796444271239862e-73
10.49888759728561407412693386372544155111236081579880149395794710138561 10.49888759728561407412693386372544155111236081579880149395794710138561 -1.278800230084992417378571295394942671361888984070548494930099185766469e-72
9.498887597285614074126933863725441551112360815798801493957947101385612 10.49888759728561407412693386372544155111236081579880149395794710138561 -4.414929078806887248857387448946697154579669307530158422665074898412274e-79
8.498887597285614074126933863725441551112360815798801493957947101385612 10.49888759728561407412693386372544155111236081579880149395794710138561 -1.749293122513773397941746022581907477305728182188316571935233134385358e-71
7.498887597285614074126933863725441551112360815798801493957947101385612 10.49885245577724800000000000042240285071817206466242323768431543404391 -2.229443011819751964780347227933318163983116515199234868358056921736978e-71
6.498887597285614074126933863725441551112360815798801493957947101385612 10.47114176878229400000000000002799493351612288756444054051023622659518 5.683273726641404387284188532339720570291947805213661417861912582088132e-71
5.498887597285614074126933863725441551112360815798801493957947101385612 10.49888759728561407412693386372544155111236081579880149395794710138561 6.154183292476464018129084056701511937358833750007491016853632655659095e-71
4.498887597285614074126933863725441551112360815798801493957947101385612 10.49888759728561407412693386372544155111236081579880149395794710138561 4.900077888926341117334202778357751879506475500206554297033096814740236e-71
3.498887597285614074126933863725441551112360815798801493957947101385612 10.49888759728561407412693386372544155111236081579880149395794710138561 5.329479067928929112368097432154688036820858736810262018694136279263524e-71
2.498887597285614074126933863725441551112360815798801493957947101385612 10.49888759728561407412693386372544155111236081579880149395794710138561 7.416584609841587586336460030985320136293302297032770285993887352708915e-71
10.49888759728561407412693386372544155111236081579880149395794710138561 9.498887597285614074126933863725441551112360815798801493957947101385612 0.0
9.498887597285614074126933863725441551112360815798801493957947101385612 9.498887597285614074126933863725441551112360815798801493957947101385612 -1.278800230084992417378571295394942671361888984070548494930099185766469e-72
8.498887597285614074126933863725441551112360815798801493957947101385612 9.498887597285614074126933863725441551112360815798801493957947101385612 -5.078987182050478720981435888463098632696746680432880656904059847818136e-72
7.498887597285614074126933863725441551112360815798801493957947101385612 9.498816362392040999999999998890905669659951182131097250071668272761352 -7.49903558521189297244298613032116109703411918748833546629528237311529e-71
6.498887597285614074126933863725441551112360815798801493957947101385612 9.467520640289265999999999999721612356523390357443887786452805004984395 2.154310301664002957252188606377704599823713855131984363068153771508105e-71
5.498887597285614074126933863725441551112360815798801493957947101385612 9.498887597285614074126933863725441551112360815798801493957947101385612 6.362479940643117086038533745791960367917523650582694707642611401895807e-71
4.498887597285614074126933863725441551112360815798801493957947101385612 9.498887597285614074126933863725441551112360815798801493957947101385612 5.657320495877122360694888086833706173764299265547293641221917871837227e-71
3.498887597285614074126933863725441551112360815798801493957947101385612 9.498887597285614074126933863725441551112360815798801493957947101385612 6.745708513473288274204692149096802715556524870644658124984611655874751e-71
10.49888759728561407412693386372544155111236081579880149395794710138561 8.498887597285614074126933863725441551112360815798801493957947101385612 0.0
9.498887597285614074126933863725441551112360815798801493957947101385612 8.498887597285614074126933863725441551112360815798801493957947101385612 1.122201167352841985168936512175739820405058608806177720760255259208433e-70
8.498887597285614074126933863725441551112360815798801493957947101385612 8.498887597285614074126933863725441551112360815798801493957947101385612 1.122201167352841985168936512175739820405058608806177720760255259208433e-70
7.498887597285614074126933863725441551112360815798801493957947101385612 8.498786509521169999999999999779045959160132695727393324133823453610465 -1.749293122513773397941746022581907477305728182188316571935233134385358e-71
6.498887597285614074126933863725441551112360815798801493957947101385612 8.464100538591671000000000000030249104281697919844436398125406778245299 -1.051066366461252724709385618780308958837264243814957701946126922212943e-71
5.498887597285614074126933863725441551112360815798801493957947101385612 8.498887597285614074126933863725441551112360815798801493957947101385612 3.231881799116773618711508180629984450664815027902293666911136393825086e-71
4.498887597285614074126933863725441551112360815798801493957947101385612 8.498887597285614074126933863725441551112360815798801493957947101385612 6.268233077171370624025653184010254522178263534406716839141614509818161e-71
10.49888759728561407412693386372544155111236081579880149395794710138561 7.498887597285614074126933863725441551112360815798801493957947101385612 1.122201167352841985168936512175739820405058608806177720760255259208433e-70
9.498887597285614074126933863725441551112360815798801493957947101385612 7.498887597285614074126933863725441551112360815798801493957947101385612 1.203271822328105692979130956827860480913535572995240806882366419998869e-70
8.498887597285614074126933863725441551112360815798801493957947101385612 7.498887597285614074126933863725441551112360815798801493957947101385612 3.520299450878367609720892879805935455745274490100784026001992316992954e-71
7.498887597285614074126933863725441551112360815798801493957947101385612 7.498736070057654000000000000082864646964143328028066286698837418916902 2.731306106976551345456349267926849351794322973934304046912406757310835e-71
6.498887597285614074126933863725441551112360815798801493957947101385612 7.463851257437944000000000000403613485346457629368017590720831611165009 7.67925016050121463174542115961967327528617290833060681237463826407099e-72
5.498887597285614074126933863725441551112360815798801493957947101385612 7.498887597285614074126933863725441551112360815798801493957947101385612 8.466233655546388907540811566271288432952539139072990053720721248747988e-72
4.498887597285614074126933863725441551112360815798801493957947101385612 7.498887597285614074126933863725441551112360815798801493957947101385612 3.935473971354372366987555524463730797276077935673740826839097049820951e-71
10.49888759728561407412693386372544155111236081579880149395794710138561 6.498887597285614074126933863725441551112360815798801493957947101385612 0.0
9.498887597285614074126933863725441551112360815798801493957947101385612 6.498887597285614074126933863725441551112360815798801493957947101385612 8.789892024270508617383531782193778388796277162389884623939217768371265e-71
8.498887597285614074126933863725441551112360815798801493957947101385612 6.498887597285614074126933863725441551112360815798801493957947101385612 4.801498893059785668386012053514106866773883330109182964228237873516199e-72
7.498887597285614074126933863725441551112360815798801493957947101385612 6.498734637305251000000000000142565576318461885240317949088709426736361 -4.992119321524321710349523808666733897644806749750840016819679566002781e-71
6.498887597285614074126933863725441551112360815798801493957947101385612 6.463655440831569999999999994273309923905866254486878008309171554208962 2.065580499855029426584235709114682395895930592658825596042637391487742e-71
5.480507069559666000000000000051054567589113990690066475818089922382463 6.498887597285614074126933863725441551112360815798801493957947101385612 -2.306889410509479744055264694671758877411541146440395586165304678628111e-72
10.49888759728561407412693386372544155111236081579880149395794710138561 5.498887597285614074126933863725441551112360815798801493957947101385612 8.917772047279007859121388911733272655932466060796939473432227686947912e-71
9.498887597285614074126933863725441551112360815798801493957947101385612 5.498887597285614074126933863725441551112360815798801493957947101385612 8.789892024270508617383531782193778388796277162389884623939217768371265e-71
8.498887597285614074126933863725441551112360815798801493957947101385612 5.498887597285614074126933863725441551112360815798801493957947101385612 3.925652725754686148771865103066538758287659311046099456612548120945131e-71
7.498887597285614074126933863725441551112360815798801493957947101385612 5.498730987050997000000000005346461752871234463247146177876484562343015 -1.186141178857091606037865076945486953973153058009705145506760218496757e-70
6.498887597285614074126933863725441551112360815798801493957947101385612 5.452126655161192000000000000356691596970512284862890548109754072082882 -8.234945520534870022757301594751560317983885317313363461704125997620203e-71
5.498887597285614074126933863725441551112360815798801493957947101385612 5.498887597285614074126933863725441551112360815798801493957947101385612 -8.791761841177241614609232289372034281099314629660579689243539864125188e-71
10.49888759728561407412693386372544155111236081579880149395794710138561 4.498887597285614074126933863725441551112360815798801493957947101385612 -4.181412771771684632247579362145527292560037107860209155598567958098425e-71
9.498887597285614074126933863725441551112360815798801493957947101385612 4.498887597285614074126933863725441551112360815798801493957947101385612 7.97918547451787153928158733567257178371150752049925376271810616046691e-71
8.498887597285614074126933863725441551112360815798801493957947101385612 4.498887597285614074126933863725441551112360815798801493957947101385612 3.925652725754686148771865103066538758287659311046099456612548120945131e-71
7.498887597285614074126933863725441551112360815798801493957947101385612 4.496188405245737000000000000090091785312365471288184670113437202190969 6.866085117334099166243440469476209965555774592526374634537340926634158e-71
10.49888759728561407412693386372544155111236081579880149395794710138561 3.498887597285614074126933863725441551112360815798801493957947101385612 -4.414929078806887248857387448946697154579669307530158422665074898412274e-79
9.498887597285614074126933863725441551112360815798801493957947101385612 3.498887597285614074126933863725441551112360815798801493957947101385612 -9.247116670315735189433132831978104779568044267300783425175095678405544e-79
10.49888759728561407412693386372544155111236081579880149395794710138561 2.498887597285614074126933863725441551112360815798801493957947101385612 -5.018947919412295162465178894773522896170981043019141185673183927852675e-79
4.474380501104629 6.471456868700233 -0.25105847038361
4.498887597285614074126933863725441551112360815798801493957947101385612 5.468931211161937000000000000087670946068166980326389930637885677388101 -2.423791770884966393735255932872345480555748613692647194349203496955424e-71
6.457705555257741 4.450209153899621 -0.09205096226327
5.353291688928349751737554548102018610065444176453535783236597026287909 4.455316082833071277613187118957802095150441918579703550305145749960048 5.239640826504826302487172748785034014326507644318575455899267366429097
1.574362847177134093683791899596570989882924881635497475667479690654394 9.73082260144318396769151915296843223852103411570143399220885648902606 27.05836233229826347837074628567655353711656945821896171232313134292855
0.672720738549051526696802474871725852832417018387075448152110255091272 9.29765201313960478498043466727260528753365760679617231843048455799811 27.05836233229826347837074628567655353711656945821896171232313134292855
2.43839793644986396269900847042988416174292013690208703135227722157299 9.023972558443146415437172744913800069817942456921743207221266866743228 24.41487676311265381189179663632629749894726207101449821479094728740606
1.536810303368749624261755605340031580782021894436282120563294809600333 8.590829796749042347913794991099894849331816160955861980863077547556713 24.41487676311265381189179663632629749894726207101449821479094728740606
0.6619586208531334085545514395991388879799010327045453898781083581992225 8.098788614105761051755958235237445727816260921762419238521569984378171 24.41487676311265381189179663632629749894726207101449821479094728740606
1.541994760934090171154407469269404931876320555828999168658518282342613 7.399919863286488874943703982441911469121746931534673514866982899289061 27.77268829792496445713116597183859829481962915740918457522829864615455
2.420235219584850372555412102495565636475740286305379477857465012427533 7.893899056760243187521947375841765798073641464883920078017776350259147 26.93611322290918431974062201058355434337022260381495034351676049022523
3.331845902685076155354384203177708455177542009207880176042455780355324 8.331845902685076155354384203177708455177542009207880176042455780355324 25.62014928396084387278667560192046581544378198554408304426288190186274
0.6753840587836132404083232342739224018731632304339904804311100512751455 6.899409906617732319537439614332447360129855876084841252599804844828686 27.77268829792496445713116597183859829481962915740918457522829864615455
2.434548553309693176617754652478175486141561461694391099552831160047561 6.73950706612640500699357518883932372018112017080862369950183384335473 28.41731595736944176429550627973074720231781849419599457698272332100297
3.336025820357972620178516250757042351111220615973739367923526299639964 7.224810127643347269891059679679151358044565783548075028642091725379506 25.62014928396084387278667560192046581544378198554408304426288190186274
0.6787087298512290847814878632949696498615545058833930470281977631238646 5.761827503150790889601310310059524092664442635268169682214438672850721 28.70690114163996757768208573619089726649360235723636004857792747487133
1.563297092051388796827802621522360329259600650235147652518771980676882 6.236033648990790492634479852479616976477020031196401992609103088620842 29.12521846646997818905446689697684756005541552028821152234836795547193
3.321190185048402930514404715650759335996672224730218888573025403881813 6.082255292488501339801043170682745994283672438198369458589320763042268 28.41731595736944176429550627973074720231781849419599457698272332100297
0.5 4.583118773299561804819822446764554442802888129384776635186240909726856 -1.562780985986468446671481342586338178810192349468789845027653814540477e-80
1.57456535689408286879339968399904415875416192380466878249158965411852 5.085129182755798050521407658550288996173558621434386701625065391058064 29.71653097021055423580976216440135193835720046418695514951966280408834
2.443054057292552398157454773899097778829436786834115690244184206250939 5.580838147048655593677920284198864415316373553274274106200786187154624 29.71653097021055423580976216440135193835720046418695514951966280408834
1.653711845239583824636715039127730654177548698063273525905463546205907 3.911574856741257371588204418445863580393885643953246707344583772164005 33.01186534264490896160592272591535243853927505490649630971607294535342
2.516024463578562577076318040561372937275505279181685383069782315586078 4.47106195340644237062919942825182924486554674092273274051222385348655 29.71653097021055423580976216440135193835720046418695514951966280408834
3.384512992199663558879485552083405269625974489423746351522868109664226 4.966771218655292708035271114583574384630227003495598154957307770972973 29.71653097021055423580976216440135193835720046418695514951966280408834
9.741790531063242686738993012883981821385630938623863830637497147870924 1.569666205539482504299027152685076558226169743107935673686732271529366 -28.84052217789462650359577783041459437433373971802989998559882917554787
9.28580465810984068911595327991477555377607939756654723409267808850709 0.6791695301411012825269574247129452295749511872691340119495851121444233 -28.84052217789462650359577783041459437433373971802989998559882917554787
9.02946001378162382744691819027976129687540005735398421541820264338849 2.440044835762703957540572028016118176409374846041832373396595396788933 -23.56881234307501021528849785826638270268109890564798236441260071684063
8.572765881862584655881764500054782460850461279859293920817327895656846 1.548261997617545381654052202550591003172152148512806612088539070262464 -23.56881234307501021528849785826638270268109890564798236441260071684063
8.112091878394009935598423481529233217168265097924359509554896073953135 0.6582153433625933984763605426351645234097441123519612075802851946932316 -23.56881234307501021528849785826638270268109890564798236441260071684063
7.410447841224766413177737266657061137282512600747384273608559477241245 1.54777180741608723064472419275188148767262711792490973330475284728416 -27.11760375399054423331178806774110707899827713032893168311907129468318
7.870123600890627980274647168601685317511661602726808995418048199682646 2.435869199288788667641503775863872347799483964149697231493719638568828 -27.11760375399054423331178806774110707899827713032893168311907129468318
8.325941998687661199042504667979110191883966799618527303706915510255674 3.325941998687661199042504667979110191883966799618527303706915510255674 -27.11760375399054423331178806774110707899827713032893168311907129468318
6.924857552637294290972297992331561722664551824395212393464669533963258 0.6729455985979528750844291957463313592283940161802741902510315911299376 -27.11760375399054423331178806774110707899827713032893168311907129468318
6.743001664130057181195785496404685814334198123252280618363750226492397 2.438434796687076509475251293569090048928732611631236356797373034535674 -27.37353102394864076286966501035436537508561176810624361457726090514513
7.203739070909855897459483183960084538254116734323767138397733751872645 3.328481822847443276397837206432462643567027324404643070448965204150564 -27.11760375399054423331178806774110707899827713032893168311907129468318
5.799896910951839 0.6737584473828254 -27.29462323840757
6.257475261921354867501341903213734354015893537949229148563841184518234 1.563731976669407449494493649491312507857027245205316403863306364787106 -27.37353102394864076286966501035436537508561176810624361457726090514513
6.076456380136606964790757691498397134408452763055938289960666526847903 3.325991206019360446289983701522997239023918755263556147766159361697073 -27.37353102394864076286966501035436537508561176810624361457726090514513
4.67390874008471470113873239991302034948640246284157327111920003241825 0.6739087400847147011387323999130203494864024628415732711192000324182502 -27.37353102394864076286966501035436537508561176810624361457726090514513
5.131140609924795003282107501836547727694607279674121449431423529451194 1.563260927300104634028630414233026857355051502644249799150690276486721 -27.37353102394864076286966501035436537508561176810624361457726090514513
5.590930200848505319056078402395833680663581938069103397794717890890415 2.451288816545823720532124313499781603358881769932414393025795979884 -27.37353102394864076286966501035436537508561176810624361457726090514513
4.003894270199018162450227806867241317204862483505207587746855887231622 1.561029063536980305508169340007808367705281521098969130288697112348543 -27.37353102394864076286966501035436537508561176810624361457726090514512
4.463683861122728478224198707426527270173837141900189536110150248670842 2.449056952782699392011663239274563113709111788387133724163802815745823 -27.37353102394864076286966501035436537508561176810624361457726090514513
4.923473452046438793998169607985813223142811800295171484473444610110063 3.337084842028418478515157138541317859712942055675298318038908519143102 -27.37353102394864076286966501035436537508561176810624361457726090514513
4.182602182741236091900345655095270775798750741555387903438120236114089 4.247561678784496629221587654776922955313032856660651865737765447841632 35.80009532577586259272637647185978637151789218783312433602520000446053
3.326801280274176389252550074491090816736814947768452229428692628201639 3.724633282297582936792891627854576732671234913167935560627630780972608 35.80009532577586259272637647185978637151789218783312433602520000446053
2.453393642583896831721018655303410904864200459305078154921295065581637 3.226117140651274160255871934845637574002455695110882458243552982312784 35.80009532577586259272637647185978637151789218783312433602520000446053
3.31276589295664131038639596252135592928840323260448235994773085700098 2.401106206613762635662058238551387457929559874497945202329763470753977 -27.37353102394864076286966501035436537508561176810624361457726090514513
