110 10.99885633254920004275076543885974825437250186510469080379854328354045
0.5 10.49885633254920004275076543885974825437250186510469080379854328354045 0.0
10.49885633254920004275076543885974825437250186510469080379854328354045 0.5 0.0
0.5 0.5 -2.244796964830942061980666037966501873478216896961168618106610007590025e-80
1.5 0.5 -2.077671526643141652842571878616630823243470045131703123329697280108296e-80
2.5 0.5 4.065823610316281956689836797205716415335517594596033544001251101249551e-81
3.5 0.5 1.995121032920755959160194699671891660708556535168617390380426909177814e-79
0.5053196992309780000000000007020862056464666132871610413707553573033334 1.5 -1.07546111033865364893536092063778687285620055490101435025426755327788e-80
1.534024463603506700000000000097818752247428243378890404306427779427253 1.5 -2.151940888170914437976609944602485528111731475200876530817218035867776e-80
2.547023675570792 1.5074494556018956 -0.61782380050002
0.5 2.5 5.161608245732666787895899936343092247115325358708918149188150238805752e-82
1.5 2.5 3.071733327150357636639910501464978324560535360621778979072818543271926e-80
0.5389537814009953999999999999999999999997686175975706861746617090774615 3.5 1.968011970602559854727425712068170737863300412393082767337693523311329e-79
10.49885633254920004275076543885974825437250186510469080379854328354045 10.49885633254920004275076543885974825437250186510469080379854328354045 -4.414929078806887248857387448946697154579669307530158422665074898412274e-79
9.498856332549200042750765438859748254372501865104690803798543283540452 10.49885633254920004275076543885974825437250186510469080379854328354045 -1.634201101806124080377674605996362636883158173621967207391524207666376e-70
8.498856332549200042750765438859748254372501865104690803798543283540452 10.49885633254920004275076543885974825437250186510469080379854328354045 -1.634201101806124080377674605996362636883158173621967207391524207666376e-70
7.498856332549200042750765438859748254372501865104690803798543283540452 10.49586819233935299999999995984403960886214695067022838748936058447923 -2.13122280990626755319464570709367062421547767382900317635891111185211e-70
6.498856332549200042750765438859748254372501865104690803798543283540452 10.49582428639453900000000001092446728906027048036023424507986335201607 -2.101779517793623053199340614570394697343751617526866216074722711353264e-70
5.498745645951661499999999999868081272185412695274021474602720923710557 10.49885633254920004275076543885974825437250186510469080379854328354045 -9.26092084084221438196220166412919321680441285049646472766296901008171e-72
4.498708890138138999999999999956661186624782395188890500859911602576624 10.49885633254920004275076543885974825437250186510469080379854328354045 -1.252369921193638228658980076586159790022860278267198253468686866155771e-71
3.498690489816782500000000000058358417830109081227301393265097248947981 10.49885633254920004275076543885974825437250186510469080379854328354045 5.647525295886028484016315031830060100495956982050961687502917519202987e-80
2.498546902359389 10.4986819884721 0.01157734486594308
10.49885633254920004275076543885974825437250186510469080379854328354045 9.498856332549200042750765438859748254372501865104690803798543283540452 3.114946176002049070669920656545332153202889669155468595391436513040776e-71
9.498856332549200042750765438859748254372501865104690803798543283540452 9.498856332549200042750765438859748254372501865104690803798543283540452 -3.242826199010548312407777786084826420339078567562523444884446431617423e-71
8.498856332549200042750765438859748254372501865104690803798543283540452 9.498856332549200042750765438859748254372501865104690803798543283540452 -1.634201101812561178324835699566486404033511797656912632076160784425949e-70
7.498856332549200042750765438859748254372501865104690803798543283540452 9.495483262000949000000000000042198889767166287208947562560361021191783 1.284382272461178540540571493047599238995350944561361042510534952373637e-70
6.498856332549200042750765438859748254372501865104690803798543283540452 9.495501268631801999999999999802040373501726825967824692864977143325092 2.970607138530235825089541853562199995025967416164163296898662441611368e-70
5.498856332549200042750765438859748254372501865104690803798543283540452 9.498856332549200042750765438859748254372501865104690803798543283540452 -1.275147030954249840729006494523170812732053555398651224603854419148357e-71
4.498856332549200042750765438859748254372501865104690803798543283540452 9.498856332549200042750765438859748254372501865104690803798543283540452 -1.297996206721160008898967018240364211561533966625149900937299921409482e-71
3.498856332549200042750765438859748254372501865104690803798543283540452 9.498856332549200042750765438859748254372501865104690803798543283540452 2.556774341649517232842401296515427886468015944883464679330359832997049e-71
10.49885633254920004275076543885974825437250186510469080379854328354045 8.498856332549200042750765438859748254372501865104690803798543283540452 -9.856358620040144178961190487793973528153424601094625184146349213428915e-71
9.498856332549200042750765438859748254372501865104690803798543283540452 8.498856332549200042750765438859748254372501865104690803798543283540452 3.114946176002049070669920656545332153202889669155468595391436513040776e-71
8.498856332549200042750765438859748254372501865104690803798543283540452 8.498856332549200042750765438859748254372501865104690803798543283540452 3.520299450878367609720892879805935455745274490100784026001992316992954e-71
7.498856332549200042750765438859748254372501865104690803798543283540452 8.495160086932082999999999999949144491217047831758954087749955514691954 -2.423791770884966393735255932872345480555748613692647194349203496955424e-71
6.498856332549200042750765438859748254372501865104690803798543283540452 8.495183219154855000000000000079693412498568294753551302981942008694336 1.216892612466250101209974410450937341097010494033870830763080544532298e-70
5.498856332549200042750765438859748254372501865104690803798543283540452 8.498856332549200042750765438859748254372501865104690803798543283540452 -5.098330051973146787123285990308809150651661682147826377308296041807621e-71
4.498856332549200042750765438859748254372501865104690803798543283540452 8.498856332549200042750765438859748254372501865104690803798543283540452 -5.131480197243064858570285072665879053906431184398813677874873151962255e-71
10.49885633254920004275076543885974825437250186510469080379854328354045 7.498856332549200042750765438859748254372501865104690803798543283540452 2.859186129985050587194207738667824469206402054303555905976148903903714e-71
9.498856332549200042750765438859748254372501865104690803798543283540452 7.498856332549200042750765438859748254372501865104690803798543283540452 3.242826199010548312407777786084826420339078567562523444884446431617423e-71
8.498856332549200042750765438859748254372501865104690803798543283540452 7.498856332549200042750765438859748254372501865104690803798543283540452 3.114946176002049070669920656545332153202889669155468595391436513040776e-71
7.498685051238455 7.495026104404253 0.007035130029033783
6.498639390205354 7.494952226013701 0.009777841798898955
5.494396801408595000000000000042429612746897336465863583197135830823781 7.498856332549200042750765438859748254372501865104690803798543283540452 1.535976713027064215135878554507216219702290137827972799437045475653384e-72
4.494015027481931499999999999980974743877513854511339960144118150361143 7.498856332549200042750765438859748254372501865104690803798543283540452 8.465746914532753898522200431685330883827050452744239969672837359156051e-71
10.49883851825699600000000000005701717334925392829717815497836524869201 6.498856332549200042750765438859748254372501865104690803798543283540452 -3.836400690254977252135700474170019511326765132589675389082975277137085e-72
9.498827458263017000000000000073890928092667778643998602619043509497193 6.498856332549200042750765438859748254372501865104690803798543283540452 -9.430250967890204330294207314463132956959883774260201853105749164396716e-72
8.498818304859471000000000000074239832179801509116442982882085169214384 6.498856332549200042750765438859748254372501865104690803798543283540452 -2.00505316853077188141745894045941516130221579704022926135052074352242e-71
7.498796914740516 6.4949429281802935 -0.0016606007979
6.498755889092178 6.494753931092019 -0.00171786148579
5.498698139375571000000000000002500912269007020592214483946744482304653 6.498856332549200042750765438859748254372501865104690803798543283540452 -6.069441555181512782717046770049472843208193909827446807598096392884558e-71
10.49883851825699199999999999995675709653054769906743662787827471013352 5.498856332549200042750765438859748254372501865104690803798543283540452 -3.836400690254977252135700474170019511326765132589675389082975277137085e-72
9.498825341409990000000000000021053232046178587765960974176860777708393 5.498856332549200042750765438859748254372501865104690803798543283540452 1.654672986547971327028408974775203250188656326224849302343174203017447e-71
8.498809148817106000000000000027129206454861955830663178668512704707969 5.498856332549200042750765438859748254372501865104690803798543283540452 1.177695817726405844631559665040109712513886811510049537940837659085163e-70
7.498789953557568 5.494924879307612 -0.0014053213166
6.49475742731855 5.485094423189889 -0.45431606774704
5.490722436106280999999999999976654597172429715726882597374799682159034 5.498856332549200042750765438859748254372501865104690803798543283540452 -4.90923112333612515953610627251128967487422433923591275327287911193599e-71
10.49883757293389000000000000001187211687050848198967399053678151249164 4.498856332549200042750765438859748254372501865104690803798543283540452 -1.011211866605714266243690340567148121214991221594653787356163682256598e-70
9.49882504270409099999999999997135421444904106480795495824104147667449 4.498856332549200042750765438859748254372501865104690803798543283540452 -2.545445107131548307004835735933417932399084362549162316393916065284653e-71
8.498793503130225999999999999884651060766932799090611927325587287615447 4.498856332549200042750765438859748254372501865104690803798543283540452 1.177695817726405844631559665040109712513886811510049537940837659085163e-70
7.498767625886173 4.494889533662584 -0.00253284047024
10.49885633254920004275076543885974825437250186510469080379854328354045 3.498856332549200042750765438859748254372501865104690803798543283540452 -5.115200920339969669514285181579770685447555936282193979720396743065875e-72
9.498856332549200042750765438859748254372501865104690803798543283540452 3.498856332549200042750765438859748254372501865104690803798543283540452 -3.327279810207304856596136692346584888098622589722348045078464716151637e-71
10.49885633254920004275076543885974825437250186510469080379854328354045 2.498856332549200042750765438859748254372501865104690803798543283540452 -7.160824106805931462601046991499374391132076604184304080347119856263744e-79
4.498628084955763999999999999993282436609190440542241501923114136021327 6.498856332549200042750765438859748254372501865104690803798543283540452 7.093099523562908860223114879830640842317724506435910638341993267148707e-73
4.490516768898815000000000000025495957088482094505533113474646031718902 5.498856332549200042750765438859748254372501865104690803798543283540452 1.195805679080583668728305278974910011412793073450756196890736323840861e-71
6.479669151775827 4.483037190187549 -0.69417022172881
5.47299321562986600000000000020605654546953689778259206167073947564248 4.498856332549200042750765438859748254372501865104690803798543283540452 -4.232995622577396235965235416133302099974546275602523204207189791491244e-71
1.57798062432498055820427437164298802439239622576719272543347841894921 9.718126985803729808180402152786905911422582755248255815229691359530134 25.18527689299036029424623071561484472881122246819353145825988887428802
0.6681939704407232 9.291535494651951 25.362466159815046
2.437642497393204687619961464675847906357233631571137176706006691453737 9.017333376978420663607586882032125668173498859785500864849819353861105 25.18527689299036029424623071561484472881122246819353145825988887428802
1.532706063705416056320359558545956611248994891211054161733094611282849 8.591786609884101723351576278081709514515075663664683648731192075811466 25.18527689299036029424623071561484472881122246819353145825988887428802
0.6652416003910537857778062550401537243833309682404501155457696791102634 8.086554708616346314014139547319039523429076592179311409334017019725144 25.18527689299036029424623071561484472881122246819353145825988887428802
1.544372066625382570329056155801597458180226552004911289978637328233188 7.394418734961076887386899652708324248541496384968458755671446252992803 27.73542119418661733308925930371459605935323734853069416427087051657103
2.428678298470357625673357277689703234880932156504157673279861524259301 7.90806796506382731671694857986917837633074770074342347213414632638055 25.18527689299036029424623071561484472881122246819353145825988887428802
3.333614732158146256972959183819594529989170896864240688252773604430189 8.333614732158146256972959183819594529989170896864240688252773604430189 25.18527689299036029424623071561484472881122246819353145825988887428801
0.6752477026743318910815717047822804595488003183196264321069007524028601 6.898634394217295519008415205138838655307462010873368343799912739418597 27.73542119418661733308925930371459605935323734853069416427087051657103
2.424499063023277627641122030152461162546731115661351672572307803497142 6.726138037068773804038669823714713299810654177087087992951810838850759 29.35037058739569699050495571375082415205383379313159138545318876261793
3.333311399857832634412059811104520098615065853094496476258279904374812 7.22842209668867255187790660639846130050214540343962939542659844304001 25.18527689299036029424623071561484472881122246819353145825988887428802
0.6830503654298787 5.735608833731973 29.581513524266573
1.554144344184067011537035386308077263108269855601653247583914917186508 6.229427610154516641906477366109041346698786279103556344153335616284839 29.59061283389670911479952183228377864402566757292256154227093647670897
3.276563583772256086900147640724663449612904368265026479429786179428008 6.058015468527421071499944551826380297805020602214576057034526094567348 29.35037058739569699050495571375082415205383379313159138545318876261793
0.5 4.5 1.824470165350403995038551030649030120379048907454951288542138984403631e-79
1.535797353259891290989657933518782425849090530406979268159722650699654 5.06902309751016206282870079100915677706854696414634309352259760251623 29.59061283389670911479952183228377864402566757292256154227093647670898
2.405373197026848068110740630120430399566701728354258043254744105568947 5.562822502063250986855240063834022728042978254285832087803556528087484 29.59061283389670911479952183228377864402566757292256154227093647670897
1.681687624160022850573810984713256962346021244043383884687990190220274 4.00188274655520151306400017332089014012032934408609661214801387481322 29.59061283389670911479952183228377864402566757292256154227093647670897
2.551263467926979627694893681314904936063632441990662659783011645089567 4.495682151108290437090539446145756091094760634225585606428972800384474 29.59061283389670911479952183228377864402566757292256154227093647670897
3.42083931169393640481597637791655290978124363993794143487803309995886 4.989481555661379361117078718970622042069191924365074600709931725955728 29.59061283389670911479952183228377864402566757292256154227093647670897
9.742413223772460952012028335075347630540585246791800020143801138722368 1.569313194127016384499282974024371301235857763702881976247643783003984 -28.95421470945302658529258048194395995343144531300592424064164859008578
9.284958357855271253117584490477228466077135170058049091168811941112961 0.6795586972743788063569869867360071258077756947455134029037739865492782 -28.95421470945302658529258048194395995343144531300592424064164859008578
9.029775436201499680428931443124898042485984319493709574390840447750054 2.440108177186950787496449344652292091939683719108678686751453343182856 -23.51748332864944377290061420622460152782915621838740270500235605069806
8.571536526617790210076109025827389062016194489230534869764243916458639 1.548936558630955714601072661888322062551773071174148631723301597132467 -23.51748332864944377290061420622460152782915621838740270500235605069806
8.112795106644173327729489457410761220399354338807684831471945538621385 0.6579836201622287271988410783576826396158130599430271761642068708328131 -23.51748332864944377290061420622460152782915621838740270500235605069806
7.410493968602058431612832736537999296764256184088651876188662937273852 1.547164594348265690513413304292873193588495669792199435319909013197618 -27.21214945174461933463076085839287356053133505573086377207195419661969
7.868266845707606969662450393053434950861877312855265577338439603951483 2.436233934769499382304611777929446232368618771474027271765218346749176 -27.21214945174461933463076085839287356053133505573086377207195419661969
8.325553361393876609367148262175594422993874953634668614175186129445391 3.325553361393876609367148262175594422993874953634668614175186129445391 -27.2121494517446193346307608583928735605313350557308637720719541966197
6.923145501791152033501243434562582262980837423989243038816442592143736 0.6733029711553234333836171766841538313786269114700221896233571540950615 -27.2121494517446193346307608583928735605313350557308637720719541966197
6.744266871047072893945525790946837506477121137232805141459523354195748 2.438330627018954202686336084198876701379110694264116879685275381906137 -27.24442790608328269774312017796617228118103225503887783520486760356557
7.202341921779491635356243216723814597037785308516262132306447897879003 3.327972515482716638890671997912790116615402716014709592660485882318502 -27.21214945174461933463076085839287356053133505573086377207195419661969
5.7991363639838465 0.6750029976255888 -27.24311138618526
6.256927049519157741605962489971319800487847662459740386166740712487129 1.564485793691308427939018028773147442328540785574438542410366271550486 -27.24442790608328269774312017796617228118103225503887783520486760356557
6.076263461089298290206316925079798539827171685053776883400379241937975 3.325431772070453187192876422594606433877787803932115739574046896872765 -27.24442790608328269774312017796617228118103225503887783520486760356557
4.673424560478746855557889016265141820494714061172575064224496386667688 0.6734245604787468555578890162651418204947140611725750642244963866676877 -27.24442790608328269774312017796617228118103225503887783520486760356557
5.131136184757904096732325951569438989222685990918910982182543684174114 1.56252527258879274246420800717343537845300199225908841977519792923698 -27.24442790608328269774312017796617228118103225503887783520486760356557
5.588923639561383137866753624104280833837898210280712128107596600229356 2.451586938742807412445558367168877174827217895242437402299137786517114 -27.24442790608328269774312017796617228118103225503887783520486760356557
4.004968262269977768492563726959265697359576068200711455688759868102923 1.559832473729002627399510897435526426354876630025361486770531362224901 -27.24442790608328269774312017796617228118103225503887783520486760356557
4.462755717073456809626991399494107541974788287562512601613812784158165 2.448894139883017297380861257430968222729092533008710469294471219505034 -27.24442790608328269774312017796617228118103225503887783520486760356557
4.935704011412104580363259353142054185246818370891315342530521343179805 3.367683037181940379518742859865655441433739872402874899215430796273875 -31.20856446427467082862777319381910461589606455406746812444462752157011
4.26640284076501712199710612357491858669837677920534919794692549303331 4.278183577094957329089759167341497720187321185802114711658148469948673 41.65249680848920161982981883172510722528607426730286748259350788673557
3.363293719931335 3.7278013698045087 34.982880553905694
2.420766242697337682200841149903338356051274716997170583791357281748958 3.271591739968151291026182802218800471397328234698418728836047706098933 29.59061283389670911479952183228377864402566757292256154227093647670898
3.325629649143192921134880724725709803775429127916547921987560708818073 2.424919702693699473049891978336306864686301900637304063343617454501549 -27.24442790608328269774312017796617228118103225503887783520486760356557
