110 10.99792111363696775698652689664353323990625112978134837175979565876459
0.5 10.49792111363696775698652689664353323990625112978134837175979565876459 -2.11046064760559586676134125465877535689526359719602814139939223491725e-79
10.49792111363696775698652689664353323990625112978134837175979565876459 0.5 0.0
0.5 0.5 3.353003702125689725454905492523926830570040580177960250561633989691883e-96
1.5 0.5 0.0
2.5 0.5 -3.020117244693029962859840864394629765617734349856640626568762987495794e-80
3.5 0.5 -3.020117244693029962859840864394629765617734349856640626568762987495794e-80
0.5 1.5 3.353003702125689725454905492523926830570040580177960250561633989691883e-96
1.5 1.5 0.0
2.5 1.5 -2.990324236390809968056297833876078261022473579450806069769847190859953e-80
0.5 2.5 -2.815351693879324348432989584881093563468695143863667886678061034466567e-80
1.5 2.5 -1.767401436609688808790682957782700335176830736477912821437439768418275e-177
0.5 3.5 -2.891389423004988658938564172718387204512929167982791975358524916266527e-80
10.49792111363696775698652689664353323990625112978134837175979565876459 10.49792111363696775698652689664353323990625112978134837175979565876459 -5.513368029922062377533818305298380865959639862357139046855959194429213e-80
9.497921113636967756986526896643533239906251129781348371759795658764592 10.49792111363696775698652689664353323990625112978134837175979565876459 -7.379911392320976434667506200736484925371619763902867548189570019508974e-80
8.497921113636967756986526896643533239906251129781348371759795658764592 10.49792111363696775698652689664353323990625112978134837175979565876459 5.331932344059110114021027634039208822760264318612283941457537102543649e-79
7.497921113636967756986526896643533239906251129781348371759795658764592 10.49792111363696775698652689664353323990625112978134837175979565876459 2.311851966031665587595489096226914858577729250356845550143661902228378e-79
6.497921113636967756986526896643533239906251129781348371759795658764592 10.49792111363696775698652689664353323990625112978134837175979565876459 2.053605748456617447154204367728122097449079808965761097640889804811941e-79
5.497921113636967756986526896643533239906251129781348371759795658764592 10.49792111363696775698652689664353323990625112978134837175979565876459 2.095403610150870069026283935405288952845085625009802026859435324746011e-79
4.497921113636967756986526896643533239906251129781348371759795658764592 10.49792111363696775698652689664353323990625112978134837175979565876459 6.567156691460053732452773939380364536385804557361481532898056502703016e-80
3.497921113636967756986526896643533239906251129781348371759795658764592 10.49792111363696775698652689664353323990625112978134837175979565876459 -1.525586479139790710954854056633856929062395506152996147469575720561692e-80
2.497921113636967756986526896643533239906251129781348371759795658764592 10.49792111363696775698652689664353323990625112978134837175979565876459 5.61355220110599240198045183763787462146496395058288952287970246758728e-80
10.49792111363696775698652689664353323990625112978134837175979565876459 9.497921113636967756986526896643533239906251129781348371759795658764592 2.397908475882052458751670174939036012211787345311432636899924406309541e-79
9.497921113636967756986526896643533239906251129781348371759795658764592 9.497921113636967756986526896643533239906251129781348371759795658764592 1.909058081844935166425544386926932204811849942791527677487190716938495e-79
8.497921113636967756986526896643533239906251129781348371759795658764592 9.497921113636967756986526896643533239906251129781348371759795658764592 1.909058081844935166425544386926932204811849942791527677487190716938495e-79
7.497921113636967756986526896643533239906251129781348371759795658764592 9.497921113636967756986526896643533239906251129781348371759795658764592 2.311815099366080955882075279810113166319848174498082651698513357758316e-79
6.497921113636967756986526896643533239906251129781348371759795658764592 9.497921113636967756986526896643533239906251129781348371759795658764592 9.067702864316448054797592198689847213086052263222963821818468876048467e-79
5.497921113636967756986526896643533239906251129781348371759795658764592 9.497921113636967756986526896643533239906251129781348371759795658764592 1.908491207251887448400351196192167864864697412457547892824643295013289e-79
4.497921113636967756986526896643533239906251129781348371759795658764592 9.497921113636967756986526896643533239906251129781348371759795658764592 1.927317135048473527225909005840601062078057611855615328303356061434332e-79
3.497921113636967756986526896643533239906251129781348371759795658764592 9.497921113636967756986526896643533239906251129781348371759795658764592 1.689431769578882822355881221965810664687250722591520254921600666484459e-79
10.49792111363696775698652689664353323990625112978134837175979565876459 8.497921113636967756986526896643533239906251129781348371759795658764592 2.816785286432475222226681676300249644561729113909352484975385470923089e-79
9.497921113636967756986526896643533239906251129781348371759795658764592 8.497921113636967756986526896643533239906251129781348371759795658764592 -5.235811435228710627972764175973719400516584998406823171526578471673425e-79
8.497921113636967756986526896643533239906251129781348371759795658764592 8.497921113636967756986526896643533239906251129781348371759795658764592 2.743575107248856683982408340123942163825480948229534059978705687218897e-79
7.497921113636967756986526896643533239906251129781348371759795658764592 8.497921113636967756986526896643533239906251129781348371759795658764592 3.419042970860279945587600591097520575731417059302809634269912671917397e-79
6.497921113636967756986526896643533239906251129781348371759795658764592 8.497921113636967756986526896643533239906251129781348371759795658764592 3.32933263273735179378935078050730978020351448931785570074748577921575e-79
5.497921113636967756986526896643533239906251129781348371759795658764592 8.497921113636967756986526896643533239906251129781348371759795658764592 3.092153880443218309295099161126800145857801394612150741787227917199565e-80
4.497921113636967756986526896643533239906251129781348371759795658764592 8.497921113636967756986526896643533239906251129781348371759795658764592 7.872181157900523298342945557388386312593839633795103458797476199143314e-81
10.49605076830821199999999999982896663100111977538615449162162276773962 7.497921113636967756986526896643533239906251129781348371759795658764592 -3.24352894042761862613896622646804105902567262069903139670303091418887e-79
9.49414842509691500000000000001618540867329782784340905740120714935494 7.497921113636967756986526896643533239906251129781348371759795658764592 -5.1738754370465250575928138748640278249973471250588106540250811341798e-79
8.492350230679224999999999999724853832596042781069104584877006157652953 7.497921113636967756986526896643533239906251129781348371759795658764592 7.507861826317380118422411596158736985659101776696366507765685959696289e-79
7.492317191691855000000000000038334002171126543595617858469685363009829 7.497921113636967756986526896643533239906251129781348371759795658764592 3.686901690463562488233842041101558559536588844460574588940989013785086e-79
6.49226504914717899999999999965938690919473036294234408271914112608318 7.497921113636967756986526896643533239906251129781348371759795658764592 -1.22728596241394498395230686816492589693844437551913947353862018434796e-79
5.492185112687979999999999999873969641008260495574542145051411854346455 7.497921113636967756986526896643533239906251129781348371759795658764592 -3.067384150780749971846337172529886313794725269306903545775682422263451e-79
4.492163218843761500000000000050850536162553868427578697277035733529193 7.497921113636967756986526896643533239906251129781348371759795658764592 -1.164666051664690421281111243094634728690920765810621976474300934833801e-80
10.49792111363696775698652689664353323990625112978134837175979565876459 6.497921113636967756986526896643533239906251129781348371759795658764592 -2.024693150385457714282181777383648503130380146488982526223619973630486e-79
9.497921113636967756986526896643533239906251129781348371759795658764592 6.497921113636967756986526896643533239906251129781348371759795658764592 -1.051117866228037630176602180606619205071332032165170012016094464936897e-79
8.497921113636967756986526896643533239906251129781348371759795658764592 6.497921113636967756986526896643533239906251129781348371759795658764592 1.026591431311861030894471857741118015207455661504344788654229718338635e-79
7.497921113636967756986526896643533239906251129781348371759795658764592 6.496420305774698500000000000055354661928048321867072884715460453446844 1.145726061148598949271811948746142619335031102924944005358244001818289e-79
6.497921113636967756986526896643533239906251129781348371759795658764592 6.497921113636967756986526896643533239906251129781348371759795658764592 1.062578080381661318409735813879318287500959935044157233797436842152196e-79
5.497921113636967756986526896643533239906251129781348371759795658764592 6.497921113636967756986526896643533239906251129781348371759795658764592 -3.082566799949146266417319831282520059937406012558489736360841176658696e-79
10.49792111363696775698652689664353323990625112978134837175979565876459 5.497921113636967756986526896643533239906251129781348371759795658764592 -3.165439570839461728019012505512823950094916341680924803544216255403582e-79
9.497921113636967756986526896643533239906251129781348371759795658764592 5.497921113636967756986526896643533239906251129781348371759795658764592 -5.196551527317226553643648996959474683085938250212281096015516274029373e-79
8.497921113636967756986526896643533239906251129781348371759795658764592 5.497921113636967756986526896643533239906251129781348371759795658764592 1.32545795495580635666440840625991357108532894363035633176961053104659e-79
7.497921113636967756986526896643533239906251129781348371759795658764592 5.494906521619297999999999999828692133606824949753202742571398304548343 -1.462556623480975521621801403441686576345819374365082065236520320267315e-79
6.497921113636967756986526896643533239906251129781348371759795658764592 5.497921113636967756986526896643533239906251129781348371759795658764592 1.29720284905145271490007802224258429726681693913426114654038461716271e-79
5.497921113636967756986526896643533239906251129781348371759795658764592 5.497921113636967756986526896643533239906251129781348371759795658764592 -2.700541450384642166824742530259882644046370961173443933558679038779823e-79
10.49792111363696775698652689664353323990625112978134837175979565876459 4.497921113636967756986526896643533239906251129781348371759795658764592 -4.414929078806887248857387448946697154579669307530158422665074898412274e-79
9.497921113636967756986526896643533239906251129781348371759795658764592 4.497921113636967756986526896643533239906251129781348371759795658764592 -1.226670468987617377794570331722587464607640677662831569767168733421761e-79
8.497921113636967756986526896643533239906251129781348371759795658764592 4.497921113636967756986526896643533239906251129781348371759795658764592 -1.046722867242024230925109661647913256944210239225324965550701479736654e-79
7.497826157006747 4.494590779027642 -0.0032120928358
10.49792111363696775698652689664353323990625112978134837175979565876459 3.497921113636967756986526896643533239906251129781348371759795658764592 2.830932200342194769668548889196017345684202827387997735430387476183584e-80
9.497921113636967756986526896643533239906251129781348371759795658764592 3.497921113636967756986526896643533239906251129781348371759795658764592 -1.226965402312295504463065543277713148240446892189520539741342746129538e-79
10.49792111363696775698652689664353323990625112978134837175979565876459 2.497921113636967756986526896643533239906251129781348371759795658764592 9.646192546031833195422164960870336809217826403888051213627229828576113e-81
4.497921113636967756986526896643533239906251129781348371759795658764592 6.497921113636967756986526896643533239906251129781348371759795658764592 -5.347142647603972680106487142587834660318075157002713431669425534892133e-79
4.497921113636967756986526896643533239906251129781348371759795658764592 5.497921113636967756986526896643533239906251129781348371759795658764592 -5.418665403941161449255306216423450279231272413973801946693139999761068e-79
6.483875047480899852910775471437212592453455424983620750398146924245332 4.497921113636967756986526896643533239906251129781348371759795658764592 6.164657673644141834911246256246522939023072292704740430131083636929372e-80
5.483875047480899852910775471437212592453455424983620750398146924245332 4.497921113636967756986526896643533239906251129781348371759795658764592 -1.569171318590278893525266101989769204959677191006923099509288197992517e-79
1.570258736284116844184283600323390758899298760358209425603104049309971 9.737582281700839054250684979848652637829970402462708139180872286743104 28.36429358668498526056643099747976427721695704534023706916319905221674
0.6775103665133876648622558138054153613895261145202213970886262233790988 9.286221360863301473309624749945404431871400334734242881573961760120721 28.36429358668498526056643099747976427721695704534023706916319905221674
2.438729593166712220781114783555470842001289769187445100217885409268466 9.026679834944419905355731963298826116856094915497293013412210364622592 23.80733035573858322453903160593024560055107556685201836168011497390548
1.545080890134683374972954300841453765799673488405852797541566423998439 8.574832830602003240963578230399128452145286280065377812012273790694658 23.80733035573858322453903160593024560055107556685201836168011497390548
0.6592851915870678518416711434633998093436380192520736653027980836565356 8.105186849372549953469527673859497502672198590772657833237726806678741 23.80733035573858322453903160593024560055107556685201836168011497390548
1.550046603705109020609941685692777493383144227886631242679827377771165 7.406323716752819644407402001114265640602733558000502358934874090922004 26.82209121163662018405757401898137195126270278623851529592594563073072
2.433692420717529852414962857342857974643145942654526330350067288384657 7.87488267404538038210660168034506684221510032953412699725765898467694 26.82209121163662018405757401898137195126270278623851529592594563073072
3.326104330509211437123654582743747824167687132937837517781829397647695 8.326104330509211437123654582743747824167687132937837517781829397647695 26.82209121163662018405757401898137195126270278623851529592594563073072
0.6718167831277563198628723138997854157385639968435108539779662611168967 6.927053173141636549540337398674019776535433989111774353656718581410881 26.82209121163662018405757401898137195126270278623851529592594563073072
2.433869186356974177404183812922466393233810695951799623627298929658763 6.732177530033450410853824875333743029779652625857281868794862830823872 27.98328149949221616789277234463395658459379597436990071436824250214403
3.326104330509211437123654582743747824167687132937837517781829397647695 7.205545551510583965778323247460366075973487563934598045850875792308552 26.82209121163662018405757401898137195126270278623851529592594563073072
0.6761492243551969489008846105867170949250963206804945869915358530051579 5.777848034254806435911248896054155841928960862844412474629116016496281 27.98328149949221616789277234463395658459379597436990071436824250214403
1.556020490677645268270728270088751314773457069222989193188308812566095 6.25310949149718676077373438103490082046104518082937701320783767676588 27.98328149949221616789277234463395658459379597436990071436824250214403
3.321771889281770808085642286056816144981154809100853784768259805759434 6.071557083599852297094444657753086939225944346760204243027773426307866 27.98328149949221616789277234463395658459379597436990071436824250214403
0.5 4.601698809899609487010364285467438747003864542163917887637580163491123 0.0
1.562602374989118403202577404895601651723417769441642562674104497187424 5.112443474455581081886897788462599287861192966162320136660554955542476 28.40062122174607162099192860145619283639147527305997081617095523853043
2.440875376906106972719299166172847684601037747674801375592139328537389 5.590611682972121981393944391597839136359853744698450622690737743947651 28.40062122174607162099192860145619283639147527305997081617095523853043
1.641163098863007582748265516291003961517183058868720672078955566741397 3.903453091853241570721528072244476615803474076323052719482264545305594 30.98039361011536931618554559935924303712009192411904261063451785516166
2.486294159087054586548076581022736720815113421696676299147761182899597 4.47379758058834781459540162593015876048226624757819212639015778615697 28.86094208976859512990624430598131251266836251788719632349091436002918
3.364008563412767828268759134763376090157405324307303099178198611760806 4.95299822470703580573958248143709468230950411349991164430658738608382 28.86094208976859512990624430598131251266836251788719632349091436002918
9.740769197083730885936014186969832196871478518864908503325026640072335 1.568751503083740962486617319426770281467444412537890403266326606161045 -28.90077241324027607349498147136370998356337395428323417962422812938486
9.282685521817088018042880343460466934874213738890554145122012132314469 0.6793760985997576627713305755103817453041026372246199952575117626620837 -28.90077241324027607349498147136370998356337395428323417962422812938486
9.028314787270878378308069716515425375030662825574161296509875823359457 2.439230244163569689937749929781988273797550618089550979212341748165822 -23.55335813195931700207411596918801603370342526384026944107948789440204
8.569421276481135897954417331295422280624093906943090962418281773432506 1.548387871902681018384216717396793252333755309055681160820269541902814 -23.55335813195931700207411596918801603370342526384026944107948789440204
8.109151064646815679320921198189528478171716815111945169063261307766322 0.6581456313917286168904571388965544757355345719441128344341646281728153 -23.55335813195931700207411596918801603370342526384026944107948789440204
7.406938905611911573994536959922581933088034654142001155603556935935671 1.54685254308568738927020881459844923408720217426272074623495763058587 -27.33972421229669851697887548251768090653315503939865527073961627558328
7.866204444399415441602873442712492387870450000802696754289135955314798 2.435151572063105432530774428491886253309624684400797192247520135840864 -27.33972421229669851697887548251768090653315503939865527073961627558328
8.324138829754506801552075848301859502903832201381962349410724896447532 3.324138829754506801552075848301859502903832201381962349410724896447532 -27.33972421229669851697887548251768090653315503939865527073961627558328
6.918218290707333417810090256789603114713482474687497399686237966661074 0.6737822838824609554344510483416737370024189283993860223490707623170603 -27.33972421229669851697887548251768090653315503939865527073961627558328
6.742034305479764294962393929048113270639738366809475613941319153036726 2.438201566181895283252478817945242204164959290727711129681913413991907 -27.33972421229669851697887548251768090653315503939865527073961627558328
7.19996869083485565491159633463748038567312056738874120906290809416946 3.327188823873296652273780237755215453759166807708876286845118174598574 -27.33972421229669851697887548251768090653315503939865527073961627558328
5.791881123190172955932254809869746892333920027265524512732178431088011 0.6722864622924775435275918892698922438452265371108765361494401838894243 -26.76003653085770920392687244800791493132551052451262280978482266892181
6.253313690575186138777947225915134452265186187354971858024000183762129 1.565131306978668849416721051688466707080176044864376405796026545723097 -27.33972421229669851697887548251768090653315503939865527073961627558328
6.069805715671139677685695248835161700556094055292280570068670494285128 3.326343641914362852524773661825745431214021787274256370387103533857057 -26.76003653085770920392687244800791493132551052451262280978482266892181
4.671577471722604904461753234817787808692229342507092001372692124907535 0.6715774717226049044617532348177878086922293425070920013726921249075351 -26.76003653085770920392687244800791493132551052451262280978482266892181
5.121832329429665048693178616316429629110757150464490217943523604715039 1.564477557460754569153834322954721605658160219563877787547244894915101 -26.76003653085770920392687244800791493132551052451262280978482266892181
5.580907512165365620109078529666859766242947680064017478597003648032593 2.452929895624305880713875723434457765496548753177168028568987529484402 -26.76003653085770920392687244800791493132551052451262280978482266892181
3.999692855455446853841160310590892552290190305534621152119404678250573 1.560127948593201241749109450676291087569906069886113292131545349163909 -26.76003653085770920392687244800791493132551052451262280978482266892181
4.449947713162506998072585692089534372708718113492019368690236158058077 2.453028034331350906441190538813224884535836946942899078306098119171476 -26.76003653085770920392687244800791493132551052451262280978482266892181
4.92894171890927786256684624844843678894791036376141376359126147172175 3.378811397729005047341902790322665671635486119618974063616035306707348 -31.83903919190825172380848779210557274112192123159965719686185300757237
4.276895443857832320897442106565429705571067977889425207727604159772449 4.278218022936607119638463213094433715785819357342927951622821193850027 -43.91330695191087999162707361915828085273991458218021602844248666808677
3.43089744130771393088624967437799584242851503980129261672270710831984 3.704581729338290573530261536692688128266694569877353450986840327345894 -43.91330695191087999162707361915828085273991458218021602844248666808677
2.510974140875413234317347544665673511553748526494018990709789806501442 3.202118415726494866895322785953692360719389849530181578136091437971613 -43.91330695191087999162707361915828085273991458218021602844248666808677
3.306095933879144591513304665352067224641661606402866798270671715063002 2.405620768360804028091162053944330638106122126827183427761635833605303 -26.76003653085770920392687244800791493132551052451262280978482266892181
