110 10.99886934262144914597966039233502595720599120597717090076408900121168
0.5 10.49886934262144914597966039233502595720599120597717090076408900121168 -2.980995090528356920913290396790270663000910204746137531217410683948537e-79
10.49886934262144914597966039233502595720599120597717090076408900121168 0.5 0.0
0.5 0.5 7.989450618246630737155934004270935878970231788317177259926744532627973e-80
1.5 0.5 1.676196688467908269237034016687698025046026782158560420654307174030876e-80
2.5 0.5 6.148246354637480965158287562121274655427857480731603648080441890873044e-80
3.5 0.5 6.148245634585418765320134948519383997375945740968737185220185083363863e-80
0.5061989367741625000000000000362876016401673004507594815728853973858909 1.5 2.414875916992252562529471165668466952907195910591699192764971155312304e-80
1.520442956139193200000000000077308368711663645289330631777105718235367 1.5 -5.878264788530901273821995203182959679202552170495153546306078819200797e-80
2.5365748363996503 1.50146573695902 -0.06420036648204
0.5 2.5 1.299376473132042142794292944401516465598006486726596271605187029663935e-79
1.5 2.5 9.899623489819897716415463521814710967868873244752895106538195817611833e-80
0.511948815107597200000000000100974195868289895048480481356551998073416 3.5 1.060661663559391709572156202433365629277042503071209429491816122317397e-79
10.49884541187144500000000000008756356047953569593779167951156170952672 10.49886934262144914597966039233502595720599120597717090076408900121168 -1.556288519075685469973981718329125934525850514772276091898598879906085e-72
9.498831347626667999999999999859770838838714659441414050956499183302219 10.49886934262144914597966039233502595720599120597717090076408900121168 -7.600373903930972607205729186136311922669715392724664323947921324103334e-73
8.498823893000092999999999999841423652734028427670102508516179790641243 10.49886934262144914597966039233502595720599120597717090076408900121168 1.471789796400206590064013446405032980866197404079181767701135071157015e-72
7.498819411629786000000000000006907327971226499322307097353246694218124 10.49886934262144914597966039233502595720599120597717090076408900121168 6.514563240161194362512626865781076566329938467906689293203502584052053e-72
6.498804571829306000000000000081155110846093976797840554856515416952423 10.49886934262144914597966039233502595720599120597717090076408900121168 -1.302942722277986383067124078791248870436860001681453947767001502435974e-72
5.498797091570522999999999999974418251647538016844918509551792843386551 10.49886934262144914597966039233502595720599120597717090076408900121168 -2.026766374381592695254861116303016512711924104726577153052779019760889e-72
4.498789430301266000000000000168674882218404196383576970945711142700237 10.49886934262144914597966039233502595720599120597717090076408900121168 -3.040149561572389042882291674454524769067886157089865729579168529641334e-72
3.498780795185925599999999999970562333531250030228748985642893276630396 10.49886934262144914597966039233502595720599120597717090076408900121168 -2.343058011586355399183285656100115482178975206053183017301911387339818e-72
2.498721475180658 10.498764640167321 0.00528088353044038
10.49886934262144914597966039233502595720599120597717090076408900121168 9.498869342621449145979660392335025957205991205977170900764089001211685 -1.013383187190796347627430558151508256355962052363288576526389509880445e-72
9.498869342621449145979660392335025957205991205977170900764089001211685 9.498869342621449145979660392335025957205991205977170900764089001211685 -7.600373903930972607205729186136311922669715392724664323947921324103334e-73
8.498869342621449145979660392335025957205991205977170900764089001211685 9.498869342621449145979660392335025957205991205977170900764089001211685 -7.721086364895942435648560163191885431839079578889042066669044308262465e-73
7.498869342621449145979660392335025957205991205977170900764089001211685 9.498869342621449145979660392335025957205991205977170900764089001211685 5.066915935953981738137152790757541281779810261816442882631947549402223e-72
6.498869342621449145979660392335025957205991205977170900764089001211685 9.498869342621449145979660392335025957205991205977170900764089001211685 -1.444363252042407418582606995143249628810492764507456542315011158843692e-72
5.498869342621449145979660392335025957205991205977170900764089001211685 9.498869342621449145979660392335025957205991205977170900764089001211685 -1.889966116822792537140521708604661675600796232278827338317124500790976e-72
4.498869342621449145979660392335025957205991205977170900764089001211685 9.498869342621449145979660392335025957205991205977170900764089001211685 -3.075386019432242023561987115123950062190698550487015869924363091281538e-72
3.498869342621449145979660392335025957205991205977170900764089001211685 9.498869342621449145979660392335025957205991205977170900764089001211685 -2.471239746177975995620980596354968226529465314685416824077142001315204e-72
10.49886934262144914597966039233502595720599120597717090076408900121168 8.498869342621449145979660392335025957205991205977170900764089001211685 -1.520074780786194521441145837227262384533943078544932864789584264820667e-72
9.498869342621449145979660392335025957205991205977170900764089001211685 8.498869342621449145979660392335025957205991205977170900764089001211685 -1.013383187190796347627430558151508256355962052363288576526389509880445e-72
8.498869342621449145979660392335025957205991205977170900764089001211685 8.498869342621449145979660392335025957205991205977170900764089001211685 -1.013383187190796347627430558151508256355962052363288576526389509880445e-72
7.498869342621449145979660392335025957205991205977170900764089001211685 8.498869342621449145979660392335025957205991205977170900764089001211685 4.053532748763185390509722232606033025423848209453154306105558039521778e-72
6.498869342621449145979660392335025957205991205977170900764089001211685 8.498869342621449145979660392335025957205991205977170900764089001211685 5.89420602317576343619264014085983661504008687540002101242646401242802e-72
5.498869342621449145979660392335025957205991205977170900764089001211685 8.498869342621449145979660392335025957205991205977170900764089001211685 -4.275154294005760968992545760332739893250933262587659556395293884536865e-72
4.498869342621449145979660392335025957205991205977170900764089001211685 8.498869342621449145979660392335025957205991205977170900764089001211685 -4.627806879355491796566609669326844755968869213655698502635025884813873e-72
10.49881291432993399999999999995659991248687155250883205554912937494509 7.498869342621449145979660392335025957205991205977170900764089001211685 8.535679150618573864776729645514457337509623553206239156462522380489565e-73
9.498789606818925999999999999910735837056373844782121937756465878747054 7.498869342621449145979660392335025957205991205977170900764089001211685 -3.210216574640639724083375247079658486171273550388233980569452639535017e-72
8.498743758821288000000000000085196977763868826568958101103382913628941 7.498869342621449145979660392335025957205991205977170900764089001211685 -1.013383187190796347627430558151508256355962052363288576526389509880445e-72
7.498679180017975 7.498735541502892 -0.00446956318034
6.498389722825345000000000000035116142392239917031548070243284150588305 7.498869342621449145979660392335025957205991205977170900764089001211685 1.956699809963603276125375576840431248451877756896658809694462728387232e-70
5.498333851932952000000000000089960074023505484738504286660220217581636 7.498869342621449145979660392335025957205991205977170900764089001211685 -1.834709267417238561260217829855068016042755186467686253627445700502012e-72
4.498303423813592000000000000072381128446739367486660021904281052517849 7.498869342621449145979660392335025957205991205977170900764089001211685 -8.449331275125551635350778416995933095100633333222662599065029008177157e-73
10.49878522627566000000000000001712742430183637219505189998172389925608 6.498869342621449145979660392335025957205991205977170900764089001211685 6.545840543364332478835888163827998760802854433452183980100251528257574e-73
9.498763088695339999999999999981771285344947165085152250986645051147618 6.498869342621449145979660392335025957205991205977170900764089001211685 -4.935887893137328601964230619459854974398842535971051120818268545606364e-72
8.498729982263612000000000000000591645678916392240964671241377715442472 6.498869342621449145979660392335025957205991205977170900764089001211685 -5.066915935953981738137152790757541281779810261816442882631947549402223e-73
7.498329905236109 6.498656804287529 -0.0027791762536
6.498258035909068500000000000057385092260042750234541246864507256402824 6.498869342621449145979660392335025957205991205977170900764089001211685 1.892579224889555529204127944305884617986847606600426237498664382229737e-70
5.496805259469478000000000000027003334377964315723241111457584841129329 6.498869342621449145979660392335025957205991205977170900764089001211685 -3.385053787486715438217606376930593495695185432166236951048801129849942e-72
10.49878406041315199999999999997652912010140991925775835723968669799826 5.498869342621449145979660392335025957205991205977170900764089001211685 3.468763214664592126639576854756916055729813291389796273830574831087342e-73
9.498763088695336000000000000101556161647660176564840966993624828276829 5.498869342621449145979660392335025957205991205977170900764089001211685 -3.415813112352746997142412419694447058099973493708415324849561087760946e-72
8.498372293583055999999999999963712398359832638592757320303892111748068 5.498869342621449145979660392335025957205991205977170900764089001211685 -2.660130866375840412522005215147709172934400387453632513381772463436167e-72
7.4983368039782095 5.498155380389714 -0.00338437089847
6.498294523750411000000000000004329305222111424651253317511491497680451 5.498869342621449145979660392335025957205991205977170900764089001211685 1.847828051044578567094499024441556330097307292199445693796649036127711e-70
5.498237865711015999999999999989364714630943029609860029672733715910734 5.498869342621449145979660392335025957205991205977170900764089001211685 9.514475944271657952559274059171272515701213670349483121760970330296615e-73
10.49879347767462999999999999993069138836380814215883204867479295458567 4.498869342621449145979660392335025957205991205977170900764089001211685 1.620812048299995134337588666972624188099765510261499736902833946428475e-72
9.498763088695335999999999999970094559001979130592252099309942214707272 4.498869342621449145979660392335025957205991205977170900764089001211685 -2.909121518755735906709369503156838461686918431244473967765489525845474e-72
8.498729982263615000000000000007494178599600060566920005330208685540055 4.498869342621449145979660392335025957205991205977170900764089001211685 -2.786803764774689955975434034916647704978895643999043585447571152171223e-72
7.498508892681877 4.496213479970015 0.017139208693370135
10.49886934262144914597966039233502595720599120597717090076408900121168 3.498869342621449145979660392335025957205991205977170900764089001211685 -3.619268631746769113761678715734005997229682055726196472060392514752393e-72
9.498869342621449145979660392335025957205991205977170900764089001211685 3.498869342621449145979660392335025957205991205977170900764089001211685 -3.872614428544468200668536355271883061318672568817018616191989892222504e-72
10.49886934262144914597966039233502595720599120597717090076408900121168 2.498869342621449145979660392335025957205991205977170900764089001211685 -2.605885444555972766134248157582497740873720003362907895534003004871948e-72
4.4937009093232065 6.4877507036367055 0.28022895627567407
4.495831613151621 5.487746611138098 0.28045495568597023
6.498293816756051999999999999981888774059260163029182490849690840177101 4.498869342621449145979660392335025957205991205977170900764089001211685 1.861237400471873535943343264331841969942866283726112728653552451542016e-70
5.498279162776855000000000000033363879177360393184161921134968423102634 4.498869342621449145979660392335025957205991205977170900764089001211685 -4.164818840229742215726803657042800096608606263455633967599906274543137e-72
1.578137639466680973374907323801017823228175204316480980031753134785045 9.718212205165149131683439668436725978713264398888270789949675910842576 25.18506793419021896112581553878731775319870328086880922661048321170864
0.6688614806521542 9.294862346554318 25.13250209768789
2.437655365721827674214994300936712690528195246003126388897420704922853 9.017348878540204892466719125451041974804152044032701537028466564622722 25.18506793419021896112581553878731775319870328086880922661048321170864
1.532717380062885215543423986604052186566507801890397682926827903071683 8.591805411769140889795765289364078873017103463081868215515254763568415 25.18506793419021896112581553878731775319870328086880922661048321170864
0.665240726215003230671262075209811802874368012531781013741902301452738 8.086598679559107953110762730078470292027872712140339333648536415342152 25.18506793419021896112581553878731775319870328086880922661048321170864
1.544411433009403827202242488354172151804422390648565584542062515670621 7.394484559160386212308996716584010399029737874642414072967478383476941 27.72904658750571968016660719502350672486199677606349534195396985783173
2.428690630747503456636828002792553650369935749332661181051593897907777 7.90808514963538191263744448103825105254457461249455656550897489870464 25.18506793419021896112581553878731775319870328086880922661048321170864
3.333628616406445915308398317125214154331623193445389887022186699758947 8.333628616406445915308398317125214154331623193445389887022186699758947 25.18506793419021896112581553878731775319870328086880922661048321170864
0.6752243500976348736468181699751011802612657457929067669261810259613192 6.898811308796051735612989271587885791787056492505229005038444929679841 27.72904658750571968016660719502350672486199677606349534195396985783173
2.428501367528715095231445753787752764325295047817934016415711656625124 6.728368638601627300176542426157864166666831929192330553780038067869378 29.35242554721304684210269948356220979147847520260449772812692675666968
3.336964758316014345312117224630919381381090794984782031789252678471156 7.230149325636004164159745434732610772444048985472813022254546565761518 25.18506793419021896112581553878731775319870328086880922661048321170864
0.6860336926499888 5.738956990587162 29.573751432346775
1.558139804035333449493321482342357863981812187096116190783881672873206 6.231828738348159175739406681621825230118486704600372621442943873630344 29.58625106790087412451293978349879861242525661984694890864434826558705
3.27650278139210336337520569249033388285209922266449200218658353960866 6.057978154399134820030737995759897504493833853030652269642784593919537 29.35242554721304684210269948356220979147847520260449772812692675666968
0.5 4.5 1.101803275121873238829550808817098972532173504199552066342184035160931e-79
1.535704719007379485326017798147628716001664411222759053692114232176136 5.069154717580137357628920595156286853681358313778076582363170517646152 29.58625106790087412451293978349879861242525661984694890864434826558705
2.405318151809635179982809772726502129825690600404289184703367757828338 5.562887922347526604173726281782704089923535008856677006835049212209015 29.58625106790087412451293978349879861242525661984694890864434826558705
1.681673318784822470600798830602645325033101442130065277741566110107533 4.002093859922617867348738542664778518392696747942585658628748123018996 29.58625106790087412451293978349879861242525661984694890864434826558705
2.551286751587078165257590805181518738857127631311595408752819635759736 4.49582706469000711389354422929119575463487344302118608310062681758186 29.58625106790087412451293978349879861242525661984694890864434826558705
3.420900184389333859914382779760392152681153820493125539764073161411938 4.989560269457396360438349915917612990877050138099786507572505512144723 29.58625106790087412451293978349879861242525661984694890864434826558705
9.74247307321639024884683482305588270994279847776560856285789574178654 1.569302595094297642993911152699998805494454393446554042098688339666895 -28.96127974901271355099630131743259468227317515933531945268450446075407
9.284947744052978885170707507117945986987580910020247635370514609149732 0.6795827924672320439911737653193528305175389161939586170862791925305908 -28.96127974901271355099630131743259468227317515933531945268450446075407
9.029825348160693142835985648036353983091197702568753284155550720824798 2.440112228368301491166903681970952097150766484288595326717919683334567 -23.51599925377872937658966603836041375703758632271005591656635630744665
8.571513179074623040846891215834776204025272852804209679072551611170464 1.548970663834849262105428347448600681678727066507781211580865050515587 -23.51599925377872937658966603836041375703758632271005591656635630744665
8.112861322335671302994352484910624594901926626414363832463814748206734 0.6579769124977716699528874077428501213099239892908635790341518755613503 -23.51599925377872937658966603836041375703758632271005591656635630744665
7.410581339032032483277461535207222984724702263011594474395766562521413 1.547227246056231251853801257356003408991318780138979574732450482563228 -27.19672032246566846907723871674727013299797972927649424349943845054043
7.868267362001311391428043055175161225922901701201142077004556464393848 2.436341423498828451970004937857067627859367478466947171607477019903093 -27.19672032246566846907723871674727013299797972927649424349943845054043
8.325624566756562759291677494248148857585549945063152633557519547827226 3.325624566756562759291677494248148857585549945063152633557519547827226 -27.19672032246566846907723871674727013299797972927649424349943845054043
6.923448052132431684067298924056662683826432811928728834827694238191848 0.673244775864886386687982898086877099620441260914018267206569453384459 -27.19672032246566846907723871674727013299797972927649424349943845054043
6.743155487120359433959140366112460409984533155878475790594225548516661 2.436355468219303062666033993239615780642040659147555453606742112279102 -27.2378836889789961728435053213589248542658005346371723138392132893312
7.200841391972166536273264063947281322210309303821070656167683769912948 3.325469416203464750770410360024948927609415641053100796520487297768728 -27.2378836889789961728435053213589248542658005346371723138392132893312
5.798115158101441902540089021339866275304480159255775938893916191006114 0.6733999264179843952092500323100770295965755649240701042436017034429565 -27.2378836889789961728435053213589248542658005346371723138392132893312
6.256033204701132636015622692103991675559366638298062560110062613394175 1.562394375651536119355455895795732972949945874894092309098620779482359 -27.2378836889789961728435053213589248542658005346371723138392132893312
6.07612616028870902894242507491749207650240470948936482151736928234979 3.325469416203464750770410360024948927609415641053100796520487297768728 -27.2378836889789961728435053213589248542658005346371723138392132893312
4.673399926417984395209250032310077029596575564924070104243601703442956 0.6733999264179843952092500323100770295965755649240701042436017034429565 -27.2378836889789961728435053213589248542658005346371723138392132893312
5.131085831269791497523373730144897941822351712866664969817059924839243 1.562513874402146083313626399095410176563950546829615447157346888932583 -27.2378836889789961728435053213589248542658005346371723138392132893312
5.589003877869482230998907400909023342077238191908951591033206347227304 2.451508323635697807459832262581066119917320856799637652012365964971985 -27.2378836889789961728435053213589248542658005346371723138392132893312
4.004688456793100443835491235619112777237804556112548699943849804989903 1.56009786386313580273718522633912938083828067746734762021878637183811 -27.26891721120433957473748211120954727961900129603158157228984573961809
4.462712367470578457545284109344123037834564172921179336476059722763969 2.449037751207961485424158164306755117575080509268689559687592310768701 -27.26891721120433957473748211120954727961900129603158157228984573961809
4.935619280811328892552029469427755688060842992313701903949806531003633 3.367419860432023137172876932013847088976940672889014021703072303496991 -31.18609155710983116130605299112702543938566716861437818438821677889313
4.268370040721628385223388964281249978802839485063560584436665490784694 4.280078469890354807170479353122941144540076602786560776314460699212638 41.62178275515218045085215067453717248687197414090141610524445172641197
3.34835042772829 3.7408246105938465 33.95686714267463
2.42068459687982445993630005335772835041704147408175624933268677456105 3.271739924082100929024221359660991363488593877630031961218544991398312 29.58625106790087412451293978349879861242525661984694890864434826558705
3.32481979719792284814044674841368042095193337077365937831909665244742 2.424081973981527031341023819537432020736044493016933830400043257525291 -27.26891721120433957473748211120954727961900129603158157228984573961809
