110 10.99756849434017632669054363595102467596905405076864483239475202165528
0.5 10.49756849434017632669054363595102467596905405076864483239475202165528 0.0
10.49756849434017632669054363595102467596905405076864483239475202165528 0.5 0.0
0.5 0.5 2.646097375958252881289911195433291133074364105296195103701684810323126e-80
1.5 0.5 -1.612302174901226234755133351941981941560406614079335632404557286978692e-80
2.5 0.5 -1.611933508245380169096272847200694428099507794786218940706115355625089e-80
3.5 0.5 -1.611933508245380169096272847200694428099507794786218940706115355625089e-80
0.5 1.5 -1.263036046778492489424050386683186116035581528106227132996865327916443e-80
1.5 1.5 3.222392349867375069655993037729321165883772555221921943606288932447689e-80
2.5 1.5 4.430328647747835674412464528504062086536342460533412426428783627506008e-80
0.5 2.5 1.041162384562970629107186407015078915943462187974322055383874537188783e-80
1.5 2.5 4.77646110929587706530485394861060425210347310808240678601508137779707e-80
0.5 3.5 -9.623519501492720485511599465898535924608174728818460963546920409127113e-81
10.49756849434017632669054363595102467596905405076864483239475202165528 10.49756849434017632669054363595102467596905405076864483239475202165528 -2.300847007521766274855498843870456318647255262630509984066940807165218e-79
9.497568494340176326690543635951024675969054050768644832394752021655277 10.49756849434017632669054363595102467596905405076864483239475202165528 -1.812070346815817977715904518636777859370640609913984375941257792497476e-79
8.497568494340176326690543635951024675969054050768644832394752021655277 10.49756849434017632669054363595102467596905405076864483239475202165528 -1.003562161438505613298688249198850263002958391898741164906697589695835e-78
7.497568494340176326690543635951024675969054050768644832394752021655277 10.49756849434017632669054363595102467596905405076864483239475202165528 -2.40830505199374165133807344757346272422201126137249056594379948323545e-79
6.497568494340176326690543635951024675969054050768644832394752021655277 10.49756849434017632669054363595102467596905405076864483239475202165528 6.646176055776473417392785389492251844800420105517825103759697822571216e-80
5.497568494340176326690543635951024675969054050768644832394752021655277 10.49756849434017632669054363595102467596905405076864483239475202165528 -2.959449354722819350265702865490727149745477057558660444616248713797706e-79
4.497568494340176326690543635951024675969054050768644832394752021655277 10.49756849434017632669054363595102467596905405076864483239475202165528 -3.565906227317490061630352549600957089666907522859006154794459509356285e-80
3.497568494340176326690543635951024675969054050768644832394752021655277 10.49756849434017632669054363595102467596905405076864483239475202165528 1.477996575377879846819833071694105860721957142133450563165214221541296e-79
2.497568494340176326690543635951024675969054050768644832394752021655277 10.49756849434017632669054363595102467596905405076864483239475202165528 1.637045737170369384961879247124251225075371474288421889260013744426546e-79
10.49756849434017632669054363595102467596905405076864483239475202165528 9.497568494340176326690543635951024675969054050768644832394752021655277 5.718113114050371388354689268934581876079283165391755819141083865250848e-79
9.497568494340176326690543635951024675969054050768644832394752021655277 9.497568494340176326690543635951024675969054050768644832394752021655277 -5.098444956069178618719936663841029833695550099076681995409423830655809e-79
8.497568494340176326690543635951024675969054050768644832394752021655277 9.497568494340176326690543635951024675969054050768644832394752021655277 -4.910629319863365412747516915954049320997431377259856040982462484130833e-79
7.497568494340176326690543635951024675969054050768644832394752021655277 9.497568494340176326690543635951024675969054050768644832394752021655277 -2.638792692863572952136667253581600522857281080312251801809211872379319e-79
6.497568494340176326690543635951024675969054050768644832394752021655277 9.497568494340176326690543635951024675969054050768644832394752021655277 4.348933681140527958536707958617606357914090550432220066644667095674087e-79
5.497568494340176326690543635951024675969054050768644832394752021655277 9.497568494340176326690543635951024675969054050768644832394752021655277 2.406843533404253159505996705508664836253665970021025528314749400689815e-79
4.497568494340176326690543635951024675969054050768644832394752021655277 9.497568494340176326690543635951024675969054050768644832394752021655277 1.478180908705800859464532793336690030871847306114093490564985629997046e-79
3.497568494340176326690543635951024675969054050768644832394752021655277 9.497568494340176326690543635951024675969054050768644832394752021655277 1.4781440420401936955662406922849332816490564694670291614471382896341e-79
10.49756849434017632669054363595102467596905405076864483239475202165528 8.497568494340176326690543635951024675969054050768644832394752021655277 7.228743847597996318293994053180743248887825939288785471179361091584357e-79
9.497568494340176326690543635951024675969054050768644832394752021655277 8.497568494340176326690543635951024675969054050768644832394752021655277 -1.55888921947479798301059198780071168531474410399146373757968928610555e-79
8.497568494340176326690543635951024675969054050768644832394752021655277 8.497568494340176326690543635951024675969054050768644832394752021655277 -9.713058313483641965320284076330073501805738956654220509154233659884865e-79
7.497568494340176326690543635951024675969054050768644832394752021655277 8.497568494340176326690543635951024675969054050768644832394752021655277 -4.062286584371587193590376915354368907585345948810875666233708460012169e-79
6.497568494340176326690543635951024675969054050768644832394752021655277 8.497568494340176326690543635951024675969054050768644832394752021655277 6.937757393250168738832347502664346817950527739730299455249730814718703e-79
5.497568494340176326690543635951024675969054050768644832394752021655277 8.497568494340176326690543635951024675969054050768644832394752021655277 4.307686716946652119901153601703823723185527104041769753862262016764771e-79
4.497568494340176326690543635951024675969054050768644832394752021655277 8.497568494340176326690543635951024675969054050768644832394752021655277 1.477996575377887357548125833239090879710260395729551040056113820172257e-79
10.49756849434017632669054363595102467596905405076864483239475202165528 7.497568494340176326690543635951024675969054050768644832394752021655277 6.061446289119232557800988945894904715356449040041362476580919973785536e-79
9.497568494340176326690543635951024675969054050768644832394752021655277 7.497568494340176326690543635951024675969054050768644832394752021655277 3.156280899334180151902805442176561487009545178556737055201704449637231e-79
8.497568494340176326690543635951024675969054050768644832394752021655277 7.497568494340176326690543635951024675969054050768644832394752021655277 -3.013066075597709068632401339946744280801103455733793454175825842182124e-79
7.497568494340176326690543635951024675969054050768644832394752021655277 7.497568494340176326690543635951024675969054050768644832394752021655277 1.255291478681528720278951872428777562126098875669690080051131467828213e-80
6.497568494340176326690543635951024675969054050768644832394752021655277 7.497568494340176326690543635951024675969054050768644832394752021655277 2.505244390540313718688694801413527952453439752046800814033049713001312e-80
5.497568494340176326690543635951024675969054050768644832394752021655277 7.497568494340176326690543635951024675969054050768644832394752021655277 3.964032597001156837578505790360156592075669848397131759658536464397278e-79
4.497568494340176326690543635951024675969054050768644832394752021655277 7.497568494340176326690543635951024675969054050768644832394752021655277 3.742216130370251360044714139306247561868254183102212520549368580684395e-79
10.49756849434017632669054363595102467596905405076864483239475202165528 6.497568494340176326690543635951024675969054050768644832394752021655277 -1.886972947211450030899900185840607011740208510597730413785779168560181e-79
9.497568494340176326690543635951024675969054050768644832394752021655277 6.497568494340176326690543635951024675969054050768644832394752021655277 -1.020081786862423741692172234776313289521280963303992019289738396089783e-78
8.497568494340176326690543635951024675969054050768644832394752021655277 6.497568494340176326690543635951024675969054050768644832394752021655277 -2.748470699066290840369917973811314242269636650001039477318739809511553e-79
7.497568494340176326690543635951024675969054050768644832394752021655277 6.497568494340176326690543635951024675969054050768644832394752021655277 1.211464032941630263360864262599191337348200587054245868100635998393778e-79
6.497568494340176326690543635951024675969054050768644832394752021655277 6.497568494340176326690543635951024675969054050768644832394752021655277 -4.331467716740905972704680302716987859316066710963588201099954994137393e-80
5.497568494340176326690543635951024675969054050768644832394752021655277 6.497568494340176326690543635951024675969054050768644832394752021655277 -1.734732321355526723559056150326618340969690560785196042721332318652858e-80
10.49756849434017632669054363595102467596905405076864483239475202165528 5.497568494340176326690543635951024675969054050768644832394752021655277 -5.844887076126880188979962675170429543134138984714071469101366273675523e-79
9.497568494340176326690543635951024675969054050768644832394752021655277 5.497568494340176326690543635951024675969054050768644832394752021655277 -5.885655039738121895006768370007202644363022746965646214422041522315774e-79
8.497568494340176326690543635951024675969054050768644832394752021655277 5.497568494340176326690543635951024675969054050768644832394752021655277 -5.885507573075783368153113104339995875331498443530594620641447344435526e-79
7.497568494340176326690543635951024675969054050768644832394752021655277 5.497568494340176326690543635951024675969054050768644832394752021655277 1.487181922519300436946409526007842830823005978325615146977742504970132e-79
6.497568494340176326690543635951024675969054050768644832394752021655277 5.497568494340176326690543635951024675969054050768644832394752021655277 1.552666353542587101203671082340553170689045562371151898330662053099495e-79
5.497568494340176326690543635951024675969054050768644832394752021655277 5.497568494340176326690543635951024675969054050768644832394752021655277 8.040063559451817668643039090633096643401422483618866235749656858058052e-80
10.49756849434017632669054363595102467596905405076864483239475202165528 4.497568494340176326690543635951024675969054050768644832394752021655277 -7.624993136347502777500169805637324015194371663988140024409700886862528e-79
9.497568494340176326690543635951024675969054050768644832394752021655277 4.497568494340176326690543635951024675969054050768644832394752021655277 -3.396275993793476801759118123739408485171489882464954996560086564969996e-79
8.497568494340176326690543635951024675969054050768644832394752021655277 4.497568494340176326690543635951024675969054050768644832394752021655277 4.140766360910276022169492295589413316243328645734045700247311773796346e-80
7.497568494340176326690543635951024675969054050768644832394752021655277 4.497568494340176326690543635951024675969054050768644832394752021655277 1.486739522532296658958475211434056124995766752242903972178802197749468e-79
10.49756849434017632669054363595102467596905405076864483239475202165528 3.497568494340176326690543635951024675969054050768644832394752021655277 1.855872720375646735662170890787128311364069602801469060410653968827879e-79
9.497568494340176326690543635951024675969054050768644832394752021655277 3.497568494340176326690543635951024675969054050768644832394752021655277 1.855946453706824851018772135441606896830332017685827562208082727583065e-79
10.49756849434017632669054363595102467596905405076864483239475202165528 2.497568494340176326690543635951024675969054050768644832394752021655277 4.22816414257023846087992699943516719876311586491539308435406479741545e-79
4.497568494340176326690543635951024675969054050768644832394752021655277 6.486840035036955810916155337272432531814767462877300580336023456393084 9.18409147199698338687023022209427492146227768142326596302176347016798e-80
4.497568494340176326690543635951024675969054050768644832394752021655277 5.486840035036955810916155337272432531814767462877300580336023456393084 1.482128814558014255310740379983649168675579758420925914754986865606851e-79
6.485126016719035974254603903412019183314604503820580176289448037833142 4.497568494340176326690543635951024675969054050768644832394752021655277 2.093930474819761902111154572061796529622130846515228865298085018058121e-79
5.359433475581930916739133369348891061754066243523344520802131586670434 4.491338420511389443213524881832122981914425840613815375826470039828518 0.7184369126232917194144856186311538373142316696655402437017550200548057
1.573793950533421881538119362704998344190750390931616832138391798422575 9.727654703079247100976009590265493935256930643034474015139671800635896 26.85402826188287609811983005895250193992056194719030129182775530435668
0.6719396399511288612673350379917690688988321545097614386255511618353225 9.295081761731507308657522794953665520866860118878658689928605929456637 26.85402826188287609811983005895250193992056194719030129182775530435668
2.43703098184182275428449867116688061984868135538045582629047750171333 9.021558813949142105880461032413847975167967636734161381728620248498082 24.5267571021171239975425714060285722332537796372012075900782526799654
1.535218306407609636138473866741408761171829299266245889171371661370471 8.589006953330171401336046231890185568297329370253060253870442158482446 24.5267571021171239975425714060285722332537796372012075900782526799654
0.6624428295074496504867025825779083829366891550663254861007076128571046 8.092817547881133922856973721376803216815623862424489933263015197724152 24.5267571021171239975425714060285722332537796372012075900782526799654
1.545185807250598082111653220056183096558979733102563012042373013710783 7.396502793539730156365155476940969481740322944053388030892703733345816 27.41227256867751688482833470340667442748377207620652517353246550484542
2.42886154978219300409350939860452236592689161000322854093800229853565 7.898036228819645139504864806301097541215564868211286075601837355125963 25.62457148979722187852145370861638573547692699531779684926050641869399
3.330508691820547699244865369201917314770141144937951070332335924243042 8.330508691820547699244865369201917314770141144937951070332335924243042 25.62457148979722187852145370861638573547692699531779684926050641869399
0.674053366429842998957938367983773359480468013151897200375158513862262 6.904135162742317613163786801609982562598846634230514184821352574368246 27.41227256867751688482833470340667442748377207620652517353246550484542
2.433405613040829369144908635762074422260100658646276182761979833545057 6.729956638988629087814504735172605807434941929969284523357545710448957 28.87366501195589711484157905776153169235596281926109621046387733251448
3.334692121066755690271914748377681498982051891004688628088633252151147 7.223433944382773525645037051551236344500217435054637544188486590270588 25.62457148979722187852145370861638573547692699531779684926050641869399
0.6787424588632517877300122324448409160537344192269273389265190792328668 5.767406135488324132784949974254897259927287269167886554711634154946499 28.71664555376960717963057876166688689750782804365130695871709461173225
1.562792829576010745366233588730385364488522384287745925206105995812016 6.237875562904576315917197823326084878960994635599839652111953239978887 28.87366501195589711484157905776153169235596281926109621046387733251448
3.318285240752861554821772304683297464552851702800306768955625289559424 6.075944804368363971125669408817654645679652354849388637173941813362912 28.87366501195589711484157905776153169235596281926109621046387733251448
0.5 4.588663676625072345054937741810056343873552849940959215785115075713633 0.0
1.570284733668564630281004033948365695605372032491197488743298013816008 5.094963640963938422696206080785958505406873308065631195480666449605438 29.38592945757298465448188808248582352019273502020412461408983666002483
2.444031157870027154842396264281619515624987495958708611235029416018566 5.58137020991277050513077465914602761688370902540383153910370875783384 29.38592945757298465448188808248582352019273502020412461408983666002483
1.655109177134347242725638507850874349661502793072251944724678151102847 3.939414823963872784496611660416622361326928070627667001231729742940352 35.25307317577083288976210385172968984891826094802786564253412247049101
2.546824868274942206832400438190368220817626356593120394148962945579762 4.490037008813711539955539536317340941143834930862587766920940102424429 29.54151767517407208061109504437871433185310592894076562452470486908896
3.417422402949237128106342194238519492519811122152124334505217789370874 4.982034374649148390964694411732074193989050452224587701467587615364735 29.54151767517407208061109504437871433185310592894076562452470486908896
9.734831659178656884340383250241807646894106787861320135864550487044591 1.570979218131937492677895133958137085715688941032474895246916574874937 -27.99377700353958044101737722593812843728400787152443598247422650063636
9.287642197018235561303473938637087133775904207905690738607815123222004 0.6761871196506884111914985030718196967574457696027813478562083522633255 -27.99377700353958044101737722593812843728400787152443598247422650063636
9.025058057133763282368104090723427793986061437724252718697235968945122 2.438079845651184443184378717734498041359601127523088392929621014382187 -23.98577925062199842170837689413810403606447779535237737117180959739764
8.577544167701856463992783946185064808145008331845608630047083793885492 1.542677428308498527101765842333083802355889888053692856889611666436942 -23.98577925062199842170837689413810403606447779535237737117180959739764
8.10125477109621282359712324505871175924561764224874431140151874393768 0.6600781353317876678897289018524897390730468347112642924451301731352803 -23.98577925062199842170837689413810403606447779535237737117180959739764
7.404513545594033594021355503667272688397567310143982336704725554853818 1.551847698212924211894574616671860123540727485190565794421171521826858 -26.55546129908123394384744602559833617146806584707586472150767948018148
7.879721652128308292373323259782000365818195518899304330984574318728768 2.432283505839534636549707362330482948156475305580105311809831017736915 -26.55546129908123394384744602559833617146806584707586472150767948018148
8.326785536662048895576029473503633166478194731504174826895977344944059 3.326785536662048895576029473503633166478194731504174826895977344944059 -26.55546129908123394384744602559833617146806584707586472150767948018148
6.930563831390444570952786636077789993945378942817192887036193894265622 0.6707829576781274311145141624473915094908593192644700054987746767112175 -26.55546129908123394384744602559833617146806584707586472150767948018148
6.730128282554037379283797211487452702390278794787059432257806589394051 2.440141399669420635807598480993641695693722408632205166621002757210952 -28.08562508181509455190349503876233668850328481059080041015805717417308
7.211331919549607868789020772556953001244685816324396263698882910617187 3.331761277896262533818693533694145943165669644740211551038732865422534 -26.55546129908123394384744602559833617146806584707586472150767948018148
5.786234688649168127214423551011675037069470095838624592855551630065444 0.6763072895919100196093666167682192958781026131039222910482851413463472 -28.02710099694040669450410767569672400145499984458981440121942508438004
6.256186436317593826039455660270319962292176343075156282462818708954185 1.559051829782070828311568019338455982107227509025287686181431830386491 -28.03240477401107241612078534857582634750563165886062121314342317800301
6.092753899833268824168970017123685974506991903965769427439037647232409 3.369481330469118076948048065616312552228572803142657016447737064020147 -28.58973977469498322098554636775351491207432926935058975467844320386387
4.676307289591910019609366616768219295878102613103922291048285141346347 0.7193788436619434416043748905835268493928022378405786162816237513353322 -28.02710099694040669450410767569672400145499984458981440121942508438004
5.146196435492805422872130945058907307526038354473625679687223030798939 1.602104276944868077560343795829277429501071722678719809739256144575435 -28.02710099694040669450410767569672400145499984458981440121942508438004
5.616215046067432331364468199032322197725615059270737810111402499399516 2.484869224599493993848667199009719860793229811625666427844593492786762 -28.03807010770483126797841738439919554202745581638195468940983061128917
3.995597526953191686891590417205850086226461090355682313459147377253744 1.568771053115105076859586234788363751126421448949120898088877057974091 -28.02710099694040669450410767569672400145499984458981440121942508438004
4.465486672854087090154354745496538097874396831725385702098085266706335 2.451496486398029712815555140034114331234690933787262091546509451214194 -28.02710099694040669450410767569672400145499984458981440121942508438004
4.935577914609661348809554727119166294555422712539549249008399997093275 3.334222753447369623983339719143237935892770162490709999526819847304318 -28.03807010770483126797841738439919554202745581638195468940983061128917
4.172640420815329610709267453279183171617387366426185873339335435580538 4.245183354716884835060991670210912758849542586964660658922945063643964 33.01075277626513288145967553156213457199853737418667630078825080102638
3.309732110203394896574088399354624423682216323686473055114061079680444 3.737851807935678702343753994923118171567217269596842569297164713627317 33.01075277626513288145967553156213457199853737418667630078825080102638
2.437379164486424556731688502108499956025304300861062783608856290572776 3.244577797531188384132765606600834183831785605851228026076531456881807 33.04072361523837691854732881909350225312571712824560916208257818005251
3.306859384145105369053373148228486222671080791708618300987529820556627 2.403081289670216227287091709342664721345528843971686905297433260453971 -28.02710099694040669450410767569672400145499984458981440121942508438004
