500 131
7860
8
93
5292 7846 1
5292 22154 1
6126 7849 1
6126 22151 1
7011 14424 1
7011 15576 1
7407 7849 1
7407 22151 1
7508 7508 1
7508 22492 1
7587 11467 1
7587 18533 1
7713 14321 1
7713 15679 1
7765 14587 1
7765 15413 1
7772 7772 1
7772 22228 1
7846 5292 1
7846 24708 1
7849 6126 1
7849 7407 1
7849 22593 1
7849 23874 1
7854 11787 1
7854 18213 1
10183 11090 1
10183 18910 1
11090 10183 1
11090 19817 1
11467 7587 1
11467 22413 1
11632 15000 1
11787 7854 1
11787 22146 1
12141 12141 1
12141 17859 1
12864 15000 1
14321 7713 1
14321 22287 1
14424 7011 1
14424 22989 1
14587 7765 1
14587 22235 1
15000 11632 1
15000 12864 1
15000 15000 1
15000 17136 1
15000 18368 1
15413 7765 1
15413 22235 1
15576 7011 1
15576 22989 1
15679 7713 1
15679 22287 1
17136 15000 1
17859 12141 1
17859 17859 1
18213 7854 1
18213 22146 1
18368 15000 1
18533 7587 1
18533 22413 1
18910 10183 1
18910 19817 1
19817 11090 1
19817 18910 1
22146 11787 1
22146 18213 1
22151 6126 1
22151 7407 1
22151 22593 1
22151 23874 1
22154 5292 1
22154 24708 1
22228 7772 1
22228 22228 1
22235 14587 1
22235 15413 1
22287 14321 1
22287 15679 1
22413 11467 1
22413 18533 1
22492 7508 1
22492 22492 1
22593 7849 1
22593 22151 1
22989 14424 1
22989 15576 1
23874 7849 1
23874 22151 1
24708 7846 1
24708 22154 1
