980 247
1976
10000000
764
1975 3305 61525
1975 4535 61525
3305 1975 61525
3305 5865 61525
4535 1975 61525
4535 5865 61525
5865 3305 61525
5865 4535 61525
1925 1955 249794
1925 5885 249794
1955 1925 249794
1955 5915 249794
5885 1925 249794
5885 5915 249794
5915 1955 249794
5915 5885 249794
2378 3913 64786
2378 3927 64786
3913 2378 64786
3913 5462 64786
3927 2378 64786
3927 5462 64786
5462 3913 64786
5462 3927 64786
1603 1973 506631
1603 5867 506631
1973 1603 506631
1973 6237 506631
5867 1603 506631
5867 6237 506631
6237 1973 506631
6237 5867 506631
1722 3900 187282
1722 3940 187282
3900 1722 187282
3900 6118 187282
3940 1722 187282
3940 6118 187282
6118 3900 187282
6118 3940 187282
1564 3911 33349
1564 3929 33349
3911 1564 33349
3911 6276 33349
3929 1564 33349
3929 6276 33349
6276 3911 33349
6276 3929 33349
3662 3908 79295
3662 3932 79295
3908 3662 79295
3908 4178 79295
3932 3662 79295
3932 4178 79295
4178 3908 79295
4178 3932 79295
3088 3607 76996
3088 4233 76996
3607 3088 76996
3607 4752 76996
4233 3088 76996
4233 4752 76996
4752 3607 76996
4752 4233 76996
3006 3916 54099
3006 3924 54099
3916 3006 54099
3916 4834 54099
3924 3006 54099
3924 4834 54099
4834 3916 54099
4834 3924 54099
1287 1975 388670
1287 5865 388670
1975 1287 388670
1975 6553 388670
5865 1287 388670
5865 6553 388670
6553 1975 388670
6553 5865 388670
2492 3891 94086
2492 3949 94086
3891 2492 94086
3891 5348 94086
3949 2492 94086
3949 5348 94086
5348 3891 94086
5348 3949 94086
1975 3180 117090
1975 4660 117090
3180 1975 117090
3180 5865 117090
4660 1975 117090
4660 5865 117090
5865 3180 117090
5865 4660 117090
1975 3402 76892
1975 4438 76892
3402 1975 76892
3402 5865 76892
4438 1975 76892
4438 5865 76892
5865 3402 76892
5865 4438 76892
1975 3913 23630
1975 3927 23630
3913 1975 23630
3913 5865 23630
3927 1975 23630
3927 5865 23630
5865 3913 23630
5865 3927 23630
2265 3002 80114
2265 4838 80114
3002 2265 80114
3002 5575 80114
4838 2265 80114
4838 5575 80114
5575 3002 80114
5575 4838 80114
2231 2962 61534
2231 4878 61534
2962 2231 61534
2962 5609 61534
4878 2231 61534
4878 5609 61534
5609 2962 61534
5609 4878 61534
1911 3910 222995
1911 3930 222995
3910 1911 222995
3910 5929 222995
3930 1911 222995
3930 5929 222995
5929 3910 222995
5929 3930 222995
3004 3644 44244
3004 4196 44244
3644 3004 44244
3644 4836 44244
4196 3004 44244
4196 4836 44244
4836 3644 44244
4836 4196 44244
3100 3576 89969
3100 4264 89969
3576 3100 89969
3576 4740 89969
4264 3100 89969
4264 4740 89969
4740 3576 89969
4740 4264 89969
2947 3684 217893
2947 4156 217893
3684 2947 217893
3684 4893 217893
4156 2947 217893
4156 4893 217893
4893 3684 217893
4893 4156 217893
1975 3649 68907
1975 4191 68907
3649 1975 68907
3649 5865 68907
4191 1975 68907
4191 5865 68907
5865 3649 68907
5865 4191 68907
3890 3890 49246
3890 3950 49246
3950 3890 49246
3950 3950 49246
1975 1975 452544
1975 5865 452544
5865 1975 452544
5865 5865 452544
1086 1975 89228
1086 5865 89228
1975 1086 89228
1975 6754 89228
5865 1086 89228
5865 6754 89228
6754 1975 89228
6754 5865 89228
1926 1974 161547
1926 5866 161547
1974 1926 161547
1974 5914 161547
5866 1926 161547
5866 5914 161547
5914 1974 161547
5914 5866 161547
2423 3899 66227
2423 3941 66227
3899 2423 66227
3899 5417 66227
3941 2423 66227
3941 5417 66227
5417 3899 66227
5417 3941 66227
1969 3246 99174
1969 4594 99174
3246 1969 99174
3246 5871 99174
4594 1969 99174
4594 5871 99174
5871 3246 99174
5871 4594 99174
3432 3890 16612
3432 3950 16612
3890 3432 16612
3890 4408 16612
3950 3432 16612
3950 4408 16612
4408 3890 16612
4408 3950 16612
3298 3377 125028
3298 4463 125028
3377 3298 125028
3377 4542 125028
4463 3298 125028
4463 4542 125028
4542 3377 125028
4542 4463 125028
1970 2645 194779
1970 5195 194779
2645 1970 194779
2645 5870 194779
5195 1970 194779
5195 5870 194779
5870 2645 194779
5870 5195 194779
1975 3356 74743
1975 4484 74743
3356 1975 74743
3356 5865 74743
4484 1975 74743
4484 5865 74743
5865 3356 74743
5865 4484 74743
3908 3913 67446
3908 3927 67446
3913 3908 67446
3913 3932 67446
3927 3908 67446
3927 3932 67446
3932 3913 67446
3932 3927 67446
1975 2863 138260
1975 4977 138260
2863 1975 138260
2863 5865 138260
4977 1975 138260
4977 5865 138260
5865 2863 138260
5865 4977 138260
1975 3892 89228
1975 3948 89228
3892 1975 89228
3892 5865 89228
3948 1975 89228
3948 5865 89228
5865 3892 89228
5865 3948 89228
2720 3502 194779
2720 4338 194779
3502 2720 194779
3502 5120 194779
4338 2720 194779
4338 5120 194779
5120 3502 194779
5120 4338 194779
1972 3690 144317
1972 4150 144317
3690 1972 144317
3690 5868 144317
4150 1972 144317
4150 5868 144317
5868 3690 144317
5868 4150 144317
2606 3899 70226
2606 3941 70226
3899 2606 70226
3899 5234 70226
3941 2606 70226
3941 5234 70226
5234 3899 70226
5234 3941 70226
3892 3920 1260
3920 3892 1260
3920 3948 1260
3948 3920 1260
2746 3920 144160
3920 2746 144160
3920 5094 144160
5094 3920 144160
1954 1954 451053
1954 5886 451053
5886 1954 451053
5886 5886 451053
3199 3903 141447
3199 3937 141447
3903 3199 141447
3903 4641 141447
3937 3199 141447
3937 4641 141447
4641 3903 141447
4641 3937 141447
1928 1935 401598
1928 5905 401598
1935 1928 401598
1935 5912 401598
5905 1928 401598
5905 5912 401598
5912 1935 401598
5912 5905 401598
1480 3920 87070
3920 1480 87070
3920 6360 87070
6360 3920 87070
2342 3916 58545
2342 3924 58545
3916 2342 58545
3916 5498 58545
3924 2342 58545
3924 5498 58545
5498 3916 58545
5498 3924 58545
1974 3561 130428
1974 4279 130428
3561 1974 130428
3561 5866 130428
4279 1974 130428
4279 5866 130428
5866 3561 130428
5866 4279 130428
1846 3890 267651
1846 3950 267651
3890 1846 267651
3890 5994 267651
3950 1846 267651
3950 5994 267651
5994 3890 267651
5994 3950 267651
1646 3890 173003
1646 3950 173003
3890 1646 173003
3890 6194 173003
3950 1646 173003
3950 6194 173003
6194 3890 173003
6194 3950 173003
2192 3913 15133
2192 3927 15133
3913 2192 15133
3913 5648 15133
3927 2192 15133
3927 5648 15133
5648 3913 15133
5648 3927 15133
1955 2843 74810
1955 4997 74810
2843 1955 74810
2843 5885 74810
4997 1955 74810
4997 5885 74810
5885 2843 74810
5885 4997 74810
2445 3239 127759
2445 4601 127759
3239 2445 127759
3239 5395 127759
4601 2445 127759
4601 5395 127759
5395 3239 127759
5395 4601 127759
1972 3128 33223
1972 4712 33223
3128 1972 33223
3128 5868 33223
4712 1972 33223
4712 5868 33223
5868 3128 33223
5868 4712 33223
1859 1975 318001
1859 5865 318001
1975 1859 318001
1975 5981 318001
5865 1859 318001
5865 5981 318001
5981 1975 318001
5981 5865 318001
2451 3891 149299
2451 3949 149299
3891 2451 149299
3891 5389 149299
3949 2451 149299
3949 5389 149299
5389 3891 149299
5389 3949 149299
1975 2528 272075
1975 5312 272075
2528 1975 272075
2528 5865 272075
5312 1975 272075
5312 5865 272075
5865 2528 272075
5865 5312 272075
1431 3890 452544
1431 3950 452544
3890 1431 452544
3890 6409 452544
3950 1431 452544
3950 6409 452544
6409 3890 452544
6409 3950 452544
1878 3891 179863
1878 3949 179863
3891 1878 179863
3891 5962 179863
3949 1878 179863
3949 5962 179863
5962 3891 179863
5962 3949 179863
1975 3072 144160
1975 4768 144160
3072 1975 144160
3072 5865 144160
4768 1975 144160
4768 5865 144160
5865 3072 144160
5865 4768 144160
2977 3676 180769
2977 4164 180769
3676 2977 180769
3676 4863 180769
4164 2977 180769
4164 4863 180769
4863 3676 180769
4863 4164 180769
1957 1975 263071
1957 5865 263071
1975 1957 263071
1975 5883 263071
5865 1957 263071
5865 5883 263071
5883 1975 263071
5883 5865 263071
1975 3277 46031
1975 4563 46031
3277 1975 46031
3277 5865 46031
4563 1975 46031
4563 5865 46031
5865 3277 46031
5865 4563 46031
1797 1975 418061
1797 5865 418061
1975 1797 418061
1975 6043 418061
5865 1797 418061
5865 6043 418061
6043 1975 418061
6043 5865 418061
3259 3456 179516
3259 4384 179516
3456 3259 179516
3456 4581 179516
4384 3259 179516
4384 4581 179516
4581 3456 179516
4581 4384 179516
2958 3920 53457
3920 2958 53457
3920 4882 53457
4882 3920 53457
1916 1967 78339
1916 5873 78339
1967 1916 78339
1967 5924 78339
5873 1916 78339
5873 5924 78339
5924 1967 78339
5924 5873 78339
1974 3507 50675
1974 4333 50675
3507 1974 50675
3507 5866 50675
4333 1974 50675
4333 5866 50675
5866 3507 50675
5866 4333 50675
2785 3895 76892
2785 3945 76892
3895 2785 76892
3895 5055 76892
3945 2785 76892
3945 5055 76892
5055 3895 76892
5055 3945 76892
1975 2683 161653
1975 5157 161653
2683 1975 161653
2683 5865 161653
5157 1975 161653
5157 5865 161653
5865 2683 161653
5865 5157 161653
2885 3913 68910
2885 3927 68910
3913 2885 68910
3913 4955 68910
3927 2885 68910
3927 4955 68910
4955 3913 68910
4955 3927 68910
1664 3903 108925
1664 3937 108925
3903 1664 108925
3903 6176 108925
3937 1664 108925
3937 6176 108925
6176 3903 108925
6176 3937 108925
1582 3891 301353
1582 3949 301353
3891 1582 301353
3891 6258 301353
3949 1582 301353
3949 6258 301353
6258 3891 301353
6258 3949 301353
1106 3900 341410
1106 3940 341410
3900 1106 341410
3900 6734 341410
3940 1106 341410
3940 6734 341410
6734 3900 341410
6734 3940 341410
3179 3500 195138
3179 4340 195138
3500 3179 195138
3500 4661 195138
4340 3179 195138
4340 4661 195138
4661 3500 195138
4661 4340 195138
1738 3893 306001
1738 3947 306001
3893 1738 306001
3893 6102 306001
3947 1738 306001
3947 6102 306001
6102 3893 306001
6102 3947 306001
1971 2922 117090
1971 4918 117090
2922 1971 117090
2922 5869 117090
4918 1971 117090
4918 5869 117090
5869 2922 117090
5869 4918 117090
1955 2863 88646
1955 4977 88646
2863 1955 88646
2863 5885 88646
4977 1955 88646
4977 5885 88646
5885 2863 88646
5885 4977 88646
2258 3899 56948
2258 3941 56948
3899 2258 56948
3899 5582 56948
3941 2258 56948
3941 5582 56948
5582 3899 56948
5582 3941 56948
3518 3905 35962
3518 3935 35962
3905 3518 35962
3905 4322 35962
3935 3518 35962
3935 4322 35962
4322 3905 35962
4322 3935 35962
2535 3890 32948
2535 3950 32948
3890 2535 32948
3890 5305 32948
3950 2535 32948
3950 5305 32948
5305 3890 32948
5305 3950 32948
1974 3160 113896
1974 4680 113896
3160 1974 113896
3160 5866 113896
4680 1974 113896
4680 5866 113896
5866 3160 113896
5866 4680 113896
2709 3890 65138
2709 3950 65138
3890 2709 65138
3890 5131 65138
3950 2709 65138
3950 5131 65138
5131 3890 65138
5131 3950 65138
1975 2770 137819
1975 5070 137819
2770 1975 137819
2770 5865 137819
5070 1975 137819
5070 5865 137819
5865 2770 137819
5865 5070 137819
1899 1971 229139
1899 5869 229139
1971 1899 229139
1971 5941 229139
5869 1899 229139
5869 5941 229139
5941 1971 229139
5941 5869 229139
1915 1975 225480
1915 5865 225480
1975 1915 225480
1975 5925 225480
5865 1915 225480
5865 5925 225480
5925 1975 225480
5925 5865 225480
1972 2409 274756
1972 5431 274756
2409 1972 274756
2409 5868 274756
5431 1972 274756
5431 5868 274756
5868 2409 274756
5868 5431 274756
1975 3436 108366
1975 4404 108366
3436 1975 108366
3436 5865 108366
4404 1975 108366
4404 5865 108366
5865 3436 108366
5865 4404 108366
1939 3891 143364
1939 3949 143364
3891 1939 143364
3891 5901 143364
3949 1939 143364
3949 5901 143364
5901 3891 143364
5901 3949 143364
1501 3890 140975
1501 3950 140975
3890 1501 140975
3890 6339 140975
3950 1501 140975
3950 6339 140975
6339 3890 140975
6339 3950 140975
1485 3890 198047
1485 3950 198047
3890 1485 198047
3890 6355 198047
3950 1485 198047
3950 6355 198047
6355 3890 198047
6355 3950 198047
2313 3129 133109
2313 4711 133109
3129 2313 133109
3129 5527 133109
4711 2313 133109
4711 5527 133109
5527 3129 133109
5527 4711 133109
2727 3890 27862
2727 3950 27862
3890 2727 27862
3890 5113 27862
3950 2727 27862
3950 5113 27862
5113 3890 27862
5113 3950 27862
1971 3199 88646
1971 4641 88646
3199 1971 88646
3199 5869 88646
4641 1971 88646
4641 5869 88646
5869 3199 88646
5869 4641 88646
1974 3627 61534
1974 4213 61534
3627 1974 61534
3627 5866 61534
4213 1974 61534
4213 5866 61534
5866 3627 61534
5866 4213 61534
1958 3890 179863
1958 3950 179863
3890 1958 179863
3890 5882 179863
3950 1958 179863
3950 5882 179863
5882 3890 179863
5882 3950 179863
1974 3476 50506
1974 4364 50506
3476 1974 50506
3476 5866 50506
4364 1974 50506
4364 5866 50506
5866 3476 50506
5866 4364 50506
2550 3894 81104
2550 3946 81104
3894 2550 81104
3894 5290 81104
3946 2550 81104
3946 5290 81104
5290 3894 81104
5290 3946 81104
1974 3535 136899
1974 4305 136899
3535 1974 136899
3535 5866 136899
4305 1974 136899
4305 5866 136899
5866 3535 136899
5866 4305 136899
1440 1975 1218659
1440 5865 1218659
1975 1440 1218659
1975 6400 1218659
5865 1440 1218659
5865 6400 1218659
6400 1975 1218659
6400 5865 1218659
3104 3536 234359
3104 4304 234359
3536 3104 234359
3536 4736 234359
4304 3104 234359
4304 4736 234359
4736 3536 234359
4736 4304 234359
1975 3007 147118
1975 4833 147118
3007 1975 147118
3007 5865 147118
4833 1975 147118
4833 5865 147118
5865 3007 147118
5865 4833 147118
