3920 997
1994
10000000
224
1375 3875 1198148
1375 3965 1198148
3875 1375 1198148
3875 6465 1198148
3965 1375 1198148
3965 6465 1198148
6465 3875 1198148
6465 3965 1198148
1625 3875 239142
1625 3965 239142
3875 1625 239142
3875 6215 239142
3965 1625 239142
3965 6215 239142
6215 3875 239142
6215 3965 239142
1875 3875 779651
1875 3965 779651
3875 1875 779651
3875 5965 779651
3965 1875 779651
3965 5965 779651
5965 3875 779651
5965 3965 779651
2625 3875 278186
2625 3965 278186
3875 2625 278186
3875 5215 278186
3965 2625 278186
3965 5215 278186
5215 3875 278186
5215 3965 278186
2875 3875 441680
2875 3965 441680
3875 2875 441680
3875 4965 441680
3965 2875 441680
3965 4965 441680
4965 3875 441680
4965 3965 441680
2965 3625 750368
2965 4215 750368
3625 2965 750368
3625 4875 750368
4215 2965 750368
4215 4875 750368
4875 3625 750368
4875 4215 750368
3875 3875 231821
3875 3965 231821
3965 3875 231821
3965 3965 231821
2465 3875 551490
2465 3965 551490
3875 2465 551490
3875 5375 551490
3965 2465 551490
3965 5375 551490
5375 3875 551490
5375 3965 551490
2215 3875 222060
2215 3965 222060
3875 2215 222060
3875 5625 222060
3965 2215 222060
3965 5625 222060
5625 3875 222060
5625 3965 222060
1965 3875 326990
1965 3965 326990
3875 1965 326990
3875 5875 326990
3965 1965 326990
3965 5875 326990
5875 3875 326990
5875 3965 326990
1715 3875 1077357
1715 3965 1077357
3875 1715 1077357
3875 6125 1077357
3965 1715 1077357
3965 6125 1077357
6125 3875 1077357
6125 3965 1077357
2965 3715 297707
2965 4125 297707
3715 2965 297707
3715 4875 297707
4125 2965 297707
4125 4875 297707
4875 3715 297707
4875 4125 297707
3215 3465 826015
3215 4375 826015
3465 3215 826015
3465 4625 826015
4375 3215 826015
4375 4625 826015
4625 3465 826015
4625 4375 826015
2215 2965 117131
2215 4875 117131
2965 2215 117131
2965 5625 117131
4875 2215 117131
4875 5625 117131
5625 2965 117131
5625 4875 117131
1985 1985 1020012
1985 5855 1020012
5855 1985 1020012
5855 5855 1020012
1855 1985 130552
1855 5855 130552
1985 1855 130552
1985 5985 130552
5855 1855 130552
5855 5985 130552
5985 1985 130552
5985 5855 130552
1415 1985 1198148
1415 5855 1198148
1985 1415 1198148
1985 6425 1198148
5855 1415 1198148
5855 6425 1198148
6425 1985 1198148
6425 5855 1198148
1655 1985 1185947
1655 5855 1185947
1985 1655 1185947
1985 6185 1185947
5855 1655 1185947
5855 6185 1185947
6185 1985 1185947
6185 5855 1185947
1895 1975 777210
1895 5865 777210
1975 1895 777210
1975 5945 777210
5865 1895 777210
5865 5945 777210
5945 1975 777210
5945 5865 777210
1985 3575 246463
1985 4265 246463
3575 1985 246463
3575 5855 246463
4265 1985 246463
4265 5855 246463
5855 3575 246463
5855 4265 246463
1985 3275 222060
1985 4565 222060
3275 1985 222060
3275 5855 222060
4565 1985 222060
4565 5855 222060
5855 3275 222060
5855 4565 222060
1975 3375 244022
1975 4465 244022
3375 1975 244022
3375 5865 244022
4465 1975 244022
4465 5865 244022
5865 3375 244022
5865 4465 244022
1985 3165 444120
1985 4675 444120
3165 1985 444120
3165 5855 444120
4675 1985 444120
4675 5855 444120
5855 3165 444120
5855 4675 444120
1985 3015 444120
1985 4825 444120
3015 1985 444120
3015 5855 444120
4825 1985 444120
4825 5855 444120
5855 3015 444120
5855 4825 444120
1985 2635 363593
1985 5205 363593
2635 1985 363593
2635 5855 363593
5205 1985 363593
5205 5855 363593
5855 2635 363593
5855 5205 363593
1985 2845 244022
1985 4995 244022
2845 1985 244022
2845 5855 244022
4995 1985 244022
4995 5855 244022
5855 2845 244022
5855 4995 244022
1985 2705 222060
1985 5135 222060
2705 1985 222060
2705 5855 222060
5135 1985 222060
5135 5855 222060
5855 2705 222060
5855 5135 222060
1985 2905 326990
1985 4935 326990
2905 1985 326990
2905 5855 326990
4935 1985 326990
4935 5855 326990
5855 2905 326990
5855 4935 326990
1905 1955 1198148
1905 5885 1198148
1955 1905 1198148
1955 5935 1198148
5885 1905 1198148
5885 5935 1198148
5935 1955 1198148
5935 5885 1198148
