29223 7594
15188
8
93
9586 29035 1
9586 29411 1
9857 15129 1
9857 43317 1
10533 29223 1
12462 29223 1
13084 14971 1
13084 43475 1
14393 21900 1
14393 36546 1
14722 14722 1
14722 43724 1
14971 13084 1
14971 45362 1
14972 15180 1
14972 43266 1
15079 25004 1
15079 33442 1
15129 9857 1
15129 48589 1
15158 15158 1
15158 43288 1
15171 28334 1
15171 30112 1
15180 14972 1
15180 43474 1
20807 29223 1
21900 14393 1
21900 44053 1
23048 28110 1
23048 30336 1
23229 26174 1
23229 32272 1
25004 15079 1
25004 43367 1
26174 23229 1
26174 35217 1
28110 23048 1
28110 35398 1
28334 15171 1
28334 43275 1
29035 9586 1
29035 48860 1
29223 10533 1
29223 12462 1
29223 20807 1
29223 29223 1
29223 37639 1
29223 45984 1
29223 47913 1
29411 9586 1
29411 48860 1
30112 15171 1
30112 43275 1
30336 23048 1
30336 35398 1
32272 23229 1
32272 35217 1
33442 15079 1
33442 43367 1
35217 26174 1
35217 32272 1
35398 28110 1
35398 30336 1
36546 14393 1
36546 44053 1
37639 29223 1
43266 14972 1
43266 43474 1
43275 28334 1
43275 30112 1
43288 15158 1
43288 43288 1
43317 9857 1
43317 48589 1
43367 25004 1
43367 33442 1
43474 15180 1
43474 43266 1
43475 13084 1
43475 45362 1
43724 14722 1
43724 43724 1
44053 21900 1
44053 36546 1
45362 14971 1
45362 43475 1
45984 29223 1
47913 29223 1
48589 15129 1
48589 43317 1
48860 29035 1
48860 29411 1
