3040 789
7890
5
57
5672 7884 1
5672 22516 1
5835 14912 1
5835 15488 1
7326 7884 1
7326 22516 1
7884 5672 1
7884 7326 1
7884 23074 1
7884 24728 1
7885 11932 1
7885 18468 1
7886 7886 1
7886 14858 1
7886 15542 1
7886 22514 1
11384 14633 1
11384 15767 1
11884 11884 1
11884 18516 1
11932 7885 1
11932 22515 1
14633 11384 1
14633 19016 1
14858 7886 1
14858 22514 1
14912 5835 1
14912 24565 1
15200 15200 1
15488 5835 1
15488 24565 1
15542 7886 1
15542 22514 1
15767 11384 1
15767 19016 1
18468 7885 1
18468 22515 1
18516 11884 1
18516 18516 1
19016 14633 1
19016 15767 1
22514 7886 1
22514 14858 1
22514 15542 1
22514 22514 1
22515 11932 1
22515 18468 1
22516 5672 1
22516 7326 1
22516 23074 1
22516 24728 1
23074 7884 1
23074 22516 1
24565 14912 1
24565 15488 1
24728 7884 1
24728 22516 1
