245 62
1984
10000000
392
1375 3875 460085
1375 3965 460085
3875 1375 460085
3875 6465 460085
3965 1375 460085
3965 6465 460085
6465 3875 460085
6465 3965 460085
1625 3875 690736
1625 3965 690736
3875 1625 690736
3875 6215 690736
3965 1625 690736
3965 6215 690736
6215 3875 690736
6215 3965 690736
1875 3875 723315
1875 3965 723315
3875 1875 723315
3875 5965 723315
3965 1875 723315
3965 5965 723315
5965 3875 723315
5965 3965 723315
1875 1965 215583
1875 5875 215583
1965 1875 215583
1965 5965 215583
5875 1875 215583
5875 5965 215583
5965 1965 215583
5965 5875 215583
2375 3215 211925
2375 4625 211925
3215 2375 211925
3215 5465 211925
4625 2375 211925
4625 5465 211925
5465 3215 211925
5465 4625 211925
2625 3875 100912
2625 3965 100912
3875 2625 100912
3875 5215 100912
3965 2625 100912
3965 5215 100912
5215 3875 100912
5215 3965 100912
2875 3875 194461
2875 3965 194461
3875 2875 194461
3875 4965 194461
3965 2875 194461
3965 4965 194461
4965 3875 194461
4965 3965 194461
3125 3465 264084
3125 4375 264084
3465 3125 264084
3465 4715 264084
4375 3125 264084
4375 4715 264084
4715 3465 264084
4715 4375 264084
3375 3375 318815
3375 4465 318815
4465 3375 318815
4465 4465 318815
3375 3875 227411
3375 3965 227411
3875 3375 227411
3875 4465 227411
3965 3375 227411
3965 4465 227411
4465 3875 227411
4465 3965 227411
3215 3375 191100
3215 4465 191100
3375 3215 191100
3375 4625 191100
4465 3215 191100
4465 4625 191100
4625 3375 191100
4625 4465 191100
2965 3625 896495
2965 4215 896495
3625 2965 896495
3625 4875 896495
4215 2965 896495
4215 4875 896495
4875 3625 896495
4875 4215 896495
2465 3875 187238
2465 3965 187238
3875 2465 187238
3875 5375 187238
3965 2465 187238
3965 5375 187238
5375 3875 187238
5375 3965 187238
1965 3875 514659
1965 3965 514659
3875 1965 514659
3875 5875 514659
3965 1965 514659
3965 5875 514659
5875 3875 514659
5875 3965 514659
1715 3875 277082
1715 3965 277082
3875 1715 277082
3875 6125 277082
3965 1715 277082
3965 6125 277082
6125 3875 277082
6125 3965 277082
1465 3875 446233
1465 3965 446233
3875 1465 446233
3875 6375 446233
3965 1465 446233
3965 6375 446233
6375 3875 446233
6375 3965 446233
1975 3475 273424
1975 4365 273424
3475 1975 273424
3475 5865 273424
4365 1975 273424
4365 5865 273424
5865 3475 273424
5865 4365 273424
1975 3605 136824
1975 4235 136824
3605 1975 136824
3605 5865 136824
4235 1975 136824
4235 5865 136824
5865 3605 136824
5865 4235 136824
1975 3375 273424
1975 4465 273424
3375 1975 273424
3375 5865 273424
4465 1975 273424
4465 5865 273424
5865 3375 273424
5865 4465 273424
1975 3105 608347
1975 4735 608347
3105 1975 608347
3105 5865 608347
4735 1975 608347
4735 5865 608347
5865 3105 608347
5865 4735 608347
1925 1955 381076
1925 5885 381076
1955 1925 381076
1955 5915 381076
5885 1925 381076
5885 5915 381076
5915 1955 381076
5915 5885 381076
1955 1965 444738
1955 5875 444738
1965 1955 444738
1965 5885 444738
5875 1955 444738
5875 5885 444738
5885 1965 444738
5885 5875 444738
3903 3908 73523
3903 3932 73523
3908 3903 73523
3908 3937 73523
3932 3903 73523
3932 3937 73523
3937 3908 73523
3937 3932 73523
1982 1982 533385
1982 5858 533385
5858 1982 533385
5858 5858 533385
1616 1982 245998
1616 5858 245998
1982 1616 245998
1982 6224 245998
5858 1616 245998
5858 6224 245998
6224 1982 245998
6224 5858 245998
1542 1982 1024554
1542 5858 1024554
1982 1542 1024554
1982 6298 1024554
5858 1542 1024554
5858 6298 1024554
6298 1982 1024554
6298 5858 1024554
1359 3888 302735
1359 3952 302735
3888 1359 302735
3888 6481 302735
3952 1359 302735
3952 6481 302735
6481 3888 302735
6481 3952 302735
2299 3918 86257
2299 3922 86257
3918 2299 86257
3918 5541 86257
3922 2299 86257
3922 5541 86257
5541 3918 86257
5541 3922 86257
1893 1982 302735
1893 5858 302735
1982 1893 302735
1982 5947 302735
5858 1893 302735
5858 5947 302735
5947 1982 302735
5947 5858 302735
1779 1982 277082
1779 5858 277082
1982 1779 277082
1982 6061 277082
5858 1779 277082
5858 6061 277082
6061 1982 277082
6061 5858 277082
1849 1982 413654
1849 5858 413654
1982 1849 413654
1982 5991 413654
5858 1849 413654
5858 5991 413654
5991 1982 413654
5991 5858 413654
1982 2868 132961
1982 4972 132961
2868 1982 132961
2868 5858 132961
4972 1982 132961
4972 5858 132961
5858 2868 132961
5858 4972 132961
1245 1982 906318
1245 5858 906318
1982 1245 906318
1982 6595 906318
5858 1245 906318
5858 6595 906318
6595 1982 906318
6595 5858 906318
2908 3705 108274
2908 4135 108274
3705 2908 108274
3705 4932 108274
4135 2908 108274
4135 4932 108274
4932 3705 108274
4932 4135 108274
1982 2710 234012
1982 5130 234012
2710 1982 234012
2710 5858 234012
5130 1982 234012
5130 5858 234012
5858 2710 234012
5858 5130 234012
1982 2542 273424
1982 5298 273424
2542 1982 273424
2542 5858 273424
5298 1982 273424
5298 5858 273424
5858 2542 273424
5858 5298 273424
1982 2621 302735
1982 5219 302735
2621 1982 302735
2621 5858 302735
5219 1982 302735
5219 5858 302735
5858 2621 302735
5858 5219 302735
1982 2829 61500
1982 5011 61500
2829 1982 61500
2829 5858 61500
5011 1982 61500
5011 5858 61500
5858 2829 61500
5858 5011 61500
1982 2581 61500
1982 5259 61500
2581 1982 61500
2581 5858 61500
5259 1982 61500
5259 5858 61500
5858 2581 61500
5858 5259 61500
1982 2759 100912
1982 5081 100912
2759 1982 100912
2759 5858 100912
5081 1982 100912
5081 5858 100912
5858 2759 100912
5858 5081 100912
3878 3898 30750
3878 3942 30750
3898 3878 30750
3898 3962 30750
3942 3878 30750
3942 3962 30750
3962 3898 30750
3962 3942 30750
1981 3001 227912
1981 4839 227912
3001 1981 227912
3001 5859 227912
4839 1981 227912
4839 5859 227912
5859 3001 227912
5859 4839 227912
2565 3879 533385
2565 3961 533385
3879 2565 533385
3879 5275 533385
3961 2565 533385
3961 5275 533385
5275 3879 533385
5275 3961 533385
1977 3200 194461
1977 4640 194461
3200 1977 194461
3200 5863 194461
4640 1977 194461
4640 5863 194461
5863 3200 194461
5863 4640 194461
1982 3269 61500
1982 4571 61500
3269 1982 61500
3269 5858 61500
4571 1982 61500
4571 5858 61500
5858 3269 61500
5858 4571 61500
2956 3919 46845
2956 3921 46845
3919 2956 46845
3919 4884 46845
3921 2956 46845
3921 4884 46845
4884 3919 46845
4884 3921 46845
1981 3585 227411
1981 4255 227411
3585 1981 227411
3585 5859 227411
4255 1981 227411
4255 5859 227411
5859 3585 227411
5859 4255 227411
2236 3919 30750
2236 3921 30750
3919 2236 30750
3919 5604 30750
3921 2236 30750
3921 5604 30750
5604 3919 30750
5604 3921 30750
1933 1982 521585
1933 5858 521585
1982 1933 521585
1982 5907 521585
5858 1933 521585
5858 5907 521585
5907 1982 521585
5907 5858 521585
2141 2952 61500
2141 4888 61500
2952 2141 61500
2952 5699 61500
4888 2141 61500
4888 5699 61500
5699 2952 61500
5699 4888 61500
