3920 997
1994
10000000
224
1375 3875 1266307
1375 3965 1266307
3875 1375 1266307
3875 6465 1266307
3965 1375 1266307
3965 6465 1266307
6465 3875 1266307
6465 3965 1266307
1625 3875 190218
1625 3965 190218
3875 1625 190218
3875 6215 190218
3965 1625 190218
3965 6215 190218
6215 3875 190218
6215 3965 190218
1875 3875 910328
1875 3965 910328
3875 1875 910328
3875 5965 910328
3965 1875 910328
3965 5965 910328
5965 3875 910328
5965 3965 910328
2625 3875 247284
2625 3965 247284
3875 2625 247284
3875 5215 247284
3965 2625 247284
3965 5215 247284
5215 3875 247284
5215 3965 247284
2875 3875 410327
2875 3965 410327
3875 2875 410327
3875 4965 410327
3965 2875 410327
3965 4965 410327
4965 3875 410327
4965 3965 410327
2965 3625 861415
2965 4215 861415
3625 2965 861415
3625 4875 861415
4215 2965 861415
4215 4875 861415
4875 3625 861415
4875 4215 861415
3875 3875 198370
3875 3965 198370
3965 3875 198370
3965 3965 198370
2465 3875 516306
2465 3965 516306
3875 2465 516306
3875 5375 516306
3965 2465 516306
3965 5375 516306
5375 3875 516306
5375 3965 516306
2215 3875 211957
2215 3965 211957
3875 2215 211957
3875 5625 211957
3965 2215 211957
3965 5625 211957
5625 3875 211957
5625 3965 211957
1965 3875 290762
1965 3965 290762
3875 1965 290762
3875 5875 290762
3965 1965 290762
3965 5875 290762
5875 3875 290762
5875 3965 290762
1715 3875 1076090
1715 3965 1076090
3875 1715 1076090
3875 6125 1076090
3965 1715 1076090
3965 6125 1076090
6125 3875 1076090
6125 3965 1076090
2965 3715 290762
2965 4125 290762
3715 2965 290762
3715 4875 290762
4125 2965 290762
4125 4875 290762
4875 3715 290762
4875 4125 290762
3215 3465 853263
3215 4375 853263
3465 3215 853263
3465 4625 853263
4375 3215 853263
4375 4625 853263
4625 3465 853263
4625 4375 853263
2215 2965 225544
2215 4875 225544
2965 2215 225544
2965 5625 225544
4875 2215 225544
4875 5625 225544
5625 2965 225544
5625 4875 225544
1985 1985 961959
1985 5855 961959
5855 1985 961959
5855 5855 961959
1855 1985 910328
1855 5855 910328
1985 1855 910328
1985 5985 910328
5855 1855 910328
5855 5985 910328
5985 1985 910328
5985 5855 910328
1415 1985 1478264
1415 5855 1478264
1985 1415 1478264
1985 6425 1478264
5855 1415 1478264
5855 6425 1478264
6425 1985 1478264
6425 5855 1478264
1655 1985 144023
1655 5855 144023
1985 1655 144023
1985 6185 144023
5855 1655 144023
5855 6185 144023
6185 1985 144023
6185 5855 144023
1895 1975 808426
1895 5865 808426
1975 1895 808426
1975 5945 808426
5865 1895 808426
5865 5945 808426
5945 1975 808426
5945 5865 808426
1985 3575 233697
1985 4265 233697
3575 1985 233697
3575 5855 233697
4265 1985 233697
4265 5855 233697
5855 3575 233697
5855 4265 233697
1985 3275 233697
1985 4565 233697
3275 1985 233697
3275 5855 233697
4565 1985 233697
4565 5855 233697
5855 3275 233697
5855 4565 233697
1975 3375 198370
1975 4465 198370
3375 1975 198370
3375 5865 198370
4465 1975 198370
4465 5865 198370
5865 3375 198370
5865 4465 198370
1985 3165 388588
1985 4675 388588
3165 1985 388588
3165 5855 388588
4675 1985 388588
4675 5855 388588
5855 3165 388588
5855 4675 388588
1985 3015 423914
1985 4825 423914
3015 1985 423914
3015 5855 423914
4825 1985 423914
4825 5855 423914
5855 3015 423914
5855 4825 423914
1985 2635 326088
1985 5205 326088
2635 1985 326088
2635 5855 326088
5205 1985 326088
5205 5855 326088
5855 2635 326088
5855 5205 326088
1985 2845 105979
1985 4995 105979
2845 1985 105979
2845 5855 105979
4995 1985 105979
4995 5855 105979
5855 2845 105979
5855 4995 105979
1985 2705 331523
1985 5135 331523
2705 1985 331523
2705 5855 331523
5135 1985 331523
5135 5855 331523
5855 2705 331523
5855 5135 331523
1985 2905 290762
1985 4935 290762
2905 1985 290762
2905 5855 290762
4935 1985 290762
4935 5855 290762
5855 2905 290762
5855 4935 290762
1905 1955 1177992
1905 5885 1177992
1955 1905 1177992
1955 5935 1177992
5885 1905 1177992
5885 5935 1177992
5935 1955 1177992
5935 5885 1177992
cliques 2000 1000000 8
10000 48
0 3365000 3375000 1565000 1575000
0 3365000 3375000 2356795 2366796
1059 3330326 3340327 -1651865 -1641864
614 3851814 3861815 -83974 -73973
1704 1872286 1882287 -2117821 -2107820
159 2730592 2740593 2001858 2011859
1637 2518987 2528988 -2905388 -2895387
199 3671680 3681681 1327486 1337487
748 2986786 2996787 -679926 -669925
911 3636837 3646838 -416069 -406068
1447 2182123 2192124 -1982373 -1972372
320 3200971 3210972 1545044 1555045
1620 1998575 2008576 -2027850 -2017849
209 2832589 2842590 1840165 1850166
571 3022153 3032154 -202400 -192399
1110 3532720 3542721 -951896 -941895
1217 3053611 3063612 -2088642 -2078641
486 3885229 3895230 431289 441290
1387 2943576 2953577 -2408970 -2398969
361 3776338 3786339 732369 742370
1774 2663878 2673879 -2189815 -2179814
119 2648086 2658087 1231846 1241847
1774 1713882 1723883 -2204662 -2194661
119 2662207 2672208 2181853 2191854
1637 1908882 1918883 -2045462 -2035461
199 2811383 2821384 1937067 1947068
199 2711824 2721825 1033323 1043324
1637 2812565 2822566 -1945352 -1935351
1508 2610058 2620059 -2700408 -2690407
280 3771433 3781434 1161899 1171900
793 2964004 2974005 -320158 -310157
863 3173949 3183950 -276181 -266180
79 2523435 2533436 1323271 1333272
1846 2588671 2598672 -2220504 -2210503
79 2586273 2596274 2213307 2223308
1846 1698703 1708704 -2284305 -2274304
119 2647722 2657723 2056387 2066388
1774 1839337 1849338 -2190081 -2180080
1884 2554654 2564655 -2280130 -2270129
59 2503775 2513776 1361968 1371969
1884 1644657 1654658 -2330010 -2320009
59 2552989 2562990 2272001 2282002
770 3073021 3083022 -734024 -724023
887 3641102 3651103 -443049 -433048
1300 3366374 3376375 -1406647 -1396646
423 2992592 3002593 220394 230395
1387 2763590 2773591 -2479005 -2469004
361 3846203 3856204 912421 922422
10000 48
0 556795 566796 1565000 1575000
0 556795 566796 2356795 2366796
614 1598871 1608872 1122277 1132278
1059 2121537 2131538 599716 609717
159 1763044 1773045 1249319 1259320
1704 2624029 2634030 -1149655 -1139654
199 947783 957784 1742463 1752464
1637 2102351 2112352 -181743 -171742
911 1900160 1910161 20273 30274
748 2550145 2560146 1056676 1066677
320 1751309 1761310 953698 963699
1447 2772256 2782257 -532216 -522215
209 1817129 1827130 1183816 1193817
1620 2653976 2663977 -1011777 -1001776
1110 1873839 1883840 -314647 -304646
571 2382838 2392839 1455686 1465687
486 1402428 1412429 1247748 1257749
1217 2235303 2245304 393549 403550
361 1271936 1281937 1566718 1576719
1387 2106869 2116870 94645 104646
119 1712201 1722202 2195974 2205975
1774 1699035 1709036 -1254667 -1244666
119 1698079 1708080 1245968 1255969
1774 2649030 2659031 -1239820 -1229819
199 1808080 1818081 1132882 1142883
1637 2712456 2722457 -1041669 -1031668
1637 1808773 1818774 -1141779 -1131778
199 1907639 1917640 2036626 2046627
280 1078938 1088939 1528992 1538993
1508 2241641 2251642 -8093 1908
863 2374057 2384058 103126 113127
793 2583819 2593820 479318 489319
1846 1634902 1644903 -1394337 -1384336
79 1696237 1706238 2276145 2286146
1846 2524870 2534871 -1330537 -1320536
79 1633399 1643400 1386109 1396110
1774 2523575 2533576 -1254401 -1244400
119 1712565 1722566 1371434 1381435
59 1642956 1652957 2321215 2331216
1884 1594778 1604779 -1420013 -1410012
59 1593742 1603743 1411182 1421183
1884 2504775 2514776 -1370133 -1360132
887 1902492 1912493 158073 168074
770 2470321 2480322 1004040 1014041
423 2184446 2194447 1772767 1782768
1300 1813042 1823043 -600347 -590346
361 1202071 1212072 1386666 1396667
1387 2286856 2296857 164679 174680
10000 48
0 3365000 3375000 2356795 2366796
0 3365000 3375000 1565000 1575001
614 3851814 3861815 -83974 -73973
1059 3330326 3340327 -1651865 -1641864
159 2730592 2740593 2001858 2011859
1704 1872286 1882287 -2117821 -2107820
199 3671680 3681681 1327486 1337487
1637 2518987 2528988 -2905388 -2895387
911 3636837 3646838 -416069 -406068
748 2986786 2996787 -679926 -669925
320 3200971 3210972 1545044 1555045
1447 2182123 2192124 -1982373 -1972372
209 2832589 2842590 1840165 1850166
1620 1998575 2008576 -2027850 -2017849
1110 3532720 3542721 -951896 -941895
571 3022153 3032154 -202400 -192399
486 3885229 3895230 431289 441290
1217 3053611 3063612 -2088642 -2078641
361 3776338 3786339 732369 742370
1387 2943576 2953577 -2408970 -2398969
119 2648086 2658087 1231846 1241847
1774 2663878 2673879 -2189815 -2179814
119 2662207 2672208 2181853 2191854
1774 1713882 1723883 -2204662 -2194661
199 2811383 2821384 1937067 1947068
1637 1908882 1918883 -2045462 -2035461
1637 2812565 2822566 -1945352 -1935351
199 2711824 2721825 1033323 1043324
280 3771433 3781434 1161899 1171900
1508 2610058 2620059 -2700408 -2690407
863 3173949 3183950 -276181 -266180
793 2964004 2974005 -320158 -310157
1846 2588671 2598672 -2220504 -2210503
79 2523435 2533436 1323271 1333272
1846 1698703 1708704 -2284305 -2274304
79 2586273 2596274 2213307 2223308
1774 1839337 1849338 -2190081 -2180080
119 2647722 2657723 2056387 2066388
59 2503775 2513776 1361968 1371969
1884 2554654 2564655 -2280130 -2270129
59 2552989 2562990 2272001 2282002
1884 1644657 1654658 -2330010 -2320009
887 3641102 3651103 -443049 -433048
770 3073021 3083022 -734024 -724023
423 2992592 3002593 220394 230395
1300 3366374 3376375 -1406647 -1396646
361 3846203 3856204 912421 922422
1387 2763590 2773591 -2479005 -2469004
10000 48
0 556795 566796 2356795 2366796
0 556795 566796 1565000 1575001
1059 2121537 2131538 599716 609717
614 1598871 1608872 1122277 1132278
1704 2624029 2634030 -1149655 -1139654
159 1763044 1773045 1249319 1259320
1637 2102351 2112352 -181743 -171742
199 947783 957784 1742463 1752464
748 2550145 2560146 1056676 1066677
911 1900160 1910161 20273 30274
1447 2772256 2782257 -532216 -522215
320 1751309 1761310 953698 963699
1620 2653976 2663977 -1011777 -1001776
209 1817129 1827130 1183816 1193817
571 2382838 2392839 1455686 1465687
1110 1873839 1883840 -314647 -304646
1217 2235303 2245304 393549 403550
486 1402428 1412429 1247748 1257749
1387 2106869 2116870 94645 104646
361 1271936 1281937 1566718 1576719
1774 1699035 1709036 -1254667 -1244666
119 1712201 1722202 2195974 2205975
1774 2649030 2659031 -1239820 -1229819
119 1698079 1708080 1245968 1255969
1637 2712456 2722457 -1041669 -1031668
199 1808080 1818081 1132882 1142883
199 1907639 1917640 2036626 2046627
1637 1808773 1818774 -1141779 -1131778
1508 2241641 2251642 -8093 1908
280 1078938 1088939 1528992 1538993
793 2583819 2593820 479318 489319
863 2374057 2384058 103126 113127
79 1696237 1706238 2276145 2286146
1846 1634902 1644903 -1394337 -1384336
79 1633399 1643400 1386109 1396110
1846 2524870 2534871 -1330537 -1320536
119 1712565 1722566 1371434 1381435
1774 2523575 2533576 -1254401 -1244400
1884 1594778 1604779 -1420013 -1410012
59 1642956 1652957 2321215 2331216
1884 2504775 2514776 -1370133 -1360132
59 1593742 1603743 1411182 1421183
770 2470321 2480322 1004040 1014041
887 1902492 1912493 158073 168074
1300 1813042 1823043 -600347 -590346
423 2184446 2194447 1772767 1782768
1387 2286856 2296857 164679 174680
361 1202071 1212072 1386666 1396667
10000 48
0 1565000 1575000 3365000 3375000
0 2356795 2366796 3365000 3375000
614 3328468 3338469 1645623 1655624
1059 3851722 3861723 78321 88322
159 1870549 1880550 2109363 2119364
1704 2732241 2742242 -2009610 -1999609
199 2517220 2527221 2896923 2906924
1637 3672491 3682492 -1335248 -1325247
911 2986670 2996671 670440 680441
748 3636766 3646767 406696 416697
320 2180467 2190468 1974202 1984203
1447 3202268 3212269 -1552361 -1542360
209 1996684 2006685 2019720 2029721
1620 2834312 2844313 -1847514 -1837513
1110 3021904 3031905 196169 206170
571 3531538 3541539 946301 956302
486 3052058 3062059 2080919 2090920
1217 3885552 3895553 -438392 -428391
361 2941312 2951313 2401744 2411745
1387 3777030 3787031 -738809 -728808
119 2662207 2672208 2181853 2191854
1774 2649030 2659031 -1239820 -1229819
119 1712201 1722202 2195974 2205975
1774 2663878 2673879 -2189815 -2179814
199 1907639 1917640 2036626 2046627
1637 2812565 2822566 -1945352 -1935351
1637 2712456 2722457 -1041669 -1031668
199 2811383 2821384 1937067 1947068
280 2608732 2618733 2691693 2701694
1508 3772007 3782008 -1170042 -1160041
863 2963656 2973657 313419 323420
793 3173649 3183650 269673 279674
1846 2524870 2534871 -1330537 -1320536
79 2586273 2596274 2213307 2223308
1846 2588671 2598672 -2220504 -2210503
79 1696237 1706238 2276145 2286146
1774 2649296 2659297 -2064360 -2054359
119 1837667 1847668 2181489 2191490
59 2552989 2562990 2272001 2282002
1884 2504775 2514776 -1370133 -1360132
59 1642956 1652957 2321215 2331216
1884 2554654 2564655 -2280130 -2270129
887 3072358 3082359 726817 736818
770 3640703 3650704 436358 446359
423 3364705 3374706 1400654 1410655
1300 2992858 3002859 -226831 -216830
361 2761259 2771260 2471609 2481610
1387 3847065 3857066 -918796 -908795
10000 48
0 1565000 1575000 556795 566796
0 2356795 2366796 556795 566796
1059 1600141 1610142 -1130469 -1120468
614 2122217 2132218 -607320 -597319
1704 1764074 1774075 -1257867 -1247866
159 2623087 2633088 1141815 1151816
1637 948847 958848 -1751883 -1741882
199 2102243 2112244 173026 183027
748 1900165 1910166 -29946 -19945
911 2550327 2560328 -1066236 -1056235
1447 1752111 1762112 -962228 -952227
320 2771813 2781814 524540 534541
1620 1818239 1828240 -1192113 -1182112
209 2653034 2663035 1004261 1014262
571 1873452 1883453 306986 316987
1110 2384655 2394656 -1462712 -1452711
1217 1403361 1413362 -1256701 -1246700
486 2235599 2245600 -401881 -391880
1387 1273415 1283416 -1575516 -1565515
361 2106962 2116963 -102657 -92656
1774 1713882 1723883 -2204662 -2194661
119 1698079 1708080 1245968 1255969
1774 1699035 1709036 -1254667 -1244666
119 2648086 2658087 1231846 1241847
1637 1808773 1818774 -1141779 -1131778
199 2711824 2721825 1033323 1043324
199 1808080 1818081 1132882 1142883
1637 1908882 1918883 -2045462 -2035461
1508 1079692 1089693 -1538459 -1528458
280 2241639 2251640 -802 9199
793 2374174 2384175 -110513 -100512
863 2584350 2594351 -486474 -476473
79 1633399 1643400 1386109 1396110
1846 1698703 1708704 -2284305 -2274304
79 2523435 2533436 1323271 1333272
1846 1634902 1644903 -1394337 -1384336
119 2522620 2532621 1246332 1256333
1774 1713616 1723617 -1380122 -1370121
1884 1644657 1654658 -2330010 -2320009
59 1593742 1603743 1411182 1421183
1884 1594778 1604779 -1420013 -1410012
59 2503775 2513776 1361968 1371969
770 1902639 1912640 -166342 -156341
887 2471236 2481237 -1011793 -1001792
1300 2186558 2196559 -1780163 -1770162
423 1812333 1822334 592507 602508
1387 1203381 1213382 -1395530 -1385529
361 2287015 2297016 -172523 -162522
10000 48
0 2356795 2366796 3365000 3375000
0 1565000 1575001 3365000 3375000
1059 3851722 3861723 78321 88322
614 3328468 3338469 1645623 1655624
1704 2732241 2742242 -2009610 -1999609
159 1870549 1880550 2109363 2119364
1637 3672491 3682492 -1335248 -1325247
199 2517220 2527221 2896923 2906924
748 3636766 3646767 406696 416697
911 2986670 2996671 670440 680441
1447 3202268 3212269 -1552361 -1542360
320 2180467 2190468 1974202 1984203
1620 2834312 2844313 -1847514 -1837513
209 1996684 2006685 2019720 2029721
571 3531538 3541539 946301 956302
1110 3021904 3031905 196169 206170
1217 3885552 3895553 -438392 -428391
486 3052058 3062059 2080919 2090920
1387 3777030 3787031 -738809 -728808
361 2941312 2951313 2401744 2411745
1774 2649030 2659031 -1239820 -1229819
119 2662207 2672208 2181853 2191854
1774 2663878 2673879 -2189815 -2179814
119 1712201 1722202 2195974 2205975
1637 2812565 2822566 -1945352 -1935351
199 1907639 1917640 2036626 2046627
199 2811383 2821384 1937067 1947068
1637 2712456 2722457 -1041669 -1031668
1508 3772007 3782008 -1170042 -1160041
280 2608732 2618733 2691693 2701694
793 3173649 3183650 269673 279674
863 2963656 2973657 313419 323420
79 2586273 2596274 2213307 2223308
1846 2524870 2534871 -1330537 -1320536
79 1696237 1706238 2276145 2286146
1846 2588671 2598672 -2220504 -2210503
119 1837667 1847668 2181489 2191490
1774 2649296 2659297 -2064360 -2054359
1884 2504775 2514776 -1370133 -1360132
59 2552989 2562990 2272001 2282002
1884 2554654 2564655 -2280130 -2270129
59 1642956 1652957 2321215 2331216
770 3640703 3650704 436358 446359
887 3072358 3082359 726817 736818
1300 2992858 3002859 -226831 -216830
423 3364705 3374706 1400654 1410655
1387 3847065 3857066 -918796 -908795
361 2761259 2771260 2471609 2481610
10000 48
0 2356795 2366796 556795 566796
0 1565000 1575001 556795 566796
614 2122217 2132218 -607320 -597319
1059 1600141 1610142 -1130469 -1120468
159 2623087 2633088 1141815 1151816
1704 1764074 1774075 -1257867 -1247866
199 2102243 2112244 173026 183027
1637 948847 958848 -1751883 -1741882
911 2550327 2560328 -1066236 -1056235
748 1900165 1910166 -29946 -19945
320 2771813 2781814 524540 534541
1447 1752111 1762112 -962228 -952227
209 2653034 2663035 1004261 1014262
1620 1818239 1828240 -1192113 -1182112
1110 2384655 2394656 -1462712 -1452711
571 1873452 1883453 306986 316987
486 2235599 2245600 -401881 -391880
1217 1403361 1413362 -1256701 -1246700
361 2106962 2116963 -102657 -92656
1387 1273415 1283416 -1575516 -1565515
119 1698079 1708080 1245968 1255969
1774 1713882 1723883 -2204662 -2194661
119 2648086 2658087 1231846 1241847
1774 1699035 1709036 -1254667 -1244666
199 2711824 2721825 1033323 1043324
1637 1808773 1818774 -1141779 -1131778
1637 1908882 1918883 -2045462 -2035461
199 1808080 1818081 1132882 1142883
280 2241639 2251640 -802 9199
1508 1079692 1089693 -1538459 -1528458
863 2584350 2594351 -486474 -476473
793 2374174 2384175 -110513 -100512
1846 1698703 1708704 -2284305 -2274304
79 1633399 1643400 1386109 1396110
1846 1634902 1644903 -1394337 -1384336
79 2523435 2533436 1323271 1333272
1774 1713616 1723617 -1380122 -1370121
119 2522620 2532621 1246332 1256333
59 1593742 1603743 1411182 1421183
1884 1644657 1654658 -2330010 -2320009
59 2503775 2513776 1361968 1371969
1884 1594778 1604779 -1420013 -1410012
887 2471236 2481237 -1011793 -1001792
770 1902639 1912640 -166342 -156341
423 1812333 1822334 592507 602508
1300 2186558 2196559 -1780163 -1770162
361 2287015 2297016 -172523 -162522
1387 1203381 1213382 -1395530 -1385529
