29600 7803
7803
4
45
5337 5337 1
5337 24263 1
5616 14800 1
7165 7786 1
7165 21814 1
7490 14440 1
7490 15160 1
7786 7165 1
7786 22435 1
7795 7795 1
7795 21805 1
7799 11571 1
7799 18029 1
11571 7799 1
11571 21801 1
11809 14800 1
12653 12653 1
12653 16947 1
14440 7490 1
14440 22110 1
14800 5616 1
14800 11809 1
14800 14800 1
14800 17791 1
14800 23984 1
15160 7490 1
15160 22110 1
16947 12653 1
16947 16947 1
17791 14800 1
18029 7799 1
18029 21801 1
21801 11571 1
21801 18029 1
21805 7795 1
21805 21805 1
21814 7165 1
21814 22435 1
22110 14440 1
22110 15160 1
22435 7786 1
22435 21814 1
23984 14800 1
24263 5337 1
24263 24263 1
