110 10.99679327395374924222302219937687189421215529403736601218843250047298
0.5 10.49679327395374924222302219937687189421215529403736601218843250047298 0.0
10.49679327395374924222302219937687189421215529403736601218843250047298 0.5 0.0
0.5 0.5 3.936783230802258417187059763555687792078029079725128189544913929460517e-75
1.5 0.5 3.91286390222428961988120982390968232433433662367426359578248932659955e-75
2.5 0.5 -3.76910632137690139364908139876449794749093246862108750195781620839475e-77
3.5 0.5 0.0
0.5 1.5 3.945964387226125228274153679783447466565506992148692377049682968942504e-75
1.5 1.5 5.073796971084290337604532652182978006237793707759156252635521818992933e-78
2.5 1.5 -3.020117244693029962859840864394629765617734349988893303352176758612322e-80
0.5 2.5 3.930018168174146030070253720019443821403045354781449314541399900368526e-75
1.5 2.5 3.91310551160386506227823861117883389471558604242225212703261482763855e-75
0.5 3.5 3.929534949414995145276196145481140680640546517285472252041148898290527e-75
10.49679327395374924222302219937687189421215529403736601218843250047298 10.49679327395374924222302219937687189421215529403736601218843250047298 -3.986554762994799550974989941000911290615409341810765627070767143494448e-78
9.496793273953749242223022199376871894212155294037366012188432500472982 10.49679327395374924222302219937687189421215529403736601218843250047298 -1.884553160688450696824540699382248973745466234310543750978908104197375e-77
8.496793273953749242223022199376871894212155294037366012188432500472982 10.49679327395374924222302219937687189421215529403736601218843250047298 2.126162540263893093853327968533819354994884982299075001104409143197039e-77
7.496793273953749242223022199376871894212155294037366012188432500472982 10.49679327395374924222302219937687189421215529403736601218843250047298 0.0
6.496793273953749242223022199376871894212155294037366012188432500472982 10.49679327395374924222302219937687189421215529403736601218843250047298 1.353012525622477423361208707248794134996744988735775000702805818398116e-77
5.496793273953749242223022199376871894212155294037366012188432500472982 10.49679327395374924222302219937687189421215529403736601218843250047298 3.04427818265057420256271959130978680374267622465549375158131309139576e-77
4.496793273953749242223022199376871894212155294037366012188432500472982 10.49679327395374924222302219937687189421215529403736601218843250047298 2.126076952117540667148515335218457182875591037744229129299787819003887e-77
3.496793273953749242223022199376871894212155294037366012188432500472982 10.49679327395374924222302219937687189421215529403736601218843250047298 4.83218759150884794057574538303140762498837495977062500251002077999327e-79
2.496793273953749242223022199376871894212155294037366012188432500472982 10.49679327395374924222302219937687189421215529403736601218843250047298 4.83218759150884794057574538303140762498837495977062500251002077999327e-79
10.49679327395374924222302219937687189421215529403736601218843250047298 9.496793273953749242223022199376871894212155294037366012188432500472982 -1.159725021962123505738178891927537829997209990344950000602404987198385e-77
9.496793273953749242223022199376871894212155294037366012188432500472982 9.496793273953749242223022199376871894212155294037366012188432500472982 -1.449656277452654382172723614909422287496512487931187500753006233997981e-77
8.496793273953749242223022199376871894212155294037366012188432500472982 9.496793273953749242223022199376871894212155294037366012188432500472982 -2.5127375475846009290993875991763319649939549790807250013052108055965e-77
7.496793273953749242223022199376871894212155294037366012188432500472982 9.496793273953749242223022199376871894212155294037366012188432500472982 -1.836231284773362217418783245551934897495582484712837500953807896397443e-77
6.496793273953749242223022199376871894212155294037366012188432500472982 9.496793273953749242223022199376871894212155294037366012188432500472982 -3.189243810395839640779991952800729032492327473448612501656613714795558e-77
5.496793273953749242223022199376871894212155294037366012188432500472982 9.496793273953749242223022199376871894212155294037366012188432500472982 -5.122118846999378817010290106013292082487677457356862502660622026792866e-77
4.496793273953749242223022199376871894212155294037366012188432500472982 9.496793273953749242223022199376871894212155294037366012188432500472982 -5.701981357980440569879379551977060997486282452529337502961824520392058e-77
3.496793273953749242223022199376871894212155294037366012188432500472982 9.496793273953749242223022199376871894212155294037366012188432500472982 0.0
10.49679327395374924222302219937687189421215529403736601218843250047298 8.496793273953749242223022199376871894212155294037366012188432500472982 2.416093795754423970287872691515703812494187479885312501255010389996635e-79
9.496793273953749242223022199376871894212155294037366012188432500472982 8.496793273953749242223022199376871894212155294037366012188432500472982 3.865750073207078352460596306425126099990699967816500002008016623994616e-78
8.496793273953749242223022199376871894212155294037366012188432500472982 8.496793273953749242223022199376871894212155294037366012188432500472982 -9.66437518301769588115149076606281524997674991954125000502004155998654e-78
7.496793273953749242223022199376871894212155294037366012188432500472982 8.496793273953749242223022199376871894212155294037366012188432500472982 -1.063081270131946546926663984266909677497442491149537500552204571598519e-77
6.496793273953749242223022199376871894212155294037366012188432500472982 8.496793273953749242223022199376871894212155294037366012188432500472982 -1.353012525622477423361208707248794134996744988735775000702805818398116e-77
5.496793273953749242223022199376871894212155294037366012188432500472982 8.496793273953749242223022199376871894212155294037366012188432500472982 -7.828143898244333663732707520510880352481167434828412504066233663589097e-77
4.496793273953749242223022199376871894212155294037366012188432500472982 8.496793273953749242223022199376871894212155294037366012188432500472982 -1.150212197373924294327236995952895689070533150356558170476091980596041e-78
10.49679327395374924222302219937687189421215529403736601218843250047298 7.496793273953749242223022199376871894212155294037366012188432500472982 -7.248281387263271910863618074547111437482562439655937503765031169989905e-79
9.496793273953749242223022199376871894212155294037366012188432500472982 7.496793273953749242223022199376871894212155294037366012188432500472982 -2.512737547584600929099387599176334201180490414198800440201103690179936e-77
8.496793273953749242223022199376871894212155294037366012188432500472982 7.496793273953749242223022199376871894212155294037366012188432500472982 -7.731500146414156704921192612850274561846754286813754392974962093823588e-78
7.496793273953749242223022199376871894212155294037366012188432500472982 7.496793273953749242223022199376871894212155294037366012188432500472982 1.976364724927118807695479861659845718620245358546185626026598499017247e-75
6.496793273953749242223022199376871894212155294037366012188432500472982 7.496793273953749242223022199376871894212155294037366012188432500472982 -1.353012525622477423361208707248794134996744988735775000702805818398116e-77
5.496793273953749242223022199376871894212155294037366012188432500472982 7.496793273953749242223022199376871894212155294037366012188432500472982 -4.83218759150884794057574538303140762498837495977062500251002077999327e-78
4.496793273953749242223022199376871894212155294037366012188432500472982 7.496793273953749242223022199376871894212155294037366012188432500472982 -1.510058622346513050099788007800033020783303481146465904941007311242792e-78
10.49679327395374924222302219937687189421215529403736601218843250047298 6.496793273953749242223022199376871894212155294037366012188432500472982 1.652245742226662832081361740093014052174150108119570953983238855199199e-75
9.496793273953749242223022199376871894212155294037366012188432500472982 6.496793273953749242223022199376871894212155294037366012188432500472982 -3.285887562226016599591506860461357184992094972644025001706814130395423e-77
8.496793273953749242223022199376871894212155294037366012188432500472982 6.496793273953749242223022199376871894212155294037366012188432500472982 -2.609381299414777887910902506836960117493722478276137501355411221196366e-77
7.496793273953749242223022199376871894212155294037366012188432500472982 6.496793273953749242223022199376871894212155294037366012188432500472982 -3.189243810395839640779991952800729032492327473448612501656613714795558e-77
6.496793273953749242223022199376871894212155294037366012188432500472982 6.496793273953749242223022199376871894212155294037366012188432500472982 -7.731500146414156704921192612850252199981399935633000004016033247989232e-78
5.496793273953749242223022199376871894212155294037366012188432500472982 6.496793273953749242223022199376871894212155294037366012188432500472982 -4.928831343339024899387260290692035777488142458966037502560221195593135e-76
10.49679327395374924222302219937687189421215529403736601218843250047298 5.496793273953749242223022199376871894212155294037366012188432500472982 2.022028897666877420733920655529492520676385501916018032300318195388184e-75
9.496793273953749242223022199376871894212155294037366012188432500472982 5.496793273953749242223022199376871894212155294037366012188432500472982 4.904670405381480659684381563776878739363200584167184377547671091693169e-77
8.496793273953749242223022199376871894212155294037366012188432500472982 5.496793273953749242223022199376871894212155294037366012188432500472982 2.696964699510875756833837891904404380696636774421980079525905347833744e-77
7.496793273953749242223022199376871894212155294037366012188432500472982 5.496793273953749242223022199376871894212155294037366012188432500472982 -7.190295136165165735576709129950734545982701940138690003734910920629985e-76
6.496793273953749242223022199376871894212155294037366012188432500472982 5.496793273953749242223022199376871894212155294037366012188432500472982 3.551657879759003236323172856528084604366455595431409376844865273295053e-76
5.496793273953749242223022199376871894212155294037366012188432500472982 5.496793273953749242223022199376871894212155294037366012188432500472982 2.245517573774161637985548879494695123332097843805409438666406656462872e-75
10.49679327395374924222302219937687189421215529403736601218843250047298 4.496793273953749242223022199376871894212155294037366012188432500472982 4.445612584188140105329685752388895014989304962988975002309219117593808e-77
9.496793273953749242223022199376871894212155294037366012188432500472982 4.496793273953749242223022199376871894212155294037366012188432500472982 2.222806292094070052664842876194447507494652481494487501154609558796904e-77
8.496793273953749242223022199376871894212155294037366012188432500472982 4.496793273953749242223022199376871894212155294037366012188432500472982 3.778166673110980483537660921357681836787785671670657423837522497357238e-77
7.496793273953749242223022199376871894212155294037366012188432500472982 4.496793273953749242223022199376871894212155294037366012188432500472982 1.546300029282831340984238522570050439996279987126600000803206649597846e-77
10.49679327395374924222302219937687189421215529403736601218843250047298 3.496793273953749242223022199376871894212155294037366012188432500472982 -9.838333936312014407012217599851945924476331418092992505110402308066297e-76
9.496793273953749242223022199376871894212155294037366012188432500472982 3.496793273953749242223022199376871894212155294037366012188432500472982 1.015725831735159837109021679513201882772556416543785375527606367954585e-75
10.49679327395374924222302219937687189421215529403736601218843250047298 2.496793273953749242223022199376871894212155294037366012188432500472982 0.0
4.487099866440113709763891315619045952314963657740989380116359600939216 6.487099866440113709763891315619045952314963657740989380116359600939216 1.121836642721274429947693918045212469043130729737104097527808477119424
4.484021357058071658490917303697155504755685321593762100960716906669648 5.486847868520387059527420651028799744653495411465940086632652041106673 1.121836642721274429947693918045212469043130729737104097527808477119424
6.48466664902027168556846785062087602992550341124330921954983772697689 4.496793273953749242223022199376871894212155294037366012188432500472982 -1.060205864477825654586553225199751939585514931737329332798506546053847e-75
5.356827594610194252205220535402483307178375635036261753113292378732294 4.495411217930443382563340796572593985286137906293318569988933029345961 0.1585916433204411274730989595169817129931675088506933146556114438635135
1.574898229197617436609975478454863434231999416863668842175947291832006 9.721378313301823473969003623749276501093052936739940657811496084102008 26.06369189946935390971050329461095277963363132415281604470266052698501
0.669132766221849200004792173602385929598312941379845142364501953125 9.296366681832691999995207826397614070401687058620154857635498046875 26.10614401847347776763774886240787183403556312483386281330249287134266
2.435913688949894550365225657637898582321075767123461229941365531506839 9.017850309050675862446509773503424653904388512379084397532456289971869 24.87231083279458531481699975499075905876538466396069289414246326813469
1.53281890951042197384987236135787873995292954223792677338961179973487 8.588295542444134932049345930981912354891298436071054775656211629799869 24.87231083279458531481699975499075905876538466396069289414246326813469
0.6639224003963528387663826770756522207847575007235179643538303253685879 8.084973582454843183249472287520541825643129873478808493057856393028649 24.87231083279458531481699975499075905876538466396069289414246326813469
1.545392328049069587374198578438934052064024492785586627790298271184078 7.391209054204757992861660353073405101319628287803090202309126286463852 27.48862500957443855575162130076035161583865888829779234218100764017673
2.423018095745512381944524734377965081648472462816231354669625052339782 7.899029979135912783981557795400957306332267124179164344409022810229351 25.98591270586151971174132638935673542605288750423106768469859086784894
3.330601033392386947210632716363249356343750021654960650193750437861603 8.330601033392386947210632716363249356343750021654960650193750437861603 25.41377965291465790402035828809516989814140948683872406295846059509815
0.6743374960423095585998360452866088554709714983053927775953830962910506 6.89879434218985051721238188253945366843433901306011659023485820172311 27.48862500957443855575162130076035161583865888829779234218100764017673
2.427608760207856190997924795029918318753931703710761654844956586603399 6.721596296602932910566464969404837206023754098023083716585133252517803 29.47984566359742157344075171977287049323124577004585645462105801038311
3.334619626936890758628364713615389524923697368100510628561452065432524 7.225375253079688258036851792249905655005224943837028118894044601198953 25.41377965291465790402035828809516989814140948683872406295846059509815
0.681908043514222000004792173602385929598312941379845142364501953125 5.742912500499977999995207826397614070401687058620154857635498046875 29.62164746424798776763774886240787183403556312483386281330249287134266
1.557028521394398260083912618071558900392429135371281831638763409846584 6.229449876160515413567144495971156646216939733038592514039016996747919 29.47984566359742157344075171977287049323124577004585645462105801038311
3.276641163176712157473599978670153332220929563738832327408205650047 6.052834544355666647949947670004226631707562271390313359855132087251165 29.47984566359742157344075171977287049323124577004585645462105801038311
0.5 4.5 -7.333986685034499830197759920450381854276006853223090042384018702237296e-81
1.535583449638390480832090330009069485446158993155355208330844662562815 5.068599796884967249290601603943726321404873829328784030118640060699752 29.47984566359742157344075171977287049323124577004585645462105801038311
2.406112306407551319152845154339611408833544278447093767869525156304908 5.560717170620316948620274636973976476556218050359548694986886073975459 29.47984566359742157344075171977287049323124577004585645462105801038311
1.6813231152522552688252139286803960392693647531612516122034632535089 3.987899647626626119815671170058076013892243979570988623328634067445706 29.47984566359742157344075171977287049323124577004585645462105801038311
2.545699674679658882390482056414036513371586501988149227869883474848011 4.490900100597264257201894771781657226491955688875873366050298695633864 29.47984566359742157344075171977287049323124577004585645462105801038311
3.416228531448819720711236880744578436758971787279887787408563968590103 4.983017474332613956531567804811907381643299909906638030918544708909571 29.47984566359742157344075171977287049323124577004585645462105801038311
9.735498471300330196755959146257976145628103015548394618809015177713393 1.569603418109326858314757863182738200292707568569311555509554442588524 -28.28385705968424525071397731595817344191125981285584310501331366410781
9.283526842195817716273749408668390616682387145836658355928636310035655 0.6772255048424881116267193691490439263533321059207687253174600573850866 -28.28385705968424525071397731595817344191125981285584310501331366410781
9.025190704979472385965974752560891322884186987208698565665689427540295 2.437235730629028025823992926991432497771086893885350643254964730890647 -23.91648517542794625892514131068784682431479356732056346528992408145937
8.57273785243372656268425236600545767566892947839005584042874141672145 1.543963484890920477351774701458633056157557793164590404685441407864941 -23.91648517542794625892514131068784682431479356732056346528992408145937
8.099811294905460899525606309052614661036838275544966266451632146505141 0.659770984755383233425849926948713694331048545220923556324042509047858 -23.91648517542794625892514131068784682431479356732056346528992408145937
7.402769905694012601511223846824349699440129848173676542255516399681385 1.552289981347750704156600726443799114404307762570120546010453505941268 -26.41395112463968415969893465866075215898254606305888592059682810870661
7.87468718320241086873237777758049228969868915889492187670170240281045 2.434450542513774893241192032548631345748076487423407912483167642150571 -26.41395112463968415969893465866075215898254606305888592059682810870661
8.326564907100681508721583515207443120747391152289060986494977769910781 3.326564907100681508721583515207443120747391152289060986494977769910781 -26.41395112463968415969893465866075215898254606305888592059682810870661
6.930653423214303956343688631479122879929655724097350543326993109438772 0.6702283668530677335014386841694287734647641417483050256934547305622004 -26.41395112463968415969893465866075215898254606305888592059682810870661
6.726846069615839889888116803293437080512052355341364404824085015984842 2.440272353155977624477291507312197001090698459319644372148425097816692 -28.11664137341218367995588400728848160505892936737023867832491602005518
7.201906406063513353111078050291399180681727481922036963042948296979482 3.328009889302135146002684658789483589050834721458698938719087060520841 -27.32546587159340754192409896054286643683094100833821025833809953203691
5.783679697847509404196822028261221256738705716139720529309425127150236 0.6766290485875035264086619833850021007217309765018937456813018745701349 -28.11664137341218367995588400728848160505892936737023867832491602005518
6.254947770084661031247980180122739216985873638630439770553581982796082 1.558619073525358952174827798293488341918025007014961995799748768064558 -28.11664137341218367995588400728848160505892936737023867832491602005518
6.091245936913210831500959470311428063890949760701202734847288580944304 3.37263100395298368414148633520602350852188268884138689260038881493103 -28.15758215155606074591141652305296786197184996070086661505046013833979
4.676629048587503526408661983385002100721730976501893745681301874570135 0.726690513901084578110687069015202919863506409428022479213469743824533 -28.11664137341218367995588400728848160505892936737023867832491602005518
5.147897120824655153459820135246520060968898898992612986925458730215982 1.608680538838940003876852883923689161059800439941090729331916637318956 -28.11664137341218367995588400728848160505892936737023867832491602005518
5.619347757853809735052833018243068287811392776569157096500708439871905 2.490977949401239151647017712167804489862199779412384518169803666020414 -28.15758215155606074591141652305296786197184996070086661505046013833979
3.993600191012564196255911968649597389765963390588262144823510450322352 1.570319404326185123383428830092606296029030697335526432885676208852025 -28.11664137341218367995588400728848160505892936737023867832491602005518
4.464567514602381060124963677808498838724195549227577358820512552710845 2.452470126359529096502538360855483229725870648296071934183251121302225 -28.11664137341218367995588400728848160505892936737023867832491602005518
4.936584644544617945028613850532678162400738889953925843604603663186463 3.334464602409892031547404327367976890529246940923817386488712776851355 -28.15758215155606074591141652305296786197184996070086661505046013833979
4.16858559787808241953303514018171609752300080903869734585018792538236 4.247964325492598385536522304555577942797130780887592500657425940813429 32.13652355271293573811073397554843617223659323033509788448409537769884
3.30377926344749283410362314881578889504648270167483879753972988922139 3.744716853625466599564487087289099357071410520768425010753261472052739 32.13652355271293573811073397554843617223659323033509788448409537769884
2.432256785897934455147224060628399850448404263292648296705136681797692 3.25186660265942170596936213833382430801952896020190870660768196219948 32.15445237769247956078147212348169649878859321008436363069580692286058
3.304936526320312741724898727309662008375468527703286867193590491916351 2.404016717305675437684824955949794133335932428732556208519639879235006 -28.08346801836889801621319775415340983808438727038827662980480536459608
