17 4.675530093604550951634111270483146648767143855015879695416889504148882
0.5 0.5 0.0
1.5 0.5 0.0
0.5 1.5 0.0
0.5 4.175530093604550951634111270483146648767143855015879695416889504148882 0.0
4.175530093604550951634111270483146648767143855015879695416889504148882 0.5 0.0
3.175430093604550999995207826397614070401687058620154857635498046875 0.500100000000000000004792173602385929598312941379845142364501953125 0.00572957795130823236225113759212816596443687516613718669750712865734238
4.175530093604550951634111270483146648767143855015879695416889504148882 1.5 0.0
4.175530093604550951634111270483146648767143855015879695416889504148882 4.175530093604550951634111270483146648767143855015879695416889504148882 0.0
0.7042021556575175596457466513439977085502385458078726925414057629898784 2.704202155657517559645746651343997708550238545807872692541405762989878 39.80495897976779505586625369654231283763095858714397590869009386511773
1.436043493998224813380209437748061064898728011206262722801617934055669 3.388043433263362920859622817779862776780984842888296106695192876395333 39.80495897976779505586625369654231283763095858714397590869009386511773
1.556737163170879173817180031492849966138792417335805879707910311500276 2.112935871840351885661604655134144913021480700811733646343254094120909 39.80495897976779505586625369654231283763095858714397590869009386511773
2.288578501511586427551642817896913322487281882734195909968122482566066 2.796777149446197246875480821570009981252226997892157060497041207526364 39.80495897976779505586625369654231283763095858714397590869009386511773
2.295286446181523357932174209452487023673691128477113777405322398258532 1.426683547666739311837429523059593235926012090021373857900017204978812 39.80495897976779505586625369654231283763095858714397590869009386511773
3.027127784522230611666636995856550380022180593875503807665534569324322 2.110524825272584673051305689495458304156758387101797272053804318384267 39.80495897976779505586625369654231283763095858714397590869009386511773
2.347324826510285097181228465470488566443727772684908605587515196468478 4.175530093604550951634111270483146648767143855015879695416889504148882 7.422240140557590436724344908336242111982143938207680003855391918069662e-76
3.245073712656966072733781294354264747247999765367553890674903021912836 3.372493861493853527556343964397078186801777633688069945770224557419368 -36.62378638344658932018594335472975013792963843110751421979757162556808
4.175530093604550951634111270483146648767143855015879695416889504148882 2.613460132512564045521101057038337854092953619292651559550634755027051 0.0
