71 8.944071557570315506565203868717210448457074188519900669221705081955915
8.444071557570315506565203868717210448457074188519900669221705081955915 8.444071557570315506565203868717210448457074188519900669221705081955915 0.0
0.5 0.5 0.0
0.500100000000000000004792173602385929598312941379845142364501953125 4.408097516699396499995207826397614070401687058620154857635498046875 -0.00572957795130823236225113759212816596443687516613718669750712865734238
0.5 8.444071557570315506565203868717210448457074188519900669221705081955915 -7.677636448796560604493206170969617180492245781042962779513848282235053e-221
1.5 8.444071557570315506565203868717210448457074188519900669221705081955915 -1.684816513955805231181695198629361461787002918604523182053247369677702e-144
2.5 8.444071557570315506565203868717210448457074188519900669221705081955915 -1.684816513955805231181695198629361461787002918604523182053247369677702e-144
3.5 8.444071557570315506565203868717210448457074188519900669221705081955915 -1.684816513955805231181695198629361461787002918604523182053247369677702e-144
4.5 8.444071557570315506565203868717210448457074188519900669221705081955915 -1.684816513955805231181695198629361461787002918604523182053247369677702e-144
0.5 7.444071557570315506565203868717210448457074188519900669221705081955915 0.0
1.5 7.444071557570315506565203868717210448457074188519900669221705081955915 0.0
2.5 7.444071557570315506565203868717210448457074188519900669221705081955915 0.0
0.5 6.444071557570315506565203868717210448457074188519900669221705081955915 0.0
1.5 6.444071557570315506565203868717210448457074188519900669221705081955915 0.0
0.5 5.444071557570315506565203868717210448457074188519900669221705081955915 0.0
6.354559346172726572902779794421277846910865218144145203375306156477386 5.5 1.029217299490652540559109160622625572861523959431464960534614345972327e-73
5.134707892179395342677447936507212118053917950766924571552572194022239 5.5 9.500467379913715759007161482670389903337144240905830404934901655129168e-74
8.444071557570315506565203868717210448457074188519900669221705081955915 0.5 8.320618968650692707737088956335645233846203149092482861996248587195365e-119
7.444071557570315506565203868717210448457074188519900669221705081955915 0.5 1.583411229985619293167860247111731650556190706817638400822483609188195e-73
6.444071557570315506565203868717210448457074188519900669221705081955915 0.5 1.187558422489214469875895185333798737917143030113228800616862706891146e-74
5.444071557570315506565203868717210448457074188519900669221705081955915 0.5 7.917056149928096465839301235558658252780953534088192004112418045940973e-75
4.444071557570315506565203868717210448457074188519900669221705081955915 0.5 1.583411229985619293167860247111731650556190706817638400822483609188195e-74
3.444071557570315506565203868717210448457074188519900669221705081955915 0.5 1.583411229985619293167860247111731650556190706817638400822483609188195e-74
2.443971557570315399995207826397614070401687058620154857635498046875 0.500100000000000000004792173602385929598312941379845142364501953125 0.00572957795130823236225113759212816596443687516613718669750712865734238
8.444071557570315506565203868717210448457074188519900669221705081955915 1.5 0.0
7.444071557570315506565203868717210448457074188519900669221705081955915 1.5 1.583411229985619293167860247111731650556190706817638400822483609188195e-73
6.444071557570315506565203868717210448457074188519900669221705081955915 1.5 1.187558422489214469875895185333798737917143030113228800616862706891146e-74
5.444071557570315506565203868717210448457074188519900669221705081955915 1.5 1.108387860989933505217502172978212155389333494772346880575738526431736e-73
4.444071557570315506565203868717210448457074188519900669221705081955915 1.5 1.583411229985619293167860247111731650556190706817638400822483609188195e-74
3.444071557570315506565203868717210448457074188519900669221705081955915 1.5 1.068802580240293022888305666800418864125428727101905920555176436202031e-73
8.444071557570315506565203868717210448457074188519900669221705081955915 2.5 0.0
7.444071557570315506565203868717210448457074188519900669221705081955915 2.5 1.583411229985619293167860247111731650556190706817638400822483609188195e-73
6.444071557570315506565203868717210448457074188519900669221705081955915 2.5 1.979264037482024116459825308889664563195238383522048001028104511485243e-73
5.444071557570315506565203868717210448457074188519900669221705081955915 2.5 1.187558422489214469875895185333798737917143030113228800616862706891146e-73
4.444071557570315506565203868717210448457074188519900669221705081955915 2.5 1.068802580240293022888305666800418864125428727101905920555176436202031e-73
3.444071557570315506565203868717210448457074188519900669221705081955915 2.5 1.068802580240293022888305666800418864125428727101905920555176436202031e-73
8.444071557570315506565203868717210448457074188519900669221705081955915 3.5 0.0
7.444071557570315506565203868717210448457074188519900669221705081955915 3.5 1.900093475982743151801432296534077980667428848181166080986980331025834e-73
6.444071557570315506565203868717210448457074188519900669221705081955915 3.5 1.979264037482024116459825308889664563195238383522048001028104511485243e-73
5.444071557570315506565203868717210448457074188519900669221705081955915 3.5 1.741752352984181222484646271822904815611809777499402240904731970107014e-73
4.444071557570315506565203868717210448457074188519900669221705081955915 3.5 9.500467379913715759007161482670389903337144240905830404934901655129168e-74
8.444071557570315506565203868717210448457074188519900669221705081955915 4.5 0.0
7.444071557570315506565203868717210448457074188519900669221705081955915 4.5 1.900093475982743151801432296534077980667428848181166080986980331025834e-73
6.444071557570315506565203868717210448457074188519900669221705081955915 4.5 9.500467379913715759007161482670389903337144240905830404934901655129168e-74
5.444071557570315506565203868717210448457074188519900669221705081955915 4.5 9.104614572417310935715196420892456990698096564201420804729280752832119e-74
4.444071557570315506565203868717210448457074188519900669221705081955915 4.5 9.500467379913715759007161482670389903337144240905830404934901655129168e-74
8.444071557570315506565203868717210448457074188519900669221705081955915 5.5 1.900093475982743151801432296534077980667428848181166080986980331025834e-73
7.444071557570315506565203868717210448457074188519900669221705081955915 5.5 1.900093475982743151801432296534077980667428848181166080986980331025834e-73
8.444071557570315506565203868717210448457074188519900669221705081955915 6.5 1.900093475982743151801432296534077980667428848181166080986980331025834e-73
0.704229522336956924327668894599598315376894643113261414934011135208657 1.897765694710280202185016487568836526531432799662928408877397577746175 -39.8295068092207583744941704493826799681200684294174314259824708962309
1.472183293347880090865843446888563432648142917752048763390242978290898 1.257260421047289520067853250658605013048891788075192927465607150411102 -39.8295068092207583744941704493826799681200684294174314259824708962309
0.704229522336956924327668894599598315376894643113261414934011135208657 3.20052721124935040281723068118029209102161869081753026662352675567912 -39.8295068092207583744941704493826799681200684294174314259824708962309
1.612213714050532672965296951102098035250120912483451859088160445314153 3.745516139536281966051844694613318211721495736414307180219481766903322 -39.86531918209795122144138798908191213060851959908579169432995902160356
2.454172813864037986393343523171768139236013516297103046552674944458677 4.345235704356043515207553780457808676842368702928606839783321633405425 -39.86531918209795122144138798908191213060851959908579169432995902160356
1.686619536701808040081352835199993584240438877645182890916451357512648 4.986220857629909147209231381120963377293343340414791733804955843178528 -39.86531918209795122144138798908191213060851959908579169432995902160356
3.192305745412692769956978657680757814783328414497487546638159120060675 5.031660693228104647351654823529755272122671743626611090832333345974317 -39.86531918209795122144138798908191213060851959908579169432995902160356
2.424752468250462823644987969708983259787753775845567391001935533114646 5.67264584650197027935333242419290997257364638111279598485396755574742 -39.86531918209795122144138798908191213060851959908579169432995902160356
3.930438676961347553520613792189747490330643312697872046723643295662673 5.71808568210016577949575586660170186740297478432461534188134505854321 -39.86531918209795122144138798908191213060851959908579169432995902160356
3.162885399799117607208623104217972935335068674045951891087419708716644 6.359070835374031411497433467264856567853949421810800235902979268316313 -39.86531918209795122144138798908191213060851959908579169432995902160356
4.45706230779055689709141424211770306281314915365779072673456502691086 6.581142476964564438122199575057039879822432300741465975780638417596848 -39.86531918209795122144138798908191213060851959908579169432995902160356
1.471888264222435415699360421828647015808931270767851905831462103665018 2.55966820321638714061952042552956941816738861128931982759306766550058 -39.8295068092207583744941704493826799681200684294174314259824708962309
2.239842035233358582237534974117612133080179545406639254287693946747258 1.919162929553396458502357188619337904684847599701584346181277238165507 -39.8295068092207583744941704493826799681200684294174314259824708962309
2.380051440552467916827892047040899978136334219296137970850901146795224 3.104384190043843773522670524681705573356399544913872862258625791970883 -39.8295068092207583744941704493826799681200684294174314259824708962309
3.222115569014253112985913294596370999921069209889538555079996232916766 3.704229522336956924327668894599598315376894643113261414934011135208657 -39.8295068092207583744941704493826799681200684294174314259824708962309
7.68969470225730244679634189134237789754472772029105778656880343973035 7.431917003831285282255428038416660985150519087196151834841396687300002 34.55648824117400615198463180106581352046230301722208577399823408274186
7.112594716369074602545232645608127782509778384882811154901244949744461 8.24867863892317531295410470947050225880993546063485378862332871326697 34.55648824117400615198463180106581352046230301722208577399823408274186
7.011533164553336401447381139074071677292948038883894419471694051344141 6.653577949459323498779809805226915165603979344943121319698694922273897 34.55648824117400615198463180106581352046230301722208577399823408274186
6.434433178665108557196271893339821562257998703475647787804135561358252 7.470339584551213529478486476280756439263395718381823273480626948240865 34.55648824117400615198463180106581352046230301722208577399823408274186
5.818719873091262405180581278779827739896151585347784580387482335551384 6.594075086228519314069529537055995940546781554962994489297643676858611 36.29988537076148785663569006356827498522312901206287715162155181727276
5.80154589898315265744080055714069262252816941831089604855409144467478 8.24867863892317531295410470947050225880993546063485378862332871326697 34.55648824117400615198463180106581352046230301722208577399823408274186
3.704269215218047789156834144317464627723274638069052524828928898359566 7.23980234235226771740836972439974582073379955045084814439277618359635 -39.86531918209795122144138798908191213060851959908579169432995902160356
5.140535623778654014121301760620186738546446071901320877443596645262109 7.395945065668114752596440338980999963171898143295942570450592718209619 42.29862262637677651001075004343898656436855330858078012989526145577324
