3040 797
3985
10000000
680
2600 3976 288749
2600 11224 288749
3976 2600 288749
3976 12600 288749
11224 2600 288749
11224 12600 288749
12600 3976 288749
12600 11224 288749
2760 7245 190422
2760 7955 190422
7245 2760 190422
7245 12440 190422
7955 2760 190422
7955 12440 190422
12440 7245 190422
12440 7955 190422
3080 7240 113719
3080 7960 113719
7240 3080 113719
7240 12120 113719
7960 3080 113719
7960 12120 113719
12120 7240 113719
12120 7960 113719
3101 3954 304140
3101 11246 304140
3954 3101 304140
3954 12099 304140
11246 3101 304140
11246 12099 304140
12099 3954 304140
12099 11246 304140
3172 7404 761637
3172 7796 761637
7404 3172 761637
7404 12028 761637
7796 3172 761637
7796 12028 761637
12028 7404 761637
12028 7796 761637
3427 7598 75067
3427 7602 75067
7598 3427 75067
7598 11773 75067
7602 3427 75067
7602 11773 75067
11773 7598 75067
11773 7602 75067
3740 5745 283393
3740 9455 283393
5745 3740 283393
5745 11460 283393
9455 3740 283393
9455 11460 283393
11460 5745 283393
11460 9455 283393
3800 3920 83454
3800 11280 83454
3920 3800 83454
3920 11400 83454
11280 3800 83454
11280 11400 83454
11400 3920 83454
11400 11280 83454
3819 5780 175372
3819 9420 175372
5780 3819 175372
5780 11381 175372
9420 3819 175372
9420 11381 175372
11381 5780 175372
11381 9420 175372
3858 5434 129330
3858 9766 129330
5434 3858 129330
5434 11342 129330
9766 3858 129330
9766 11342 129330
11342 5434 129330
11342 9766 129330
3858 5867 348520
3858 9333 348520
5867 3858 348520
5867 11342 348520
9333 3858 348520
9333 11342 348520
11342 5867 348520
11342 9333 348520
3861 4949 8562
3861 10251 8562
4949 3861 8562
4949 11339 8562
10251 3861 8562
10251 11339 8562
11339 4949 8562
11339 10251 8562
3861 6303 144148
3861 8897 144148
6303 3861 144148
6303 11339 144148
8897 3861 144148
8897 11339 144148
11339 6303 144148
11339 8897 144148
3862 5799 261790
3862 9401 261790
5799 3862 261790
5799 11338 261790
9401 3862 261790
9401 11338 261790
11338 5799 261790
11338 9401 261790
3898 5394 141301
3898 9806 141301
5394 3898 141301
5394 11302 141301
9806 3898 141301
9806 11302 141301
11302 5394 141301
11302 9806 141301
3898 5709 129330
3898 9491 129330
5709 3898 129330
5709 11302 129330
9491 3898 129330
9491 11302 129330
11302 5709 129330
11302 9491 129330
3898 5995 64224
3898 9205 64224
5995 3898 64224
5995 11302 64224
9205 3898 64224
9205 11302 64224
11302 5995 64224
11302 9205 64224
3901 5473 101522
3901 9727 101522
5473 3901 101522
5473 11299 101522
9727 3901 101522
9727 11299 101522
11299 5473 101522
11299 9727 101522
3937 6079 74203
3937 9121 74203
6079 3937 74203
6079 11263 74203
9121 3937 74203
9121 11263 74203
11263 6079 74203
11263 9121 74203
3937 6176 83289
3937 9024 83289
6176 3937 83289
6176 11263 83289
9024 3937 83289
9024 11263 83289
11263 6176 83289
11263 9024 83289
3937 7497 148557
3937 7703 148557
7497 3937 148557
7497 11263 148557
7703 3937 148557
7703 11263 148557
11263 7497 148557
11263 7703 148557
3937 7521 66305
3937 7679 66305
7521 3937 66305
7521 11263 66305
7679 3937 66305
7679 11263 66305
11263 7521 66305
11263 7679 66305
3937 7560 5097
3937 7640 5097
7560 3937 5097
7560 11263 5097
7640 3937 5097
7640 11263 5097
11263 7560 5097
11263 7640 5097
3942 7431 13405
3942 7769 13405
7431 3942 13405
7431 11258 13405
7769 3942 13405
7769 11258 13405
11258 7431 13405
11258 7769 13405
3943 3943 297844
3943 11257 297844
11257 3943 297844
11257 11257 297844
3944 7324 50231
3944 7876 50231
7324 3944 50231
7324 11256 50231
7876 3944 50231
7876 11256 50231
11256 7324 50231
11256 7876 50231
3972 7403 236022
3972 7797 236022
7403 3972 236022
7403 11228 236022
7797 3972 236022
7797 11228 236022
11228 7403 236022
11228 7797 236022
5276 7310 464
5276 7890 464
7310 5276 464
7310 9924 464
7890 5276 464
7890 9924 464
9924 7310 464
9924 7890 464
5360 7452 45659
5360 7748 45659
7452 5360 45659
7452 9840 45659
7748 5360 45659
7748 9840 45659
9840 7452 45659
9840 7748 45659
5664 7600 22239
7600 5664 22239
7600 9536 22239
9536 7600 22239
5699 7324 74203
5699 7876 74203
7324 5699 74203
7324 9501 74203
7876 5699 74203
7876 9501 74203
9501 7324 74203
9501 7876 74203
5948 7446 160915
5948 7754 160915
7446 5948 160915
7446 9252 160915
7754 5948 160915
7754 9252 160915
9252 7446 160915
9252 7754 160915
6009 7458 41403
6009 7742 41403
7458 6009 41403
7458 9191 41403
7742 6009 41403
7742 9191 41403
9191 7458 41403
9191 7742 41403
6043 7400 149020
6043 7800 149020
7400 6043 149020
7400 9157 149020
7800 6043 149020
7800 9157 149020
9157 7400 149020
9157 7800 149020
7324 7357 412428
7324 7843 412428
7357 7324 412428
7357 7876 412428
7843 7324 412428
7843 7876 412428
7876 7357 412428
7876 7843 412428
4766 7520 30430
4766 7680 30430
7520 4766 30430
7520 10434 30430
7680 4766 30430
7680 10434 30430
10434 7520 30430
10434 7680 30430
4766 7480 52668
4766 7720 52668
7480 4766 52668
7480 10434 52668
7720 4766 52668
7720 10434 52668
10434 7480 52668
10434 7720 52668
4766 6724 43795
4766 8476 43795
6724 4766 43795
6724 10434 43795
8476 4766 43795
8476 10434 43795
10434 6724 43795
10434 8476 43795
4766 6548 22511
4766 8652 22511
6548 4766 22511
6548 10434 22511
8652 4766 22511
8652 10434 22511
10434 6548 22511
10434 8652 22511
3911 6519 190422
3911 8681 190422
6519 3911 190422
6519 11289 190422
8681 3911 190422
8681 11289 190422
11289 6519 190422
11289 8681 190422
3780 4814 1266
3780 10386 1266
4814 3780 1266
4814 11420 1266
10386 3780 1266
10386 11420 1266
11420 4814 1266
11420 10386 1266
3754 4831 22511
3754 10369 22511
4831 3754 22511
4831 11446 22511
10369 3754 22511
10369 11446 22511
11446 4831 22511
11446 10369 22511
3899 6645 2532
3899 8555 2532
6645 3899 2532
6645 11301 2532
8555 3899 2532
8555 11301 2532
11301 6645 2532
11301 8555 2532
3899 6565 113719
3899 8635 113719
6565 3899 113719
6565 11301 113719
8635 3899 113719
8635 11301 113719
11301 6565 113719
11301 8635 113719
3859 6605 1266
3859 8595 1266
6605 3859 1266
6605 11341 1266
8595 3859 1266
8595 11341 1266
11341 6605 1266
11341 8595 1266
3939 6724 144759
3939 8476 144759
6724 3939 144759
6724 11261 144759
8476 3939 144759
8476 11261 144759
11261 6724 144759
11261 8476 144759
6701 6884 112453
6701 8316 112453
6884 6701 112453
6884 8499 112453
8316 6701 112453
8316 8499 112453
8499 6884 112453
8499 8316 112453
6655 6924 1266
6655 8276 1266
6924 6655 1266
6924 8545 1266
8276 6655 1266
8276 8545 1266
8545 6924 1266
8545 8276 1266
6608 6964 1266
6608 8236 1266
6964 6608 1266
6964 8592 1266
8236 6608 1266
8236 8592 1266
8592 6964 1266
8592 8236 1266
5674 7600 30430
7600 5674 30430
7600 9526 30430
9526 7600 30430
3780 3955 160915
3780 11245 160915
3955 3780 160915
3955 11420 160915
11245 3780 160915
11245 11420 160915
11420 3955 160915
11420 11245 160915
3740 3957 136345
3740 11243 136345
3957 3740 136345
3957 11460 136345
11243 3740 136345
11243 11460 136345
11460 3957 136345
11460 11243 136345
3541 3970 141788
3541 11230 141788
3970 3541 141788
3970 11659 141788
11230 3541 141788
11230 11659 141788
11659 3970 141788
11659 11230 141788
3501 3973 16936
3501 11227 16936
3973 3501 16936
3973 11699 16936
11227 3501 16936
11227 11699 16936
11699 3973 16936
11699 11227 16936
3964 7281 144465
3964 7919 144465
7281 3964 144465
7281 11236 144465
7919 3964 144465
7919 11236 144465
11236 7281 144465
11236 7919 144465
3973 7321 144284
3973 7879 144284
7321 3973 144284
7321 11227 144284
7879 3973 144284
7879 11227 144284
11227 7321 144284
11227 7879 144284
2347 3984 655545
2347 11216 655545
3984 2347 655545
3984 12853 655545
11216 2347 655545
11216 12853 655545
12853 3984 655545
12853 11216 655545
3960 5133 129330
3960 10067 129330
5133 3960 129330
5133 11240 129330
10067 3960 129330
10067 11240 129330
11240 5133 129330
11240 10067 129330
3462 5372 129330
3462 9828 129330
5372 3462 129330
5372 11738 129330
9828 3462 129330
9828 11738 129330
11738 5372 129330
11738 9828 129330
5889 7596 93868
5889 7604 93868
7596 5889 93868
7596 9311 93868
7604 5889 93868
7604 9311 93868
9311 7596 93868
9311 7604 93868
5849 7600 120097
7600 5849 120097
7600 9351 120097
9351 7600 120097
5899 7560 4617
5899 7640 4617
7560 5899 4617
7560 9301 4617
7640 5899 4617
7640 9301 4617
9301 7560 4617
9301 7640 4617
5790 7555 41403
5790 7645 41403
7555 5790 41403
7555 9410 41403
7645 5790 41403
7645 9410 41403
9410 7555 41403
9410 7645 41403
5531 7321 47571
5531 7879 47571
7321 5531 47571
7321 9669 47571
7879 5531 47571
7879 9669 47571
9669 7321 47571
9669 7879 47571
5491 7321 55328
5491 7879 55328
7321 5491 55328
7321 9709 55328
7879 5491 55328
7879 9709 55328
9709 7321 55328
9709 7879 55328
3939 7570 47571
3939 7630 47571
7570 3939 47571
7570 11261 47571
7630 3939 47571
7630 11261 47571
11261 7570 47571
11261 7630 47571
3915 7600 72558
7600 3915 72558
7600 11285 72558
11285 7600 72558
5690 7401 61692
5690 7799 61692
7401 5690 61692
7401 9510 61692
7799 5690 61692
7799 9510 61692
9510 7401 61692
9510 7799 61692
3872 3984 113719
3872 11216 113719
3984 3872 113719
3984 11328 113719
11216 3872 113719
11216 11328 113719
11328 3984 113719
11328 11216 113719
3581 3976 133840
3581 11224 133840
3976 3581 133840
3976 11619 133840
11224 3581 133840
11224 11619 133840
11619 3976 133840
11619 11224 133840
3740 3966 24571
3740 11234 24571
3966 3740 24571
3966 11460 24571
11234 3740 24571
11234 11460 24571
11460 3966 24571
11460 11234 24571
3700 3969 497799
3700 11231 497799
3969 3700 497799
3969 11500 497799
11231 3700 497799
11231 11500 497799
11500 3969 497799
11500 11231 497799
3621 3974 133608
3621 11226 133608
3974 3621 133608
3974 11579 133608
11226 3621 133608
11226 11579 133608
11579 3974 133608
11579 11226 133608
3939 7419 254043
3939 7781 254043
7419 3939 254043
7419 11261 254043
7781 3939 254043
7781 11261 254043
11261 7419 254043
11261 7781 254043
2984 3966 603020
2984 11234 603020
3966 2984 603020
3966 12216 603020
11234 2984 603020
11234 12216 603020
12216 3966 603020
12216 11234 603020
2944 3969 113719
2944 11231 113719
3969 2944 113719
3969 12256 113719
11231 2944 113719
11231 12256 113719
12256 3969 113719
12256 11231 113719
2930 3984 113719
2930 11216 113719
3984 2930 113719
3984 12270 113719
11216 2930 113719
11216 12270 113719
12270 3984 113719
12270 11216 113719
5730 7548 17982
5730 7652 17982
7548 5730 17982
7548 9470 17982
7652 5730 17982
7652 9470 17982
9470 7548 17982
9470 7652 17982
3980 3983 697163
3980 11217 697163
3983 3980 697163
3983 11220 697163
11217 3980 697163
11217 11220 697163
11220 3983 697163
11220 11217 697163
5585 7574 133608
5585 7626 133608
7574 5585 133608
7574 9615 133608
7626 5585 133608
7626 9615 133608
9615 7574 133608
9615 7626 133608
1992 3984 452666
1992 11216 452666
3984 1992 452666
3984 13208 452666
11216 1992 452666
11216 13208 452666
13208 3984 452666
13208 11216 452666
5635 7600 974603
7600 5635 974603
7600 9565 974603
9565 7600 974603
3960 7520 37212
3960 7680 37212
7520 3960 37212
7520 11240 37212
7680 3960 37212
7680 11240 37212
11240 7520 37212
11240 7680 37212
2387 7287 113719
2387 7913 113719
7287 2387 113719
7287 12813 113719
7913 2387 113719
7913 12813 113719
12813 7287 113719
12813 7913 113719
3340 3965 148557
3340 11235 148557
3965 3340 148557
3965 11860 148557
11235 3340 148557
11235 11860 148557
11860 3965 148557
11860 11235 148557
3982 3983 30846
3982 11217 30846
3983 3982 30846
3983 11218 30846
11217 3982 30846
11217 11218 30846
11218 3983 30846
11218 11217 30846
3979 7281 1108210
3979 7919 1108210
7281 3979 1108210
7281 11221 1108210
7919 3979 1108210
7919 11221 1108210
11221 7281 1108210
11221 7919 1108210
3950 7242 113719
3950 7958 113719
7242 3950 113719
7242 11250 113719
7958 3950 113719
7958 11250 113719
11250 7242 113719
11250 7958 113719
