15680 3951
3951
10000000
1736
6430 6930 57303
6430 8750 57303
6930 6430 57303
6930 9250 57303
8750 6430 57303
8750 9250 57303
9250 6930 57303
9250 8750 57303
7806 7816 14395
7806 7864 14395
7816 7806 14395
7816 7874 14395
7864 7806 14395
7864 7874 14395
7874 7816 14395
7874 7864 14395
4756 7826 2192
4756 7854 2192
7826 4756 2192
7826 10924 2192
7854 4756 2192
7854 10924 2192
10924 7826 2192
10924 7854 2192
3444 7800 223659
3444 7880 223659
7800 3444 223659
7800 12236 223659
7880 3444 223659
7880 12236 223659
12236 7800 223659
12236 7880 223659
3128 7822 404293
3128 7858 404293
7822 3128 404293
7822 12552 404293
7858 3128 404293
7858 12552 404293
12552 7822 404293
12552 7858 404293
7324 7816 62941
7324 7864 62941
7816 7324 62941
7816 8356 62941
7864 7324 62941
7864 8356 62941
8356 7816 62941
8356 7864 62941
6012 7832 20625
6012 7848 20625
7832 6012 20625
7832 9668 20625
7848 6012 20625
7848 9668 20625
9668 7832 20625
9668 7848 20625
6256 7830 34060
6256 7850 34060
7830 6256 34060
7830 9424 34060
7850 6256 34060
7850 9424 34060
9424 7830 34060
9424 7850 34060
3946 5890 49363
3946 9790 49363
5890 3946 49363
5890 11734 49363
9790 3946 49363
9790 11734 49363
11734 5890 49363
11734 9790 49363
4530 6004 70342
4530 9676 70342
6004 4530 70342
6004 11150 70342
9676 4530 70342
9676 11150 70342
11150 6004 70342
11150 9676 70342
3830 7810 207091
3830 7870 207091
7810 3830 207091
7810 11850 207091
7870 3830 207091
7870 11850 207091
11850 7810 207091
11850 7870 207091
3822 7820 111295
3822 7860 111295
7820 3822 111295
7820 11858 111295
7860 3822 111295
7860 11858 111295
11858 7820 111295
11858 7860 111295
6008 7288 158073
6008 8392 158073
7288 6008 158073
7288 9672 158073
8392 6008 158073
8392 9672 158073
9672 7288 158073
9672 8392 158073
6200 7152 162903
6200 8528 162903
7152 6200 162903
7152 9480 162903
8528 6200 162903
8528 9480 162903
9480 7152 162903
9480 8528 162903
5894 7368 8933
5894 8312 8933
7368 5894 8933
7368 9786 8933
8312 5894 8933
8312 9786 8933
9786 7368 8933
9786 8312 8933
6398 7014 84889
6398 8666 84889
7014 6398 84889
7014 9282 84889
8666 6398 84889
8666 9282 84889
9282 7014 84889
9282 8666 84889
3940 6532 22987
3940 9148 22987
6532 3940 22987
6532 11740 22987
9148 3940 22987
9148 11740 22987
11740 6532 22987
11740 9148 22987
6604 7840 52964
7840 6604 52964
7840 9076 52964
9076 7840 52964
3852 3948 17827
3852 11732 17827
3948 3852 17827
3948 11828 17827
11732 3852 17827
11732 11828 17827
11828 3948 17827
11828 11732 17827
4846 7798 77551
4846 7882 77551
7798 4846 77551
7798 10834 77551
7882 4846 77551
7882 10834 77551
10834 7798 77551
10834 7882 77551
4884 7784 126785
4884 7896 126785
7784 4884 126785
7784 10796 126785
7896 4884 126785
7896 10796 126785
10796 7784 126785
10796 7896 126785
6596 6754 151310
6596 8926 151310
6754 6596 151310
6754 9084 151310
8926 6596 151310
8926 9084 151310
9084 6754 151310
9084 8926 151310
7816 7826 27238
7816 7854 27238
7826 7816 27238
7826 7864 27238
7854 7816 27238
7854 7864 27238
7864 7826 27238
7864 7854 27238
5440 7004 82900
5440 8676 82900
7004 5440 82900
7004 10240 82900
8676 5440 82900
8676 10240 82900
10240 7004 82900
10240 8676 82900
5212 7798 53900
5212 7882 53900
7798 5212 53900
7798 10468 53900
7882 5212 53900
7882 10468 53900
10468 7798 53900
10468 7882 53900
7784 7840 63525
7840 7784 63525
7840 7896 63525
7896 7840 63525
4562 7786 14249
4562 7894 14249
7786 4562 14249
7786 11118 14249
7894 4562 14249
7894 11118 14249
11118 7786 14249
11118 7894 14249
5492 7840 51585
7840 5492 51585
7840 10188 51585
10188 7840 51585
6398 7806 104495
6398 7874 104495
7806 6398 104495
7806 9282 104495
7874 6398 104495
7874 9282 104495
9282 7806 104495
9282 7874 104495
3594 7826 162537
3594 7854 162537
7826 3594 162537
7826 12086 162537
7854 3594 162537
7854 12086 162537
12086 7826 162537
12086 7854 162537
2960 7840 72301
7840 2960 72301
7840 12720 72301
12720 7840 72301
4684 7832 16744
4684 7848 16744
7832 4684 16744
7832 10996 16744
7848 4684 16744
7848 10996 16744
10996 7832 16744
10996 7848 16744
3948 7122 24348
3948 8558 24348
7122 3948 24348
7122 11732 24348
8558 3948 24348
8558 11732 24348
11732 7122 24348
11732 8558 24348
2844 7792 154498
2844 7888 154498
7792 2844 154498
7792 12836 154498
7888 2844 154498
7888 12836 154498
12836 7792 154498
12836 7888 154498
5132 7784 61373
5132 7896 61373
7784 5132 61373
7784 10548 61373
7896 5132 61373
7896 10548 61373
10548 7784 61373
10548 7896 61373
4384 7826 23518
4384 7854 23518
7826 4384 23518
7826 11296 23518
7854 4384 23518
7854 11296 23518
11296 7826 23518
11296 7854 23518
5806 7278 58312
5806 8402 58312
7278 5806 58312
7278 9874 58312
8402 5806 58312
8402 9874 58312
9874 7278 58312
9874 8402 58312
4890 6478 23518
4890 9202 23518
6478 4890 23518
6478 10790 23518
9202 4890 23518
9202 10790 23518
10790 6478 23518
10790 9202 23518
2330 7828 267098
2330 7852 267098
7828 2330 267098
7828 13350 267098
7852 2330 267098
7852 13350 267098
13350 7828 267098
13350 7852 267098
6708 6726 82574
6708 8954 82574
6726 6708 82574
6726 8972 82574
8954 6708 82574
8954 8972 82574
8972 6726 82574
8972 8954 82574
5954 7352 16164
5954 8328 16164
7352 5954 16164
7352 9726 16164
8328 5954 16164
8328 9726 16164
9726 7352 16164
9726 8328 16164
6518 6912 121830
6518 8768 121830
6912 6518 121830
6912 9162 121830
8768 6518 121830
8768 9162 121830
9162 6912 121830
9162 8768 121830
5916 7840 67119
7840 5916 67119
7840 9764 67119
9764 7840 67119
1896 7838 213262
1896 7842 213262
7838 1896 213262
7838 13784 213262
7842 1896 213262
7842 13784 213262
13784 7838 213262
13784 7842 213262
3922 5648 24751
3922 10032 24751
5648 3922 24751
5648 11758 24751
10032 3922 24751
10032 11758 24751
11758 5648 24751
11758 10032 24751
5770 7826 42861
5770 7854 42861
7826 5770 42861
7826 9910 42861
7854 5770 42861
7854 9910 42861
9910 7826 42861
9910 7854 42861
3274 7820 364391
3274 7860 364391
7820 3274 364391
7820 12406 364391
7860 3274 364391
7860 12406 364391
12406 7820 364391
12406 7860 364391
3856 3860 39191
3856 11820 39191
3860 3856 39191
3860 11824 39191
11820 3856 39191
11820 11824 39191
11824 3860 39191
11824 11820 39191
5528 6990 38138
5528 8690 38138
6990 5528 38138
6990 10152 38138
8690 5528 38138
8690 10152 38138
10152 6990 38138
10152 8690 38138
3476 7786 125871
3476 7894 125871
7786 3476 125871
7786 12204 125871
7894 3476 125871
7894 12204 125871
12204 7786 125871
12204 7894 125871
4516 7798 32244
4516 7882 32244
7798 4516 32244
7798 11164 32244
7882 4516 32244
7882 11164 32244
11164 7798 32244
11164 7882 32244
3322 7826 79199
3322 7854 79199
7826 3322 79199
7826 12358 79199
7854 3322 79199
7854 12358 79199
12358 7826 79199
12358 7854 79199
6326 6990 31524
6326 8690 31524
6990 6326 31524
6990 9354 31524
8690 6326 31524
8690 9354 31524
9354 6990 31524
9354 8690 31524
2880 7784 180634
2880 7896 180634
7784 2880 180634
7784 12800 180634
7896 2880 180634
7896 12800 180634
12800 7784 180634
12800 7896 180634
4626 6258 13815
4626 9422 13815
6258 4626 13815
6258 11054 13815
9422 4626 13815
9422 11054 13815
11054 6258 13815
11054 9422 13815
4716 7818 23518
4716 7862 23518
7818 4716 23518
7818 10964 23518
7862 4716 23518
7862 10964 23518
10964 7818 23518
10964 7862 23518
4750 7814 65610
4750 7866 65610
7814 4750 65610
7814 10930 65610
7866 4750 65610
7866 10930 65610
10930 7814 65610
10930 7866 65610
3942 6398 53249
3942 9282 53249
6398 3942 53249
6398 11738 53249
9282 3942 53249
9282 11738 53249
11738 6398 53249
11738 9282 53249
3948 7254 32052
3948 8426 32052
7254 3948 32052
7254 11732 32052
8426 3948 32052
8426 11732 32052
11732 7254 32052
11732 8426 32052
5100 7788 67652
5100 7892 67652
7788 5100 67652
7788 10580 67652
7892 5100 67652
7892 10580 67652
10580 7788 67652
10580 7892 67652
3876 3916 206626
3876 11764 206626
3916 3876 206626
3916 11804 206626
11764 3876 206626
11764 11804 206626
11804 3916 206626
11804 11764 206626
6208 7072 129054
6208 8608 129054
7072 6208 129054
7072 9472 129054
8608 6208 129054
8608 9472 129054
9472 7072 129054
9472 8608 129054
3684 7812 341851
3684 7868 341851
7812 3684 341851
7812 11996 341851
7868 3684 341851
7868 11996 341851
11996 7812 341851
11996 7868 341851
7596 7840 24944
7840 7596 24944
7840 8084 24944
8084 7840 24944
7576 7836 10152
7576 7844 10152
7836 7576 10152
7836 8104 10152
7844 7576 10152
7844 8104 10152
8104 7836 10152
8104 7844 10152
3946 6792 33669
3946 8888 33669
6792 3946 33669
6792 11734 33669
8888 3946 33669
8888 11734 33669
11734 6792 33669
11734 8888 33669
2844 3946 408007
2844 11734 408007
3946 2844 408007
3946 12836 408007
11734 2844 408007
11734 12836 408007
12836 3946 408007
12836 11734 408007
2724 3924 19247
2724 11756 19247
3924 2724 19247
3924 12956 19247
11756 2724 19247
11756 12956 19247
12956 3924 19247
12956 11756 19247
2606 3924 390793
2606 11756 390793
3924 2606 390793
3924 13074 390793
11756 2606 390793
11756 13074 390793
13074 3924 390793
13074 11756 390793
5450 7582 33640
5450 8098 33640
7582 5450 33640
7582 10230 33640
8098 5450 33640
8098 10230 33640
10230 7582 33640
10230 8098 33640
2646 7826 196836
2646 7854 196836
7826 2646 196836
7826 13034 196836
7854 2646 196836
7854 13034 196836
13034 7826 196836
13034 7854 196836
7408 7812 13033
7408 7868 13033
7812 7408 13033
7812 8272 13033
7868 7408 13033
7868 8272 13033
8272 7812 13033
8272 7868 13033
4702 6280 52553
4702 9400 52553
6280 4702 52553
6280 10978 52553
9400 4702 52553
9400 10978 52553
10978 6280 52553
10978 9400 52553
3932 5134 38138
3932 10546 38138
5134 3932 38138
5134 11748 38138
10546 3932 38138
10546 11748 38138
11748 5134 38138
11748 10546 38138
4906 7838 28241
4906 7842 28241
7838 4906 28241
7838 10774 28241
7842 4906 28241
7842 10774 28241
10774 7838 28241
10774 7842 28241
5924 7298 189917
5924 8382 189917
7298 5924 189917
7298 9756 189917
8382 5924 189917
8382 9756 189917
9756 7298 189917
9756 8382 189917
3946 5568 49628
3946 10112 49628
5568 3946 49628
5568 11734 49628
10112 3946 49628
10112 11734 49628
11734 5568 49628
11734 10112 49628
3936 5438 17547
3936 10242 17547
5438 3936 17547
5438 11744 17547
10242 3936 17547
10242 11744 17547
11744 5438 17547
11744 10242 17547
3946 6438 39569
3946 9242 39569
6438 3946 39569
6438 11734 39569
9242 3946 39569
9242 11734 39569
11734 6438 39569
11734 9242 39569
3932 7792 17827
3932 7888 17827
7792 3932 17827
7792 11748 17827
7888 3932 17827
7888 11748 17827
11748 7792 17827
11748 7888 17827
4456 7840 51147
7840 4456 51147
7840 11224 51147
11224 7840 51147
6914 7840 16917
7840 6914 16917
7840 8766 16917
8766 7840 16917
5346 7826 72910
5346 7854 72910
7826 5346 72910
7826 10334 72910
7854 5346 72910
7854 10334 72910
10334 7826 72910
10334 7854 72910
3864 3946 180634
3864 11734 180634
3946 3864 180634
3946 11816 180634
11734 3864 180634
11734 11816 180634
11816 3946 180634
11816 11734 180634
3948 6940 76831
3948 8740 76831
6940 3948 76831
6940 11732 76831
8740 3948 76831
8740 11732 76831
11732 6940 76831
11732 8740 76831
3644 3946 121446
3644 11734 121446
3946 3644 121446
3946 12036 121446
11734 3644 121446
11734 12036 121446
12036 3946 121446
12036 11734 121446
3318 3910 239571
3318 11770 239571
3910 3318 239571
3910 12362 239571
11770 3318 239571
11770 12362 239571
12362 3910 239571
12362 11770 239571
3946 7452 50520
3946 8228 50520
7452 3946 50520
7452 11734 50520
8228 3946 50520
8228 11734 50520
11734 7452 50520
11734 8228 50520
3940 5752 41444
3940 9928 41444
5752 3940 41444
5752 11740 41444
9928 3940 41444
9928 11740 41444
11740 5752 41444
11740 9928 41444
3948 7030 32841
3948 8650 32841
7030 3948 32841
7030 11732 32841
8650 3948 32841
8650 11732 32841
11732 7030 32841
11732 8650 32841
3948 5292 67119
3948 10388 67119
5292 3948 67119
5292 11732 67119
10388 3948 67119
10388 11732 67119
11732 5292 67119
11732 10388 67119
3922 6556 34317
3922 9124 34317
6556 3922 34317
6556 11758 34317
9124 3922 34317
9124 11758 34317
11758 6556 34317
11758 9124 34317
3948 4824 98952
3948 10856 98952
4824 3948 98952
4824 11732 98952
10856 3948 98952
10856 11732 98952
11732 4824 98952
11732 10856 98952
3948 6114 3978
3948 9566 3978
6114 3948 3978
6114 11732 3978
9566 3948 3978
9566 11732 3978
11732 6114 3978
11732 9566 3978
3944 6184 24747
3944 9496 24747
6184 3944 24747
6184 11736 24747
9496 3944 24747
9496 11736 24747
11736 6184 24747
11736 9496 24747
3948 5654 40149
3948 10026 40149
5654 3948 40149
5654 11732 40149
10026 3948 40149
10026 11732 40149
11732 5654 40149
11732 10026 40149
3752 3942 177078
3752 11738 177078
3942 3752 177078
3942 11928 177078
11738 3752 177078
11738 11928 177078
11928 3942 177078
11928 11738 177078
3924 6668 21121
3924 9012 21121
6668 3924 21121
6668 11756 21121
9012 3924 21121
9012 11756 21121
11756 6668 21121
11756 9012 21121
3926 5056 24051
3926 10624 24051
5056 3926 24051
5056 11754 24051
10624 3926 24051
10624 11754 24051
11754 5056 24051
11754 10624 24051
3948 3948 291505
3948 11732 291505
11732 3948 291505
11732 11732 291505
5866 7402 33341
5866 8278 33341
7402 5866 33341
7402 9814 33341
8278 5866 33341
8278 9814 33341
9814 7402 33341
9814 8278 33341
4606 7840 72664
7840 4606 72664
7840 11074 72664
11074 7840 72664
4336 7836 1178
4336 7844 1178
7836 4336 1178
7836 11344 1178
7844 4336 1178
7844 11344 1178
11344 7836 1178
11344 7844 1178
5648 7832 64900
5648 7848 64900
7832 5648 64900
7832 10032 64900
7848 5648 64900
7848 10032 64900
10032 7832 64900
10032 7848 64900
3948 6210 5737
3948 9470 5737
6210 3948 5737
6210 11732 5737
9470 3948 5737
9470 11732 5737
11732 6210 5737
11732 9470 5737
3948 4844 31465
3948 10836 31465
4844 3948 31465
4844 11732 31465
10836 3948 31465
10836 11732 31465
11732 4844 31465
11732 10836 31465
3946 5988 43589
3946 9692 43589
5988 3946 43589
5988 11734 43589
9692 3946 43589
9692 11734 43589
11734 5988 43589
11734 9692 43589
3800 3946 134966
3800 11734 134966
3946 3800 134966
3946 11880 134966
11734 3800 134966
11734 11880 134966
11880 3946 134966
11880 11734 134966
3948 7494 10152
3948 8186 10152
7494 3948 10152
7494 11732 10152
8186 3948 10152
8186 11732 10152
11732 7494 10152
11732 8186 10152
3946 6082 3978
3946 9598 3978
6082 3946 3978
6082 11734 3978
9598 3946 3978
9598 11734 3978
11734 6082 3978
11734 9598 3978
3944 6276 32795
3944 9404 32795
6276 3944 32795
6276 11736 32795
9404 3944 32795
9404 11736 32795
11736 6276 32795
11736 9404 32795
3948 7306 53123
3948 8374 53123
7306 3948 53123
7306 11732 53123
8374 3948 53123
8374 11732 53123
11732 7306 53123
11732 8374 53123
3946 6318 52728
3946 9362 52728
6318 3946 52728
6318 11734 52728
9362 3946 52728
9362 11734 52728
11734 6318 52728
11734 9362 52728
3948 4910 9703
3948 10770 9703
4910 3948 9703
4910 11732 9703
10770 3948 9703
10770 11732 9703
11732 4910 9703
11732 10770 9703
3948 5174 72616
3948 10506 72616
5174 3948 72616
5174 11732 72616
10506 3948 72616
10506 11732 72616
11732 5174 72616
11732 10506 72616
3948 5370 41250
3948 10310 41250
5370 3948 41250
5370 11732 41250
10310 3948 41250
10310 11732 41250
11732 5370 41250
11732 10310 41250
3948 6606 26394
3948 9074 26394
6606 3948 26394
6606 11732 26394
9074 3948 26394
9074 11732 26394
11732 6606 26394
11732 9074 26394
3948 7044 37002
3948 8636 37002
7044 3948 37002
7044 11732 37002
8636 3948 37002
8636 11732 37002
11732 7044 37002
11732 8636 37002
3948 5058 13851
3948 10622 13851
5058 3948 13851
5058 11732 13851
10622 3948 13851
10622 11732 13851
11732 5058 13851
11732 10622 13851
2318 3948 49232
2318 11732 49232
3948 2318 49232
3948 13362 49232
11732 2318 49232
11732 13362 49232
13362 3948 49232
13362 11732 49232
3932 6516 39569
3932 9164 39569
6516 3932 39569
6516 11748 39569
9164 3932 39569
9164 11748 39569
11748 6516 39569
11748 9164 39569
3948 5330 10245
3948 10350 10245
5330 3948 10245
5330 11732 10245
10350 3948 10245
10350 11732 10245
11732 5330 10245
11732 10350 10245
3948 5212 21940
3948 10468 21940
5212 3948 21940
5212 11732 21940
10468 3948 21940
10468 11732 21940
11732 5212 21940
11732 10468 21940
3936 5456 20069
3936 10224 20069
5456 3936 20069
5456 11744 20069
10224 3936 20069
10224 11744 20069
11744 5456 20069
11744 10224 20069
3948 7790 31467
3948 7890 31467
7790 3948 31467
7790 11732 31467
7890 3948 31467
7890 11732 31467
11732 7790 31467
11732 7890 31467
3914 3944 247356
3914 11736 247356
3944 3914 247356
3944 11766 247356
11736 3914 247356
11736 11766 247356
11766 3944 247356
11766 11736 247356
3948 6892 35095
3948 8788 35095
6892 3948 35095
6892 11732 35095
8788 3948 35095
8788 11732 35095
11732 6892 35095
11732 8788 35095
3948 6160 33096
3948 9520 33096
6160 3948 33096
6160 11732 33096
9520 3948 33096
9520 11732 33096
11732 6160 33096
11732 9520 33096
3940 6726 39612
3940 8954 39612
6726 3940 39612
6726 11740 39612
8954 3940 39612
8954 11740 39612
11740 6726 39612
11740 8954 39612
3944 7158 22067
3944 8522 22067
7158 3944 22067
7158 11736 22067
8522 3944 22067
8522 11736 22067
11736 7158 22067
11736 8522 22067
3948 5828 23518
3948 9852 23518
5828 3948 23518
5828 11732 23518
9852 3948 23518
9852 11732 23518
11732 5828 23518
11732 9852 23518
3910 6354 2280
3910 9326 2280
6354 3910 2280
6354 11770 2280
9326 3910 2280
9326 11770 2280
11770 6354 2280
11770 9326 2280
3948 5252 23518
3948 10428 23518
5252 3948 23518
5252 11732 23518
10428 3948 23518
10428 11732 23518
11732 5252 23518
11732 10428 23518
3946 6992 14395
3946 8688 14395
6992 3946 14395
6992 11734 14395
8688 3946 14395
8688 11734 14395
11734 6992 14395
11734 8688 14395
3916 6662 14464
3916 9018 14464
6662 3916 14464
6662 11764 14464
9018 3916 14464
9018 11764 14464
11764 6662 14464
11764 9018 14464
3948 5542 69734
3948 10138 69734
5542 3948 69734
5542 11732 69734
10138 3948 69734
10138 11732 69734
11732 5542 69734
11732 10138 69734
3940 6630 14746
3940 9050 14746
6630 3940 14746
6630 11740 14746
9050 3940 14746
9050 11740 14746
11740 6630 14746
11740 9050 14746
3948 5884 46809
3948 9796 46809
5884 3948 46809
5884 11732 46809
9796 3948 46809
9796 11732 46809
11732 5884 46809
11732 9796 46809
2566 3948 213262
2566 11732 213262
3948 2566 213262
3948 13114 213262
11732 2566 213262
11732 13114 213262
13114 3948 213262
13114 11732 213262
3938 5094 51945
3938 10586 51945
5094 3938 51945
5094 11742 51945
10586 3938 51945
10586 11742 51945
11742 5094 51945
11742 10586 51945
4966 7784 83270
4966 7896 83270
7784 4966 83270
7784 10714 83270
7896 4966 83270
7896 10714 83270
10714 7784 83270
10714 7896 83270
3910 7784 132263
3910 7896 132263
7784 3910 132263
7784 11770 132263
7896 3910 132263
7896 11770 132263
11770 7784 132263
11770 7896 132263
6082 7838 14978
6082 7842 14978
7838 6082 14978
7838 9598 14978
7842 6082 14978
7842 9598 14978
9598 7838 14978
9598 7842 14978
3884 3946 381030
3884 11734 381030
3946 3884 381030
3946 11796 381030
11734 3884 381030
11734 11796 381030
11796 3946 381030
11796 11734 381030
3944 4864 12546
3944 10816 12546
4864 3944 12546
4864 11736 12546
10816 3944 12546
10816 11736 12546
11736 4864 12546
11736 10816 12546
3946 7370 45381
3946 8310 45381
7370 3946 45381
7370 11734 45381
8310 3946 45381
8310 11734 45381
11734 7370 45381
11734 8310 45381
3948 7330 9095
3948 8350 9095
7330 3948 9095
7330 11732 9095
8350 3948 9095
8350 11732 9095
11732 7330 9095
11732 8350 9095
3948 7210 28735
3948 8470 28735
7210 3948 28735
7210 11732 28735
8470 3948 28735
8470 11732 28735
11732 7210 28735
11732 8470 28735
3938 5686 49454
3938 9994 49454
5686 3938 49454
5686 11742 49454
9994 3938 49454
9994 11742 49454
11742 5686 49454
11742 9994 49454
3948 7186 45432
3948 8494 45432
7186 3948 45432
7186 11732 45432
8494 3948 45432
8494 11732 45432
11732 7186 45432
11732 8494 45432
3936 5770 2878
3936 9910 2878
5770 3936 2878
5770 11744 2878
9910 3936 2878
9910 11744 2878
11744 5770 2878
11744 9910 2878
3948 6996 14395
3948 8684 14395
6996 3948 14395
6996 11732 14395
8684 3948 14395
8684 11732 14395
11732 6996 14395
11732 8684 14395
3944 7094 42771
3944 8586 42771
7094 3944 42771
7094 11736 42771
8586 3944 42771
8586 11736 42771
11736 7094 42771
11736 8586 42771
3672 3910 66288
3672 11770 66288
3910 3672 66288
3910 12008 66288
11770 3672 66288
11770 12008 66288
12008 3910 66288
12008 11770 66288
3910 3932 16986
3910 11748 16986
3932 3910 16986
3932 11770 16986
11748 3910 16986
11748 11770 16986
11770 3932 16986
11770 11748 16986
3948 6682 13044
3948 8998 13044
6682 3948 13044
6682 11732 13044
8998 3948 13044
8998 11732 13044
11732 6682 13044
11732 8998 13044
3946 4936 26500
3946 10744 26500
4936 3946 26500
4936 11734 26500
10744 3946 26500
10744 11734 26500
11734 4936 26500
11734 10744 26500
5594 7824 41444
5594 7856 41444
7824 5594 41444
7824 10086 41444
7856 5594 41444
7856 10086 41444
10086 7824 41444
10086 7856 41444
4290 7834 13815
4290 7846 13815
7834 4290 13815
7834 11390 13815
7846 4290 13815
7846 11390 13815
11390 7834 13815
11390 7846 13815
3868 3942 116973
3868 11738 116973
3942 3868 116973
3942 11812 116973
11738 3868 116973
11738 11812 116973
11812 3942 116973
11812 11738 116973
3938 5856 14338
3938 9824 14338
5856 3938 14338
5856 11742 14338
9824 3938 14338
9824 11742 14338
11742 5856 14338
11742 9824 14338
3708 3910 23167
3708 11770 23167
3910 3708 23167
3910 11972 23167
11770 3708 23167
11770 11972 23167
11972 3910 23167
11972 11770 23167
3134 3948 904091
3134 11732 904091
3948 3134 904091
3948 12546 904091
11732 3134 904091
11732 12546 904091
12546 3948 904091
12546 11732 904091
3922 6744 2517
3922 8936 2517
6744 3922 2517
6744 11758 2517
8936 3922 2517
8936 11758 2517
11758 6744 2517
11758 8936 2517
3938 5388 39326
3938 10292 39326
5388 3938 39326
5388 11742 39326
10292 3938 39326
10292 11742 39326
11742 5388 39326
11742 10292 39326
3940 6242 67275
3940 9438 67275
6242 3940 67275
6242 11740 67275
9438 3940 67275
9438 11740 67275
11740 6242 67275
11740 9438 67275
3930 5340 19588
3930 10340 19588
5340 3930 19588
5340 11750 19588
10340 3930 19588
10340 11750 19588
11750 5340 19588
11750 10340 19588
5442 7830 45893
5442 7850 45893
7830 5442 45893
7830 10238 45893
7850 5442 45893
7850 10238 45893
10238 7830 45893
10238 7850 45893
3948 7784 41444
3948 7896 41444
7784 3948 41444
7784 11732 41444
7896 3948 41444
7896 11732 41444
11732 7784 41444
11732 7896 41444
3948 5016 23518
3948 10664 23518
5016 3948 23518
5016 11732 23518
10664 3948 23518
10664 11732 23518
11732 5016 23518
11732 10664 23518
3948 4978 46249
3948 10702 46249
4978 3948 46249
4978 11732 46249
10702 3948 46249
10702 11732 46249
11732 4978 46249
11732 10702 46249
3948 4716 14249
3948 10964 14249
4716 3948 14249
4716 11732 14249
10964 3948 14249
10964 11732 14249
11732 4716 14249
11732 10964 14249
3944 6832 32244
3944 8848 32244
6832 3944 32244
6832 11736 32244
8848 3944 32244
8848 11736 32244
11736 6832 32244
11736 8848 32244
3946 6146 39569
3946 9534 39569
6146 3946 39569
6146 11734 39569
9534 3946 39569
9534 11734 39569
11734 6146 39569
11734 9534 39569
3934 6480 37982
3934 9200 37982
6480 3934 37982
6480 11746 37982
9200 3934 37982
9200 11746 37982
11746 6480 37982
11746 9200 37982
3932 5672 15607
3932 10008 15607
5672 3932 15607
5672 11748 15607
10008 3932 15607
10008 11748 15607
11748 5672 15607
11748 10008 15607
3948 6118 2974
3948 9562 2974
6118 3948 2974
6118 11732 2974
9562 3948 2974
9562 11732 2974
11732 6118 2974
11732 9562 2974
3640 3934 70342
3640 11746 70342
3934 3640 70342
3934 12040 70342
11746 3640 70342
11746 12040 70342
12040 3934 70342
12040 11746 70342
3942 5418 17827
3942 10262 17827
5418 3942 17827
5418 11738 17827
10262 3942 17827
10262 11738 17827
11738 5418 17827
11738 10262 17827
3948 5324 51067
3948 10356 51067
5324 3948 51067
5324 11732 51067
10356 3948 51067
10356 11732 51067
11732 5324 51067
11732 10356 51067
3948 6754 3572
3948 8926 3572
6754 3948 3572
6754 11732 3572
8926 3948 3572
8926 11732 3572
11732 6754 3572
11732 8926 3572
3942 5686 7850
3942 9994 7850
5686 3942 7850
5686 11738 7850
9994 3942 7850
9994 11738 7850
11738 5686 7850
11738 9994 7850
3938 6294 24348
3938 9386 24348
6294 3938 24348
6294 11742 24348
9386 3938 24348
9386 11742 24348
11742 6294 24348
11742 9386 24348
3946 5186 18300
3946 10494 18300
5186 3946 18300
5186 11734 18300
10494 3946 18300
10494 11734 18300
11734 5186 18300
11734 10494 18300
3914 7816 43026
3914 7864 43026
7816 3914 43026
7816 11766 43026
7864 3914 43026
7864 11766 43026
11766 7816 43026
11766 7864 43026
3880 3944 71323
3880 11736 71323
3944 3880 71323
3944 11800 71323
11736 3880 71323
11736 11800 71323
11800 3944 71323
11800 11736 71323
3934 6788 8050
3934 8892 8050
6788 3934 8050
6788 11746 8050
8892 3934 8050
8892 11746 8050
11746 6788 8050
11746 8892 8050
3910 3916 70342
3910 11764 70342
3916 3910 70342
3916 11770 70342
11764 3910 70342
11764 11770 70342
11770 3916 70342
11770 11764 70342
3946 7072 23518
3946 8608 23518
7072 3946 23518
7072 11734 23518
8608 3946 23518
8608 11734 23518
11734 7072 23518
11734 8608 23518
5340 7784 52653
5340 7896 52653
7784 5340 52653
7784 10340 52653
7896 5340 52653
7896 10340 52653
10340 7784 52653
10340 7896 52653
5952 7840 33045
7840 5952 33045
7840 9728 33045
9728 7840 33045
5914 7372 119452
5914 8308 119452
7372 5914 119452
7372 9766 119452
8308 5914 119452
8308 9766 119452
9766 7372 119452
9766 8308 119452
4708 6406 29899
4708 9274 29899
6406 4708 29899
6406 10972 29899
9274 4708 29899
9274 10972 29899
10972 6406 29899
10972 9274 29899
3948 6126 47493
3948 9554 47493
6126 3948 47493
6126 11732 47493
9554 3948 47493
9554 11732 47493
11732 6126 47493
11732 9554 47493
3946 6224 42573
3946 9456 42573
6224 3946 42573
6224 11734 42573
9456 3946 42573
9456 11734 42573
11734 6224 42573
11734 9456 42573
3912 3912 86115
3912 11768 86115
11768 3912 86115
11768 11768 86115
3940 5908 33930
3940 9772 33930
5908 3940 33930
5908 11740 33930
9772 3940 33930
9772 11740 33930
11740 5908 33930
11740 9772 33930
3934 6004 11542
3934 9676 11542
6004 3934 11542
6004 11746 11542
9676 3934 11542
9676 11746 11542
11746 6004 11542
11746 9676 11542
3948 4890 13815
3948 10790 13815
4890 3948 13815
4890 11732 13815
10790 3948 13815
10790 11732 13815
11732 4890 13815
11732 10790 13815
3570 3932 215564
3570 11748 215564
3932 3570 215564
3932 12110 215564
11748 3570 215564
11748 12110 215564
12110 3932 215564
12110 11748 215564
2528 3944 18871
2528 11736 18871
3944 2528 18871
3944 13152 18871
11736 2528 18871
11736 13152 18871
13152 3944 18871
13152 11736 18871
2488 3938 191068
2488 11742 191068
3938 2488 191068
3938 13192 191068
11742 2488 191068
11742 13192 191068
13192 3938 191068
13192 11742 191068
3948 6864 10195
3948 8816 10195
6864 3948 10195
6864 11732 10195
8816 3948 10195
8816 11732 10195
11732 6864 10195
11732 8816 10195
5874 7814 20069
5874 7866 20069
7814 5874 20069
7814 9806 20069
7866 5874 20069
7866 9806 20069
9806 7814 20069
9806 7866 20069
3946 5496 20069
3946 10184 20069
5496 3946 20069
5496 11734 20069
10184 3946 20069
10184 11734 20069
11734 5496 20069
11734 10184 20069
3840 3948 192934
3840 11732 192934
3948 3840 192934
3948 11840 192934
11732 3840 192934
11732 11840 192934
11840 3948 192934
11840 11732 192934
3946 6356 33434
3946 9324 33434
6356 3946 33434
6356 11734 33434
9324 3946 33434
9324 11734 33434
11734 6356 33434
11734 9324 33434
3948 5974 33487
3948 9706 33487
5974 3948 33487
5974 11732 33487
9706 3948 33487
9706 11732 33487
11732 5974 33487
11732 9706 33487
3946 5220 50777
3946 10460 50777
5220 3946 50777
5220 11734 50777
10460 3946 50777
10460 11734 50777
11734 5220 50777
11734 10460 50777
3948 6272 16164
3948 9408 16164
6272 3948 16164
6272 11732 16164
9408 3948 16164
9408 11732 16164
11732 6272 16164
11732 9408 16164
3948 5962 39424
3948 9718 39424
5962 3948 39424
5962 11732 39424
9718 3948 39424
9718 11732 39424
11732 5962 39424
11732 9718 39424
3946 7388 27368
3946 8292 27368
7388 3946 27368
7388 11734 27368
8292 3946 27368
8292 11734 27368
11734 7388 27368
11734 8292 27368
3948 5814 25190
3948 9866 25190
5814 3948 25190
5814 11732 25190
9866 3948 25190
9866 11732 25190
11732 5814 25190
11732 9866 25190
3948 4858 46550
3948 10822 46550
4858 3948 46550
4858 11732 46550
10822 3948 46550
10822 11732 46550
11732 4858 46550
11732 10822 46550
3942 6042 66984
3942 9638 66984
6042 3942 66984
6042 11738 66984
9638 3942 66984
9638 11738 66984
11738 6042 66984
11738 9638 66984
3934 6012 17780
3934 9668 17780
6012 3934 17780
6012 11746 17780
9668 3934 17780
9668 11746 17780
11746 6012 17780
11746 9668 17780
3944 7250 47612
3944 8430 47612
7250 3944 47612
7250 11736 47612
8430 3944 47612
8430 11736 47612
11736 7250 47612
11736 8430 47612
3948 6958 5786
3948 8722 5786
6958 3948 5786
6958 11732 5786
8722 3948 5786
8722 11732 5786
11732 6958 5786
11732 8722 5786
3946 6662 26990
3946 9018 26990
6662 3946 26990
6662 11734 26990
9018 3946 26990
9018 11734 26990
11734 6662 26990
11734 9018 26990
3948 6096 35592
3948 9584 35592
6096 3948 35592
6096 11732 35592
9584 3948 35592
9584 11732 35592
11732 6096 35592
11732 9584 35592
3944 5426 25464
3944 10254 25464
5426 3944 25464
5426 11736 25464
10254 3944 25464
10254 11736 25464
11736 5426 25464
11736 10254 25464
2090 3948 27003
2090 11732 27003
3948 2090 27003
3948 13590 27003
11732 2090 27003
11732 13590 27003
13590 3948 27003
13590 11732 27003
3946 5716 33434
3946 9964 33434
5716 3946 33434
5716 11734 33434
9964 3946 33434
9964 11734 33434
11734 5716 33434
11734 9964 33434
