35 9
7920
7
81
5291 7914 1
5291 22886 1
5328 15400 1
6844 15036 1
6844 15764 1
6922 7879 1
6922 22921 1
7497 7877 1
7497 22923 1
7877 7497 1
7877 23303 1
7879 6922 1
7879 23878 1
7890 13348 1
7890 17452 1
7906 15051 1
7906 15749 1
7914 5291 1
7914 25509 1
7916 7916 1
7916 11038 1
7916 19762 1
7916 22884 1
11038 7916 1
11038 22884 1
11494 14973 1
11494 15827 1
11943 13894 1
11943 16906 1
13348 7890 1
13348 22910 1
13894 11943 1
13894 18857 1
14973 11494 1
14973 19306 1
15036 6844 1
15036 23956 1
15051 7906 1
15051 22894 1
15400 5328 1
15400 15400 1
15400 25472 1
15749 7906 1
15749 22894 1
15764 6844 1
15764 23956 1
15827 11494 1
15827 19306 1
16906 11943 1
16906 18857 1
17452 7890 1
17452 22910 1
18857 13894 1
18857 16906 1
19306 14973 1
19306 15827 1
19762 7916 1
19762 22884 1
22884 7916 1
22884 11038 1
22884 19762 1
22884 22884 1
22886 5291 1
22886 25509 1
22894 15051 1
22894 15749 1
22910 13348 1
22910 17452 1
22921 6922 1
22921 23878 1
22923 7497 1
22923 23303 1
23303 7877 1
23303 22923 1
23878 7879 1
23878 22921 1
23956 15036 1
23956 15764 1
25472 15400 1
25509 7914 1
25509 22886 1
