108 10.925919390161387510527848647706364
0.5 10.425919390161388 0.0
1.5 10.425919390161388 0.0
2.5 10.425919390161388 0.0
3.5 10.425919390161388 0.0
4.5 10.425919390161388 0.0
5.5 10.425919390161388 0.0
6.5 10.425919390161388 0.0
7.5 10.425919390161388 0.0
0.5 9.425919390161388 0.0
1.5 9.425919390161388 0.0
2.5 9.425919390161388 0.0
3.5 9.425919390161388 0.0
4.5 9.425919390161388 0.0
5.5 9.425919390161388 0.0
6.5 9.425919390161388 0.0
0.5 8.425919390161388 0.0
1.5 8.425919390161388 0.0
2.5 8.425919390161388 0.0
3.5 8.425919390161388 0.0
4.5 8.425919390161388 0.0
5.5 8.425919390161388 0.0
0.5 7.425919390161387 0.0
1.5 7.425919390161387 0.0
2.5 7.425919390161387 0.0
3.5 7.425919390161387 0.0
4.5 7.425919390161387 0.0
0.5 6.425919390161387 0.0
1.5 6.425919390161387 0.0
2.5 6.425919390161387 0.0
3.5 6.425919390161387 0.0
0.5 5.425919390161387 0.0
1.5 5.425919390161387 0.0
2.5 5.425919390161387 0.0
0.5 4.425919390161387 0.0
1.5 4.425919390161387 0.0
0.5 3.4259193901613876 0.0
10.425919390161388 0.5 0.0
9.425919390161388 0.5 0.0
8.425919390161388 0.5 0.0
7.425919390161387 0.5 0.0
6.425919390161387 0.5 0.0
5.425919390161387 0.5 0.0
4.425919390161387 0.5 0.0
3.4259193901613876 0.5 0.0
2.4259193901613876 0.5 0.0
10.425919390161388 1.5 0.0
9.425919390161388 1.5 0.0
8.425919390161388 1.5 0.0
7.425919390161387 1.5 0.0
6.425919390161387 1.5 0.0
5.425919390161387 1.5 0.0
4.425919390161387 1.5 0.0
3.4259193901613876 1.5 0.0
10.425919390161388 2.5 0.0
9.425919390161388 2.5 0.0
8.425919390161388 2.5 0.0
7.425919390161387 2.5 0.0
6.425919390161387 2.5 0.0
5.425919390161387 2.5 0.0
4.425919390161387 2.5 0.0
10.425919390161388 3.5 0.0
9.425919390161388 3.5 0.0
8.425919390161388 3.5 0.0
7.425919390161387 3.5 0.0
6.425919390161387 3.5 0.0
5.425919390161387 3.5 0.0
10.425919390161388 4.5 0.0
9.425919390161388 4.5 0.0
8.425919390161388 4.5 0.0
7.425919390161387 4.5 0.0
6.425919390161387 4.5 0.0
10.425919390161388 5.5 0.0
9.425919390161388 5.5 0.0
8.425919390161388 5.5 0.0
7.425919390161387 5.5 0.0
10.425919390161388 6.5 0.0
9.425919390161388 6.5 0.0
8.425919390161388 6.5 0.0
10.425919390161388 7.5 0.0
9.425919390161388 7.5 0.0
10.425919390161388 8.5 0.0
0.5 0.5 0.0
1.4616386684963938 1.2441679510297443 44.65406222938576
2.173001871347043 1.9469925334328257 44.65406222938576
2.8783639218473325 2.655891176225415 44.65406222938576
3.5837259723476214 3.3647898190180046 44.65406222938576
4.289088022847911 4.073688461810594 44.65406222938576
5.000451225698559 4.776513044213676 44.65406222938576
5.705813276198849 5.485411687006265 44.65406222938576
6.411175326699138 6.194310329798855 44.65406222938576
7.122538529549788 6.897134912201936 44.65406222938576
7.827900580050076 7.606033554994525 44.65406222938576
8.533262630550364 8.314932197787115 44.65406222938576
9.238624681050654 9.023830840579704 44.65406222938576
0.7070938926268654 1.9044317671969166 44.65406222938576
1.4184570954775149 2.607256349599998 44.65406222938576
2.1238191459778037 3.3161549923925877 44.65406222938576
2.829181196478093 4.025053635185177 44.65406222938576
3.534543246978382 4.7339522779777665 44.65406222938576
4.239905297478671 5.442850920770356 44.65406222938576
4.951268500329321 6.145675503173437 44.65406222938576
5.656630550829609 6.854574145966027 44.65406222938576
6.361992601329899 7.563472788758617 44.65406222938576
7.073355804180548 8.266297371161698 44.65406222938576
7.778717854680837 8.975196013954287 44.65406222938576
8.484079905181126 9.684094656746877 44.65406222938576
10.425919390161388 9.539601254282061 0.0
9.430502005126376 10.222607701663975 50.93882810357325
