107 10.84666719284348978294331459095829791
0.5 10.34666719284349 0.0
1.5 10.34666719284349 0.0
2.5 10.34666719284349 0.0
3.5 10.34666719284349 0.0
4.5 10.34666719284349 0.0
5.5 10.34666719284349 0.0
6.5 10.34666719284349 0.0
7.5 10.34666719284349 0.0
0.5 9.34666719284349 0.0
1.5 9.34666719284349 0.0
2.5 9.34666719284349 0.0
3.5 9.34666719284349 0.0
4.5 9.34666719284349 0.0
5.5 9.34666719284349 0.0
6.5 9.34666719284349 0.0
0.5 8.34666719284349 0.0
1.5 8.34666719284349 0.0
2.5 8.34666719284349 0.0
3.5 8.34666719284349 0.0
4.5 8.34666719284349 0.0
5.5 8.34666719284349 0.0
0.5 7.34666719284349 0.0
1.5 7.34666719284349 0.0
2.5 7.34666719284349 0.0
3.5 7.34666719284349 0.0
4.5 7.34666719284349 0.0
0.5 6.34666719284349 0.0
1.5 6.34666719284349 0.0
2.5 6.34666719284349 0.0
3.5 6.34666719284349 0.0
0.5 5.34666719284349 0.0
1.5 5.34666719284349 0.0
2.5 5.34666719284349 0.0
0.5 4.34666719284349 0.0
1.5 4.34666719284349 0.0
0.5 3.3466671928434897 0.0
10.34666719284349 0.5 0.0
9.34666719284349 0.5 0.0
8.34666719284349 0.5 0.0
7.34666719284349 0.5 0.0
6.34666719284349 0.5 0.0
5.34666719284349 0.5 0.0
4.34666719284349 0.5 0.0
3.3466671928434897 0.5 0.0
2.3466671928434897 0.5 0.0
10.34666719284349 1.5 0.0
9.34666719284349 1.5 0.0
8.34666719284349 1.5 0.0
7.34666719284349 1.5 0.0
6.34666719284349 1.5 0.0
5.34666719284349 1.5 0.0
4.34666719284349 1.5 0.0
3.3466671928434897 1.5 0.0
10.34666719284349 2.5 0.0
9.34666719284349 2.5 0.0
8.34666719284349 2.5 0.0
7.34666719284349 2.5 0.0
6.34666719284349 2.5 0.0
5.34666719284349 2.5 0.0
4.34666719284349 2.5 0.0
10.34666719284349 3.5 0.0
9.34666719284349 3.5 0.0
8.34666719284349 3.5 0.0
7.34666719284349 3.5 0.0
6.34666719284349 3.5 0.0
5.34666719284349 3.5 0.0
10.34666719284349 4.5 0.0
9.34666719284349 4.5 0.0
8.34666719284349 4.5 0.0
7.34666719284349 4.5 0.0
6.34666719284349 4.5 0.0
10.34666719284349 5.5 0.0
9.34666719284349 5.5 0.0
8.34666719284349 5.5 0.0
7.34666719284349 5.5 0.0
10.34666719284349 6.5 0.0
9.34666719284349 6.5 0.0
8.34666719284349 6.5 0.0
10.34666719284349 7.5 0.0
9.34666719284349 7.5 0.0
10.34666719284349 8.5 0.0
10.34666719284349 10.34666719284349 0.0
0.5 0.5 0.0
5.97267565315565 5.695788666140631 34.7349002603511
6.650878526702859 6.47267565315565 34.7349002603511
7.329081400250067 7.2495626401706685 34.7349002603511
8.150878526702858 7.81934284599914 34.7349002603511
8.829081400250066 8.596229833014158 34.7349002603511
9.507284273797277 9.373116820029177 34.7349002603511
5.339382919046214 6.473550372814313 34.7349002603511
6.017585792593422 7.2504373598293315 34.7349002603511
6.695788666140631 8.02732434684435 34.7349002603511
7.517585792593422 8.597104552672821 34.7349002603511
8.195788666140631 9.37399153968784 34.7349002603511
8.87399153968784 10.150878526702858 34.7349002603511
5.150878526702859 4.8739915396878395 55.2650997396489
4.3739915396878395 4.195788666140631 55.2650997396489
3.597104552672821 3.5175857925934224 55.2650997396489
3.0273243468443503 2.6957886661406314 55.2650997396489
2.2504373598293315 2.0175857925934224 55.2650997396489
1.473550372814313 1.3393829190462139 55.2650997396489
4.373116820029177 5.507284273797276 55.2650997396489
3.596229833014158 4.829081400250067 55.2650997396489
2.81934284599914 4.150878526702859 55.2650997396489
2.2495626401706685 3.3290814002500673 55.2650997396489
1.47267565315565 2.6508785267028587 55.2650997396489
0.6957886661406312 1.97267565315565 55.2650997396489
