106 10.822908044132884
0.5000000000000009 10.322908044132882 2.4139689319877443e-15
1.5000000000000029 10.322908044132882 89.99999999999999
2.500000000000005 10.322908044132882 0.0
3.5000000000000067 10.322908044132882 90.0
4.500000000000009 10.322908044132882 90.0
5.500000000000011 10.322908044132882 0.0
6.500000000000012 10.322908044132882 0.0
7.500000000000014 10.322908044132882 0.0
0.5042493555377769 9.32290804413288 4.263256414560601e-14
1.5050174300148123 9.32290804413288 89.99999999999996
2.5055028582549483 9.32290804413288 5.684341886080802e-14
3.505818386688198 9.32290804413288 89.99999999999999
4.506136608592618 9.32290804413288 89.99999999999993
5.506404367974475 9.32290804413288 89.99999999999994
6.529322599871067 9.30093910611903 2.31014034122905
0.5012275333031246 8.322908044132879 1.7654976197489494e-15
1.5015674614709646 8.322908044132879 89.99999999999999
2.501938898944069 8.322908044132879 5.238497899040563e-14
3.5020108323383643 8.322908044132879 0.0
4.502067636911448 8.322908044132879 89.99999999999993
5.502095239519463 8.322908044132879 2.842170943040401e-14
0.5000000000000009 7.322908044132878 90.0
1.5000000000000027 7.322908044132877 89.99999999999999
2.5000000000000044 7.322908044132877 89.99999999999999
3.5000000000000067 7.322908044132877 90.0
4.500000000000009 7.322908044132877 4.821430517559932e-15
0.5000000000000009 6.322908044132876 90.0
1.5000000000000029 6.322908044132875 0.0
2.500000000000005 6.322908044132875 89.99999999999999
3.5000000000000067 6.322908044132875 89.99999999999999
0.5000000000000009 5.322908044132874 90.0
1.5000000000000027 5.322908044132873 90.0
2.5000000000000044 5.322908044132873 89.99999999999999
0.5000000000000009 4.322908044132872 90.0
1.5000000000000027 4.3229080441328716 0.0
0.5000000000000008 3.3229080441328698 0.0
10.322908044132882 0.500000000000001 0.0
9.32290804413288 0.5000000000000009 0.0
8.322908044132879 0.5000000000000009 0.0
7.322908044132878 0.5000000000000009 0.0
6.322908044132876 0.5000000000000009 0.0
5.322908044132874 0.5000000000000009 9.56697846558417e-16
4.322908044132872 0.5000000000000009 0.0
3.3229080441328698 0.5000000000000009 0.0
2.322908044132868 0.5000000000000009 0.0
10.322908044132882 1.5000000000000029 1.0584758529368068e-14
9.32290804413288 1.5000000000000029 1.4210854715202004e-14
8.322908044132879 1.5000000000000029 1.4210854715202004e-14
7.322908044132878 1.5000000000000027 90.0
6.322908044132876 1.5000000000000027 5.572287157779944e-16
5.322908044132874 1.5000000000000027 1.0015264763338717e-15
4.322908044132872 1.5000000000000027 0.0
3.3229080441328698 1.5000000000000027 0.0
10.322908044132882 2.500000000000005 1.428304937326015e-14
9.32290804413288 2.500000000000005 1.4210854715202004e-14
8.322908044132879 2.500000000000005 5.429085820106159e-15
7.322908044132878 2.5000000000000044 3.402118879069948e-15
6.322908044132875 2.5000000000000044 4.3454889749700546e-15
5.322908044132873 2.5000000000000044 4.743483412609373e-15
4.3229080441328716 2.5000000000000044 1.4210854715202004e-14
10.322908044132882 3.5000000000000075 5.996030257164769e-16
9.32290804413288 3.5000000000000067 4.695360353692644e-15
8.322908044132879 3.5000000000000067 7.511406719283612e-15
7.322908044132878 3.5000000000000067 1.0219486158335517e-14
6.322908044132875 3.5000000000000067 8.50724832124724e-15
5.322908044132873 3.500000000000006 3.702756002655265e-15
10.322908044132882 4.50000000000001 2.36079570064926e-14
9.32290804413288 4.500000000000009 2.842170943040401e-14
8.322908044132879 4.500000000000009 2.45304044052566e-14
7.322908044132877 4.500000000000009 4.202194468229445e-14
6.322908044132875 4.500000000000008 4.2003367010414066e-14
10.322908044132882 5.500000020566919 4.012748222081321e-14
9.32290804413288 5.500000000000011 4.2835227314615745e-14
8.322908044132879 5.500000000000011 4.405163128878968e-14
7.322908044132877 5.500000000000011 5.684341886080802e-14
10.322908038406307 6.500000026293495 6.562171189930956e-07
9.322907973994075 6.500000000000012 2.295304274219992e-14
8.322906519645745 6.500001283914561 1.3673099450515805e-06
10.322908038406307 7.500000026293497 6.562171284619659e-07
9.322908038406307 7.500000014840348 6.562171302051792e-07
10.322907161370065 8.50000002629349 6.562171356424924e-07
10.322906897040625 10.322906528457906 1.2802254474308938e-06
0.9115982869789746 0.5000000000000009 0.0
0.5000000000000009 1.5000000000000027 0.0
8.807331622415612 10.133663827364199 32.094117538913636
9.504065153336338 9.390232209370604 32.09416234261708
1.3509309242818688 2.4338773994521077 24.670690365421166
1.7292010341208133 1.5071810446040341 24.670690365421166
2.054574847722411 3.2977524630728943 24.67069036542035
2.5160882024364954 2.4092921435515824 24.67069036542035
2.758218771162965 4.161627526693715 24.670690365417602
3.21973212587705 3.2731672071724005 24.670690365417585
3.6669401558772097 4.579030742977572 24.670690365417613
4.141089017815749 3.6630625589229435 24.670726569910652
4.3705845129956735 5.4429048624430685 24.67069036541734
4.832098142417825 4.554444669103131 24.670690365417357
5.07422843643625 6.306779926063901 24.670690365414533
5.535742065858423 5.41831973272397 24.67069036541453
5.806764217883479 7.134046264576284 31.956163427218126
6.269293432625525 6.243959504345836 31.95616342721808
6.674777906324836 7.6699667290550675 33.64303890958757
7.136272037630724 6.755806695408404 31.178907672704227
7.368114472961595 8.43311157667926 33.64312296649535
8.061363293221525 7.69326267096016 33.643122966495284
8.074219633397984 9.30677604507896 24.670633192341988
8.788961341584853 8.534630489285993 24.670633192341942
