122 11.53553390593273762200422181052425
0.5 11.035533905932738 0.0
1.5 11.035533905932738 0.0
2.5 11.035533905932738 0.0
3.5 11.035533905932738 0.0
4.5 11.035533905932738 0.0
0.5 10.035533905932738 0.0
1.5 10.035533905932738 0.0
2.5 10.035533905932738 0.0
3.5 10.035533905932738 0.0
4.5 10.035533905932738 0.0
0.5 9.035533905932738 0.0
1.5 9.035533905932738 0.0
2.5 9.035533905932738 0.0
3.5 9.035533905932738 0.0
4.5 9.035533905932738 0.0
0.5 8.035533905932738 0.0
1.5 8.035533905932738 0.0
2.5 8.035533905932738 0.0
3.5 8.035533905932738 0.0
0.5 7.035533905932738 0.0
1.5 7.035533905932738 0.0
2.5 7.035533905932738 0.0
0.5 6.035533905932738 0.0
1.5 6.035533905932738 0.0
11.035533905932738 0.5 0.0
11.035533905932738 1.5 0.0
11.035533905932738 2.5 0.0
11.035533905932738 3.5 0.0
11.035533905932738 4.5 0.0
10.035533905932738 0.5 0.0
10.035533905932738 1.5 0.0
10.035533905932738 2.5 0.0
10.035533905932738 3.5 0.0
10.035533905932738 4.5 0.0
9.035533905932738 0.5 0.0
9.035533905932738 1.5 0.0
9.035533905932738 2.5 0.0
9.035533905932738 3.5 0.0
9.035533905932738 4.5 0.0
8.035533905932738 0.5 0.0
8.035533905932738 1.5 0.0
8.035533905932738 2.5 0.0
8.035533905932738 3.5 0.0
7.035533905932738 0.5 0.0
7.035533905932738 1.5 0.0
7.035533905932738 2.5 0.0
6.035533905932738 0.5 0.0
6.035533905932738 1.5 0.0
0.5 0.5 0.0
1.5 0.5 0.0
2.5 0.5 0.0
3.5 0.5 0.0
4.5 0.5 0.0
0.5 1.5 0.0
1.5 1.5 0.0
2.5 1.5 0.0
3.5 1.5 0.0
4.5 1.5 0.0
0.5 2.5 0.0
1.5 2.5 0.0
2.5 2.5 0.0
3.5 2.5 0.0
0.5 3.5 0.0
1.5 3.5 0.0
2.5 3.5 0.0
0.5 4.5 0.0
1.5 4.5 0.0
11.035533905932738 11.035533905932738 0.0
10.035533905932738 11.035533905932738 0.0
9.035533905932738 11.035533905932738 0.0
8.035533905932738 11.035533905932738 0.0
7.035533905932738 11.035533905932738 0.0
6.035533905932738 11.035533905932738 0.0
11.035533905932738 10.035533905932738 0.0
10.035533905932738 10.035533905932738 0.0
9.035533905932738 10.035533905932738 0.0
8.035533905932738 10.035533905932738 0.0
7.035533905932738 10.035533905932738 0.0
6.035533905932738 10.035533905932738 0.0
11.035533905932738 9.035533905932738 0.0
10.035533905932738 9.035533905932738 0.0
9.035533905932738 9.035533905932738 0.0
8.035533905932738 9.035533905932738 0.0
7.035533905932738 9.035533905932738 0.0
6.035533905932738 9.035533905932738 0.0
11.035533905932738 8.035533905932738 0.0
10.035533905932738 8.035533905932738 0.0
9.035533905932738 8.035533905932738 0.0
8.035533905932738 8.035533905932738 0.0
7.035533905932738 8.035533905932738 0.0
11.035533905932738 7.035533905932738 0.0
10.035533905932738 7.035533905932738 0.0
9.035533905932738 7.035533905932738 0.0
8.035533905932738 7.035533905932738 0.0
11.035533905932738 6.035533905932738 0.0
10.035533905932738 6.035533905932738 0.0
9.035533905932738 6.035533905932738 0.0
5.267766952966369 8.096194077712559 45.0
4.560660171779821 7.389087296526012 45.0
3.853553390593274 6.681980515339464 45.0
3.146446609406726 5.974873734152916 45.0
2.4393398282201786 5.267766952966369 45.0
5.974873734152916 7.389087296526012 45.0
5.267766952966369 6.681980515339464 45.0
4.560660171779821 5.974873734152916 45.0
3.853553390593274 5.267766952966369 45.0
3.146446609406726 4.560660171779821 45.0
6.681980515339464 6.681980515339464 45.0
5.974873734152916 5.974873734152916 45.0
5.267766952966369 5.267766952966369 45.0
4.560660171779821 4.560660171779821 45.0
3.853553390593274 3.853553390593274 45.0
7.389087296526012 5.974873734152916 45.0
6.681980515339464 5.267766952966369 45.0
5.974873734152916 4.560660171779821 45.0
5.267766952966369 3.853553390593274 45.0
4.560660171779821 3.146446609406726 45.0
8.096194077712559 5.267766952966369 45.0
7.389087296526012 4.560660171779821 45.0
6.681980515339464 3.853553390593274 45.0
5.974873734152916 3.146446609406726 45.0
5.267766952966369 2.4393398282201786 45.0
