126 11.774735132406546
0.5 11.274735132406546 0.0
1.5 11.274735132406546 0.0
2.5 11.274735132406546 0.0
0.5 10.274735132406546 0.0
1.5 10.274735132406546 0.0
0.5 9.274735132406546 0.0
1.5 9.274735132406546 0.0
0.5 8.274735132406546 0.0
0.5 7.274735132406546 0.0
11.274735132406546 11.274735132406546 0.0
10.274735132406546 11.274735132406546 0.0
9.274735132406546 11.274735132406546 0.0
8.274735132406546 11.274735132406546 0.0
7.274735132406546 11.274735132406546 0.0
6.274735132406546 11.274735132406546 0.0
5.274735132406546 11.274735132406546 0.0
4.274735132406546 11.274735132406546 0.0
11.274735132406546 10.274735132406546 0.0
10.274735132406546 10.274735132406546 0.0
9.274735132406546 10.274735132406546 0.0
8.274735132406546 10.274735132406546 0.0
7.274735132406546 10.274735132406546 0.0
6.274735132406546 10.274735132406546 0.0
5.274735132406546 10.274735132406546 0.0
11.274735132406546 9.274735132406546 0.0
10.274735132406546 9.274735132406546 0.0
9.274735132406546 9.274735132406546 0.0
8.274735132406546 9.274735132406546 0.0
11.274735132406546 8.274735132406546 0.0
10.274735132406546 8.274735132406546 0.0
11.274735132406546 7.274735132406546 0.0
0.5 0.5 0.0
1.5 0.5 0.0
2.5 0.5 0.0
3.5 0.5 0.0
4.5 0.5 0.0
5.5 0.5 0.0
6.5 0.5 0.0
7.5 0.5 0.0
0.5 1.5 0.0
1.5 1.5 0.0
2.5 1.5 0.0
3.5 1.5 0.0
4.5 1.5 0.0
5.5 1.5 0.0
6.5 1.5 0.0
7.5 1.5 0.0
0.5 2.5 0.0
1.5 2.5 0.0
2.5 2.5 0.0
3.5 2.5 0.0
4.5 2.5 0.0
5.5 2.5 0.0
6.5 2.5 0.0
0.5 3.5 0.0
1.5 3.5 0.0
2.5 3.5 0.0
3.5 3.5 0.0
0.5 4.5 0.0
1.5 4.5 0.0
0.5 5.5 0.0
11.274735132406546 0.5 0.0
10.274735132406546 0.5 0.0
9.274735132406546 0.5 0.0
11.274735132406546 1.5 0.0
10.274735132406546 1.5 0.0
9.274735132406546 1.5 0.0
11.274735132406546 2.5 0.0
10.274735132406546 2.5 0.0
11.274735132406546 3.5 0.0
10.274735132406546 3.5 0.0
11.274735132406546 4.5 0.0
11.274735132406546 5.5 0.0
6.593684858060229 5.472816960229928 66.7537469646683
9.94686406078035 5.473952764063576 63.64894374012999
3.409673838176472 8.245532287498335 66.75374696466834
1.82787107162777 7.300782368341203 63.648943740129916
8.818917642008639 5.449749903514448 63.64894374012999
6.199001088589149 4.553999937031565 66.7537469646683
5.181050274346316 7.301918172178118 66.75374696466834
4.651358241741404 3.651358241739905 67.90379064247752
3.804357607642913 9.16434931069869 66.75374696466834
7.656750396333844 2.656750396343345 66.75374696466822
7.123376890665142 9.12337689066814 67.90379064247752
4.117984736072705 10.1179847360647 66.75374696466834
2.754108591008897 4.656750396334887 66.75374696466834
8.365061294227957 4.529202844904785 66.75374696466822
5.492604276875774 5.468365422148376 67.90379064247752
9.020626541402576 8.117984736071042 66.7537469646683
9.238686550337961 6.357779330411923 63.64894374012999
2.536048582066206 6.416955801991319 63.648943740129916
6.020626541407931 9.11798473606831 66.75374696466841
6.98836862753131 6.39163398342829 66.75374696466822
2.045340472045012 5.538146633589952 62.97856970877487
6.282130855530773 7.306369710259668 67.90379064247752
2.955817490395527 7.324985228888793 63.648943740129916
7.271073690613255 4.516092517684835 66.7537469646683
5.575734043817397 8.22073519537648 66.75374696466834
8.751351560620362 2.648281783213086 72.0097717601424
7.829013446868421 8.207241543807095 66.75374696466822
4.898345211263021 9.177459637916318 66.75374696466834
6.727535834683818 8.204812299209706 67.90379064247752
1.3420268826735 6.376584181293406 58.37812728457258
7.970377524760083 3.610385821705046 66.75374696466822
7.433261125121844 7.28888352412012 66.75374696466822
2.693883128680826 9.147358149683852 68.3361596514421
5.047199297722728 4.56992283319834 67.90379064247746
6.876389921141736 3.597275494484246 66.7537469646683
4.786366504875237 6.383101148979756 66.75374696466834
8.506402279423563 7.25051710126693 66.7537469646683
3.945721685536335 4.567493588595883 66.75374696466834
9.729394660365003 7.236588498810306 62.97856970877503
3.66408517472956 6.442576050828093 66.75374696466834
9.096508787446297 3.587602484627999 72.00976832239563
4.341474007282586 5.485851608282999 66.75374696466834
10.43270824974326 6.398150951108353 58.378127284571335
9.502994187058697 4.577861510225373 63.64894374012999
4.503661441791174 8.258642614718285 66.75374696466834
4.108977672320094 7.339825591519922 66.75374696466834
3.018275274970757 10.095527681525923 68.45645845056247
7.665757460086453 5.434909540888124 66.7537469646683
2.271740945362128 8.196873622211498 63.648943740129916
5.887367566203273 6.387367566204023 67.90379064247746
8.110649957676987 6.332159081579954 66.7537469646683
3.268332852981784 5.524218031141632 66.75374696466834
5.754108590998614 3.656750396339737 66.7537469646683
