156 12.982082698520427
0.5 12.482082698520426 0.0
12.482082698520427 0.5 0.0
0.5 6.500000000001437 0.0
0.5 5.500000000001197 0.0
0.5 4.500000000000958 0.0
1.5000000000002398 4.500000000000958 0.0
0.5 3.500000000000719 0.0
1.5000000000002398 3.500000000000719 0.0
0.5274505626551242 2.5000000000004796 0.0
1.5274505626588528 2.5000000000004796 0.0
2.5573560644916746 2.563606250029869 1.8574575520897378
0.5 1.5000000000002398 0.0
1.5000000000002398 1.5000000000002398 0.0
2.5000000000004796 1.5000000000002398 0.0
3.5000000000007176 1.5000000000002398 0.0
0.5 0.5 0.0
1.5000000000002398 0.5 0.0
2.5000000000004796 0.5 0.0
3.5000000000007176 0.5 0.0
4.5000000000009575 0.5 0.0
2.482082698518031 12.482082698520426 0.0
3.482082698518271 12.482082698520426 0.0
4.482082698518511 12.478381737703845 0.0
5.48208269851875 12.482082698520426 0.0
6.48208269851899 12.482082698520426 0.0
7.482082698519229 12.482082698520426 0.0
8.482082698519468 12.482082698520426 0.0
9.482082698519708 12.482082698520426 0.0
10.482082698519948 12.482082698520426 0.0
11.482082698520188 12.482082698520426 0.0
12.482082698520427 12.482082698520426 0.0
3.482082698518271 11.482082698520188 0.0
4.482082698518511 11.478381737703607 0.0
5.48208269851875 11.482082698520188 0.0
6.48208269851899 11.482082698520188 0.0
7.482082698519229 11.482082698520188 0.0
8.482082698519468 11.482082698520188 0.0
9.482082698519708 11.482082698520188 0.0
10.482082698519948 11.482082698520188 0.0
11.482082698520188 11.482082698520188 0.0
12.482082698520427 11.482082698520188 0.0
4.482082698518511 10.47838173770337 0.0
5.48208269851875 10.482082698519946 0.0
6.48208269851899 10.482082698519946 0.0
7.482082698519229 10.47962740014334 0.0
8.482082698519468 10.482082698519946 0.0
9.482082698519708 10.482082698519946 0.0
10.482082698519948 10.482082698519946 0.0
11.482082698520188 10.482082698519946 0.0
12.482082698520427 10.482082698519946 0.0
4.482082698518511 9.478381737703128 0.0
5.48208269851875 9.482082698519708 0.0
6.48208269851899 9.482082698519708 0.0
7.48208269851923 9.479627400143098 0.0
8.482082698519468 9.482082698519708 0.0
9.482082698519708 9.482082698519708 0.0
10.482082698519948 9.482082698519708 0.0
11.482082698520188 9.482082698519708 0.0
12.482082698520427 9.482082698519708 0.0
5.48208269851875 8.48208269851947 0.0
6.48208269851899 8.48208269851947 0.0
7.482082698519229 8.47962740014286 0.0
8.482082698519468 8.48208269851947 0.0
9.482082698519708 8.48208269851947 0.0
10.482082698519948 8.48208269851947 0.0
11.482082698520188 8.48208269851947 0.0
12.482082698520427 8.48208269851947 0.0
5.48208269851875 7.482082698519229 0.0
6.48208269851899 7.482082698519229 0.0
7.482082698519229 7.479627400142621 0.0
8.482082698519468 7.482082698519229 0.0
9.482082698519708 7.482082698519229 0.0
10.482082698519948 7.482082698519229 0.0
11.482082698520188 7.482082698519229 0.0
12.482082698520427 7.482082698519229 0.0
5.48208269851875 6.48208269851899 0.0
6.48208269851899 6.48208269851899 0.0
7.482082698519229 6.47962740014238 0.0
8.482082698519468 6.48208269851899 0.0
9.482082698519708 6.48208269851899 0.0
10.482082698519948 6.48208269851899 0.0
11.482082698520188 6.48208269851899 0.0
12.482082698520427 6.48208269851899 0.0
5.48208269851875 5.4820826985187505 0.0
6.48208269851899 5.4820826985187505 0.0
7.482082698519229 5.4796274001421414 0.0
8.482082698519468 5.4820826985187505 0.0
9.482082698519708 5.4820826985187505 0.0
10.482082698519948 5.4820826985187505 0.0
11.482082698520188 5.4820826985187505 0.0
12.482082698520427 5.4820826985187505 0.0
9.482082698519708 4.48208269851851 0.0
10.482082698519948 4.48208269851851 0.0
11.482082698520188 4.48208269851851 0.0
12.482082698520427 4.48208269851851 0.0
11.482082698520188 3.482082698518271 0.0
12.482082698520427 3.482082698518271 0.0
12.482082698520427 2.482082698518032 0.0
2.5579571647350203 5.018035167119518 28.25823935608154
2.5000000000004796 3.840900666271874 0.0
1.677134500847643 5.679891133623313 28.25823935608588
4.482082698518511 8.437615486053662 0.0
4.482082698518511 7.4376154860534225 0.0
4.482082698518511 6.437615486053183 0.0
4.482082698518511 5.437615486052944 0.0
0.6801497594217452 11.236921080739869 29.12840596964664
1.5560032566932591 11.719521760572405 29.12840596964664
1.5437553589306745 10.524630387881267 24.01370774732697
2.4227279146064333 11.008969139325107 24.01370774732697
2.434134781016917 9.827480459416488 26.759045722375383
3.310509054198951 10.310509054200626 26.759045722375383
3.323456968430092 9.155716832255411 27.787783791924333
0.6602016572857927 10.05057443723079 24.01370774732697
0.6715736443193201 8.88088344775355 26.759045722375383
1.5526979229646471 9.354491904916014 26.759045722375383
0.677134500847405 7.733913052241402 28.258239356081535
1.5579571647347805 8.207359390048364 28.258239356081543
2.4387798286221916 8.680805727855343 28.258239356085866
1.5354288219016006 7.059947995169755 28.258239356081532
2.416251485788976 7.533394332976717 28.258239356081543
3.2970741496763534 8.006840670783681 28.25823935608154
2.4241255337834904 6.402324366614969 28.25823935608154
3.3049481976708677 6.875770704421931 28.25823935608154
3.3049481976708677 5.740468400111173 28.25823935608154
3.59919567957151 3.469769892769249 66.80405134424568
3.9897463654091254 4.390358431270047 66.80405134424568
4.244304636943751 2.438988419064459 66.49414848712014
4.641092608512443 3.3611464466771777 66.94198853450145
5.031641017190527 4.28172963559217 66.94198853450145
4.954653007506616 1.5649677078716735 66.49414848712014
5.354618730693176 2.484347423193613 66.79429548478
5.746849006052573 3.405613659142985 66.94198853450145
6.137397414730655 4.326196848057976 66.94198853450145
5.655188516836599 0.6551424070091274 67.1026426558374
6.054444634320624 1.5720483693784475 67.1026426558374
6.446329285964968 2.492067760176065 67.1026426558374
6.8368779040468635 3.4126514410300897 67.1026426558374
7.2423303903700145 4.326940291509383 67.1026426558374
6.758123447365981 0.6517049433518425 67.83149924772647
7.150054644123255 1.5718345360435686 67.83149924772647
7.540642628626781 2.492511422262342 67.83149924772647
7.946214561896698 3.4070830796562728 67.83149924772647
7.855307488069315 0.6554264916234063 67.04138486246693
8.246298660165124 1.5777078182732298 66.84200042592073
8.651722138743 2.4919324024878398 66.84200042592073
8.941335173742377 0.6554264916234063 67.04138486246693
9.346779126676475 1.5696989429671095 67.04138486246693
9.758383111879315 2.481361865230066 67.04138486246693
10.32665620689654 3.3266562068948646 67.04138486246693
10.04659289515801 0.6614525300463736 65.70144127811226
10.458084327239398 1.5728661580573267 65.70144127811226
11.024607640385703 2.4142849025191957 65.70144127811226
8.330377755167625 4.330377755166667 67.83149924772647
9.063296494127309 3.403526053007485 66.84200042592073
11.735529166393485 1.5464490514461398 57.76911690865471
11.143789567741077 0.6614525300463736 65.70144127811226
