177 13.822979734183507
0.5000000000000001 13.322979734183495 90.0
1.5000000000010578 13.322979734183498 2.0376521997018235e-15
2.5000000000021148 13.322979734183502 4.9671733409357744e-15
3.5000000000031752 13.322979734183505 89.99999999999973
4.500000000004233 13.322979734183502 1.1093239037019936e-14
5.500000000005288 13.322979734183502 1.5575146668427121e-15
6.500000000006346 13.322979734183502 2.2557827118788604e-15
7.500000000007404 13.322979734183502 1.381984734257255e-15
8.50000000000846 13.322979734183502 2.911864778921647e-15
9.500000000009518 13.322979734183502 1.815965040218036e-15
10.500000000010575 13.322979734183502 1.7813838031398915e-15
0.5000000000000001 12.32297973418244 2.2636354709653155e-15
1.5000000000010578 12.32297973418244 90.0
2.5000000000021148 12.322979734182447 89.99999999999996
3.500000000003173 12.322979734182447 90.0
4.50000000000423 12.322979734182443 1.1575725164641236e-14
5.500000000005288 12.322979734182443 3.067199921839008e-15
6.500000000006346 12.322979734182447 8.12256325326357e-16
7.500000000007404 12.322979734182443 1.9243169709816122e-16
8.50000000000846 12.322979734182447 1.8780110423870345e-15
9.500000000009518 12.322979734182447 2.2363275104040355e-16
0.5000000000000019 11.322979734181377 1.8208320471899193e-13
1.5000000000010534 11.32297973418138 1.7917867125805856e-13
2.5000000000021148 11.322979734181388 90.0
3.5000000000031672 11.322979734181393 6.235803361855506e-13
4.500000000004219 11.322979734181386 1.785049427648508e-14
5.500000000005278 11.322979734181386 90.0
6.5000000000063345 11.322979734181386 90.0
7.5010601924363405 11.322979734181386 2.168626189288288e-16
8.501245321227234 11.322979734181388 90.0
0.5000000000000001 10.322979734180318 1.1418941340554956e-15
1.500000000001057 10.322979734180324 1.8397192285502505e-13
2.500000000002114 10.322979734180324 1.8042946454405979e-13
3.5000000000031672 10.322979734180334 6.514661356078069e-13
4.500000000004219 10.322979734180329 90.0
5.500000000005286 10.322979734180338 1.0612021720246378e-12
6.5000000000063345 10.322979734180327 3.091499373007232e-14
7.500000000007401 10.322979734180327 90.0
0.5000000000000001 9.322979734179262 2.8696785297093174e-15
1.5000000000010525 9.322979734179267 6.320347345849425e-13
2.5000000000021094 9.322979734179267 6.290581495785305e-13
3.500000000003162 9.322979734179272 2.015117274580455e-14
4.50000000000422 9.32297973417927 3.0318588797005497e-15
5.500000000005286 9.32297973417928 1.1430717346549833e-12
6.500000000006343 9.32297973417927 2.908940336372774e-14
0.5000000000000001 8.322979734178203 90.0
1.500000000001064 8.322979734178187 89.99999999999933
2.5000000000021263 8.322979734178215 89.99999999999993
3.5000000000031823 8.322979734178213 1.1011665250591463e-13
4.500000000004239 8.322979734178212 5.567867302491111e-15
5.500000000005308 8.32297973417822 1.143430621705568e-12
0.5000000000000054 7.32297973417715 5.557402046398048e-13
1.5000000000010685 7.322979734177124 89.99999999999996
2.5000000000021254 7.3229797341771565 7.673394470229236e-15
3.500000000003183 7.322979734177158 89.99999999999996
4.500000000004241 7.322979734177155 7.0209071331797836e-15
0.5000000000000001 6.322979734176093 1.5091742198032647e-15
1.500000000001072 6.322979734176081 1.6407364799153692e-12
2.5000000000021263 6.322543150084655 1.544323794904532e-14
3.5000000000031837 6.322979734176101 1.7266851008799785e-14
0.5000000000000001 5.322979734175036 90.0
1.5000000000010578 5.322979734175037 1.5541969396317804e-14
2.500072153274294 5.322469527609057 0.008268752604571324
0.5000000000000001 4.322979734173983 2.334383403714018e-15
1.5000000000010516 4.322979734173978 2.438151820354473e-13
0.5000000000000001 3.3229797341729257 90.0
13.3229797341835 0.5000000000000026 89.99999999999996
12.322979734182445 0.5000000000000017 90.0
11.322979734181386 0.5000000000000017 90.0
10.322979734180329 0.5000000000000017 8.883478066014124e-16
9.322979734179269 0.5000000000000017 90.0
8.322979734178212 0.5000000000000017 2.7667611622162087e-15
7.322979734177155 0.5000000000000017 8.596968415679264e-15
6.322979734176095 0.5000000000000043 2.8367364074130554e-13
5.32297973417504 0.5000000000000008 89.9999999999999
4.322979734173982 0.5000000000000026 89.99999999999996
3.322979734172925 0.5000000000000017 5.2414131227722106e-15
2.3229797341718683 0.5000000000000017 90.0
13.3229797341835 1.5000000000010605 89.99999999999996
12.322979734182441 1.5000000000010587 89.99999999999996
11.322979734181384 1.5000000000010596 89.99999999999994
10.322979734180327 1.5000000000010605 90.0
9.322979734179269 1.5000000000010605 89.99999999999996
8.322979734178212 1.5000000000010605 90.0
7.322979734177144 1.5000000000010605 90.0
6.322979734176098 1.5000000000010605 90.0
5.32297973417504 1.5000000000010587 89.99999999999999
4.322979734173982 1.5000000000010605 89.99999999999996
3.3229797341729266 1.5000000000010605 2.90604281104513e-15
13.321790816678776 2.5000000000021165 89.99999999999996
12.321235720541521 2.5000000000021156 89.99999999999996
11.319359464729638 2.5000000000021165 89.99999999999994
10.319046641925107 2.5000000000021174 90.0
9.318969503133879 2.5000000000021174 89.99999999999999
8.318920910912205 2.5000000000021174 89.99999999999999
7.318911041024596 2.5000000000021174 90.0
6.318908908013703 2.5000000000021174 4.2746188356760804e-14
5.318908908012646 2.5000000000021165 89.99999999999996
4.318908908011588 2.5000000000021183 5.031241603963274e-15
13.3229797341835 3.5000000000031757 1.3052038208508273e-13
12.322979734182445 3.500000000003174 3.093270905586615e-15
11.322979734181388 3.500000000003174 89.99999999999997
10.32297973418033 3.500000000003175 90.0
9.322979734179272 3.5000000000031743 90.0
8.322979734178213 3.500000000003175 89.99999999999999
7.322979734177156 3.500000000003175 1.3360982832788044e-15
6.322979734176098 3.500000000003174 89.99999999999997
5.322979734175039 3.5000000000031743 89.99999999999996
13.322979734183503 4.500000000004235 89.99999999999997
12.322979734182445 4.50000000000423 1.0239598935746516e-13
11.322979734181388 4.500000000004231 90.0
10.322979734180329 4.500000000004232 90.0
9.322979734179272 4.500000000004232 89.99999999999996
8.322979734178215 4.500000000004235 2.0201576743495836e-13
7.3229797341771565 4.500000000004232 90.0
6.322979734176099 4.500000000004231 89.99999999999997
13.3229797341835 5.5000000000052935 89.99999999999989
12.322979734182441 5.50000000000529 1.0369615418605428e-13
11.322979734181382 5.500000000005289 89.99999999999989
10.322979734180327 5.500000000005291 89.99999999999994
9.322979734179269 5.50000000000529 90.0
8.322979734178212 5.500000000005291 90.0
7.322979734177156 5.500000000005291 1.1709316567022088e-15
13.3229797341835 6.5000000000063505 89.9999999999999
12.322979734182441 6.500000000006346 2.337803706581257e-13
11.322979734181384 6.500000000006347 89.9999999999999
10.322979734180327 6.500000000006349 89.9999999999999
9.322979734179269 6.500000000006347 90.0
8.322979734178212 6.500000000006348 90.0
13.3229797341835 7.500000000007408 1.2022637286957527e-15
12.322979734182445 7.500000000007406 1.2508197520169824e-15
11.322979734181388 7.500000000007405 89.99999999999967
10.32297973418033 7.500000000007408 89.99999999999967
9.322979734179269 7.500000000007405 90.0
13.3229797341835 8.500000000008463 2.1455839929497325e-15
12.322979734182445 8.50000000000846 90.0
11.322979734181386 8.500000000008463 90.0
10.322979734180327 8.500000000008463 3.7605656598238867e-16
13.320184391746148 9.500000000009518 89.99999999999999
12.319790186989982 9.500000000009518 1.3326225636893327e-15
11.319752404597848 9.50000000000952 90.0
13.3229797341835 10.500000000010576 90.0
12.322979734182445 10.500000000010576 1.0339948487700075e-15
13.320080873746681 11.500000000011633 2.9826931356131265e-15
13.298731579904828 13.293321428344974 1.0938216008109845
0.5000010665036997 0.5000000000000017 1.764213924897436e-15
0.5000000000000001 1.5000000000010605 1.0816675022967549e-14
11.766251938196717 13.153295810249102 26.190217210537917
12.449668145740846 12.375019178545928 26.190217210537917
1.3493991439547033 2.434127141264965 24.968961768169827
1.6643319149149702 1.4776756253262375 24.968961768169827
2.0514533549195226 3.2953891874385453 24.968961768169834
2.473580590218222 2.388852592909018 24.968961768169827
2.752782179659974 4.158209032073202 24.96896176817327
3.174909414958688 3.251672437543716 24.968961768169827
3.663726923061551 4.5708695759753635 24.968961768173266
4.08585415836299 3.6643329814400247 24.968961768169823
4.3620983713786305 5.44004051508439 24.96896176817326
4.784225606677355 4.533503920554875 24.968961768173255
5.064152582343407 6.301302561257916 24.968961768176886
5.486279817642132 5.394765966728402 24.968961768176886
5.766206793308188 7.162564607431436 24.968961768176886
6.188334028606914 6.256028012901921 24.968961768176886
6.679180199650313 7.570868509449742 24.968961768171425
7.101307434949062 6.66433191492029 24.968961768176882
7.374797598802428 8.445953888903746 24.968961768174204
7.796924834101197 7.5394172943742515 24.9689617681742
8.076851809767225 9.307215935077284 24.968961768174204
8.498979045065994 8.400679340547791 24.968961768174204
8.806745920861731 10.13425461469493 31.907190714933417
9.27127944451644 9.24549454783172 31.907190714933417
9.666396298383477 10.645541729907917 31.907190714933417
10.131057757726401 9.756759854728317 31.89559399109326
10.345057130681276 11.448686438467842 31.836462292012268
11.016532572339854 10.688526861273955 31.836462292012268
11.06007542101707 12.299404037970644 24.96896176817632
11.746129678132265 11.515764615725564 24.96896176817632
