172 13.618988956899477
0.5000000000000011 13.118988956899475 0.0
1.5000000000000033 13.118988956899475 90.0
2.5000000000000053 13.118988956899475 90.0
3.500000000000008 13.118988956899475 90.0
4.50000000000001 13.118988956899475 90.0
5.500000000000012 13.118988956899475 90.0
6.500000000000014 13.118988956899475 90.0
7.500000000000017 13.118988956899475 1.0277709109531648e-15
8.50000000000002 13.118988956899475 5.778682901093885e-14
9.500000000000023 13.118988956899475 6.027402271591928e-14
0.5000012765486325 12.118988956899473 2.226256948889156e-15
1.501268684458055 12.118988956899473 89.99999999999993
2.501860266935864 12.118988956899473 89.99999999999997
3.5027157299867877 12.118988956899473 4.3186008269747834e-14
4.505715730203575 12.118988956899473 3.3877346855125286e-14
5.50655943050478 12.118988956899473 5.616377569480554e-14
6.507559431228241 12.118988956899473 89.99999999999997
7.511323808003108 12.118988956899473 89.99999999999987
8.514700644136393 12.030539244521027 89.63133948487216
0.5000000000000011 11.118988956899472 0.0
1.5000000000000033 11.10271041300365 90.0
2.500000000000006 11.118988956899472 3.29901939439772e-14
3.5000000000000084 11.118988956899472 2.842170943040401e-14
4.500000000000011 11.118988956899472 4.263256414560601e-14
5.500000000000013 11.118988956899472 4.263256414560601e-14
6.500000000000015 11.118988956899472 89.99999999999997
7.500000000000019 11.11898895689947 89.99999999999991
0.5000000000000011 10.11898895689947 4.426677217910268e-15
1.5000000000000033 10.099209578166287 4.947623682965879e-15
2.500000000000006 10.11898895689947 3.475546372711022e-14
3.5000000000000084 10.11898895689947 1.8709454439743422e-14
4.500000000000011 10.11898895689947 4.263256414560601e-14
5.500000000000013 10.11898895689947 4.263256414560601e-14
6.500000000000015 10.11898895689947 89.99999999999997
0.500000000000001 9.118988956899466 0.0
1.5000000000000033 9.095169159947803 2.5270158311191334e-15
2.5000000000000053 9.118988956899466 2.842170943040401e-14
3.5000000000000084 9.118988956899466 8.303747422073517e-15
4.500000000000011 9.118988956899466 3.259656159286058e-14
5.500000000000013 9.118988956899466 5.684341886080802e-14
0.5000000000000011 8.118988956899464 5.390950366902789e-15
1.5000000000000033 8.09320975716344 0.0
2.5000000000000053 8.118988956899463 1.4210854715202004e-14
3.5000000000000084 8.118988956899464 1.4210854715202004e-14
4.500000000000011 8.118988956899463 89.99999999999999
0.5000000000000011 7.118988956899463 4.3794296375315315e-15
1.5000000000000033 7.087221038744669 1.4210854715202004e-14
2.5000000000000053 7.118988956899462 1.4210854715202004e-14
3.5000000000000084 7.118988956899462 4.141322975614107e-15
0.5000000000000011 6.11898895689946 0.0
1.5000000000000033 6.002525378930292 0.0
2.5000000000000053 6.118988956899459 0.0
0.5000000000000011 5.118988956899458 3.1606153042857682e-15
1.5000449625533765 5.002038504738619 89.99506687569163
0.5000000000000011 4.1189889568994555 2.0575269317464985e-15
13.118988956899475 13.117738934537476 0.0
12.118988956899473 13.118988956899475 0.0
13.117353317985643 12.11721378421059 89.96064924918844
0.5000006468409065 0.5000000000000011 0.0
1.5000007619161133 0.5000006405458791 4.819955780883107e-06
0.500000000000001 1.5000000000000033 0.0
13.108673178064091 0.5000000000000011 90.0
12.032522887506785 0.5000000000000011 1.0578388645134466e-15
11.029522887001262 0.5000000000000011 2.4418997510836216e-16
10.018039036633935 0.5000000000000011 0.0
9.003125523805629 0.5000000000000011 0.0
7.994413417742616 0.5000000000000011 0.0
6.9678252380398 0.5000000000000011 2.647572780939128e-15
5.967456082593913 0.5000000000000011 3.0523643303125828e-15
4.966328832381581 0.5000000000000011 0.0
3.963214652247346 0.5000000000000011 7.5224903413932615e-16
2.9606353306607387 0.5018726901308522 89.78505263829238
13.118988956899475 1.5000012765581001 2.215091916309971e-14
12.118988956899473 1.5000000000000036 0.0
11.118988956899472 1.5000000000000033 90.0
10.11898895689947 1.5000000000000033 0.0
9.118988956899466 1.5000000000000033 0.0
8.118988956899464 1.5000000000000033 90.0
7.118988956899462 1.5000000000000033 1.6801334131328644e-15
6.118988956899459 1.5000000000000033 9.64409287444501e-16
5.118988956899457 1.5000000000000033 90.0
4.118988956899455 1.5000000000000033 0.0
13.118988956899475 2.5008676117042734 89.99999999999999
12.118988956899473 2.5000000000000053 1.3576993664163004e-14
11.118988956899472 2.5000000000000053 1.4795818715872417e-14
10.118988956899468 2.5000000000000053 2.785771779386912e-15
9.118988956899464 2.5000000000000053 90.0
8.118988956899463 2.5000000000000053 90.0
7.118988956899461 2.5000000000000053 2.6055988212765345e-15
6.118988956899458 2.5000000000000053 1.4210854715202004e-14
5.118988956899456 2.5000000000000053 90.0
13.118988956899475 3.502085630777982 9.947598300641403e-14
12.118988956899473 3.5000000000000084 2.4874456289196166e-14
11.11898895689947 3.5000000000000084 1.4210854715202004e-14
10.118988956899468 3.500000000000008 0.0
9.118988956899464 3.500000000000008 0.0
8.118988956899463 3.500000000000008 90.0
7.118988956899461 3.500000000000008 0.0
6.118988956899458 3.500000000000008 2.510385718213027e-15
13.118988956899475 4.504941616260486 89.99999999999999
12.118988956899473 4.500000000000011 2.842170943040401e-14
11.11898895689947 4.500000000000011 1.4210854715202004e-14
10.118988956899468 4.50000000000001 0.0
9.118988956899464 4.50000000000001 0.0
8.118988956899463 4.50000000000001 89.99999999999999
7.118988956899461 4.50000000000001 1.2167178451536707e-15
13.118988956899475 5.505985078174916 3.29172988079478e-14
12.093219160119292 5.500000000000013 2.8404801338158377e-14
11.08676770695386 5.500000000000013 1.4210854715202004e-14
10.074833247673089 5.500000000000013 4.263256414560601e-14
9.042667573176358 5.500000000000012 89.99999999999999
7.998723265425248 5.512091806811485 88.82252699278615
13.118988956899475 6.507032241441724 8.84767255769649e-14
12.118988956899472 6.500000000000015 89.99999999999997
11.11898895689947 6.500000000000015 89.99999999999994
10.118988956899468 6.500000000000015 89.99999999999994
9.118988956899464 6.500000000000015 89.99999999999996
13.118988956899475 7.508731030608224 90.0
12.118988956899473 7.500000000000018 89.99999999999997
11.11898895689947 7.500000000000018 89.99999999999994
10.118988956899468 7.500000000000018 89.99999999999996
13.118988956899475 8.508979459179592 89.99999999999999
12.118988956899473 8.500000000000021 89.99999999999999
11.118988956899472 8.500000000000021 89.99999999999999
13.118988956899475 9.509976461292025 1.334196175649721e-16
12.118988956899473 9.500000000000023 89.99999999999999
13.026292605377442 10.515549293565417 89.81814240310982
0.7068367252099859 2.8488906257746858 46.58357189988337
1.5108350047128705 2.1977541763618436 45.269851341773624
2.228232188699882 1.4777091285245527 45.269851707537384
1.6014099041148828 3.5156299719532007 45.26985134177361
2.3118382498281833 2.811860431827505 45.26985134177361
3.0175808132132085 2.1033607620360013 45.26985134177359
2.3689010818430676 4.162934103088872 45.269851270426905
3.0918141233858067 3.449130048319474 45.02968018900344
3.797645316203571 2.739770672238253 45.10873632663595
3.0185543665501817 4.933569520211116 44.73014865822627
3.7290079804165766 4.229762581695477 44.73014865822624
4.434738263725306 3.5212765962146575 44.73014865822627
3.707099854690327 5.659429022381113 44.730148658226206
4.434749691531036 4.938263111823634 44.730148658226184
5.140479974839766 4.229777126342815 44.73014865822616
4.434725331536015 6.345838673711877 44.73014865822621
5.14517894540241 5.642031735196237 44.73014865822621
5.867891682208347 4.91640257031491 44.73014865822627
5.140467042650476 7.054339203840034 44.73014865822627
5.8509206565168705 6.350532265324395 44.73014865822626
6.5566509398256 5.6420462798435755 44.73014865822627
5.72888584630787 7.881526031732092 44.70987223798263
6.488236398102963 7.130753020736314 45.00004719008936
7.196252465695941 6.417312973525867 44.730149886103305
10.711163146873902 12.818358457615282 44.439622454492174
11.421129601589447 12.108260126572905 44.73014865822626
12.150290180005776 11.378193470773288 44.72878121575998
10.097020440131965 12.01129993500637 44.73014865822626
10.807128525071972 11.307150707071294 44.73014865822626
11.512872442522088 10.59867822790495 44.73014865822626
9.443594213964253 11.245121197845819 45.20015219627295
10.183397792619502 10.51362206257397 44.9703040226348
10.891630480465398 9.804789795189327 44.739701719959584
8.67914079108984 10.594096522183504 45.2698513417738
9.38922637520395 9.889980976482848 45.2698513417738
10.094977384159117 9.181489832192332 45.2698513417738
7.948640776974761 9.910148038861976 45.26985134177379
8.680725845075793 9.184239265368388 45.26985134177377
9.38647685403096 8.475748121077874 45.269851341773766
7.2668716375890785 9.17792555719767 45.26985134177386
7.97695722170319 8.473810011497017 45.269851341773816
8.685700891343101 7.76235426421634 45.269851341773794
6.5583711074609194 8.47218384608321 45.269851341773794
7.268456691575032 7.768068300382556 45.269851341773794
7.974207700530199 7.059577156092041 45.26985134177383
