174 13.7071067811865475244008443621
0.5 13.207106781186548 0.0
1.5 13.207106781186548 0.0
2.5 13.207106781186548 0.0
3.5 13.207106781186548 0.0
4.5 13.207106781186548 0.0
5.5 13.207106781186548 0.0
6.5 13.207106781186548 0.0
7.5 13.207106781186548 0.0
8.5 13.207106781186548 0.0
9.5 13.207106781186548 0.0
10.5 13.207106781186548 0.0
11.5 13.207106781186548 0.0
0.5 12.207106781186548 0.0
1.5 12.207106781186548 0.0
2.5 12.207106781186548 0.0
3.5 12.207106781186548 0.0
4.5 12.207106781186548 0.0
5.5 12.207106781186548 0.0
6.5 12.207106781186548 0.0
7.5 12.207106781186548 0.0
8.5 12.207106781186548 0.0
9.5 12.207106781186548 0.0
10.5 12.207106781186548 0.0
0.5 11.207106781186548 0.0
1.5 11.207106781186548 0.0
2.5 11.207106781186548 0.0
3.5 11.207106781186548 0.0
4.5 11.207106781186548 0.0
5.5 11.207106781186548 0.0
6.5 11.207106781186548 0.0
7.5 11.207106781186548 0.0
8.5 11.207106781186548 0.0
9.5 11.207106781186548 0.0
0.5 10.207106781186548 0.0
1.5 10.207106781186548 0.0
2.5 10.207106781186548 0.0
3.5 10.207106781186548 0.0
4.5 10.207106781186548 0.0
5.5 10.207106781186548 0.0
6.5 10.207106781186548 0.0
7.5 10.207106781186548 0.0
8.5 10.207106781186548 0.0
0.5 9.207106781186548 0.0
1.5 9.207106781186548 0.0
2.5 9.207106781186548 0.0
3.5 9.207106781186548 0.0
4.5 9.207106781186548 0.0
5.5 9.207106781186548 0.0
6.5 9.207106781186548 0.0
7.5 9.207106781186548 0.0
0.5 8.207106781186548 0.0
1.5 8.207106781186548 0.0
2.5 8.207106781186548 0.0
3.5 8.207106781186548 0.0
4.5 8.207106781186548 0.0
5.5 8.207106781186548 0.0
6.5 8.207106781186548 0.0
0.5 7.207106781186548 0.0
1.5 7.207106781186548 0.0
2.5 7.207106781186548 0.0
3.5 7.207106781186548 0.0
4.5 7.207106781186548 0.0
5.5 7.207106781186548 0.0
0.5 6.207106781186548 0.0
1.5 6.207106781186548 0.0
2.5 6.207106781186548 0.0
3.5 6.207106781186548 0.0
4.5 6.207106781186548 0.0
0.5 5.207106781186548 0.0
1.5 5.207106781186548 0.0
2.5 5.207106781186548 0.0
3.5 5.207106781186548 0.0
0.5 4.207106781186548 0.0
1.5 4.207106781186548 0.0
2.5 4.207106781186548 0.0
0.5 3.2071067811865475 0.0
1.5 3.2071067811865475 0.0
0.5 2.2071067811865475 0.0
13.207106781186548 13.207106781186548 0.0
13.207106781186548 0.5 0.0
12.207106781186548 0.5 0.0
11.207106781186548 0.5 0.0
10.207106781186548 0.5 0.0
9.207106781186548 0.5 0.0
8.207106781186548 0.5 0.0
7.207106781186548 0.5 0.0
6.207106781186548 0.5 0.0
5.207106781186548 0.5 0.0
4.207106781186548 0.5 0.0
3.2071067811865475 0.5 0.0
2.2071067811865475 0.5 0.0
13.207106781186548 1.5 0.0
12.207106781186548 1.5 0.0
11.207106781186548 1.5 0.0
10.207106781186548 1.5 0.0
9.207106781186548 1.5 0.0
8.207106781186548 1.5 0.0
7.207106781186548 1.5 0.0
6.207106781186548 1.5 0.0
5.207106781186548 1.5 0.0
4.207106781186548 1.5 0.0
3.2071067811865475 1.5 0.0
13.207106781186548 2.5 0.0
12.207106781186548 2.5 0.0
11.207106781186548 2.5 0.0
10.207106781186548 2.5 0.0
9.207106781186548 2.5 0.0
8.207106781186548 2.5 0.0
7.207106781186548 2.5 0.0
6.207106781186548 2.5 0.0
5.207106781186548 2.5 0.0
4.207106781186548 2.5 0.0
13.207106781186548 3.5 0.0
12.207106781186548 3.5 0.0
11.207106781186548 3.5 0.0
10.207106781186548 3.5 0.0
9.207106781186548 3.5 0.0
8.207106781186548 3.5 0.0
7.207106781186548 3.5 0.0
6.207106781186548 3.5 0.0
5.207106781186548 3.5 0.0
13.207106781186548 4.5 0.0
12.207106781186548 4.5 0.0
11.207106781186548 4.5 0.0
10.207106781186548 4.5 0.0
9.207106781186548 4.5 0.0
8.207106781186548 4.5 0.0
7.207106781186548 4.5 0.0
6.207106781186548 4.5 0.0
13.207106781186548 5.5 0.0
12.207106781186548 5.5 0.0
11.207106781186548 5.5 0.0
10.207106781186548 5.5 0.0
9.207106781186548 5.5 0.0
8.207106781186548 5.5 0.0
7.207106781186548 5.5 0.0
13.207106781186548 6.5 0.0
12.207106781186548 6.5 0.0
11.207106781186548 6.5 0.0
10.207106781186548 6.5 0.0
9.207106781186548 6.5 0.0
8.207106781186548 6.5 0.0
13.207106781186548 7.5 0.0
12.207106781186548 7.5 0.0
11.207106781186548 7.5 0.0
10.207106781186548 7.5 0.0
9.207106781186548 7.5 0.0
13.207106781186548 8.5 0.0
12.207106781186548 8.5 0.0
11.207106781186548 8.5 0.0
10.207106781186548 8.5 0.0
13.207106781186548 9.5 0.0
12.207106781186548 9.5 0.0
11.207106781186548 9.5 0.0
13.207106781186548 10.5 0.0
12.207106781186548 10.5 0.0
13.207106781186548 11.5 0.0
0.5 0.5 0.0
12.15685424949238 12.15685424949238 45.0
11.449747468305832 11.449747468305832 45.0
10.742640687119286 10.742640687119286 45.0
10.035533905932738 10.035533905932738 45.0
9.32842712474619 9.32842712474619 45.0
8.621320343559642 8.621320343559642 45.0
7.914213562373095 7.914213562373095 45.0
7.207106781186548 7.207106781186548 45.0
6.5 6.5 45.0
5.792893218813452 5.792893218813452 45.0
5.085786437626905 5.085786437626905 45.0
4.378679656440357 4.378679656440357 45.0
3.6715728752538097 3.6715728752538097 45.0
2.9644660940672622 2.9644660940672622 45.0
2.257359312880715 2.257359312880715 45.0
1.5502525316941673 1.5502525316941673 45.0
