178 13.84666719284348978294331459096
13.34666719284349 13.34666719284349 0.0
0.5 13.34666719284349 0.0
1.5 13.34666719284349 0.0
2.5 13.34666719284349 0.0
3.5 13.34666719284349 0.0
4.5 13.34666719284349 0.0
5.5 13.34666719284349 0.0
6.5 13.34666719284349 0.0
7.5 13.34666719284349 0.0
8.5 13.34666719284349 0.0
9.5 13.34666719284349 0.0
10.5 13.34666719284349 0.0
11.5 13.34666719284349 0.0
0.5 12.34666719284349 0.0
1.5 12.34666719284349 0.0
2.5 12.34666719284349 0.0
3.5 12.34666719284349 0.0
4.5 12.34666719284349 0.0
5.5 12.34666719284349 0.0
6.5 12.34666719284349 0.0
7.5 12.34666719284349 0.0
8.5 12.34666719284349 0.0
9.5 12.34666719284349 0.0
10.5 12.34666719284349 0.0
0.5 11.34666719284349 0.0
1.5 11.34666719284349 0.0
2.5 11.34666719284349 0.0
3.5 11.34666719284349 0.0
4.5 11.34666719284349 0.0
5.5 11.34666719284349 0.0
6.5 11.34666719284349 0.0
7.5 11.34666719284349 0.0
8.5 11.34666719284349 0.0
9.5 11.34666719284349 0.0
0.5 10.34666719284349 0.0
1.5 10.34666719284349 0.0
2.5 10.34666719284349 0.0
3.5 10.34666719284349 0.0
4.5 10.34666719284349 0.0
5.5 10.34666719284349 0.0
6.5 10.34666719284349 0.0
7.5 10.34666719284349 0.0
8.5 10.34666719284349 0.0
0.5 9.34666719284349 0.0
1.5 9.34666719284349 0.0
2.5 9.34666719284349 0.0
3.5 9.34666719284349 0.0
4.5 9.34666719284349 0.0
5.5 9.34666719284349 0.0
6.5 9.34666719284349 0.0
7.5 9.34666719284349 0.0
0.5 8.34666719284349 0.0
1.5 8.34666719284349 0.0
2.5 8.34666719284349 0.0
3.5 8.34666719284349 0.0
4.5 8.34666719284349 0.0
5.5 8.34666719284349 0.0
6.5 8.34666719284349 0.0
0.5 7.34666719284349 0.0
1.5 7.34666719284349 0.0
2.5 7.34666719284349 0.0
3.5 7.34666719284349 0.0
4.5 7.34666719284349 0.0
0.5 6.34666719284349 0.0
1.5 6.34666719284349 0.0
2.5 6.34666719284349 0.0
3.5 6.34666719284349 0.0
0.5 5.34666719284349 0.0
1.5 5.34666719284349 0.0
2.5 5.34666719284349 0.0
0.5 4.34666719284349 0.0
1.5 4.34666719284349 0.0
0.5 3.3466671928434897 0.0
0.6957886661406312 1.97267565315565 55.2650997396489
1.4457886661406312 1.299342056733905 55.2650997396489
1.47267565315565 2.6508785267028587 55.2650997396489
2.2226756531556497 1.9775449302811137 55.2650997396489
2.2495626401706685 3.3290814002500673 55.2650997396489
2.81934284599914 4.150878526702859 55.2650997396489
3.0273243468443503 2.6957886661406314 55.2650997396489
3.597104552672821 3.5175857925934224 55.2650997396489
3.6957886661406314 4.97267565315565 55.2650997396489
4.445788666140631 4.299342056733905 55.2650997396489
4.47267565315565 5.650878526702859 55.2650997396489
5.22267565315565 4.9775449302811134 55.2650997396489
5.2495626401706685 6.329081400250067 55.2650997396489
5.81934284599914 7.150878526702859 55.2650997396489
6.02732434684435 5.695788666140631 55.2650997396489
6.597104552672821 6.517585792593422 55.2650997396489
0.5 0.5 0.0
13.34666719284349 0.5 0.0
12.34666719284349 0.5 0.0
11.34666719284349 0.5 0.0
10.34666719284349 0.5 0.0
9.34666719284349 0.5 0.0
8.34666719284349 0.5 0.0
7.34666719284349 0.5 0.0
6.34666719284349 0.5 0.0
5.34666719284349 0.5 0.0
4.34666719284349 0.5 0.0
3.3466671928434897 0.5 0.0
2.3466671928434897 0.5 0.0
13.34666719284349 1.5 0.0
12.34666719284349 1.5 0.0
11.34666719284349 1.5 0.0
10.34666719284349 1.5 0.0
9.34666719284349 1.5 0.0
8.34666719284349 1.5 0.0
7.34666719284349 1.5 0.0
6.34666719284349 1.5 0.0
5.34666719284349 1.5 0.0
4.34666719284349 1.5 0.0
3.3466671928434897 1.5 0.0
13.34666719284349 2.5 0.0
12.34666719284349 2.5 0.0
11.34666719284349 2.5 0.0
10.34666719284349 2.5 0.0
9.34666719284349 2.5 0.0
8.34666719284349 2.5 0.0
7.34666719284349 2.5 0.0
6.34666719284349 2.5 0.0
5.34666719284349 2.5 0.0
4.34666719284349 2.5 0.0
13.34666719284349 3.5 0.0
12.34666719284349 3.5 0.0
11.34666719284349 3.5 0.0
10.34666719284349 3.5 0.0
9.34666719284349 3.5 0.0
8.34666719284349 3.5 0.0
7.34666719284349 3.5 0.0
6.34666719284349 3.5 0.0
5.34666719284349 3.5 0.0
13.34666719284349 4.5 0.0
12.34666719284349 4.5 0.0
11.34666719284349 4.5 0.0
10.34666719284349 4.5 0.0
9.34666719284349 4.5 0.0
8.34666719284349 4.5 0.0
7.34666719284349 4.5 0.0
6.34666719284349 4.5 0.0
13.34666719284349 5.5 0.0
12.34666719284349 5.5 0.0
11.34666719284349 5.5 0.0
10.34666719284349 5.5 0.0
9.34666719284349 5.5 0.0
8.34666719284349 5.5 0.0
7.34666719284349 5.5 0.0
13.34666719284349 6.5 0.0
12.34666719284349 6.5 0.0
11.34666719284349 6.5 0.0
10.34666719284349 6.5 0.0
9.34666719284349 6.5 0.0
13.34666719284349 7.5 0.0
12.34666719284349 7.5 0.0
11.34666719284349 7.5 0.0
10.34666719284349 7.5 0.0
13.34666719284349 8.5 0.0
12.34666719284349 8.5 0.0
11.34666719284349 8.5 0.0
13.34666719284349 9.5 0.0
12.34666719284349 9.5 0.0
13.34666719284349 10.5 0.0
13.150878526702858 11.87399153968784 55.2650997396489
12.400878526702858 12.547325136109585 55.2650997396489
12.37399153968784 11.195788666140631 55.2650997396489
11.62399153968784 11.869122262562376 55.2650997396489
11.597104552672821 10.517585792593422 55.2650997396489
11.02732434684435 9.695788666140631 55.2650997396489
10.81934284599914 11.150878526702858 55.2650997396489
10.249562640170668 10.329081400250066 55.2650997396489
10.150878526702858 8.87399153968784 55.2650997396489
9.400878526702858 9.547325136109585 55.2650997396489
9.37399153968784 8.195788666140631 55.2650997396489
8.62399153968784 8.869122262562376 55.2650997396489
8.597104552672821 7.517585792593422 55.2650997396489
8.02732434684435 6.695788666140631 55.2650997396489
7.81934284599914 8.150878526702858 55.2650997396489
7.2495626401706685 7.329081400250067 55.2650997396489
