170 13.535533905932737622004221810524
0.5 13.035533905932738 0.0
1.5 13.035533905932738 0.0
2.5 13.035533905932738 0.0
3.5 13.035533905932738 0.0
4.5 13.035533905932738 0.0
5.5 13.035533905932738 0.0
6.5 13.035533905932738 0.0
7.5 13.035533905932738 0.0
8.5 13.035533905932738 0.0
0.5 12.035533905932738 0.0
1.5 12.035533905932738 0.0
2.5 12.035533905932738 0.0
3.5 12.035533905932738 0.0
4.5 12.035533905932738 0.0
5.5 12.035533905932738 0.0
6.5 12.035533905932738 0.0
7.5 12.035533905932738 0.0
0.5 11.035533905932738 0.0
1.5 11.035533905932738 0.0
2.5 11.035533905932738 0.0
3.5 11.035533905932738 0.0
4.5 11.035533905932738 0.0
5.5 11.035533905932738 0.0
6.5 11.035533905932738 0.0
0.5 10.035533905932738 0.0
1.5 10.035533905932738 0.0
2.5 10.035533905932738 0.0
3.5 10.035533905932738 0.0
4.5 10.035533905932738 0.0
5.5 10.035533905932738 0.0
0.5 9.035533905932738 0.0
1.5 9.035533905932738 0.0
2.5 9.035533905932738 0.0
3.5 9.035533905932738 0.0
4.5 9.035533905932738 0.0
0.5 8.035533905932738 0.0
1.5 8.035533905932738 0.0
2.5 8.035533905932738 0.0
3.5 8.035533905932738 0.0
0.5 7.035533905932738 0.0
1.5 7.035533905932738 0.0
2.5 7.035533905932738 0.0
0.5 6.035533905932738 0.0
1.5 6.035533905932738 0.0
0.5 5.035533905932738 0.0
13.035533905932738 0.5 0.0
12.035533905932738 0.5 0.0
11.035533905932738 0.5 0.0
10.035533905932738 0.5 0.0
9.035533905932738 0.5 0.0
8.035533905932738 0.5 0.0
7.035533905932738 0.5 0.0
6.035533905932738 0.5 0.0
5.035533905932738 0.5 0.0
13.035533905932738 1.5 0.0
12.035533905932738 1.5 0.0
11.035533905932738 1.5 0.0
10.035533905932738 1.5 0.0
9.035533905932738 1.5 0.0
8.035533905932738 1.5 0.0
7.035533905932738 1.5 0.0
6.035533905932738 1.5 0.0
13.035533905932738 2.5 0.0
12.035533905932738 2.5 0.0
11.035533905932738 2.5 0.0
10.035533905932738 2.5 0.0
9.035533905932738 2.5 0.0
8.035533905932738 2.5 0.0
7.035533905932738 2.5 0.0
13.035533905932738 3.5 0.0
12.035533905932738 3.5 0.0
11.035533905932738 3.5 0.0
10.035533905932738 3.5 0.0
9.035533905932738 3.5 0.0
8.035533905932738 3.5 0.0
13.035533905932738 4.5 0.0
12.035533905932738 4.5 0.0
11.035533905932738 4.5 0.0
10.035533905932738 4.5 0.0
9.035533905932738 4.5 0.0
13.035533905932738 5.5 0.0
12.035533905932738 5.5 0.0
11.035533905932738 5.5 0.0
10.035533905932738 5.5 0.0
13.035533905932738 6.5 0.0
12.035533905932738 6.5 0.0
11.035533905932738 6.5 0.0
13.035533905932738 7.5 0.0
12.035533905932738 7.5 0.0
13.035533905932738 8.5 0.0
13.035533905932738 13.035533905932738 0.0
12.035533905932738 13.035533905932738 0.0
11.035533905932738 13.035533905932738 0.0
10.035533905932738 13.035533905932738 0.0
13.035533905932738 12.035533905932738 0.0
12.035533905932738 12.035533905932738 0.0
11.035533905932738 12.035533905932738 0.0
13.035533905932738 11.035533905932738 0.0
12.035533905932738 11.035533905932738 0.0
13.035533905932738 10.035533905932738 0.0
0.5 0.5 0.0
1.5 0.5 0.0
2.5 0.5 0.0
3.5 0.5 0.0
0.5 1.5 0.0
1.5 1.5 0.0
2.5 1.5 0.0
0.5 2.5 0.0
1.5 2.5 0.0
0.5 3.5 0.0
9.242640687119286 12.071067811865476 45.0
8.535533905932738 11.363961030678928 45.0
7.82842712474619 10.65685424949238 45.0
7.121320343559643 9.949747468305832 45.0
6.414213562373095 9.242640687119286 45.0
5.707106781186548 8.535533905932738 45.0
5.0 7.82842712474619 45.0
4.292893218813452 7.121320343559643 45.0
3.585786437626905 6.414213562373095 45.0
2.8786796564403576 5.707106781186548 45.0
2.1715728752538097 5.0 45.0
1.4644660940672625 4.292893218813452 45.0
9.949747468305832 11.363961030678928 45.0
9.242640687119286 10.65685424949238 45.0
8.535533905932738 9.949747468305832 45.0
7.82842712474619 9.242640687119286 45.0
7.121320343559643 8.535533905932738 45.0
6.414213562373095 7.82842712474619 45.0
5.707106781186548 7.121320343559643 45.0
5.0 6.414213562373095 45.0
4.292893218813452 5.707106781186548 45.0
3.585786437626905 5.0 45.0
2.8786796564403576 4.292893218813452 45.0
2.1715728752538097 3.585786437626905 45.0
10.65685424949238 10.65685424949238 45.0
9.949747468305832 9.949747468305832 45.0
9.242640687119286 9.242640687119286 45.0
8.535533905932738 8.535533905932738 45.0
7.82842712474619 7.82842712474619 45.0
7.121320343559643 7.121320343559643 45.0
6.414213562373095 6.414213562373095 45.0
5.707106781186548 5.707106781186548 45.0
5.0 5.0 45.0
4.292893218813452 4.292893218813452 45.0
3.585786437626905 3.585786437626905 45.0
2.8786796564403576 2.8786796564403576 45.0
11.363961030678928 9.949747468305832 45.0
10.65685424949238 9.242640687119286 45.0
9.949747468305832 8.535533905932738 45.0
9.242640687119286 7.82842712474619 45.0
8.535533905932738 7.121320343559643 45.0
7.82842712474619 6.414213562373095 45.0
7.121320343559643 5.707106781186548 45.0
6.414213562373095 5.0 45.0
5.707106781186548 4.292893218813452 45.0
5.0 3.585786437626905 45.0
4.292893218813452 2.8786796564403576 45.0
3.585786437626905 2.1715728752538097 45.0
12.071067811865476 9.242640687119286 45.0
11.363961030678928 8.535533905932738 45.0
10.65685424949238 7.82842712474619 45.0
9.949747468305832 7.121320343559643 45.0
9.242640687119286 6.414213562373095 45.0
8.535533905932738 5.707106781186548 45.0
7.82842712474619 5.0 45.0
7.121320343559643 4.292893218813452 45.0
6.414213562373095 3.585786437626905 45.0
5.707106781186548 2.8786796564403576 45.0
5.0 2.1715728752538097 45.0
4.292893218813452 1.4644660940672625 45.0
