181 13.953748821957927
0.5 13.45374882195792 90.0
13.032468076955432 0.5 3.180554681440375e-15
13.45374882195792 1.5000000000002212 3.1805546814635168e-15
0.5 0.5 0.0
1.500000000000222 0.5 3.1805335778134154e-15
2.500000000000443 0.5 3.1163765255262726e-15
3.500000000000662 0.5000000000000018 89.99999999999986
4.5000000000008855 0.5000000000000009 3.4915448371637456e-14
5.500000000001107 0.5 3.1805546814635168e-15
6.500000000001328 0.5 3.187737330585474e-15
0.5 1.5000000000002212 90.0
1.500000000000222 1.5000000000002212 1.5876800850654165e-15
2.5000000000004423 1.5000000000002265 89.99999999999991
3.500000000000663 1.5000000000002238 6.2300083820773216e-15
4.500000000000884 1.5000000000002212 7.024898214343464e-15
5.500000000001105 1.500000000000223 1.143679785397911e-13
0.5 2.5000000000004423 90.0
1.5000000000002212 2.5000000000004476 89.99999999999993
2.5000000000004414 2.500000000000437 89.99999999999979
3.5000000000006666 2.500000000000444 9.69891981531159e-14
4.5000000000008855 2.5000000000004423 89.99999999999983
0.5 3.5000000000006644 90.0
1.500000000000222 3.5000000000006684 89.99999999999999
2.500000000000443 3.500000000000668 89.9999999999999
3.5000000000006657 3.5000000000006684 89.99999999999969
0.5 4.500000000000886 0.0
1.500000000000222 4.500000000000886 90.0
2.500000000000443 4.500000000000891 2.917389327468347e-14
0.5 5.500000000001108 4.419991156821248e-15
1.500000000000222 5.500000000001108 89.99999999999997
2.500000000000443 5.500000000001112 9.085496961829427e-15
0.5 6.500000000001329 2.295549436313142e-15
1.500000000000222 6.5000000000013305 2.295549436313142e-15
0.5 7.500000000001551 2.2955817530682494e-15
13.453748821957923 13.453748821957916 4.0240539426289274e-13
12.453748821957703 13.45374882195792 90.0
11.453748821957483 13.45374882195792 90.0
10.453748821957262 13.45374882195792 89.99999999999993
9.453748821957035 13.45374882195792 90.0
8.453748821956815 13.45374882195792 90.0
7.4537488219565935 13.45374882195792 90.0
6.4537488219563715 13.45374882195792 2.8215454482147836e-15
5.45374882195615 13.45374882195792 1.8890261097889412e-15
4.453748821955929 13.45374882195792 90.0
3.453748821955707 13.45374882195792 90.0
2.453748821955485 13.45374882195792 90.0
13.453748821957927 12.453748821957696 90.0
12.453748821957703 12.453748821957696 90.0
11.453748821957483 12.453748821957696 90.0
10.453748821957262 12.453748821957696 4.676111165954109e-14
9.453748821957038 12.453748821957696 89.99999999999991
8.453748821956815 12.453748821957696 3.3856298634601764e-15
7.4537488219565935 12.453748821957692 90.0
6.453748821956372 12.453748821957696 3.2100983186909834e-14
5.453748821956149 12.4537488219577 89.99999999999982
4.453748821955929 12.453748821957706 9.737777884721698e-15
3.4537488219557075 12.453748821957696 90.0
13.453748821957927 11.453748821957475 8.02082193676123e-14
12.453748821957696 11.453748821957474 89.99999999999997
11.453748821957475 11.453748821957475 90.0
10.453748821957255 11.453748821957472 89.99999999999953
9.45374882195702 11.453748821957475 8.064266169832096e-16
8.453748821956804 11.453748821957475 6.088078157171028e-13
7.453748821956589 11.453748821957475 3.2324451393854296e-15
6.453748821956369 11.453748821957474 2.445952193351962e-13
5.453748821956148 11.45374882195748 89.9999999999997
4.453748821955923 11.453748821957483 1.2203144239330998e-13
13.45374882195792 10.453748821957255 90.0
12.453748821957696 10.453748821957252 2.8144717994132026e-13
11.453748821957475 10.453748821957252 1.3163731441419064e-14
10.453748821957241 10.453748821957248 89.99999999999952
9.453748821957024 10.453748821957255 2.1822327941301243e-13
8.453748821956811 10.453748821957255 6.660555381304967e-16
7.453748821956596 10.453748821957255 1.8530797557080545e-14
6.453748821956374 10.453748821957259 3.082538149712552e-14
5.453748821956152 10.453748821957262 1.3892237003559488e-14
4.453748821955931 10.453748821957262 6.328164046915452e-15
13.453748821957916 9.453748821957031 89.99999999999979
12.453748821957696 9.453748821957031 2.1210107237136536e-13
11.453748821957475 9.453748821957031 1.0862829554307445e-14
10.453748821957255 9.453748821957033 2.888343454095238e-14
9.453748821957028 9.453748821957031 2.156599535176467e-13
8.453748821956815 9.453748821957033 89.99999999999999
7.453748821956596 9.453748821957033 8.034207788064068e-14
6.453748821956375 9.453748821957037 9.32361205842967e-15
5.453748821956145 9.453748821957038 89.99999999999973
13.45374882195792 8.453748821956808 5.021613741510404e-16
12.453748821957696 8.453748821956804 3.683561882388022e-13
11.453748821957475 8.45374882195681 89.99999999999989
10.453748821957255 8.453748821956808 89.99999999999963
9.453748821957031 8.453748821956806 89.99999999999962
8.453748821956815 8.453748821956811 89.99999999999999
7.453748821956591 8.453748821956808 89.99999999999974
6.453748821956365 8.453748821956808 1.4846695279270392e-13
5.453748821956158 8.453748821956815 3.3658157252743776e-15
13.45374882195792 7.4537488219565855 90.0
12.4537488219577 7.453748821956585 89.99999999999982
11.453748821957475 7.453748821956586 1.2718926714980771e-13
10.453748821957262 7.453748821956581 1.330012199508168e-13
9.453748821957028 7.453748821956599 89.9999999999988
8.453748821956815 7.453748821956589 89.99999999999999
7.4537488219565935 7.453748821956589 8.515170134201494e-14
13.45374882195792 6.453748821956364 2.024772286972187e-15
12.453748821957692 6.453748821956365 89.99999999999997
11.453748821957475 6.4537488219563635 89.99999999999997
10.453748821957255 6.453748821956362 1.6866640873870861e-15
9.453748821957031 6.453748821956369 89.9999999999998
13.45374882195792 5.453748821956143 1.0870734622332768e-15
12.453748821957696 5.453748821956143 89.99999999999997
11.453748821957475 5.453748821956145 2.1903618636840664e-13
13.45374882195792 4.453748821955921 90.0
12.453748821957696 4.453748821955925 89.9999999999999
13.45374882195792 3.4537488219556995 1.68823867098671e-15
7.500000000001547 0.5000000000000018 89.99999999999983
8.453748821956804 6.453748821956368 2.5914455086749136e-15
3.6681474285325613 4.955432724102957 64.10801043434356
4.10109022411419 5.922912311591646 56.81608256713391
4.474049821686079 4.3256866116678045 64.10801043434356
4.910725840003148 5.225305450414079 64.10801043434357
5.313858589677415 6.453748821956386 7.881239096007209e-15
6.342669619768175 6.410153130027722 86.62723618010419
7.430827382207039 6.453748821956368 2.772808135723414e-14
3.2432961593371403 6.438319082227387 56.81608256713472
4.278671449639645 7.010526914449882 62.31102203767814
2.402365445638475 7.310024797072205 27.46407535151664
3.3362621513891733 7.788170138890614 27.554462152997893
4.453748821955936 8.185604286766385 89.99999999999994
1.563087544101375 8.000807304332058 27.464075351516637
2.4503877208539206 8.46199966803222 27.46407535151664
3.34325679772703 8.925823314213115 28.173778536996412
4.453748821955924 9.344999613428417 89.99999999999899
0.6742462702265914 8.674246270228364 27.46407535151664
1.5649912410280162 9.128811103620084 27.464075351516644
2.45229141778057 9.590003467320287 27.464075351521352
3.324004475004966 10.081184302211636 27.46407535151664
0.6702023938152815 9.801037196987895 26.40734928377505
1.557653502699904 10.26230801074206 26.40734928377506
2.4300706426225247 10.753854806975854 26.40734928377506
2.3937995877990996 11.974647188622264 24.696765269007113
0.6631737746170288 10.951058588616013 24.696765269007113
1.5373877761316175 11.443497641985337 24.696765269007113
0.6824940209225367 12.15529988960018 29.8384661643556
1.5326988828417676 12.682889146589352 29.8384661643556
3.2835464281404496 11.283546428142193 26.40734928377506
11.860733849082546 0.6522535287739437 67.7166679147954
12.230047161064451 1.5816197312685105 67.7166679147954
12.676195312589766 2.5355792707564513 61.41098525962402
10.780026712325608 0.6522535287739437 67.7166679147954
11.149340024307516 1.5816197312685105 67.7166679147954
11.508476273623302 2.515156393158845 67.7166679147954
11.956100521441364 3.4124315504408713 67.7166679147954
9.666546172148166 0.6368143952067049 70.76406630566213
10.0449441421436 1.5639075031940166 70.76406630566213
10.41457901712181 2.494058407433389 70.76406630566213
10.755805873068592 3.4341220119176037 70.76406630566213
11.223469058123218 4.330066896644636 70.76406630566213
8.550663056244925 0.5506630562431551 83.85325986789924
8.937337454917376 1.5816067932484161 70.67596342577178
9.315709441671622 2.508625804410938 70.67596342577178
9.6853230560498 3.4387160794568947 70.67596342577178
10.026543961156346 4.3787627138347585 70.67596342577178
10.422888851306393 5.422888851305282 86.34466759366721
7.75937857965667 1.6161319070168476 70.43771842175757
8.206765183143638 2.5184143290541483 70.43771842175757
8.585070039647793 3.4452444231190977 70.43771842175757
8.954629445868473 4.375182146256403 70.43771842175757
9.295838033388321 5.3151941166381595 70.43771842175757
7.035954301375644 2.5622420833518342 69.83374086862071
7.482925973255084 3.463394701643052 69.83374086862071
7.861082321888431 4.389820428468397 69.83374086862088
8.23052694833068 5.319445621489187 69.83374086862088
6.641720836561711 1.641720836560606 69.8337408686208
6.319622176737321 3.4948537748406547 66.82225182785376
6.764885558280547 4.392016374235415 66.82225182785376
7.144657271744779 5.328125056108338 68.00448082394253
5.608188651215966 4.372157349576655 64.10801043434357
6.055957298826621 5.302875207143454 68.00448082394253
5.882455716828626 2.5942245520187157 66.82225182785376
5.171512632898897 3.4725385108303812 64.10801043434357
5.4537488219561485 7.453748821956599 89.9999999999993
6.453748821956371 7.453748821956587 1.6837952913435928e-13
