19 4.88561808316412673173558496561
0.5 4.385618083164127 0.0
1.5 4.385618083164127 0.0
0.5 3.3856180831641267 0.0
4.385618083164127 0.5 0.0
3.3856180831641267 0.5 0.0
2.3856180831641267 0.5 0.0
4.385618083164127 1.5 0.0
3.3856180831641267 1.5 0.0
4.385618083164127 2.5 0.0
4.385618083164127 4.385618083164127 0.0
3.6213203435596424 3.4428090415820636 45.0
2.914213562373095 4.149915822768611 45.0
2.9428090415820636 2.7071067811865475 45.0
2.2357022603955157 3.414213562373095 45.0
0.5 0.5 0.0
1.4428090415820634 1.264297739604484 45.0
0.7357022603955159 1.9714045207910318 45.0
2.1785113019775793 1.9428090415820634 45.0
1.4714045207910318 2.649915822768611 45.0
