197 14.53553390593273762200422181052425
0.5 14.035533905932738 0.0
1.5 14.035533905932738 0.0
2.5 14.035533905932738 0.0
3.5 14.035533905932738 0.0
4.5 14.035533905932738 0.0
5.5 14.035533905932738 0.0
6.5 14.035533905932738 0.0
0.5 13.035533905932738 0.0
1.5 13.035533905932738 0.0
2.5 13.035533905932738 0.0
3.5 13.035533905932738 0.0
4.5 13.035533905932738 0.0
5.5 13.035533905932738 0.0
6.5 13.035533905932738 0.0
0.5 12.035533905932738 0.0
1.5 12.035533905932738 0.0
2.5 12.035533905932738 0.0
3.5 12.035533905932738 0.0
4.5 12.035533905932738 0.0
5.5 12.035533905932738 0.0
6.5 12.035533905932738 0.0
0.5 11.035533905932738 0.0
1.5 11.035533905932738 0.0
2.5 11.035533905932738 0.0
3.5 11.035533905932738 0.0
4.5 11.035533905932738 0.0
5.5 11.035533905932738 0.0
6.5 11.035533905932738 0.0
0.5 10.035533905932738 0.0
1.5 10.035533905932738 0.0
2.5 10.035533905932738 0.0
3.5 10.035533905932738 0.0
4.5 10.035533905932738 0.0
5.5 10.035533905932738 0.0
0.5 9.035533905932738 0.0
1.5 9.035533905932738 0.0
2.5 9.035533905932738 0.0
3.5 9.035533905932738 0.0
4.5 9.035533905932738 0.0
0.5 8.035533905932738 0.0
1.5 8.035533905932738 0.0
2.5 8.035533905932738 0.0
3.5 8.035533905932738 0.0
0.5 0.5 0.0
1.5 0.5 0.0
2.5 0.5 0.0
3.5 0.5 0.0
4.5 0.5 0.0
5.5 0.5 0.0
6.5 0.5 0.0
0.5 1.5 0.0
1.5 1.5 0.0
2.5 1.5 0.0
3.5 1.5 0.0
4.5 1.5 0.0
5.5 1.5 0.0
6.5 1.5 0.0
0.5 2.5 0.0
1.5 2.5 0.0
2.5 2.5 0.0
3.5 2.5 0.0
4.5 2.5 0.0
5.5 2.5 0.0
6.5 2.5 0.0
0.5 3.5 0.0
1.5 3.5 0.0
2.5 3.5 0.0
3.5 3.5 0.0
4.5 3.5 0.0
5.5 3.5 0.0
6.5 3.5 0.0
0.5 4.5 0.0
1.5 4.5 0.0
2.5 4.5 0.0
3.5 4.5 0.0
4.5 4.5 0.0
5.5 4.5 0.0
0.5 5.5 0.0
1.5 5.5 0.0
2.5 5.5 0.0
3.5 5.5 0.0
4.5 5.5 0.0
0.5 6.5 0.0
1.5 6.5 0.0
2.5 6.5 0.0
3.5 6.5 0.0
14.035533905932738 14.035533905932738 0.0
13.035533905932738 14.035533905932738 0.0
12.035533905932738 14.035533905932738 0.0
11.035533905932738 14.035533905932738 0.0
10.035533905932738 14.035533905932738 0.0
9.035533905932738 14.035533905932738 0.0
8.035533905932738 14.035533905932738 0.0
14.035533905932738 13.035533905932738 0.0
13.035533905932738 13.035533905932738 0.0
12.035533905932738 13.035533905932738 0.0
11.035533905932738 13.035533905932738 0.0
10.035533905932738 13.035533905932738 0.0
9.035533905932738 13.035533905932738 0.0
8.035533905932738 13.035533905932738 0.0
14.035533905932738 12.035533905932738 0.0
13.035533905932738 12.035533905932738 0.0
12.035533905932738 12.035533905932738 0.0
11.035533905932738 12.035533905932738 0.0
10.035533905932738 12.035533905932738 0.0
9.035533905932738 12.035533905932738 0.0
8.035533905932738 12.035533905932738 0.0
14.035533905932738 11.035533905932738 0.0
13.035533905932738 11.035533905932738 0.0
12.035533905932738 11.035533905932738 0.0
11.035533905932738 11.035533905932738 0.0
10.035533905932738 11.035533905932738 0.0
9.035533905932738 11.035533905932738 0.0
8.035533905932738 11.035533905932738 0.0
14.035533905932738 10.035533905932738 0.0
13.035533905932738 10.035533905932738 0.0
12.035533905932738 10.035533905932738 0.0
11.035533905932738 10.035533905932738 0.0
10.035533905932738 10.035533905932738 0.0
9.035533905932738 10.035533905932738 0.0
14.035533905932738 9.035533905932738 0.0
13.035533905932738 9.035533905932738 0.0
12.035533905932738 9.035533905932738 0.0
11.035533905932738 9.035533905932738 0.0
10.035533905932738 9.035533905932738 0.0
14.035533905932738 8.035533905932738 0.0
13.035533905932738 8.035533905932738 0.0
12.035533905932738 8.035533905932738 0.0
11.035533905932738 8.035533905932738 0.0
14.035533905932738 0.5 0.0
13.035533905932738 0.5 0.0
12.035533905932738 0.5 0.0
11.035533905932738 0.5 0.0
10.035533905932738 0.5 0.0
9.035533905932738 0.5 0.0
8.035533905932738 0.5 0.0
14.035533905932738 1.5 0.0
13.035533905932738 1.5 0.0
12.035533905932738 1.5 0.0
11.035533905932738 1.5 0.0
10.035533905932738 1.5 0.0
9.035533905932738 1.5 0.0
8.035533905932738 1.5 0.0
14.035533905932738 2.5 0.0
13.035533905932738 2.5 0.0
12.035533905932738 2.5 0.0
11.035533905932738 2.5 0.0
10.035533905932738 2.5 0.0
9.035533905932738 2.5 0.0
8.035533905932738 2.5 0.0
14.035533905932738 3.5 0.0
13.035533905932738 3.5 0.0
12.035533905932738 3.5 0.0
11.035533905932738 3.5 0.0
10.035533905932738 3.5 0.0
9.035533905932738 3.5 0.0
8.035533905932738 3.5 0.0
14.035533905932738 4.5 0.0
13.035533905932738 4.5 0.0
12.035533905932738 4.5 0.0
11.035533905932738 4.5 0.0
10.035533905932738 4.5 0.0
9.035533905932738 4.5 0.0
14.035533905932738 5.5 0.0
13.035533905932738 5.5 0.0
12.035533905932738 5.5 0.0
11.035533905932738 5.5 0.0
10.035533905932738 5.5 0.0
14.035533905932738 6.5 0.0
13.035533905932738 6.5 0.0
12.035533905932738 6.5 0.0
11.035533905932738 6.5 0.0
7.267766952966369 10.096194077712559 45.0
6.560660171779821 9.38908729652601 45.0
5.853553390593274 8.681980515339465 45.0
5.146446609406726 7.974873734152916 45.0
4.439339828220179 7.267766952966369 45.0
7.974873734152916 9.38908729652601 45.0
7.267766952966369 8.681980515339465 45.0
6.560660171779821 7.974873734152916 45.0
5.853553390593274 7.267766952966369 45.0
5.146446609406726 6.560660171779821 45.0
8.681980515339465 8.681980515339465 45.0
7.974873734152916 7.974873734152916 45.0
7.267766952966369 7.267766952966369 45.0
6.560660171779821 6.560660171779821 45.0
5.853553390593274 5.853553390593274 45.0
9.38908729652601 7.974873734152916 45.0
8.681980515339465 7.267766952966369 45.0
7.974873734152916 6.560660171779821 45.0
7.267766952966369 5.853553390593274 45.0
6.560660171779821 5.146446609406726 45.0
10.096194077712559 7.267766952966369 45.0
9.38908729652601 6.560660171779821 45.0
8.681980515339465 5.853553390593274 45.0
7.974873734152916 5.146446609406726 45.0
7.267766952966369 4.439339828220179 45.0
