203 14.77817459305202276840928798315
0.5 14.278174593052023 0.0
1.5 14.278174593052023 0.0
2.5 14.278174593052023 0.0
3.5 14.278174593052023 0.0
4.5 14.278174593052023 0.0
5.5 14.278174593052023 0.0
0.5 13.278174593052023 0.0
1.5 13.278174593052023 0.0
2.5 13.278174593052023 0.0
3.5 13.278174593052023 0.0
4.5 13.278174593052023 0.0
0.5 12.278174593052023 0.0
1.5 12.278174593052023 0.0
2.5 12.278174593052023 0.0
3.5 12.278174593052023 0.0
0.5 11.278174593052023 0.0
1.5 11.278174593052023 0.0
2.5 11.278174593052023 0.0
0.5 10.278174593052023 0.0
1.5 10.278174593052023 0.0
0.5 9.278174593052023 0.0
14.278174593052023 0.5 0.0
13.278174593052023 0.5 0.0
12.278174593052023 0.5 0.0
11.278174593052023 0.5 0.0
10.278174593052023 0.5 0.0
9.278174593052023 0.5 0.0
14.278174593052023 1.5 0.0
13.278174593052023 1.5 0.0
12.278174593052023 1.5 0.0
11.278174593052023 1.5 0.0
10.278174593052023 1.5 0.0
14.278174593052023 2.5 0.0
13.278174593052023 2.5 0.0
12.278174593052023 2.5 0.0
11.278174593052023 2.5 0.0
14.278174593052023 3.5 0.0
13.278174593052023 3.5 0.0
12.278174593052023 3.5 0.0
14.278174593052023 4.5 0.0
13.278174593052023 4.5 0.0
14.278174593052023 5.5 0.0
14.278174593052023 14.278174593052023 0.0
13.278174593052023 14.278174593052023 0.0
12.278174593052023 14.278174593052023 0.0
11.278174593052023 14.278174593052023 0.0
10.278174593052023 14.278174593052023 0.0
9.278174593052023 14.278174593052023 0.0
8.278174593052023 14.278174593052023 0.0
7.2781745930520225 14.278174593052023 0.0
14.278174593052023 13.278174593052023 0.0
13.278174593052023 13.278174593052023 0.0
12.278174593052023 13.278174593052023 0.0
11.278174593052023 13.278174593052023 0.0
10.278174593052023 13.278174593052023 0.0
14.278174593052023 12.278174593052023 0.0
13.278174593052023 12.278174593052023 0.0
12.278174593052023 12.278174593052023 0.0
11.278174593052023 12.278174593052023 0.0
14.278174593052023 11.278174593052023 0.0
13.278174593052023 11.278174593052023 0.0
12.278174593052023 11.278174593052023 0.0
14.278174593052023 10.278174593052023 0.0
13.278174593052023 10.278174593052023 0.0
14.278174593052023 9.278174593052023 0.0
14.278174593052023 8.278174593052023 0.0
14.278174593052023 7.2781745930520225 0.0
0.5 0.5 0.0
1.5 0.5 0.0
2.5 0.5 0.0
3.5 0.5 0.0
4.5 0.5 0.0
5.5 0.5 0.0
6.5 0.5 0.0
7.5 0.5 0.0
0.5 1.5 0.0
1.5 1.5 0.0
2.5 1.5 0.0
3.5 1.5 0.0
4.5 1.5 0.0
0.5 2.5 0.0
1.5 2.5 0.0
2.5 2.5 0.0
3.5 2.5 0.0
0.5 3.5 0.0
1.5 3.5 0.0
2.5 3.5 0.0
0.5 4.5 0.0
1.5 4.5 0.0
0.5 5.5 0.0
0.5 6.5 0.0
0.5 7.5 0.0
13.399494936611665 6.32842712474619 45.0
12.692388155425117 5.621320343559643 45.0
11.98528137423857 4.914213562373095 45.0
11.278174593052023 4.207106781186548 45.0
10.571067811865476 3.5 45.0
9.863961030678928 2.7928932188134525 45.0
9.15685424949238 2.085786437626905 45.0
8.449747468305832 1.3786796564403574 45.0
13.045941546018392 7.389087296526012 45.0
12.338834764831844 6.681980515339464 45.0
11.631727983645296 5.974873734152916 45.0
10.924621202458749 5.267766952966369 45.0
10.2175144212722 4.560660171779821 45.0
9.510407640085655 3.853553390593274 45.0
8.803300858899107 3.146446609406726 45.0
8.096194077712559 2.4393398282201786 45.0
7.389087296526012 1.7322330470336311 45.0
13.045941546018392 8.803300858899107 45.0
12.338834764831844 8.096194077712559 45.0
11.631727983645296 7.389087296526012 45.0
10.924621202458749 6.681980515339464 45.0
10.2175144212722 5.974873734152916 45.0
9.510407640085655 5.267766952966369 45.0
8.803300858899107 4.560660171779821 45.0
8.096194077712559 3.853553390593274 45.0
7.389087296526012 3.146446609406726 45.0
6.681980515339464 2.4393398282201786 45.0
5.974873734152916 1.7322330470336311 45.0
12.338834764831844 9.510407640085655 45.0
11.631727983645296 8.803300858899107 45.0
10.924621202458749 8.096194077712559 45.0
10.2175144212722 7.389087296526012 45.0
9.510407640085655 6.681980515339464 45.0
8.803300858899107 5.974873734152916 45.0
8.096194077712559 5.267766952966369 45.0
7.389087296526012 4.560660171779821 45.0
6.681980515339464 3.853553390593274 45.0
5.974873734152916 3.146446609406726 45.0
5.267766952966369 2.4393398282201786 45.0
11.631727983645296 10.2175144212722 45.0
10.924621202458749 9.510407640085655 45.0
10.2175144212722 8.803300858899107 45.0
9.510407640085655 8.096194077712559 45.0
8.803300858899107 7.389087296526012 45.0
8.096194077712559 6.681980515339464 45.0
7.389087296526012 5.974873734152916 45.0
6.681980515339464 5.267766952966369 45.0
5.974873734152916 4.560660171779821 45.0
5.267766952966369 3.853553390593274 45.0
4.560660171779821 3.146446609406726 45.0
10.924621202458749 10.924621202458749 45.0
10.2175144212722 10.2175144212722 45.0
9.510407640085655 9.510407640085655 45.0
8.803300858899107 8.803300858899107 45.0
8.096194077712559 8.096194077712559 45.0
7.389087296526012 7.389087296526012 45.0
6.681980515339464 6.681980515339464 45.0
5.974873734152916 5.974873734152916 45.0
5.267766952966369 5.267766952966369 45.0
4.560660171779821 4.560660171779821 45.0
3.853553390593274 3.853553390593274 45.0
10.2175144212722 11.631727983645296 45.0
9.510407640085655 10.924621202458749 45.0
8.803300858899107 10.2175144212722 45.0
8.096194077712559 9.510407640085655 45.0
7.389087296526012 8.803300858899107 45.0
6.681980515339464 8.096194077712559 45.0
5.974873734152916 7.389087296526012 45.0
5.267766952966369 6.681980515339464 45.0
4.560660171779821 5.974873734152916 45.0
3.853553390593274 5.267766952966369 45.0
3.146446609406726 4.560660171779821 45.0
9.510407640085655 12.338834764831844 45.0
8.803300858899107 11.631727983645296 45.0
8.096194077712559 10.924621202458749 45.0
7.389087296526012 10.2175144212722 45.0
6.681980515339464 9.510407640085655 45.0
5.974873734152916 8.803300858899107 45.0
5.267766952966369 8.096194077712559 45.0
4.560660171779821 7.389087296526012 45.0
3.853553390593274 6.681980515339464 45.0
3.146446609406726 5.974873734152916 45.0
2.4393398282201786 5.267766952966369 45.0
8.803300858899107 13.045941546018392 45.0
8.096194077712559 12.338834764831844 45.0
7.389087296526012 11.631727983645296 45.0
6.681980515339464 10.924621202458749 45.0
5.974873734152916 10.2175144212722 45.0
5.267766952966369 9.510407640085655 45.0
4.560660171779821 8.803300858899107 45.0
3.853553390593274 8.096194077712559 45.0
3.146446609406726 7.389087296526012 45.0
2.4393398282201786 6.681980515339464 45.0
1.7322330470336311 5.974873734152916 45.0
7.389087296526012 13.045941546018392 45.0
6.681980515339464 12.338834764831844 45.0
5.974873734152916 11.631727983645296 45.0
5.267766952966369 10.924621202458749 45.0
4.560660171779821 10.2175144212722 45.0
3.853553390593274 9.510407640085655 45.0
3.146446609406726 8.803300858899107 45.0
2.4393398282201786 8.096194077712559 45.0
1.7322330470336311 7.389087296526012 45.0
6.32842712474619 13.399494936611665 45.0
5.621320343559643 12.692388155425117 45.0
4.914213562373095 11.98528137423857 45.0
4.207106781186548 11.278174593052023 45.0
3.5 10.571067811865476 45.0
2.7928932188134525 9.863961030678928 45.0
2.085786437626905 9.15685424949238 45.0
1.3786796564403574 8.449747468305832 45.0
