208 14.926534459703511
0.5232629833719056 14.38349271910957 87.30888603803572
2.426534459700542 14.426534459703511 1.2482279420050302e-15
13.792407184930829 0.5000000000000001 3.1805546814635168e-15
14.426534459703511 1.5000000000002478 6.36110936288075e-15
0.5 8.50000000000198 90.0
0.5 7.500000000001734 2.425357363985279e-16
1.500000000000247 7.500000000001734 90.0
0.5 6.500000000001485 3.195836010126823e-15
1.500000000000247 6.500000000001485 3.6004242009136146e-18
2.5000000000004947 5.500000000001238 2.5012346849234436e-15
0.5 5.500000000001238 90.0
1.500000000000247 5.500000000001238 90.0
2.5000000000004947 4.500000000000991 2.803888867372733e-15
3.5624895512912613 6.114839079359129 40.971064445620414
0.5 4.500000000000991 90.0
1.500000000000247 4.500000000000991 2.2870419246409214e-15
2.5000000000004947 3.5000000000007434 2.9810170764288194e-15
3.5000000000007425 4.500000000000995 2.447101991463379e-15
4.989692440830052 4.7053593043715045 40.971064445620414
0.5 3.5000000000007434 90.0
1.5000000000002478 3.5000000000007434 5.886506884757733e-15
2.704493144442698 6.704493144443688 40.072216660349504
3.5000000000007416 3.500000000000747 5.574005845126873e-15
4.50000000000099 3.500000000000747 1.167937572360663e-14
5.500000000001238 3.5000000000007434 1.758079554272839e-14
0.5 2.5000000000004956 90.0
1.500000000000247 2.5000000000004956 90.0
2.5000000000004947 2.5000000000004956 90.0
3.5000000000007425 2.500000000000499 5.715506358349405e-15
4.50000000000099 2.500000000000499 1.4280946131833838e-14
5.500000000001238 2.5000000000004956 1.6611389667969007e-14
6.500000000001485 2.5000000000004956 90.0
0.5 1.5000000000002478 90.0
1.500000000000247 1.5000000000002478 1.273973912180286e-15
2.5000000000004947 1.5000000000002478 89.99999999999999
3.5000000000007425 1.5000000000002478 8.308703113260786e-15
4.50000000000099 1.5000000000002522 3.1807938698947177e-15
5.500000000001238 1.5000000000002487 1.661109627796306e-14
6.500000000001485 1.5000000000002478 8.213483155802367e-16
7.500000000001733 1.5000000000002478 90.0
0.5 0.5000000000000001 90.0
1.500000000000247 0.5000000000000001 90.0
2.5000000000004947 0.5000000000000001 90.0
3.5000000000007416 0.5000000000000001 90.0
4.5000000000009885 0.5000000000000019 2.1627771833951915e-13
5.500000000001238 0.5000000000000001 3.1098315415803767e-15
6.500000000001485 0.5000000000000001 3.109786929795823e-15
7.500000000001733 0.5000000000000001 90.0
8.50000000000198 0.5000000000000001 90.0
9.500000000002228 0.5000000000000001 90.0
3.4265344597007887 14.426534459703511 3.1362940383974054e-15
4.4265344597010365 14.426534459703511 2.1742073017817009e-16
5.4265344597012835 14.426534459703511 8.665155538969248e-16
6.426534459701531 14.426534459703511 90.0
7.426534459701779 14.426534459703511 5.400572297311211e-16
8.426534459702026 14.426534459703511 90.0
9.426534459702273 14.426534459703511 2.5792969206433497e-15
10.42653445970252 14.426534459703511 1.3392680875405952e-14
11.426534459702768 14.426534459703511 1.2878171767423568e-14
12.426534459703017 14.426534459703511 90.0
13.426534459703264 14.426534459703511 3.149515158348874e-15
14.426534459703511 14.426534459703511 4.0724680225371875e-18
4.4265344597010365 13.426534459703266 90.0
5.4265344597012835 13.426534459703266 90.0
6.426534459701531 13.426534459703266 90.0
7.426534459701779 13.426534459703266 4.3776313272836854e-16
8.426534459702026 13.426534459703266 90.0
9.426534459702275 13.426534459703266 5.7598516021068664e-15
10.426534459702523 13.426534459703262 1.339355005012389e-14
11.42653445970277 13.426534459703266 1.2879553658697682e-14
12.426534459703017 13.426534459703266 90.0
13.426534459703264 13.426534459703266 2.660188160958385e-15
14.426534459703511 13.426534459703266 90.0
5.426534459701285 12.426534459703017 90.0
6.426534459701532 12.426534459703015 8.57139843693864e-16
7.426534459701777 12.426534459703017 90.0
8.426534459702026 12.426534459703017 90.0
9.426534459702273 12.426534459703015 1.3244536920663039e-14
10.42653445970252 12.426534459703015 1.1630090202398336e-14
11.426534459702768 12.426534459703015 1.1000612042251509e-14
12.426534459703015 12.426534459703015 90.0
13.426534459703264 12.426534459703017 90.0
14.426534459703511 12.426534459703017 90.0
6.42653445970153 11.426534459702768 89.99999999999999
7.426534459701777 11.426534459702768 90.0
8.426534459702026 11.426534459702768 90.0
9.426534459702273 11.426534459702768 1.3244545377522418e-14
10.42653445970252 11.426534459702768 1.0471677219454892e-14
11.426534459702768 11.426534459702768 1.4180830669450561e-14
12.426534459703017 11.426534459702768 90.0
13.426534459703264 11.426534459702768 9.524723497688975e-16
14.426534459703511 11.42653445970277 90.0
6.426534459701531 10.426534459702522 6.05708051920721e-15
7.426534459701779 10.426534459702522 2.6645709729488382e-15
8.426534459702026 10.426534459702522 89.99999999999999
9.426534459702273 10.426534459702522 1.0063990696058901e-14
10.42653445970252 10.426534459702522 1.0471668762595511e-14
11.426534459702768 10.426534459702522 1.1002177083773637e-14
12.426534459703017 10.426534459702522 90.0
13.426534459703264 10.426534459702522 90.0
14.426534459703511 10.426534459702523 89.99999999999996
7.426534459701777 9.426534459702273 90.0
8.426534459702024 9.426534459702273 1.0726048912612236e-14
9.426534459702271 9.426534459702273 1.0063401758002008e-14
10.42653445970252 9.426534459702273 1.0066621608720227e-14
11.426534459702768 9.426534459702273 89.99999999999999
12.426534459703015 9.426534459702273 90.0
13.426534459703262 9.426534459702273 89.99999999999999
14.426534459703511 9.426534459702273 89.99999999999996
7.426534459701777 8.426534459702026 7.106968781231491e-15
8.426534459702026 8.426534459702026 1.3985705875393233e-14
9.426534459702273 8.426534459702026 1.0063354033397102e-14
10.42653445970252 8.426534459702026 2.010452053574361e-15
11.426534459702768 8.426534459702026 89.99999999999999
12.426534459703015 8.426534459702026 89.99999999999999
13.426534459703262 8.426534459702028 89.99999999999996
14.426534459703511 8.426534459702026 89.99999999999996
7.396813195439605 7.426534459701779 7.327875173548017e-15
8.39805368987745 7.426534459701779 4.68028400819637e-15
9.399509757357508 7.426534459701779 1.0063354222972935e-14
10.401903297812305 7.426534459701779 4.336401714560548e-15
11.403921450460645 7.426534459701779 4.488067026462779e-15
12.406474712194935 7.426534459701779 89.99999999999999
13.40864463565931 7.426534459701779 89.99999999999999
14.411786902260124 7.426534459701779 89.99999999999996
8.415870936397006 6.426534459701531 8.790494834190168e-15
9.426534459702273 6.426534459701531 1.2545637177111926e-14
10.42653445970252 6.426534459701531 4.488487327930763e-15
11.426534459702768 6.42653445970153 6.175516408692374e-14
12.426534459703015 6.42653445970153 89.99999999999999
13.426534459703262 6.42653445970153 89.9999999999999
14.426534459703511 6.42653445970153 90.0
12.426534459703017 5.4265344597012835 89.99999999999999
13.426534459703264 5.4265344597012835 89.99999999999999
14.426534459703511 5.4265344597012835 0.0
13.426534459703264 4.4265344597010365 89.99999999999999
14.426534459703511 4.4265344597010365 3.310040704822743e-15
14.426534459703511 3.4265344597007887 3.3109403443386976e-15
0.5 9.500000000002228 2.2895338634067953e-15
4.985014028933149 6.1534235423899775 40.971064445620414
5.39437322673241 7.370833163013135 0.01578679304729557
6.395173367814072 7.426534459701779 1.1999435780966604e-14
4.2931904769237885 5.424948389296802 40.971064445620414
0.679738069632676 13.081849934914128 29.00688203064873
1.54230996703944 13.588388238610378 29.00688203064873
2.3679947132708525 12.9027722188065 29.006882030648736
0.679738069632676 11.823168275716853 29.00688203064873
1.5054228158640877 12.396233915110251 29.00688203064873
3.2453164422974057 12.245316442299634 29.448051421296988
3.4265344597007887 13.426534459703266 90.0
0.679738069632676 10.679738069635151 29.00688203064873
1.557849777895684 11.166158502916506 29.448051421296995
2.3828845125567826 11.738857161057405 29.448051421296995
3.2601878940497855 11.085492757363351 29.70640682669456
4.4265344597010365 12.426534459703017 90.0
1.5626186909319548 10.020483984737634 29.448051421296995
2.4334204965807613 10.512118213895116 29.448051421296995
3.355543135280178 9.884360044597857 29.44805142129701
4.4265344597010365 11.426534459702768 2.947484509306392e-15
5.426534459701285 11.426534459702768 5.651147248645141e-17
2.4847413296313707 9.392725815440373 29.44805142129701
4.194820634661889 9.208943647584817 29.403514562958655
4.426534459701035 10.390014092913525 4.330168902792783e-15
5.426534459701282 10.426534459702522 90.0
1.6812180174036309 8.781925283210795 29.44805142129701
3.3233015467487252 8.717790267255594 29.448051421297013
4.2570240219879185 8.096134945180944 29.403514562958655
5.4265344597012835 9.426534459702273 6.972968928510294e-16
4.254313103300623 6.843314232452304 40.971064445620414
5.426534459701282 8.426534459702026 5.9177311354968394e-15
2.5171732717014788 8.10430162439425 30.012256130578415
3.3975517449258312 7.434040814227358 40.072216660349504
6.42653445970153 9.426534459702273 2.9112337890944613e-15
6.4265344597015295 8.426534459702026 2.8558514350767157e-15
6.257037867795885 4.4289612584379014 60.06991129020143
6.881681765591604 5.255446157362924 63.36617743289
7.41587093639676 6.426534459701531 1.0078247410301868e-14
5.681515992839413 5.43383445746468 40.971064445620414
12.684831811456798 0.5000000000000001 90.0
13.136644350172936 1.6476718086688695 54.597068733031115
13.666838155130346 2.4976879620149006 54.597068733031115
11.59021308240313 0.5000000000000001 3.1805546814635168e-15
11.932995999142495 1.6302967588380222 64.33213669293414
12.363642985301713 2.5328214995515017 64.33213669293414
12.956221121862795 3.357525872956434 64.33213669293414
10.500000000002476 0.5000000000000001 90.0
10.820809820063925 1.6262697045649972 66.10382021584638
11.240881630019109 2.533908688935697 66.10382021584638
11.648920803982337 3.446878843833563 66.10382021584638
12.266853662783276 4.266853662781296 66.10382021584638
9.659680796921968 1.6596807969199885 66.10382021584638
10.133453503407338 2.5435271030235693 66.10382021584638
10.55352531336252 3.4511660873942693 66.10382021584638
10.960801772956458 4.364474169938946 66.10382021584638
11.42653445970277 5.426534459701284 6.484244910599446e-14
8.965732686748293 2.5620602897625853 66.10382021584633
9.439505393233663 3.445906595866168 66.10382021584637
9.859577203188845 4.353545580236867 66.10382021584641
10.266853662782783 5.266853662781544 66.10382021584641
8.50000000000198 1.5000000000002478 90.0
8.27837637009171 3.4793176882211565 66.10382021584614
8.752149076577075 4.36316399432474 66.10382021584637
9.172220886532259 5.270802978695439 66.10382021584637
7.584767056277298 4.38176552867069 65.7232230400118
8.058343641063297 5.265177003526963 65.7232230400118
7.6596807969214735 2.6596807969202363 66.10382021584614
6.966700509103983 3.563523282428018 65.7232230400118
6.415870936396512 6.42653445970153 1.3449850200756144e-14
