206 14.860158663395859
0.5000000000000264 14.360158663395833 90.0
2.5000000000004947 14.360158663395833 90.0
3.5000000000007283 14.360158663395834 2.848211567435573e-15
1.50000000000026 14.360158663395833 1.65004421417426e-14
4.500000000000962 13.3601586633956 89.99999999999999
5.5000000000011955 14.360158663395833 2.938285867836413e-15
6.500000679049787 14.350694050443643 89.9999221868756
7.500011733667998 14.360158663395833 3.1600683587567177e-15
8.500019393759759 14.360158663395836 1.3405117509216771e-15
9.500041209908991 14.35587393764038 89.999617092882
10.500084995122263 14.360158663395833 8.136637785132006e-16
11.500178916000364 14.360158663395833 2.9750796707846843e-16
10.509158494559358 13.3601586633956 2.713970454225059e-16
0.5000000000000264 13.3601586633956 90.0
1.500000000000261 13.3601586633956 90.0
2.5000000000004947 13.3601586633956 3.289340216406839e-14
3.5000000000007283 13.3601586633956 5.5950925223307246e-15
5.500000000001198 10.360158663394893 3.929103195362645e-15
5.5000000000011955 13.3601586633956 1.4515745624172025e-15
6.501657891197082 13.347994876021824 89.81049948765252
7.503311661476858 13.3601586633956 90.0
8.506292748690539 13.357289008111222 89.67042469566269
9.506276604933783 13.34879400197279 89.67123944294555
0.5000000000000264 12.360158663395366 90.0
1.5001000620149207 4.356287403675386 89.98853259070941
2.5000000000004947 12.360158663395364 1.67508563247633e-15
3.5000000000007283 12.360158663395366 90.0
5.500004621837428 12.36015866339537 89.99999999999926
4.500000000000962 14.360158663395833 90.0
6.502989175131061 12.346637338659878 89.65643363194195
7.505978350260937 12.360158663395366 8.144541727343862e-16
9.360158663394687 2.500000000000467 90.0
9.54597871248072 12.347253220604445 89.61365785639977
0.5000000000000264 11.360158663395131 90.0
1.500000000000261 12.360158663395366 5.7552525215236345e-15
2.500000000000486 11.360158663395126 89.99999999999969
3.500000000000714 11.360158663395131 3.0716200773274384e-13
4.500000000000951 11.360158663395143 89.99999999999996
4.500000000000963 12.360158663395366 89.99999999999996
6.5000417328325995 11.343680641000601 89.99521757082775
7.500092711151366 11.360158663395131 89.99999999999984
8.544408731200528 12.317627493064117 89.63153040624255
0.5000000000000264 10.360158663394897 90.0
1.500000000000261 11.360158663395131 1.644468235207422e-15
2.5000000000004956 10.360158663394893 89.99999999999984
3.500000000000729 10.360158663394893 9.877718391058263e-14
4.500000000000941 10.36015866339492 9.329028511532778e-13
5.500000000001185 11.36015866339513 5.385820370497354e-15
6.500000000001433 10.343566065118893 9.186632492690015e-16
7.50000137542916 10.360158663394897 89.99999999999984
0.5000000000000264 9.360158663394662 90.0
1.5000000000002618 10.360158663394897 89.99999999999984
2.500000000000493 9.360158663394659 89.99999999999984
3.5000000000007248 9.360158663394662 6.907299104354017e-13
4.5000000000009654 9.360158663394692 89.99999999999996
5.500000000001182 9.360158663394646 89.99999999999805
6.505639174042476 9.343095573398532 89.96077730866878
0.5000269738767036 8.36015866339443 90.0
1.500000000000261 9.360158663394662 90.0
2.500178446039966 8.360158663394431 89.99999999999984
3.501599963722021 8.360158663394438 6.92622469041294e-13
4.503229108806582 8.360158663394445 89.99999999999821
5.504848945798197 8.360158663394413 89.99999999999822
0.5001577628137583 7.360158663394195 90.0
1.5000849341778577 8.36015866339443 90.0
2.5092488372987134 7.360158663394197 6.856130927732541e-13
3.5136792912714565 7.360158663394212 9.66204974306983e-13
4.515577071994305 7.36015866339421 89.99999999999822
0.5002446635775664 6.360158663393961 90.0
1.5044593376011342 7.360158663394197 90.0
2.5283976958847676 6.360158663393966 4.868756280748178e-13
3.528592019542538 6.354092793175286 89.98312891824142
0.5000000000000131 5.360158663393714 1.5050785058870101e-12
1.5275756348673253 6.360158663393962 90.0
2.500000000000491 5.36015866339373 3.776476997244927e-13
0.5000000000000264 4.360158663393494 90.0
1.5000000000002573 5.3575783902388965 1.5061416640931733e-12
0.5000000000000264 3.3601586633932605 1.8362975545874675e-15
14.360158663395858 0.500002488507966 90.0
13.360158663395625 0.500002488507966 5.392920368027807e-15
12.36015866339539 0.5000000000000001 3.6298912004627096e-15
11.360158663395156 0.5000000000000001 6.5895191287210285e-15
10.360158663394923 0.5000000000000001 4.153811597822361e-15
9.360158663394687 0.5000000000000001 2.2846405934958354e-15
8.360158663394454 0.5000242623382426 90.0
7.360158663394221 0.500074782039735 90.0
6.360158663393988 0.5000000000000001 5.035233597045137e-15
5.3601586633937535 0.5000000000000001 1.8788874806976533e-15
4.360158663393521 0.5003563039880473 1.3235871362418962e-15
3.3601586633932863 0.5000000000000001 90.0
2.3601586633930527 0.5000000000000001 90.0
14.360158663395858 1.500084934177643 8.845740378883386e-16
13.360158663395625 1.5000269756553273 3.729968815253008e-15
3.3601586633932863 1.5000000000002336 90.0
12.36015866339539 1.5000000000002336 90.0
11.360158663395156 1.5000000000002336 90.0
10.360158663394921 1.5000000000002336 89.99999999999999
9.360158663394687 1.5000000000002336 90.0
8.360158663394454 1.5003649477193957 1.0150812299872967e-14
7.360158663394221 1.5003995925939888 89.99999999999999
6.360158663393988 1.5000000000002336 90.0
5.3601586633937535 1.5000000000002336 9.748672170339014e-16
4.360158663393521 1.5158700306085127 90.0
14.360158663395858 2.5001784460397536 2.8290651586834003e-15
13.360158663395625 2.5001784460397536 1.4225855562976536e-15
12.36015866339539 2.500000000000467 90.0
11.360158663395156 2.500000000000467 4.949009343738652e-16
10.360158663394923 2.500000000000467 90.0
8.50146387232047 11.31495346581489 89.83216414213565
8.360158663394454 2.5009437482642527 90.0
7.360158663394222 2.500773422137268 90.0
6.360158663393988 2.500000000000467 90.0
5.3601586633937535 2.500000000000467 6.541551608040388e-15
4.346654793605853 2.5198174738723953 89.87143503995979
14.360158663395858 3.500499445398193 1.056266721997172e-15
13.360158663395625 3.500499445398193 3.16323582484624e-15
12.36015866339539 3.500000000000702 89.99999999999999
11.360158663395156 3.5000000000007017 90.0
10.344718094314063 7.541760242395277 89.91519979608859
9.360158663394687 3.5000000000007017 90.0
8.360158663394454 3.501869185220288 90.0
7.360158663394222 3.503469743043873 7.704815181281835e-15
6.360158663393988 3.500000000000702 5.4471003539006076e-15
5.3601586633937535 3.500000000000709 90.0
14.360158663395858 4.5011914936741695 89.99999999999999
13.360158663395625 4.5013851333940105 90.0
12.36015866339539 4.500000000000935 90.0
11.360158663395154 4.500000000000935 89.99999999999999
10.360158663394921 3.500000000000702 90.0
9.360158663394687 4.500000000000935 6.244036898974691e-16
8.35507573406123 4.50353638286695 89.9159166364253
7.355052331977689 4.509755979246965 89.91737012427292
6.354316307706323 4.500000000000935 7.39265942153055e-15
14.358061513896036 5.503252309356635 89.7963755478418
13.357818983749413 5.50469795233181 89.80360943202852
12.350437326152933 6.500000000001402 8.094013310695125e-15
11.355935926899955 5.500000000001169 89.99999999999994
10.360158663394923 4.500000000000935 1.1142433961689948e-13
9.355843721441953 5.500000000001169 1.9104209203157994e-15
8.347657702222515 5.510814530783345 0.18603095601238537
7.342327396875059 5.510676112447499 89.82296475973924
14.35430092064835 6.505075879726339 89.68332201720699
13.353541080768965 6.506543197571426 89.6702792479594
12.34936081128588 7.500000000001637 3.1535469501366973e-15
11.348820487534809 7.500365513121184 89.98766475533009
10.355864896986997 5.500000000001169 1.0964553526849321e-13
10.347834770492298 6.500460004816428 89.97764853666918
9.34621538979141 6.500000000001402 90.0
14.353790711561503 7.505560851088171 89.67794448322289
13.352836586560283 7.507409921960845 89.67253466477759
12.35088542411231 8.500000000001872 1.4520598765470645e-16
11.349843470874562 6.500000000001402 89.99999999999994
10.347845157190408 8.545359100872728 89.79024604926452
9.342574857941104 7.500000000001636 90.0
14.353872329764817 8.506705156260475 89.73668331859183
13.35331691810262 8.508924043014096 89.74928460708631
12.356042183168297 5.500000000001169 5.3736618109808905e-15
11.348747037315581 8.501868834583917 89.82507067499891
8.332571107836666 6.514820967368171 0.29831349707928156
11.35195551487896 9.502320250595382 89.79709137950465
14.360158663395858 9.510132048698363 89.99999999999989
13.360158663395625 9.512316068742736 4.367147728976075e-15
12.354073225061306 9.500000000002105 90.0
14.360158663395858 10.51053349165887 1.0380383923618035e-15
13.360158663395625 10.524491102636246 2.3316047305958227e-13
12.36015866339539 10.50000000000234 90.0
14.360158663395856 11.51234803650028 89.9999999999995
13.353495156599296 11.533643380595942 89.78150401585675
14.357359357454412 12.51441382581327 89.89052237510907
14.360158663395858 13.99473360512802 90.0
13.360158663395625 14.360158663395833 90.0
0.5015275055516584 0.5014869761184323 0.12266098669156662
0.7009321799188661 1.9534007094602934 52.57732865008842
1.4629303673849126 1.303660558563558 52.57732865008842
1.4567231732999264 2.6342503925357628 52.577328650088425
2.227988226905449 1.9966208648558235 52.577328650088425
2.2144396607771784 3.31362671658401 52.577328650088425
3.008043944664279 2.7012358889737733 52.49870875271953
2.7819948812164697 4.138511572687799 52.57732865008842
3.592709110858449 3.518165277623433 52.577328650088425
3.575995293913082 4.790123984672776 52.57732865008829
4.370169519899158 4.182433850821741 52.57732865008829
4.352736822950901 5.45494263400159 52.5773286500883
5.153139343895532 4.846297756869897 52.81572542161385
5.156094857807795 6.178021993664342 60.271853443669826
6.024482873332987 5.682136669730789 60.271853443669855
5.6883280767020095 7.025653864073955 60.27185344366991
6.5580956186480845 6.5289807737342995 60.271853443669855
6.498405782964137 7.714625088368754 60.271853443669826
7.366940347920806 7.218656078673768 60.271853443669784
13.342635854748554 13.14626392881271 56.92638410118395
12.400145781120465 13.553841917341666 58.87590420491755
12.457413397197854 12.351106660884854 58.87590420491755
11.59897576479368 12.86944186248065 58.87590420491756
11.672660591078934 11.656793692561623 58.87590420491756
10.816610810780396 12.173687079684433 58.87590420491755
11.16302018377789 10.796364473831945 58.87590420491756
10.306970403479353 11.313257860954758 58.87590420491755
10.337544747147366 10.1266403307174 58.87590420491753
9.481471937011005 10.643547623539567 58.87590420491752
9.511480356817613 9.457271805090832 58.87590420491753
8.638845548879765 9.958815093777275 59.57718027784628
8.837302463074641 8.682136669731491 60.271853443669826
7.968914447549447 9.178021993665043 60.271853443669826
8.19459570702017 7.897589739212101 60.271853443669784
7.325407901896141 8.393931775948234 60.271853443669826
