202 14.727922061357855439215198517887
0.5 14.227922061357855 0.0
1.5 14.227922061357855 0.0
2.5 14.227922061357855 0.0
3.5 14.227922061357855 0.0
4.5 14.227922061357855 0.0
5.5 14.227922061357855 0.0
6.5 14.227922061357855 0.0
7.5 14.227922061357855 0.0
8.5 14.227922061357855 0.0
9.5 14.227922061357855 0.0
10.5 14.227922061357855 0.0
11.5 14.227922061357855 0.0
12.5 14.227922061357855 0.0
0.5 13.227922061357855 0.0
1.5 13.227922061357855 0.0
2.5 13.227922061357855 0.0
3.5 13.227922061357855 0.0
4.5 13.227922061357855 0.0
5.5 13.227922061357855 0.0
6.5 13.227922061357855 0.0
7.5 13.227922061357855 0.0
8.5 13.227922061357855 0.0
9.5 13.227922061357855 0.0
10.5 13.227922061357855 0.0
11.5 13.227922061357855 0.0
0.5 12.227922061357855 0.0
1.5 12.227922061357855 0.0
2.5 12.227922061357855 0.0
3.5 12.227922061357855 0.0
4.5 12.227922061357855 0.0
5.5 12.227922061357855 0.0
6.5 12.227922061357855 0.0
7.5 12.227922061357855 0.0
8.5 12.227922061357855 0.0
9.5 12.227922061357855 0.0
10.5 12.227922061357855 0.0
0.5 11.227922061357855 0.0
1.5 11.227922061357855 0.0
2.5 11.227922061357855 0.0
3.5 11.227922061357855 0.0
4.5 11.227922061357855 0.0
5.5 11.227922061357855 0.0
6.5 11.227922061357855 0.0
7.5 11.227922061357855 0.0
8.5 11.227922061357855 0.0
9.5 11.227922061357855 0.0
0.5 10.227922061357855 0.0
1.5 10.227922061357855 0.0
2.5 10.227922061357855 0.0
3.5 10.227922061357855 0.0
4.5 10.227922061357855 0.0
5.5 10.227922061357855 0.0
6.5 10.227922061357855 0.0
7.5 10.227922061357855 0.0
8.5 10.227922061357855 0.0
0.5 9.227922061357855 0.0
1.5 9.227922061357855 0.0
2.5 9.227922061357855 0.0
3.5 9.227922061357855 0.0
4.5 9.227922061357855 0.0
5.5 9.227922061357855 0.0
6.5 9.227922061357855 0.0
7.5 9.227922061357855 0.0
0.5 8.227922061357855 0.0
1.5 8.227922061357855 0.0
2.5 8.227922061357855 0.0
3.5 8.227922061357855 0.0
4.5 8.227922061357855 0.0
5.5 8.227922061357855 0.0
6.5 8.227922061357855 0.0
0.5 7.227922061357855 0.0
1.5 7.227922061357855 0.0
2.5 7.227922061357855 0.0
3.5 7.227922061357855 0.0
4.5 7.227922061357855 0.0
5.5 7.227922061357855 0.0
0.5 6.227922061357855 0.0
1.5 6.227922061357855 0.0
2.5 6.227922061357855 0.0
3.5 6.227922061357855 0.0
4.5 6.227922061357855 0.0
0.5 5.227922061357855 0.0
1.5 5.227922061357855 0.0
2.5 5.227922061357855 0.0
3.5 5.227922061357855 0.0
0.5 4.227922061357855 0.0
1.5 4.227922061357855 0.0
2.5 4.227922061357855 0.0
0.5 3.2279220613578556 0.0
1.5 3.2279220613578556 0.0
0.5 2.2279220613578556 0.0
14.227922061357855 14.227922061357855 0.0
14.227922061357855 0.5 0.0
13.227922061357855 0.5 0.0
12.227922061357855 0.5 0.0
11.227922061357855 0.5 0.0
10.227922061357855 0.5 0.0
9.227922061357855 0.5 0.0
8.227922061357855 0.5 0.0
7.227922061357855 0.5 0.0
6.227922061357855 0.5 0.0
5.227922061357855 0.5 0.0
4.227922061357855 0.5 0.0
3.2279220613578556 0.5 0.0
2.2279220613578556 0.5 0.0
14.227922061357855 1.5 0.0
13.227922061357855 1.5 0.0
12.227922061357855 1.5 0.0
11.227922061357855 1.5 0.0
10.227922061357855 1.5 0.0
9.227922061357855 1.5 0.0
8.227922061357855 1.5 0.0
7.227922061357855 1.5 0.0
6.227922061357855 1.5 0.0
5.227922061357855 1.5 0.0
4.227922061357855 1.5 0.0
3.2279220613578556 1.5 0.0
14.227922061357855 2.5 0.0
13.227922061357855 2.5 0.0
12.227922061357855 2.5 0.0
11.227922061357855 2.5 0.0
10.227922061357855 2.5 0.0
9.227922061357855 2.5 0.0
8.227922061357855 2.5 0.0
7.227922061357855 2.5 0.0
6.227922061357855 2.5 0.0
5.227922061357855 2.5 0.0
4.227922061357855 2.5 0.0
14.227922061357855 3.5 0.0
13.227922061357855 3.5 0.0
12.227922061357855 3.5 0.0
11.227922061357855 3.5 0.0
10.227922061357855 3.5 0.0
9.227922061357855 3.5 0.0
8.227922061357855 3.5 0.0
7.227922061357855 3.5 0.0
6.227922061357855 3.5 0.0
5.227922061357855 3.5 0.0
14.227922061357855 4.5 0.0
13.227922061357855 4.5 0.0
12.227922061357855 4.5 0.0
11.227922061357855 4.5 0.0
10.227922061357855 4.5 0.0
9.227922061357855 4.5 0.0
8.227922061357855 4.5 0.0
7.227922061357855 4.5 0.0
6.227922061357855 4.5 0.0
14.227922061357855 5.5 0.0
13.227922061357855 5.5 0.0
12.227922061357855 5.5 0.0
11.227922061357855 5.5 0.0
10.227922061357855 5.5 0.0
9.227922061357855 5.5 0.0
8.227922061357855 5.5 0.0
7.227922061357855 5.5 0.0
14.227922061357855 6.5 0.0
13.227922061357855 6.5 0.0
12.227922061357855 6.5 0.0
11.227922061357855 6.5 0.0
10.227922061357855 6.5 0.0
9.227922061357855 6.5 0.0
8.227922061357855 6.5 0.0
14.227922061357855 7.5 0.0
13.227922061357855 7.5 0.0
12.227922061357855 7.5 0.0
11.227922061357855 7.5 0.0
10.227922061357855 7.5 0.0
9.227922061357855 7.5 0.0
14.227922061357855 8.5 0.0
13.227922061357855 8.5 0.0
12.227922061357855 8.5 0.0
11.227922061357855 8.5 0.0
10.227922061357855 8.5 0.0
14.227922061357855 9.5 0.0
13.227922061357855 9.5 0.0
12.227922061357855 9.5 0.0
11.227922061357855 9.5 0.0
14.227922061357855 10.5 0.0
13.227922061357855 10.5 0.0
12.227922061357855 10.5 0.0
14.227922061357855 11.5 0.0
13.227922061357855 11.5 0.0
14.227922061357855 12.5 0.0
0.5 0.5 0.0
13.374368670764582 13.374368670764582 45.0
12.667261889578034 12.667261889578034 45.0
11.960155108391486 11.960155108391486 45.0
11.253048327204938 11.253048327204938 45.0
10.545941546018392 10.545941546018392 45.0
9.838834764831844 9.838834764831844 45.0
9.131727983645296 9.131727983645296 45.0
8.424621202458749 8.424621202458749 45.0
7.7175144212722016 7.7175144212722016 45.0
7.010407640085654 7.010407640085654 45.0
6.303300858899107 6.303300858899107 45.0
5.596194077712559 5.596194077712559 45.0
4.889087296526012 4.889087296526012 45.0
4.181980515339464 4.181980515339464 45.0
3.4748737341529163 3.4748737341529163 45.0
2.767766952966369 2.767766952966369 45.0
2.0606601717798214 2.0606601717798214 45.0
1.3535533905932737 1.3535533905932737 45.0
