210 14.973001116591412
0.5000000000000187 14.469586959925872 89.99999999999787
14.473001116591412 3.4730011165888826 90.0
14.130000612517303 0.5000000000000001 90.0
0.5000000000000187 7.500000000001599 2.7418409362768402e-15
0.5000000000000187 6.50000000000137 4.7261812675891e-15
1.5000000000002514 6.500000000001374 89.99999999999947
0.5000000000000187 5.500000000001141 1.5298663478105318e-15
1.5000000000002478 5.500000000001146 89.99999999999947
2.500000000000476 5.500000000001141 7.669120530398699e-15
0.5000000000000187 4.500000000000914 90.0
1.5000000000002478 4.500000000000914 90.0
2.500000000000476 4.500000000000914 90.0
0.5000000000000187 3.5000000000006857 90.0
1.5000000000002478 3.5000000000006857 90.0
2.500000000000476 3.5000000000006857 90.0
3.5100000000220692 3.5000000000006857 8.985758604642238e-15
0.5000000000000187 2.5000000000004574 89.99999999999999
1.5000000000002478 2.5000000000004574 1.478381050331856e-15
2.500000000000476 2.5000000000004574 90.0
3.5000000000007034 2.5000000000004574 7.296651147235962e-15
4.500000000000932 2.5000000000004574 90.0
0.5000000000000187 1.5000000000002283 4.826206364412528e-15
1.5000000000002478 1.5000000000002283 3.148426886066653e-15
2.500000000000476 1.5000000000002283 4.3299726666286464e-16
3.5000000000007034 1.5000000000002283 4.1465685202931657e-16
4.500000000000932 1.5000000000002283 90.0
5.50000000000116 1.5000000000002283 90.0
0.5000000000000187 0.5000000000000001 90.0
1.5000000000002478 0.5000000000000001 3.313967535762577e-16
2.500000000000476 0.5000000000000001 90.0
3.5000000000007034 0.5000000000000001 90.0
4.500000000000932 0.5000000000000001 90.0
5.50000000000116 0.5000000000000001 90.0
6.500000000001388 0.5000000000000001 90.0
7.621658753705912 0.6216587537042965 73.45901137674359
2.4730011165886676 14.473001116591394 90.0
3.473001116588896 14.473001116591394 1.9699871159357768e-15
4.473001116589125 14.473001116591394 1.273462987511446e-16
5.473001116589352 14.473001116591394 2.878495167037416e-15
6.473001116589578 14.448805885743697 8.414182257456938e-15
7.473001116589806 14.448805884603031 89.99999999999963
8.473001116590034 14.473001116591394 90.0
9.473001116590265 14.473001116591394 90.0
10.473001116590492 14.473001116591394 90.0
11.47300111659072 14.47198395158579 89.99999999999999
12.473001116590947 14.473001116591394 90.0
13.473001116591178 14.473001116591393 2.425405896081394e-15
14.473001116591409 14.473001116591394 89.99999999999989
3.473001116588901 13.473001116591165 3.18754305755854e-15
4.47300111658913 13.473001116591165 3.2675498563125545e-15
5.473001116589358 13.473001116591165 2.425217836172944e-15
6.473001116589586 13.44880588574347 1.0609885944811611e-14
7.4730011165898125 13.44880588460281 1.9535587696602215e-13
8.473001116590037 13.473001116591165 1.2590989785269558e-15
9.473001116590265 13.473001116591165 90.0
10.473001116590492 13.473001116591165 90.0
11.473001116590723 13.471983951585562 90.0
12.473001116590957 13.473001116591165 2.06161442365372e-16
13.473001116591185 13.473001116591165 3.2851396890424663e-16
14.473001116591412 13.473001116591165 90.0
4.47300111658913 12.473001116590938 3.0500172989072027e-15
5.473001116589358 12.473001116590938 3.062471687241472e-15
6.473001116589586 12.448805885055725 4.633412293111181e-15
7.473001116589814 12.448805884136553 1.0914467301613741e-14
8.47300111659004 12.473001116590938 2.7845383514961354e-15
9.473001116590272 12.473001116590938 90.0
10.473001116590499 12.473001116590938 90.0
11.473001116590726 12.471983951585333 3.4199219863053993e-15
12.473001116590957 12.473001116590938 3.017325025296289e-15
13.473001116591185 12.473001116590938 90.0
14.473001116591412 12.473001116590938 90.0
4.47300111658913 11.473001116590709 2.236029953018962e-15
5.473001116589358 11.473001116590709 1.3001675789197412e-15
6.473001116589586 11.423534394926008 90.0
7.473001116589814 11.448805884129884 4.857226776283875e-16
8.47300111659004 11.47300111659071 1.994203562095138e-15
9.473001116590272 11.473001116590709 90.0
10.473001116590503 11.473001116590709 90.0
11.473001116590726 11.471983951585106 6.531163434007532e-15
12.473001116590957 11.473001116590709 5.173569952861245e-15
13.473001116591185 11.473001116590709 3.1703093611018495e-15
14.473001116591412 11.473001116590709 6.626910710335181e-15
5.473001116589365 10.47300111659049 89.99999999999913
6.473001116589586 10.423534394921338 90.0
7.473001116589814 10.443534394675472 1.049278373431229e-15
8.47300111659004 10.47300111659048 1.1448128972849065e-15
9.473001116590272 10.47300111659048 2.0553607530367408e-15
10.473001116590499 10.47300111659048 7.125184895768434e-16
11.473001116590726 10.471983951584876 4.292590714344247e-15
12.473001116590957 10.47300111659048 4.919774928649919e-15
13.473001116591185 10.47300111659048 5.068232521086069e-15
14.473001116591412 10.47300111659048 9.226501060491799e-15
5.455515232268067 9.473001116590268 90.0
6.463602775534965 9.419235535128546 89.50018464404596
7.473001116589814 9.443534394675243 2.0572264836740383e-16
8.47300111659004 9.473001116590252 5.643979022259016e-15
9.473001116590272 9.473001116590252 9.00112116655027e-16
10.473001116590499 9.473001116590252 2.4010848327622287e-15
11.473001116590726 9.47198395158465 90.0
12.473001116590957 9.473001116590252 5.7162118143131786e-15
13.473001116591185 9.473001116590252 6.231433427427911e-15
14.473001116591412 9.473001116590252 4.148077100281834e-15
5.459260143456723 8.47300111659004 90.0
6.473001116589586 8.414892903050303 4.21101246237748e-14
7.473001116589814 8.443514029007002 4.461546087846232e-14
8.47300111659004 8.473001116590025 1.931938488154597e-15
9.473001116590272 8.473001116590025 2.7388058362552414e-15
10.473001116590499 8.473001116590025 9.550712878002493e-16
11.473001116590726 8.471983951584422 2.8812451540560795e-15
12.473001116590957 8.473001116590025 6.358840519369929e-15
13.473001116591185 8.473001116590025 4.4295569683784505e-15
14.473001116591412 8.473001116590025 1.4375975200736739e-15
5.473001116589359 7.473001116589811 5.998119519845204e-14
6.473001116589587 7.414892903050074 5.971724388971497e-14
7.473001116589815 7.4435140290067725 5.679287899991495e-14
8.473001116590044 7.473001116589796 4.549062877413542e-14
9.473001116590272 7.473001116589796 1.7146776631172143e-14
10.473001116590499 7.473001116589796 3.700158908661901e-15
11.473001116590726 7.471983951584192 89.99999999999993
12.473001116590957 7.473001116589796 5.2637291853363555e-15
13.473001116591185 7.473001116589796 3.066083194593516e-15
14.473001116591412 7.473001116589796 89.99999999999999
8.41355296216544 6.413552962164966 82.70415654337565
9.473001116590272 6.473001116589567 90.0
10.473001116590499 6.473001116589567 3.1165186194832194e-15
11.473001116590734 6.471983951583964 4.688780568902171e-15
12.473001116590957 6.473001116589567 6.494849804263751e-15
13.473001116591181 6.473001116589567 9.773450095294681e-15
14.473001116591412 6.473001116589567 8.810647495148e-15
12.473001116590957 5.47300111658934 5.92322255640581e-15
13.473001116591185 5.47300111658934 2.8208519812630587e-15
14.473001116591412 5.47300111658934 3.805469432032898e-16
13.473001116591185 4.473001116589111 90.0
14.473001116591412 4.473001116589111 2.1897373539372844e-16
14.473001116591412 1.5000000000002283 3.627207474455373e-16
3.5000000000007034 4.500000000000914 90.0
3.7632997234208942 5.500000000001141 90.0
4.625362572083852 4.463744693907846 72.82268739930765
4.888662295504043 5.429041130338441 72.82268739930878
5.240272939986201 6.367039084708433 72.82268739930878
6.264870763519017 6.2907445924833985 73.12393029751453
7.321935733942045 6.323853185030563 73.79689696948492
11.426485363157955 5.446791320573001 86.91188242178217
3.2811377280090683 6.564792556639402 25.959225545453865
4.176205107597251 7.010818901891028 25.959225545449346
2.4280369970700626 7.262090627883843 26.487807701140614
3.323066287411426 7.7080979926565485 26.48780770114061
4.308413757268233 8.185075923411048 25.02947719624975
1.5801418569080141 7.956852832477205 26.48780770114061
2.4751711472493767 8.402860197249911 26.48780770114061
3.37020043759074 8.848867562022615 26.487807701140607
4.296482165532873 9.284410612000721 23.750890308599427
0.6605611709468073 8.660561170948615 24.095197061393513
1.5910155009517313 9.07955321353694 26.48780770114061
2.4860447912930947 9.525560578309644 26.487807701140607
3.3810740816344573 9.97156794308235 26.487807701140614
0.6605611709468073 9.75600931716069 24.09519706139351
1.572927286098361 10.19630776226082 25.610678544122045
2.468061465813827 10.642367395080887 25.610678544122045
3.305998215863955 12.30599821586599 25.610678544124376
2.416299624772517 11.848599058515983 25.610678544124372
0.6670029007249658 10.871006278120207 25.61067854412437
1.5621370804404222 11.317065910940272 25.610678544122045
0.6678422346325572 11.997293190580505 25.81658855556937
2.4112686122949176 12.986015170081984 25.816588555569368
1.5216544190610914 12.528656842400336 25.81658855556937
4.435891112076777 10.43589111207822 4.42791260610462
3.3222240101459306 11.173900542656606 25.610678544122045
1.5574564278663825 13.683834453484177 25.816588555572878
0.6678422346325714 13.22647612580253 25.81658855557288
12.91410444692972 0.6486996557340633 68.45112995723969
13.282350783141812 1.578428477881408 68.4511299572397
11.825300519126753 0.6304043232015567 71.93432239710066
12.209436723946293 1.5863574214050997 68.35541329467364
12.556114992793976 2.5246447288080356 68.35541329467365
10.773240124917603 0.630174795791116 71.97535205946774
11.083770567291996 1.58143334944255 71.89959055416219
11.467159084130508 2.50818253251846 71.89959055416219
11.813999260493105 3.4468778437108636 71.89959055416219
12.241378463943473 4.359248306129292 71.89959055416219
9.71961637597099 0.6279129739549943 72.37662693435833
10.026882941310067 1.5795482135486516 72.37662693435833
10.337438483483794 2.530138651335819 72.37662693435833
10.721035631829334 3.4575261278636686 72.37662693435831
11.067984975664348 4.396555429275497 72.37662693435831
8.664828988563851 0.6216587537042965 73.45901137674359
8.965727554684417 1.5785799244694365 73.10659655908032
9.273036938360374 2.530349953759301 73.10659655908032
9.58364861075637 3.481117086302951 73.10659655908032
9.967597519709862 4.409611885275798 73.10659655908032
10.314750294931315 5.349281577155243 73.10659655908032
7.912813833396222 1.5881621063788636 72.37168892500381
8.215654679192085 2.5412032503585458 72.37168892500554
8.522921110589607 3.4928381086860156 72.37168892500553
8.833476425140134 4.443427882903452 72.37168892500553
9.217071265380323 5.370808426463732 72.37168892500554
7.160562226975676 2.522888291391819 72.37168892500554
7.46340307277154 3.4759294353715013 72.37168892500554
7.772681035653862 4.4303336289655855 71.99638180255238
8.083226593109778 5.380893380384775 71.99638180255238
6.857721381179812 1.569847147412136 72.37168892500554
6.404428291234659 3.445396773184579 72.37168892500554
6.709918203230361 4.402270250792216 71.8589261208433
7.02127595339438 5.352563022212296 71.85892612084328
5.645400797600235 4.370875487389351 72.59685761665457
5.960487939315525 5.326679029334341 71.8589261208433
13.704448656676739 2.5500303522729038 61.2509004997208
12.981400270149944 3.4317385381826497 68.35541329467365
6.101587445438795 2.492355629204896 72.37168892500554
5.345453509697777 3.414864110997656 72.37168892500382
