211 14.99796070496771500150
5.703094363978977 5.366009868398773 18.343650932393857
6.017810050918748 4.416823882201087 18.343650932393857
6.351385375563348 3.4738910686397633 18.343650932393857
6.668076231776681 2.525359977018893 18.343650932393857
6.9977598746517025 1.5811368227664158 18.343650932393857
7.3124755615914765 0.6319508365687294 18.343650932393857
6.756628670786344 5.366009868398773 18.343650932393857
7.090203995430943 4.423077054837449 18.343650932393857
7.4068948516442745 3.474545963216579 18.343650932393857
7.736578494519297 2.530322808964102 18.343650932393857
8.051294181768125 1.5811368228688865 18.343650932393857
7.830995202475301 5.3655160998906375 18.43296908886737
8.147696152058518 4.416148652198799 18.524562777148308
8.477525254479302 3.4659709441442264 19.192562892089192
8.801336839960294 2.519834942103349 19.192562892089192
9.548561807831895 3.4317424627097917 19.06679012706863
9.220612246981114 4.376438666803663 19.06679012706863
8.885075615990198 5.365516099890637 18.43296908886737
9.966426258657192 5.290296987129302 18.67264689000969
10.29438659139581 4.345569618336617 18.67264689000969
9.11608707372611 1.570544762295043 19.192562892089192
9.872370435132384 2.485615019251019 19.06679012706863
10.618610702953639 3.399579596158487 18.67264689000969
8.366009868398844 0.6319508365687299 18.343650932393857
9.497960704967586 0.500000000000012 0.0
10.497960704967609 0.5000000000000118 0.0
11.497960704967632 0.500000000000012 0.0
10.497960704967609 1.5000000000000355 0.0
11.497960704967632 1.5000000000000353 0.0
11.497960704967632 2.5000000000000595 0.0
11.497960704967632 4.338789444898912 0.0
11.155476095997676 5.338792667948253 0.0011723370333127819
3.5300069044692215 5.467953800498353 3.550802520647291
2.5000000000000595 5.4979607049674915 0.0
1.5000000000000357 5.4979607049674915 0.0
0.500000000000011 5.4979607049674915 0.0
1.5000000000000355 4.4979607049674675 0.0
0.500000000000012 4.4979607049674675 0.0
0.500000000000012 3.497960704967444 0.0
0.500000000000012 1.5000000000000355 0.0
0.500000000020012 0.500000000000012 0.0
6.258941254784109 0.6319508365687294 18.343650932393857
5.929257611909085 1.5761739908212067 18.343650932393857
5.612566755695754 2.524705082442077 18.343650932393857
5.278991431051154 3.467637896003401 18.343650932393857
4.962300575069376 4.416168987701046 18.343650932393857
4.649560057171608 5.366009868398773 18.343650932393857
5.188930458090838 0.6326096042616762 18.462878040144773
4.872240287539574 1.5811386422337665 18.462878040144773
4.538677371123991 2.52403429150448 18.462878040144773
4.221987200766347 3.472563329541215 18.462878040144773
3.88843170032148 4.415461454819448 18.462878040144773
4.134666476739251 0.6326096042616761 18.462878040144773
3.801103560323667 1.57550525353239 18.462878040144773
3.4844133897724037 2.52403429150448 18.462878040144773
3.1508578894832127 3.4669324168346902 18.462878040144773
3.0630688455310855 0.6411634893448215 20.058946622660663
2.7200821158450426 1.5805037382745268 20.058946622660663
2.4127268976607 2.532854326772204 20.058946622660663
1.6411634894230607 1.5752670880122137 20.058946622660663
1.9984918712294926 0.6411634893448215 20.058946622660663
2.7217750827022353 4.377936358883105 18.462878040144773
1.9838190800543147 3.453468882297087 21.679400365387206
1.2616259104053527 2.5708725413144746 28.14898589271059
12.524310773685666 6.525541111095312 3.0070682746472577
14.497960704967705 6.500000000000153 0.0
11.52554111109543 6.475872511762562 3.0070682746472577
13.445138245472236 7.273919975556359 27.7788470183746
11.524164680450633 7.477179033619215 3.0070682746472577
14.322554139633842 7.753908717349723 27.7788470183746
12.567646616004888 7.9659263526347335 25.29266693786244
13.446500875465217 8.446672779906246 25.29266693786244
11.675316783643476 8.650112986646835 27.754291760027726
14.332271010957598 8.912783710525309 25.29266693786244
12.552738405394683 9.130105529734312 27.754291760027726
13.437691163359592 9.595786339055836 27.754291760027726
11.659112424010594 9.790334244995524 28.863109528444404
14.322643921324499 10.061467148377362 27.754291760027726
12.552738405394683 10.260109353101912 27.754291760027726
13.49796070496768 14.497960704967703 0.0
11.50000000000027 14.497960704967703 0.0
14.497960704967701 14.497960704967703 0.0
12.569360811404623 13.739631018179368 28.697964714535896
14.497960704967703 13.49796070496768 0.0
11.678677780317146 13.28413519882852 28.697964714535896
13.438091973205859 13.028469673511283 23.78770932179516
12.546299579151436 12.572366546894955 23.78770932179516
14.3296163340408 12.329616334040752 25.940798444039363
11.659197614468905 12.105622611808112 23.78770932179516
13.439136814234578 11.874151860583368 25.940798444039363
12.553740592580874 11.408237691313932 25.940798444039363
14.322643921324499 11.19147097174496 27.754291760027726
11.668344370927175 10.942323522044495 25.940798444039363
13.437691163359592 10.725790162423436 27.754291760027726
0.500000000000012 6.4979607049675145 0.0
1.5000000000000355 6.4979607049675145 0.0
2.5000000000000586 6.4979607049675145 0.0
3.500000000000083 6.4979607049675145 0.0
4.500000000000106 6.4979607049675145 0.0
5.50000000000013 6.491220174990456 0.0
6.500000000000153 6.4979607049675145 0.0
7.500000000000178 6.4979607049675145 0.0
8.5000000000002 6.4979607049675145 0.0
9.500000000000224 6.4979607049675145 0.0
10.500000000420252 6.424058979716891 0.0
0.5000000000000121 7.4979607049675385 0.0
1.5000000000000355 7.4979607049675385 0.0
2.5000000000000586 7.4979607049675385 0.0
3.5000000000000826 7.4979607049675385 0.0
4.500000000000106 7.4979607049675385 0.0
5.50000000000013 7.49122017503048 0.0
6.500000000000153 7.4979607049675385 0.0
7.500000000000177 7.4979607049675385 0.0
8.5000000000002 7.4979607049675385 0.0
9.500000000000224 7.4979607049675385 0.0
10.500000000000247 7.424058979716915 0.0
0.500000000000012 8.497960704967563 0.0
1.5000000000000353 8.497960704967563 0.0
2.5000000000000586 8.497960704967563 0.0
3.5000000000000826 8.497960704967563 0.0
4.500000000000106 8.497960704967563 0.0
5.50000000000013 8.491220175070504 0.0
6.500000000000153 8.497960704967563 0.0
7.500000000000177 8.497960704967563 0.0
8.5000000000002 8.497960704967563 0.0
9.500000000000224 8.497960704967563 0.0
10.500000000000247 8.450333299215782 0.0
0.5000000000000119 9.497960704967586 0.0
1.5000000000000353 9.497960704967586 0.0
2.5000000000000586 9.497960704967586 0.0
3.5000000000000826 9.497960704967586 0.0
4.500000000000106 9.497960704967586 0.0
5.500000000000131 9.491220175110529 0.0
6.500000000000153 9.497960704967586 0.0
7.500000000000177 9.497960704967586 0.0
8.5000000000002 9.497960704967586 0.0
9.500000000000224 9.497960704967586 0.0
10.500000000000247 9.450333299215805 0.0
0.5000000000000112 10.497960704967609 0.0
1.5000000000000353 10.497960704967609 0.0
2.5000000000000595 10.497960704967609 0.0
3.5000000000000826 10.497960704967609 0.0
4.500000000000106 10.497960704967609 0.0
5.50000000000013 10.497960704967609 0.0
6.500000000000153 10.497960704967609 0.0
7.500000000000178 10.497960704967609 0.0
8.5000000000002 10.497960704967609 0.0
9.500000000000224 10.497960704967609 0.0
10.500000000000247 10.497960704967609 0.0
0.5000000000000117 11.497960704967632 0.0
1.5000000000000353 11.497960704967632 0.0
2.5000000000000586 11.497960704967632 0.0
3.500000000000083 11.497960704967632 0.0
4.500000000000106 11.497960704967632 0.0
5.50000000000013 11.497960704967632 0.0
6.500000000000153 11.497960704967632 0.0
7.500000000000177 11.497960704967632 0.0
8.5000000000002 11.497960704967632 0.0
9.500000000000224 11.497960704967632 0.0
10.500000000000247 11.497960704967632 0.0
0.500000000000012 12.497960704967657 0.0
1.5000000000000355 12.497960704967657 0.0
2.5000000000000595 12.497960704967657 0.0
3.5000000000000826 12.497960704967657 0.0
4.500000000000106 12.497960704967657 0.0
5.50000000000013 12.497960704967657 0.0
6.500000000000153 12.497960704967657 0.0
7.500000000000177 12.497960704967657 0.0
8.5000000000002 12.497960704967657 0.0
9.500000000000224 12.497960704967657 0.0
10.500000000000247 12.497960704967657 0.0
0.5000000000000115 13.49796070496768 0.0
1.500000000000036 13.49796070496768 0.0
2.5000000000000595 13.49796070496768 0.0
3.5000000000000826 13.49796070496768 0.0
4.500000000000107 13.49796070496768 0.0
5.500000000000131 13.49796070496768 0.0
6.500000000000153 13.49796070496768 0.0
7.500000000000177 13.49796070496768 0.0
8.5000000000002 13.49796070496768 0.0
9.500000000000224 13.49796070496768 0.0
10.500000000000247 13.49796070496768 0.0
0.5000000000000121 14.497960704967703 0.0
1.5000000000000355 14.497960704967703 0.0
2.5000000000000586 14.497960704967703 0.0
3.5000000000000826 14.497960704967703 0.0
4.500000000000106 14.497960704967703 0.0
5.50000000000013 14.497960704967703 0.0
6.500000000000153 14.497960704967703 0.0
7.500000000000177 14.497960704967703 0.0
8.5000000000002 14.497960704967703 0.0
9.500000000000224 14.497960704967703 0.0
10.500000000000247 14.497960704967703 0.0
12.497960704967657 0.5000000000000119 0.0
13.49796070496768 0.500000000000012 0.0
14.497960704967703 0.500000000000012 0.0
12.497960704967657 1.5000000000000355 0.0
13.49796070496768 1.5000000000000357 0.0
14.497960704967703 1.5000000000000355 0.0
12.497960704967657 2.5000000000000586 0.0
13.49796070496768 2.5000000000000595 0.0
14.497960704967703 2.5000000000000586 0.0
12.497960704967657 3.500000000000083 0.0
13.49796070496768 3.5000000000000826 0.0
14.497960704967703 3.500000000000083 0.0
12.497960704967657 4.500000000000106 0.0
13.49796070496768 4.500000000000106 0.0
14.497960704967703 4.500000000000106 0.0
12.497960704967657 5.50000000000013 0.0
13.49796070496768 5.500000000221146 0.0
14.497960704967703 5.50000000000013 0.0
