230 15.682926829268292682926829268292682927
0.5 15.182926829268293 0.0
1.5 15.182926829268293 0.0
2.5 15.182926829268293 0.0
3.5 15.182926829268293 0.0
4.5 15.182926829268293 0.0
5.5 15.182926829268293 0.0
0.5 14.182926829268293 0.0
1.5 14.182926829268293 0.0
2.5 14.182926829268293 0.0
3.5 14.182926829268293 0.0
4.5 14.182926829268293 0.0
0.5 13.182926829268293 0.0
1.5 13.182926829268293 0.0
2.5 13.182926829268293 0.0
3.5 13.182926829268293 0.0
0.5 12.182926829268293 0.0
1.5 12.182926829268293 0.0
0.5 11.182926829268293 0.0
15.182926829268293 0.5 0.0
14.182926829268293 0.5 0.0
13.182926829268293 0.5 0.0
12.182926829268293 0.5 0.0
11.182926829268293 0.5 0.0
10.182926829268293 0.5 0.0
15.182926829268293 1.5 0.0
14.182926829268293 1.5 0.0
13.182926829268293 1.5 0.0
12.182926829268293 1.5 0.0
11.182926829268293 1.5 0.0
15.182926829268293 2.5 0.0
14.182926829268293 2.5 0.0
13.182926829268293 2.5 0.0
12.182926829268293 2.5 0.0
15.182926829268293 3.5 0.0
14.182926829268293 3.5 0.0
15.182926829268293 4.5 0.0
15.182926829268293 15.182926829268293 0.0
14.182926829268293 15.182926829268293 0.0
13.182926829268293 15.182926829268293 0.0
12.182926829268293 15.182926829268293 0.0
11.182926829268293 15.182926829268293 0.0
10.182926829268293 15.182926829268293 0.0
9.182926829268293 15.182926829268293 0.0
8.182926829268293 15.182926829268293 0.0
7.182926829268292 15.182926829268293 0.0
15.182926829268293 14.182926829268293 0.0
14.182926829268293 14.182926829268293 0.0
13.182926829268293 14.182926829268293 0.0
12.182926829268293 14.182926829268293 0.0
11.182926829268293 14.182926829268293 0.0
10.182926829268293 14.182926829268293 0.0
9.182926829268293 14.182926829268293 0.0
8.182926829268293 14.182926829268293 0.0
15.182926829268293 13.182926829268293 0.0
14.182926829268293 13.182926829268293 0.0
13.182926829268293 13.182926829268293 0.0
12.182926829268293 13.182926829268293 0.0
11.182926829268293 13.182926829268293 0.0
10.182926829268293 13.182926829268293 0.0
9.182926829268293 13.182926829268293 0.0
15.182926829268293 12.182926829268293 0.0
14.182926829268293 12.182926829268293 0.0
13.182926829268293 12.182926829268293 0.0
12.182926829268293 12.182926829268293 0.0
11.182926829268293 12.182926829268293 0.0
10.182926829268293 12.182926829268293 0.0
15.182926829268293 11.182926829268293 0.0
14.182926829268293 11.182926829268293 0.0
13.182926829268293 11.182926829268293 0.0
12.182926829268293 11.182926829268293 0.0
11.182926829268293 11.182926829268293 0.0
15.182926829268293 10.182926829268293 0.0
14.182926829268293 10.182926829268293 0.0
13.182926829268293 10.182926829268293 0.0
12.182926829268293 10.182926829268293 0.0
15.182926829268293 9.182926829268293 0.0
14.182926829268293 9.182926829268293 0.0
13.182926829268293 9.182926829268293 0.0
15.182926829268293 8.182926829268293 0.0
14.182926829268293 8.182926829268293 0.0
15.182926829268293 7.182926829268292 0.0
0.5 0.5 0.0
1.5 0.5 0.0
2.5 0.5 0.0
3.5 0.5 0.0
4.5 0.5 0.0
5.5 0.5 0.0
6.5 0.5 0.0
7.5 0.5 0.0
8.5 0.5 0.0
0.5 1.5 0.0
1.5 1.5 0.0
2.5 1.5 0.0
3.5 1.5 0.0
4.5 1.5 0.0
5.5 1.5 0.0
6.5 1.5 0.0
7.5 1.5 0.0
0.5 2.5 0.0
1.5 2.5 0.0
2.5 2.5 0.0
3.5 2.5 0.0
4.5 2.5 0.0
5.5 2.5 0.0
6.5 2.5 0.0
0.5 3.5 0.0
1.5 3.5 0.0
2.5 3.5 0.0
3.5 3.5 0.0
4.5 3.5 0.0
5.5 3.5 0.0
0.5 4.5 0.0
1.5 4.5 0.0
2.5 4.5 0.0
3.5 4.5 0.0
4.5 4.5 0.0
0.5 5.5 0.0
1.5 5.5 0.0
2.5 5.5 0.0
3.5 5.5 0.0
0.5 6.5 0.0
1.5 6.5 0.0
2.5 6.5 0.0
0.5 7.5 0.0
1.5 7.5 0.0
0.5 8.5 0.0
6.318276732113338 14.292117397987298 46.39718102729638
7.04241466314782 13.602462225573504 46.39718102729638
7.742771381340448 12.887836779675764 46.39718102729638
8.443128099533077 12.173211333778022 46.39718102729638
9.167266030567559 11.483556161364229 46.39718102729638
9.867622748760187 10.768930715466489 46.39718102729638
10.579870073373742 10.066790406310721 46.39718102729638
11.292117397987298 9.364650097154955 46.39718102729638
11.992474116179926 8.650024651257214 46.39718102729638
12.716612047214408 7.960369478843421 46.39718102729638
13.416968765407036 7.24574403294568 46.39718102729638
14.117325483599664 6.531118587047939 46.39718102729638
14.841463414634147 5.841463414634147 46.39718102729638
5.603651286215597 13.59176067979467 46.39718102729638
6.327789217250079 12.902105507380876 46.39718102729638
7.028145935442708 12.187480061483136 46.39718102729638
7.728502653635336 11.472854615585394 46.39718102729638
8.452640584669819 10.783199443171602 46.39718102729638
9.152997302862445 10.06857399727386 46.39718102729638
9.865244627476 9.366433688118095 46.39718102729638
10.577491952089556 8.664293378962327 46.39718102729638
11.277848670282184 7.949667933064586 46.39718102729638
12.001986601316666 7.260012760650794 46.39718102729638
12.702343319509295 6.545387314753053 46.39718102729638
13.402700037701923 5.830761868855312 46.39718102729638
14.126837968736405 5.141106696441518 46.39718102729638
4.889025840317856 12.891403961602041 46.39718102729638
5.613163771352339 12.20174878918825 46.39718102729638
6.313520489544967 11.487123343290508 46.39718102729638
7.013877207737595 10.772497897392768 46.39718102729638
7.738015138772077 10.082842724978974 46.39718102729638
8.438371856964705 9.368217279081232 46.39718102729638
9.15061918157826 8.666076969925466 46.39718102729638
9.862866506191816 7.963936660769699 46.39718102729638
10.563223224384444 7.249311214871958 46.39718102729638
11.287361155418926 6.559656042458165 46.39718102729638
11.987717873611555 5.845030596560425 46.39718102729638
12.688074591804183 5.130405150662684 46.39718102729638
13.412212522838665 4.440749978248891 46.39718102729638
4.199370667904063 12.167266030567559 46.39718102729638
4.923508598938546 11.477610858153765 46.39718102729638
5.623865317131174 10.762985412256025 46.39718102729638
6.3242220353238014 10.048359966358284 46.39718102729638
7.0483599663582845 9.358704793944492 46.39718102729638
7.748716684550912 8.64407934804675 46.39718102729638
8.460964009164467 7.941939038890983 46.39718102729638
9.173211333778022 7.239798729735217 46.39718102729638
9.87356805197065 6.525173283837476 46.39718102729638
10.597705983005133 5.835518111423682 46.39718102729638
11.298062701197761 5.1208926655259415 46.39718102729638
11.99841941939039 4.406267219628201 46.39718102729638
12.722557350424871 3.716612047214408 46.39718102729638
9.364650097154955 1.3908094312809953 46.39718102729638
8.640512166120471 2.0804646036947885 46.39718102729638
7.940155447927844 2.7950900495925293 46.39718102729638
7.239798729735217 3.50971549549027 46.39718102729638
6.515660798700734 4.199370667904063 46.39718102729638
5.815304080508106 4.913996113801804 46.39718102729638
5.103056755894551 5.616136422957571 46.39718102729638
4.390809431280996 6.318276732113338 46.39718102729638
3.6904527130883675 7.032902178011079 46.39718102729638
2.966314782053885 7.7225573504248715 46.39718102729638
2.265958063861257 8.437182796322613 46.39718102729638
1.565601345668629 9.151808242220353 46.39718102729638
0.8414634146341463 9.841463414634147 46.39718102729638
10.079275543052695 2.091166149473623 46.39718102729638
9.355137612018213 2.7808213218874163 46.39718102729638
8.654780893825585 3.495446767785157 46.39718102729638
7.9544241756329574 4.210072213682897 46.39718102729638
7.230286244598474 4.899727386096691 46.39718102729638
6.529929526405847 5.614352831994432 46.39718102729638
5.817682201792292 6.3164931411501986 46.39718102729638
5.105434877178736 7.018633450305965 46.39718102729638
4.405078158986108 7.733258896203706 46.39718102729638
3.6809402279516257 8.4229140686175 46.39718102729638
2.980583509758998 9.13753951451524 46.39718102729638
2.28022679156637 9.852164960412981 46.39718102729638
1.5560888605318872 10.541820132826775 46.39718102729638
10.793900988950437 2.791522867666251 46.39718102729638
10.069763057915953 3.481178040080044 46.39718102729638
9.369406339723326 4.195803485977785 46.39718102729638
8.669049621530698 4.910428931875526 46.39718102729638
7.944911690496215 5.600084104289318 46.39718102729638
7.244554972303588 6.314709550187059 46.39718102729638
6.532307647690033 7.016849859342827 46.39718102729638
5.8200603230764765 7.7189901684985935 46.39718102729638
5.119703604883849 8.433615614396334 46.39718102729638
4.395565673849366 9.123270786810128 46.39718102729638
3.6952089556567387 9.837896232707868 46.39718102729638
2.994852237464111 10.55252167860561 46.39718102729638
2.270714306429628 11.242176851019401 46.39718102729638
11.483556161364229 3.5156607987007336 46.39718102729638
10.759418230329747 4.205315971114527 46.39718102729638
10.059061512137118 4.919941417012268 46.39718102729638
9.358704793944492 5.634566862910009 46.39718102729638
8.634566862910008 6.3242220353238014 46.39718102729638
7.9342101447173805 7.038847481221542 46.39718102729638
7.221962820103825 7.740987790377309 46.39718102729638
6.50971549549027 8.443128099533077 46.39718102729638
5.809358777297642 9.157753545430817 46.39718102729638
5.08522084626316 9.84740871784461 46.39718102729638
4.384864128070531 10.56203416374235 46.39718102729638
3.6845074098779036 11.276659609640092 46.39718102729638
2.960369478843421 11.966314782053885 46.39718102729638
