234 15.822875655532295295250807876819630213
0.5 15.322875655532295 0.0
0.5 14.322875655532295 0.0
0.5 13.322875655532295 0.0
0.5 12.322875655532295 0.0
0.5 11.322875655532295 0.0
0.5 10.322875655532295 0.0
0.5 9.322875655532295 0.0
0.5 8.322875655532295 0.0
0.5 7.322875655532295 0.0
0.5 6.322875655532295 0.0
0.5 5.322875655532295 0.0
0.5 4.322875655532295 0.0
0.5 3.3228756555322954 0.0
1.5 15.322875655532295 0.0
1.5 14.322875655532295 0.0
1.5 13.322875655532295 0.0
1.5 12.322875655532295 0.0
1.5 11.322875655532295 0.0
1.5 10.322875655532295 0.0
1.5 9.322875655532295 0.0
1.5 8.322875655532295 0.0
1.5 7.322875655532295 0.0
1.5 6.322875655532295 0.0
1.5 5.322875655532295 0.0
1.5 4.322875655532295 0.0
2.5 15.322875655532295 0.0
2.5 14.322875655532295 0.0
2.5 13.322875655532295 0.0
2.5 12.322875655532295 0.0
2.5 11.322875655532295 0.0
2.5 10.322875655532295 0.0
2.5 9.322875655532295 0.0
2.5 8.322875655532295 0.0
2.5 7.322875655532295 0.0
2.5 6.322875655532295 0.0
2.5 5.322875655532295 0.0
3.5 15.322875655532295 0.0
3.5 14.322875655532295 0.0
3.5 13.322875655532295 0.0
3.5 12.322875655532295 0.0
3.5 11.322875655532295 0.0
3.5 10.322875655532295 0.0
3.5 9.322875655532295 0.0
3.5 8.322875655532295 0.0
3.5 7.322875655532295 0.0
3.5 6.322875655532295 0.0
4.5 15.322875655532295 0.0
4.5 14.322875655532295 0.0
4.5 13.322875655532295 0.0
4.5 12.322875655532295 0.0
4.5 11.322875655532295 0.0
4.5 10.322875655532295 0.0
4.5 9.322875655532295 0.0
4.5 8.322875655532295 0.0
4.5 7.322875655532295 0.0
5.5 15.322875655532295 0.0
5.5 14.322875655532295 0.0
5.5 13.322875655532295 0.0
5.5 12.322875655532295 0.0
5.5 11.322875655532295 0.0
5.5 10.322875655532295 0.0
5.5 9.322875655532295 0.0
5.5 8.322875655532295 0.0
6.5 15.322875655532295 0.0
6.5 14.322875655532295 0.0
6.5 13.322875655532295 0.0
6.5 12.322875655532295 0.0
6.5 11.322875655532295 0.0
6.5 10.322875655532295 0.0
6.5 9.322875655532295 0.0
7.5 15.322875655532295 0.0
7.5 14.322875655532295 0.0
7.5 13.322875655532295 0.0
7.5 12.322875655532295 0.0
7.5 11.322875655532295 0.0
7.5 10.322875655532295 0.0
8.5 15.322875655532295 0.0
8.5 14.322875655532295 0.0
8.5 13.322875655532295 0.0
8.5 12.322875655532295 0.0
8.5 11.322875655532295 0.0
9.5 15.322875655532295 0.0
9.5 14.322875655532295 0.0
9.5 13.322875655532295 0.0
9.5 12.322875655532295 0.0
10.5 15.322875655532295 0.0
10.5 14.322875655532295 0.0
10.5 13.322875655532295 0.0
11.5 15.322875655532295 0.0
11.5 14.322875655532295 0.0
12.5 15.322875655532295 0.0
15.322875655532295 0.5 0.0
15.322875655532295 1.5 0.0
15.322875655532295 2.5 0.0
15.322875655532295 3.5 0.0
15.322875655532295 4.5 0.0
15.322875655532295 5.5 0.0
15.322875655532295 6.5 0.0
15.322875655532295 7.5 0.0
15.322875655532295 8.5 0.0
15.322875655532295 9.5 0.0
15.322875655532295 10.5 0.0
15.322875655532295 11.5 0.0
15.322875655532295 12.5 0.0
15.322875655532295 13.5 0.0
14.322875655532295 0.5 0.0
14.322875655532295 1.5 0.0
14.322875655532295 2.5 0.0
14.322875655532295 3.5 0.0
14.322875655532295 4.5 0.0
14.322875655532295 5.5 0.0
14.322875655532295 6.5 0.0
14.322875655532295 7.5 0.0
14.322875655532295 8.5 0.0
14.322875655532295 9.5 0.0
14.322875655532295 10.5 0.0
14.322875655532295 11.5 0.0
14.322875655532295 12.5 0.0
13.322875655532295 0.5 0.0
13.322875655532295 1.5 0.0
13.322875655532295 2.5 0.0
13.322875655532295 3.5 0.0
13.322875655532295 4.5 0.0
13.322875655532295 5.5 0.0
13.322875655532295 6.5 0.0
13.322875655532295 7.5 0.0
13.322875655532295 8.5 0.0
13.322875655532295 9.5 0.0
13.322875655532295 10.5 0.0
13.322875655532295 11.5 0.0
12.322875655532295 0.5 0.0
12.322875655532295 1.5 0.0
12.322875655532295 2.5 0.0
12.322875655532295 3.5 0.0
12.322875655532295 4.5 0.0
12.322875655532295 5.5 0.0
12.322875655532295 6.5 0.0
12.322875655532295 7.5 0.0
12.322875655532295 8.5 0.0
12.322875655532295 9.5 0.0
12.322875655532295 10.5 0.0
11.322875655532295 0.5 0.0
11.322875655532295 1.5 0.0
11.322875655532295 2.5 0.0
11.322875655532295 3.5 0.0
11.322875655532295 4.5 0.0
11.322875655532295 5.5 0.0
11.322875655532295 6.5 0.0
11.322875655532295 7.5 0.0
11.322875655532295 8.5 0.0
11.322875655532295 9.5 0.0
10.322875655532295 0.5 0.0
10.322875655532295 1.5 0.0
10.322875655532295 2.5 0.0
10.322875655532295 3.5 0.0
10.322875655532295 4.5 0.0
10.322875655532295 5.5 0.0
10.322875655532295 6.5 0.0
10.322875655532295 7.5 0.0
10.322875655532295 8.5 0.0
9.322875655532295 0.5 0.0
9.322875655532295 1.5 0.0
9.322875655532295 2.5 0.0
9.322875655532295 3.5 0.0
9.322875655532295 4.5 0.0
9.322875655532295 5.5 0.0
9.322875655532295 6.5 0.0
9.322875655532295 7.5 0.0
8.322875655532295 0.5 0.0
8.322875655532295 1.5 0.0
8.322875655532295 2.5 0.0
8.322875655532295 3.5 0.0
8.322875655532295 4.5 0.0
8.322875655532295 5.5 0.0
8.322875655532295 6.5 0.0
7.322875655532295 0.5 0.0
7.322875655532295 1.5 0.0
7.322875655532295 2.5 0.0
7.322875655532295 3.5 0.0
7.322875655532295 4.5 0.0
7.322875655532295 5.5 0.0
6.322875655532295 0.5 0.0
6.322875655532295 1.5 0.0
6.322875655532295 2.5 0.0
6.322875655532295 3.5 0.0
6.322875655532295 4.5 0.0
5.322875655532295 0.5 0.0
5.322875655532295 1.5 0.0
5.322875655532295 2.5 0.0
5.322875655532295 3.5 0.0
4.322875655532295 0.5 0.0
4.322875655532295 1.5 0.0
4.322875655532295 2.5 0.0
3.3228756555322954 0.5 0.0
3.3228756555322954 1.5 0.0
2.3228756555322954 0.5 0.0
0.5 0.5 0.0
15.322875655532295 15.322875655532295 0.0
0.9299028084554497 2.2426488752616778 24.295188945364572
1.3892972847076845 1.3528594569415369 24.295188945364572
1.7020433515139128 2.9626650738524365 24.295188945364572
2.1614378277661475 2.0728756555322954 24.295188945364572
2.547059550104671 3.521243444677047 24.295188945364572
3.006454026356906 2.631454026356906 24.295188945364572
3.252778463987745 4.388400186326269 24.295188945364572
3.71217294023998 3.4986107680061274 24.295188945364572
3.958497377870819 5.25555692797549 24.295188945364572
4.417891854123054 4.365767509655349 24.295188945364572
4.702043351513913 6.038917258960088 24.295188945364572
5.1614378277661475 5.149127840639946 24.295188945364572
5.57565411952004 6.534151497390859 24.295188945364572
6.035048595772275 5.644362079070718 24.295188945364572
6.281373033403114 7.40130823904008 24.295188945364572
6.740767509655349 6.51151882071994 24.295188945364572
6.987091947286188 8.268464980689302 24.295188945364572
7.446486423538423 7.378675562369161 24.295188945364572
7.702043351513913 9.115169444067739 24.295188945364572
8.161437827766148 8.225380025747597 24.295188945364572
8.60424868893541 9.547059550104672 24.295188945364572
9.063643165187644 8.65727013178453 24.295188945364572
9.309967602818483 10.414216291753892 24.295188945364572
9.769362079070719 9.524426873433752 24.295188945364572
10.015686516701557 11.281373033403113 24.295188945364572
10.475080992953792 10.391583615082974 24.295188945364572
10.72140543058463 12.148529775052335 24.295188945364572
11.180799906836866 11.258740356732195 24.295188945364572
11.632843258350778 12.559967602818483 24.295188945364572
12.092237734603014 11.670178184498342 24.295188945364572
12.338562172233852 13.427124344467705 24.295188945364572
12.797956648486087 12.537334926147564 24.295188945364572
13.044281086116927 14.294281086116927 24.295188945364572
13.50367556236916 13.404491667796785 24.295188945364572
13.75 15.161437827766148 24.295188945364572
14.209394476252236 14.271648409446007 24.295188945364572
