257 16.535533905932737622004221810524
16.035533905932738 16.035533905932738 0.0
15.035533905932738 16.035533905932738 0.0
14.035533905932738 16.035533905932738 0.0
13.035533905932738 16.035533905932738 0.0
12.035533905932738 16.035533905932738 0.0
11.035533905932738 16.035533905932738 0.0
10.035533905932738 16.035533905932738 0.0
9.035533905932738 16.035533905932738 0.0
8.035533905932738 16.035533905932738 0.0
7.035533905932738 16.035533905932738 0.0
6.035533905932738 16.035533905932738 0.0
5.035533905932738 16.035533905932738 0.0
16.035533905932738 15.035533905932738 0.0
15.035533905932738 15.035533905932738 0.0
14.035533905932738 15.035533905932738 0.0
13.035533905932738 15.035533905932738 0.0
12.035533905932738 15.035533905932738 0.0
11.035533905932738 15.035533905932738 0.0
10.035533905932738 15.035533905932738 0.0
9.035533905932738 15.035533905932738 0.0
8.035533905932738 15.035533905932738 0.0
7.035533905932738 15.035533905932738 0.0
6.035533905932738 15.035533905932738 0.0
16.035533905932738 14.035533905932738 0.0
15.035533905932738 14.035533905932738 0.0
14.035533905932738 14.035533905932738 0.0
13.035533905932738 14.035533905932738 0.0
12.035533905932738 14.035533905932738 0.0
11.035533905932738 14.035533905932738 0.0
10.035533905932738 14.035533905932738 0.0
9.035533905932738 14.035533905932738 0.0
8.035533905932738 14.035533905932738 0.0
7.035533905932738 14.035533905932738 0.0
16.035533905932738 13.035533905932738 0.0
15.035533905932738 13.035533905932738 0.0
14.035533905932738 13.035533905932738 0.0
13.035533905932738 13.035533905932738 0.0
12.035533905932738 13.035533905932738 0.0
11.035533905932738 13.035533905932738 0.0
10.035533905932738 13.035533905932738 0.0
9.035533905932738 13.035533905932738 0.0
8.035533905932738 13.035533905932738 0.0
16.035533905932738 12.035533905932738 0.0
15.035533905932738 12.035533905932738 0.0
14.035533905932738 12.035533905932738 0.0
13.035533905932738 12.035533905932738 0.0
12.035533905932738 12.035533905932738 0.0
11.035533905932738 12.035533905932738 0.0
10.035533905932738 12.035533905932738 0.0
9.035533905932738 12.035533905932738 0.0
16.035533905932738 11.035533905932738 0.0
15.035533905932738 11.035533905932738 0.0
14.035533905932738 11.035533905932738 0.0
13.035533905932738 11.035533905932738 0.0
12.035533905932738 11.035533905932738 0.0
11.035533905932738 11.035533905932738 0.0
10.035533905932738 11.035533905932738 0.0
16.035533905932738 10.035533905932738 0.0
15.035533905932738 10.035533905932738 0.0
14.035533905932738 10.035533905932738 0.0
13.035533905932738 10.035533905932738 0.0
12.035533905932738 10.035533905932738 0.0
11.035533905932738 10.035533905932738 0.0
16.035533905932738 9.035533905932738 0.0
15.035533905932738 9.035533905932738 0.0
14.035533905932738 9.035533905932738 0.0
13.035533905932738 9.035533905932738 0.0
12.035533905932738 9.035533905932738 0.0
16.035533905932738 8.035533905932738 0.0
15.035533905932738 8.035533905932738 0.0
14.035533905932738 8.035533905932738 0.0
13.035533905932738 8.035533905932738 0.0
16.035533905932738 7.035533905932738 0.0
15.035533905932738 7.035533905932738 0.0
14.035533905932738 7.035533905932738 0.0
16.035533905932738 6.035533905932738 0.0
15.035533905932738 6.035533905932738 0.0
16.035533905932738 5.035533905932738 0.0
0.5 0.5 0.0
1.5 0.5 0.0
2.5 0.5 0.0
3.5 0.5 0.0
4.5 0.5 0.0
5.5 0.5 0.0
6.5 0.5 0.0
7.5 0.5 0.0
8.5 0.5 0.0
9.5 0.5 0.0
10.5 0.5 0.0
11.5 0.5 0.0
0.5 1.5 0.0
1.5 1.5 0.0
2.5 1.5 0.0
3.5 1.5 0.0
4.5 1.5 0.0
5.5 1.5 0.0
6.5 1.5 0.0
7.5 1.5 0.0
8.5 1.5 0.0
9.5 1.5 0.0
10.5 1.5 0.0
0.5 2.5 0.0
1.5 2.5 0.0
2.5 2.5 0.0
3.5 2.5 0.0
4.5 2.5 0.0
5.5 2.5 0.0
6.5 2.5 0.0
7.5 2.5 0.0
8.5 2.5 0.0
9.5 2.5 0.0
0.5 3.5 0.0
1.5 3.5 0.0
2.5 3.5 0.0
3.5 3.5 0.0
4.5 3.5 0.0
5.5 3.5 0.0
6.5 3.5 0.0
7.5 3.5 0.0
8.5 3.5 0.0
0.5 4.5 0.0
1.5 4.5 0.0
2.5 4.5 0.0
3.5 4.5 0.0
4.5 4.5 0.0
5.5 4.5 0.0
6.5 4.5 0.0
7.5 4.5 0.0
0.5 5.5 0.0
1.5 5.5 0.0
2.5 5.5 0.0
3.5 5.5 0.0
4.5 5.5 0.0
5.5 5.5 0.0
6.5 5.5 0.0
0.5 6.5 0.0
1.5 6.5 0.0
2.5 6.5 0.0
3.5 6.5 0.0
4.5 6.5 0.0
5.5 6.5 0.0
0.5 7.5 0.0
1.5 7.5 0.0
2.5 7.5 0.0
3.5 7.5 0.0
4.5 7.5 0.0
0.5 8.5 0.0
1.5 8.5 0.0
2.5 8.5 0.0
3.5 8.5 0.0
0.5 9.5 0.0
1.5 9.5 0.0
2.5 9.5 0.0
0.5 10.5 0.0
1.5 10.5 0.0
0.5 11.5 0.0
16.035533905932738 0.5 0.0
15.035533905932738 0.5 0.0
14.035533905932738 0.5 0.0
13.035533905932738 0.5 0.0
16.035533905932738 1.5 0.0
15.035533905932738 1.5 0.0
14.035533905932738 1.5 0.0
16.035533905932738 2.5 0.0
15.035533905932738 2.5 0.0
16.035533905932738 3.5 0.0
0.5 16.035533905932738 0.0
1.5 16.035533905932738 0.0
2.5 16.035533905932738 0.0
0.5 15.035533905932738 0.0
1.5 15.035533905932738 0.0
0.5 14.035533905932738 0.0
3.7751262658470837 15.588834764831844 45.0
3.068019484660536 14.881727983645296 45.0
2.3609127034739887 14.174621202458749 45.0
1.653805922287441 13.4675144212722 45.0
0.9466991411008936 12.760407640085655 45.0
4.482233047033631 14.881727983645296 45.0
3.7751262658470837 14.174621202458749 45.0
3.068019484660536 13.4675144212722 45.0
2.3609127034739887 12.760407640085655 45.0
1.653805922287441 12.053300858899107 45.0
5.189339828220179 14.174621202458749 45.0
4.482233047033631 13.4675144212722 45.0
3.7751262658470837 12.760407640085655 45.0
3.068019484660536 12.053300858899107 45.0
2.3609127034739887 11.346194077712559 45.0
5.896446609406726 13.4675144212722 45.0
5.189339828220179 12.760407640085655 45.0
4.482233047033631 12.053300858899107 45.0
3.7751262658470837 11.346194077712559 45.0
3.068019484660536 10.63908729652601 45.0
6.603553390593274 12.760407640085655 45.0
5.896446609406726 12.053300858899107 45.0
5.189339828220179 11.346194077712559 45.0
4.482233047033631 10.63908729652601 45.0
3.7751262658470837 9.931980515339465 45.0
7.310660171779821 12.053300858899107 45.0
6.603553390593274 11.346194077712559 45.0
5.896446609406726 10.63908729652601 45.0
5.189339828220179 9.931980515339465 45.0
4.482233047033631 9.224873734152917 45.0
8.017766952966369 11.346194077712559 45.0
7.310660171779821 10.63908729652601 45.0
6.603553390593274 9.931980515339465 45.0
5.896446609406726 9.224873734152917 45.0
5.189339828220179 8.517766952966369 45.0
8.724873734152917 10.63908729652601 45.0
8.017766952966369 9.931980515339465 45.0
7.310660171779821 9.224873734152917 45.0
6.603553390593274 8.517766952966369 45.0
5.896446609406726 7.810660171779821 45.0
9.431980515339465 9.931980515339465 45.0
8.724873734152917 9.224873734152917 45.0
8.017766952966369 8.517766952966369 45.0
7.310660171779821 7.810660171779821 45.0
6.603553390593274 7.103553390593274 45.0
10.13908729652601 9.224873734152917 45.0
9.431980515339465 8.517766952966369 45.0
8.724873734152917 7.810660171779821 45.0
8.017766952966369 7.103553390593274 45.0
7.310660171779821 6.396446609406726 45.0
10.846194077712559 8.517766952966369 45.0
10.13908729652601 7.810660171779821 45.0
9.431980515339465 7.103553390593274 45.0
8.724873734152917 6.396446609406726 45.0
8.017766952966369 5.689339828220179 45.0
11.553300858899107 7.810660171779821 45.0
10.846194077712559 7.103553390593274 45.0
10.13908729652601 6.396446609406726 45.0
9.431980515339465 5.689339828220179 45.0
8.724873734152917 4.982233047033631 45.0
12.260407640085655 7.103553390593274 45.0
11.553300858899107 6.396446609406726 45.0
10.846194077712559 5.689339828220179 45.0
10.13908729652601 4.982233047033631 45.0
9.431980515339465 4.275126265847084 45.0
12.9675144212722 6.396446609406726 45.0
12.260407640085655 5.689339828220179 45.0
11.553300858899107 4.982233047033631 45.0
10.846194077712559 4.275126265847084 45.0
10.13908729652601 3.568019484660536 45.0
13.674621202458749 5.689339828220179 45.0
12.9675144212722 4.982233047033631 45.0
12.260407640085655 4.275126265847084 45.0
11.553300858899107 3.568019484660536 45.0
10.846194077712559 2.8609127034739887 45.0
14.381727983645296 4.982233047033631 45.0
13.674621202458749 4.275126265847084 45.0
12.9675144212722 3.568019484660536 45.0
12.260407640085655 2.8609127034739887 45.0
11.553300858899107 2.1538059222874413 45.0
15.088834764831844 4.275126265847084 45.0
14.381727983645296 3.568019484660536 45.0
13.674621202458749 2.8609127034739887 45.0
12.9675144212722 2.1538059222874413 45.0
12.260407640085655 1.4466991411008936 45.0
