26 5.62132034355964257320253308632
0.5 5.121320343559643 0.0
1.5 5.121320343559643 0.0
0.5 4.121320343559643 0.0
4.121320343559643 5.121320343559643 0.0
3.1213203435596424 5.121320343559643 0.0
4.121320343559643 4.121320343559643 0.0
5.121320343559643 5.121320343559643 0.0
5.121320343559643 4.121320343559643 0.0
5.121320343559643 2.8106601717798214 0.0
0.5 0.5 0.0
1.5 0.5 0.0
0.5 1.5 0.0
4.121320343559643 0.5 0.0
3.1213203435596424 0.5 0.0
4.121320343559643 1.5 0.0
5.121320343559643 0.5 0.0
5.121320343559643 1.5 0.0
2.3106601717798214 4.224873734152916 45.0
1.6035533905932737 3.517766952966369 45.0
0.8964466094067263 2.8106601717798214 45.0
3.017766952966369 3.517766952966369 45.0
2.3106601717798214 2.8106601717798214 45.0
1.6035533905932737 2.103553390593274 45.0
3.7248737341529163 2.8106601717798214 45.0
3.017766952966369 2.103553390593274 45.0
2.3106601717798214 1.3964466094067263 45.0
