267 16.84666719284348978294331459095829791
0.5 16.34666719284349 0.0
1.5 16.34666719284349 0.0
2.5 16.34666719284349 0.0
3.5 16.34666719284349 0.0
4.5 16.34666719284349 0.0
5.5 16.34666719284349 0.0
6.5 16.34666719284349 0.0
7.5 16.34666719284349 0.0
8.5 16.34666719284349 0.0
9.5 16.34666719284349 0.0
10.5 16.34666719284349 0.0
11.5 16.34666719284349 0.0
12.5 16.34666719284349 0.0
13.5 16.34666719284349 0.0
0.5 15.34666719284349 0.0
1.5 15.34666719284349 0.0
2.5 15.34666719284349 0.0
3.5 15.34666719284349 0.0
4.5 15.34666719284349 0.0
5.5 15.34666719284349 0.0
6.5 15.34666719284349 0.0
7.5 15.34666719284349 0.0
8.5 15.34666719284349 0.0
9.5 15.34666719284349 0.0
10.5 15.34666719284349 0.0
11.5 15.34666719284349 0.0
12.5 15.34666719284349 0.0
0.5 14.34666719284349 0.0
1.5 14.34666719284349 0.0
2.5 14.34666719284349 0.0
3.5 14.34666719284349 0.0
4.5 14.34666719284349 0.0
5.5 14.34666719284349 0.0
6.5 14.34666719284349 0.0
7.5 14.34666719284349 0.0
8.5 14.34666719284349 0.0
9.5 14.34666719284349 0.0
10.5 14.34666719284349 0.0
11.5 14.34666719284349 0.0
0.5 13.34666719284349 0.0
1.5 13.34666719284349 0.0
2.5 13.34666719284349 0.0
3.5 13.34666719284349 0.0
4.5 13.34666719284349 0.0
5.5 13.34666719284349 0.0
6.5 13.34666719284349 0.0
7.5 13.34666719284349 0.0
8.5 13.34666719284349 0.0
9.5 13.34666719284349 0.0
10.5 13.34666719284349 0.0
0.5 12.34666719284349 0.0
1.5 12.34666719284349 0.0
2.5 12.34666719284349 0.0
3.5 12.34666719284349 0.0
4.5 12.34666719284349 0.0
5.5 12.34666719284349 0.0
6.5 12.34666719284349 0.0
7.5 12.34666719284349 0.0
8.5 12.34666719284349 0.0
9.5 12.34666719284349 0.0
0.5 11.34666719284349 0.0
1.5 11.34666719284349 0.0
2.5 11.34666719284349 0.0
3.5 11.34666719284349 0.0
4.5 11.34666719284349 0.0
5.5 11.34666719284349 0.0
6.5 11.34666719284349 0.0
7.5 11.34666719284349 0.0
8.5 11.34666719284349 0.0
0.5 10.34666719284349 0.0
1.5 10.34666719284349 0.0
2.5 10.34666719284349 0.0
3.5 10.34666719284349 0.0
4.5 10.34666719284349 0.0
5.5 10.34666719284349 0.0
6.5 10.34666719284349 0.0
7.5 10.34666719284349 0.0
0.5 9.34666719284349 0.0
1.5 9.34666719284349 0.0
2.5 9.34666719284349 0.0
3.5 9.34666719284349 0.0
4.5 9.34666719284349 0.0
5.5 9.34666719284349 0.0
6.5 9.34666719284349 0.0
0.5 8.34666719284349 0.0
1.5 8.34666719284349 0.0
2.5 8.34666719284349 0.0
3.5 8.34666719284349 0.0
4.5 8.34666719284349 0.0
5.5 8.34666719284349 0.0
0.5 7.34666719284349 0.0
1.5 7.34666719284349 0.0
2.5 7.34666719284349 0.0
3.5 7.34666719284349 0.0
4.5 7.34666719284349 0.0
0.5 6.34666719284349 0.0
1.5 6.34666719284349 0.0
2.5 6.34666719284349 0.0
3.5 6.34666719284349 0.0
0.5 5.34666719284349 0.0
1.5 5.34666719284349 0.0
2.5 5.34666719284349 0.0
0.5 4.34666719284349 0.0
1.5 4.34666719284349 0.0
0.5 3.3466671928434897 0.0
16.34666719284349 0.5 0.0
15.34666719284349 0.5 0.0
14.34666719284349 0.5 0.0
13.34666719284349 0.5 0.0
12.34666719284349 0.5 0.0
11.34666719284349 0.5 0.0
10.34666719284349 0.5 0.0
9.34666719284349 0.5 0.0
8.34666719284349 0.5 0.0
7.34666719284349 0.5 0.0
6.34666719284349 0.5 0.0
5.34666719284349 0.5 0.0
4.34666719284349 0.5 0.0
3.3466671928434897 0.5 0.0
2.3466671928434897 0.5 0.0
16.34666719284349 1.5 0.0
15.34666719284349 1.5 0.0
14.34666719284349 1.5 0.0
13.34666719284349 1.5 0.0
12.34666719284349 1.5 0.0
11.34666719284349 1.5 0.0
10.34666719284349 1.5 0.0
9.34666719284349 1.5 0.0
8.34666719284349 1.5 0.0
7.34666719284349 1.5 0.0
6.34666719284349 1.5 0.0
5.34666719284349 1.5 0.0
4.34666719284349 1.5 0.0
3.3466671928434897 1.5 0.0
16.34666719284349 2.5 0.0
15.34666719284349 2.5 0.0
14.34666719284349 2.5 0.0
13.34666719284349 2.5 0.0
12.34666719284349 2.5 0.0
11.34666719284349 2.5 0.0
10.34666719284349 2.5 0.0
9.34666719284349 2.5 0.0
8.34666719284349 2.5 0.0
7.34666719284349 2.5 0.0
6.34666719284349 2.5 0.0
5.34666719284349 2.5 0.0
4.34666719284349 2.5 0.0
16.34666719284349 3.5 0.0
15.34666719284349 3.5 0.0
14.34666719284349 3.5 0.0
13.34666719284349 3.5 0.0
12.34666719284349 3.5 0.0
11.34666719284349 3.5 0.0
10.34666719284349 3.5 0.0
9.34666719284349 3.5 0.0
8.34666719284349 3.5 0.0
7.34666719284349 3.5 0.0
6.34666719284349 3.5 0.0
5.34666719284349 3.5 0.0
16.34666719284349 4.5 0.0
15.34666719284349 4.5 0.0
14.34666719284349 4.5 0.0
13.34666719284349 4.5 0.0
12.34666719284349 4.5 0.0
11.34666719284349 4.5 0.0
10.34666719284349 4.5 0.0
9.34666719284349 4.5 0.0
8.34666719284349 4.5 0.0
7.34666719284349 4.5 0.0
6.34666719284349 4.5 0.0
16.34666719284349 5.5 0.0
15.34666719284349 5.5 0.0
14.34666719284349 5.5 0.0
13.34666719284349 5.5 0.0
12.34666719284349 5.5 0.0
11.34666719284349 5.5 0.0
10.34666719284349 5.5 0.0
9.34666719284349 5.5 0.0
8.34666719284349 5.5 0.0
7.34666719284349 5.5 0.0
16.34666719284349 6.5 0.0
15.34666719284349 6.5 0.0
14.34666719284349 6.5 0.0
13.34666719284349 6.5 0.0
12.34666719284349 6.5 0.0
11.34666719284349 6.5 0.0
10.34666719284349 6.5 0.0
9.34666719284349 6.5 0.0
8.34666719284349 6.5 0.0
16.34666719284349 7.5 0.0
15.34666719284349 7.5 0.0
14.34666719284349 7.5 0.0
13.34666719284349 7.5 0.0
12.34666719284349 7.5 0.0
11.34666719284349 7.5 0.0
10.34666719284349 7.5 0.0
9.34666719284349 7.5 0.0
16.34666719284349 8.5 0.0
15.34666719284349 8.5 0.0
14.34666719284349 8.5 0.0
13.34666719284349 8.5 0.0
12.34666719284349 8.5 0.0
11.34666719284349 8.5 0.0
10.34666719284349 8.5 0.0
16.34666719284349 9.5 0.0
15.34666719284349 9.5 0.0
14.34666719284349 9.5 0.0
13.34666719284349 9.5 0.0
12.34666719284349 9.5 0.0
11.34666719284349 9.5 0.0
16.34666719284349 10.5 0.0
15.34666719284349 10.5 0.0
14.34666719284349 10.5 0.0
13.34666719284349 10.5 0.0
12.34666719284349 10.5 0.0
16.34666719284349 11.5 0.0
15.34666719284349 11.5 0.0
14.34666719284349 11.5 0.0
13.34666719284349 11.5 0.0
16.34666719284349 12.5 0.0
15.34666719284349 12.5 0.0
14.34666719284349 12.5 0.0
16.34666719284349 13.5 0.0
15.34666719284349 13.5 0.0
16.34666719284349 14.5 0.0
16.34666719284349 16.34666719284349 0.0
0.5 0.5 0.0
11.97267565315565 11.695788666140631 34.7349002603511
12.650878526702858 12.47267565315565 34.7349002603511
11.339382919046214 12.473550372814312 34.7349002603511
12.017585792593422 13.250437359829332 34.7349002603511
13.329081400250066 13.249562640170668 34.7349002603511
14.150878526702858 13.81934284599914 34.7349002603511
14.829081400250066 14.596229833014158 34.7349002603511
15.507284273797277 15.373116820029177 34.7349002603511
12.695788666140631 14.02732434684435 34.7349002603511
13.517585792593422 14.597104552672821 34.7349002603511
14.195788666140631 15.37399153968784 34.7349002603511
14.87399153968784 16.150878526702858 34.7349002603511
10.517585792593422 11.597104552672821 34.7349002603511
9.695788666140631 11.02732434684435 34.7349002603511
9.017585792593422 10.250437359829332 34.7349002603511
8.339382919046214 9.473550372814312 34.7349002603511
11.150878526702858 10.81934284599914 34.7349002603511
10.329081400250066 10.249562640170668 34.7349002603511
9.650878526702858 9.47267565315565 34.7349002603511
8.97267565315565 8.695788666140631 34.7349002603511
5.150878526702859 4.8739915396878395 55.2650997396489
4.3739915396878395 4.195788666140631 55.2650997396489
4.373116820029177 5.507284273797276 55.2650997396489
3.596229833014158 4.829081400250067 55.2650997396489
3.597104552672821 3.5175857925934224 55.2650997396489
3.0273243468443503 2.6957886661406314 55.2650997396489
2.2504373598293315 2.0175857925934224 55.2650997396489
1.473550372814313 1.3393829190462139 55.2650997396489
2.81934284599914 4.150878526702859 55.2650997396489
2.2495626401706685 3.3290814002500673 55.2650997396489
1.47267565315565 2.6508785267028587 55.2650997396489
0.6957886661406312 1.97267565315565 55.2650997396489
5.2495626401706685 6.329081400250067 55.2650997396489
5.81934284599914 7.150878526702859 55.2650997396489
6.596229833014158 7.829081400250067 55.2650997396489
7.373116820029177 8.507284273797277 55.2650997396489
6.02732434684435 5.695788666140631 55.2650997396489
6.597104552672821 6.517585792593422 55.2650997396489
7.3739915396878395 7.195788666140631 55.2650997396489
8.150878526702858 7.8739915396878395 55.2650997396489
