273 16.983925962660670
0.5000000000008349 16.263943422468664 0.0
1.5000000000014708 16.483925962660667 0.0
16.48392596266067 0.5000000000000924 1.895758319773386e-22
16.483925962660663 1.5000000000007283 1.895758319773386e-22
0.5000000000000924 8.500000000005183 90.0
0.5018551992980242 7.5000000000045475 2.1369408603113431e-13
0.5057341715237271 6.5000000000039115 1.2847829873489943e-13
1.5148711420458696 6.523669011059896 88.95084049581885
0.8040791298676915 5.500000000003276 1.6195062160654014e-13
1.8133150667506612 5.51699241362622 88.95759000487021
2.8261618206810404 5.512931518662933 88.88104525891877
0.5000000000000924 4.50000000000264 89.99999999999986
1.5000000000007283 4.500000000002643 5.5834335295818147e-14
2.5000000000013642 4.507613406648616 5.842756020064626e-14
0.5000000000000924 3.500000000002 90.0
1.5000000000007283 3.5000000000020037 89.99999999999983
2.500000000001368 3.50739251735585 4.698670858913539e-13
3.5000000000020055 3.500000000002 7.133294445644968e-15
4.50000000000264 3.500000000002 90.0
0.5000000000000995 2.500000000001366 89.99999999999983
1.5000000000007319 2.5000000000013696 89.99999999999983
2.5000000000013696 2.5054856661706886 4.1492900446667096e-14
3.500000000002 2.500000000001366 8.770432494398044e-15
4.500000000002636 2.5000000000013642 89.99999999999993
5.50000000000327 2.5000000000013642 90.0
0.5000000000000924 1.5000000000007283 6.103939468778339e-16
1.5000000000007283 1.5000000000007319 90.0
2.500000000001359 1.5037693821187261 3.67438810315267e-13
3.5000000000019984 1.50000000000073 9.281180276477851e-15
4.500000000002636 1.5000000000007283 89.99999999999984
5.50000000000327 1.5000000000007265 89.99999999999989
6.5000000000039115 1.5000000000007283 2.415937408385517e-14
0.5000000000000924 0.5000000000000924 90.0
1.5000000000007283 0.5000000000000959 1.5110369036003846e-15
2.5000000000013642 0.5022220574105347 2.8196150245598133e-13
3.5000000000020037 0.5000000000000924 89.99999999999984
4.50000000000264 0.5000000000000924 90.0
5.500000000003276 0.5000000000000888 90.0
6.5000000000039115 0.5000000000000924 3.6725206082158724e-14
7.5000000000045475 0.5222282095609074 3.7772956704312274e-14
8.500000000005185 0.5000000000000924 2.3212945642209055e-15
3.483925962652396 16.483925962660667 90.0
4.483925962653036 16.483925962660663 89.99999999999972
5.483925962653672 16.483925962660663 89.99999999999972
6.483925962654304 16.483925962660663 2.8507460385825037e-13
7.48392596265494 16.483925962660667 2.8889005564270794e-13
8.483925962655578 16.483925962660667 2.9945039713540605e-15
9.483925962656215 16.483925962660667 3.093676920615807e-15
10.48392596265685 16.483925962660667 89.99999999999999
11.483925962657484 16.483925962660667 89.99999999999999
12.483925962658121 16.483925962660667 1.0647337366481446e-15
13.483925962658756 16.483925962660667 2.4974998629756568e-15
14.483925962659391 16.483925962660667 2.8549782915661457e-15
15.483925962660027 16.483925962660667 1.447463215142895e-13
16.483925962660663 16.483925962660667 90.0
4.483925962653032 15.483925962660026 2.8223233643540857e-16
5.483925962653668 15.483925962660026 5.129079407694505e-16
6.483925962654304 15.483925962660027 2.853705718756746e-13
7.4839259626549435 15.483925962660031 3.7868345568125174e-16
8.483925962655578 15.483925962660031 1.4074904524267107e-14
9.483925962656212 15.483925962660031 5.502444795134257e-14
10.48392596265685 15.483925962660031 89.9999999999999
11.483925962657485 15.483925962660031 89.9999999999999
12.483925962658123 15.48392596266003 8.64555853673489e-14
13.483925962658759 15.483925962660031 8.374182906928747e-14
14.483925962659395 15.483925962660031 2.726984110286448e-15
15.48392596266003 15.483925962660031 90.0
16.483925962660663 15.483925962660033 90.0
5.483925962653672 14.483925962659388 89.99999999999982
6.483925962654304 14.483925962659393 1.2774405649992947e-13
7.483925962654942 14.483925962659395 3.766537412799961e-16
8.483925962655578 14.483925962659395 89.9999999999999
9.483925962656215 14.483925962659393 89.99999999999999
10.48392596265685 14.483925962659395 2.5263457088952903e-14
11.483925962657487 14.483925962659393 89.9999999999999
12.483925962658125 14.483925962659391 89.99999999999986
13.483925962658759 14.483925962659393 89.99999999999986
14.483925962659395 14.483925962659395 5.977901211313292e-14
15.48392596266003 14.483925962659395 6.17471886615147e-14
16.483925962660663 14.483925962659397 1.7788374106366723e-15
6.483925962654304 13.483925962658756 89.99999999999986
7.483925962654942 13.48392596265876 1.7811210228330242e-13
8.48392596265558 13.48392596265876 2.3824395381905276e-13
9.483925962656215 13.483925962658759 7.421142690341767e-14
10.48392596265685 13.483925962658759 1.3548212232701052e-13
11.483925962657487 13.483925962658757 4.924183932513647e-14
12.483925962658121 13.483925962658759 4.671611649458285e-14
13.483925962658759 13.483925962658756 9.043362967739157e-14
14.483925962659395 13.48392596265876 90.0
15.48392596266003 13.483925962658759 90.0
16.483925962660663 13.48392596265876 90.0
6.483925962654306 12.48392596265812 89.99999999999986
7.4839259626549435 12.48392596265812 9.300312134324218e-14
8.48392596265558 12.483925962658127 3.921640007556012e-14
9.483925962656215 12.483925962658121 89.99999999999996
10.483925962656851 12.483925962658121 89.99999999999996
11.483925962657487 12.483925962658121 2.4151146718802994e-14
12.483925962658123 12.483925962658123 89.99999999999997
13.483925962658759 12.48392596265812 89.99999999999987
14.483925962659395 12.48392596265812 89.99999999999997
15.48392596266003 12.483925962658125 89.99999999999999
16.483925962660663 12.483925962658123 89.99999999999993
6.480191799866066 11.483925962657484 1.79967177973115e-13
7.481904447827205 11.48392596265748 89.99999999999966
8.483030017840127 11.48392596265749 89.9999999999999
9.483535907419402 11.48392596265749 89.99999999999991
10.483925962656865 11.483925962657484 89.9999999999998
11.483925962657487 11.483925962657487 7.555919395151953e-14
12.483925962658123 11.483925962657484 8.010317959607478e-14
13.483925962658759 11.48392596265748 8.207411610354798e-14
14.483925962659395 11.483925962657484 1.7041060021296215e-13
15.483925962660031 11.483925962657487 1.0898800579806876e-13
16.483925962660667 11.48392596265749 2.781233310285416e-13
7.483925962654952 10.483925962656855 5.006377595498732e-14
8.48392596265559 10.483925962656855 2.0950734183153124e-13
9.483925962656228 10.483925962656851 89.9999999999999
10.483925962656865 10.483925962656848 89.99999999999976
11.483925962657501 10.483925962656851 7.785891435613907e-14
12.483925962658137 10.483925962656851 4.357703932612534e-14
13.483925962658773 10.483925962656848 89.99999999999999
14.48392596265941 10.483925962656844 89.99999999999991
15.483925962660027 10.483925962656844 89.99999999999963
16.483925962660663 10.483925962656855 2.3901636273797542e-15
7.483925962654954 9.483925962656212 7.521678694740831e-13
8.483925962655594 9.483925962656215 2.561565280953192e-13
9.483925962656246 9.483925962656198 2.111924329362466e-12
10.483925962656858 9.483925962656212 89.99999999999953
11.483925962657498 9.483925962656215 89.99999999999997
12.483925962658134 9.483925962656215 7.40637527554025e-14
13.48392596265877 9.483925962656219 1.8947080884867724e-13
14.483925962659391 9.483925962656206 3.848526643450906e-13
15.483925962660036 9.483925962656226 89.99999999999922
16.483925962660663 9.483925962656219 1.940014189875027e-15
7.483925962654988 8.483925962655572 1.8302348723245837e-13
8.483925962655627 8.483925962655578 89.99999999999976
9.48392596265623 8.483925962655546 6.095882822215544e-14
10.483925962656869 8.48392596265558 89.99999999999973
11.483925962657505 8.48392596265558 89.99999999999976
12.483925962658141 8.483925962655581 89.99999999999996
13.483925962658766 8.483925962655583 2.2715450324404802e-14
14.483925962659402 8.483925962655562 89.99999999999922
15.48392596266003 8.483925962655585 90.0
16.483925962660663 8.483925962655585 90.0
7.483925962654949 7.483925962654936 3.3949748208722707e-13
8.483925962655592 7.483925962654938 89.99999999999952
9.483925962656217 7.483925962654908 89.99999999999974
10.483925962656853 7.483925962654908 89.99999999999976
11.48392596265749 7.483925962654945 1.189476135839183e-13
12.483925962658128 7.483925962654945 89.99999999999996
13.48392596265877 7.48392596265494 89.99999999999922
14.483925962659402 7.483925962654949 89.99999999999991
15.48392596266003 7.483925962654949 90.0
16.483925962660663 7.483925962654949 90.0
11.483925962657498 6.483925962654306 5.420523608196939e-13
12.483925962658118 6.483925962654306 5.392058771162798e-13
13.483925962658756 6.483925962654293 3.663510836436079e-13
14.483925962659397 6.483925962654315 89.99999999999973
15.483925962660033 6.483925962654309 89.99999999999964
16.483925962660663 6.483925962654313 90.0
14.483925962659391 5.483925962653679 89.99999999999973
15.48392596266003 5.48392596265367 3.860825262297147e-15
16.483925962660667 5.483925962653675 2.0583416789203637e-13
15.483925962660033 4.483925962653036 90.0
16.483925962660667 4.483925962653039 2.0462786648579236e-13
16.483925962660663 3.4839259626524033 90.0
6.307130492144822 6.483925962654295 2.5287042066838547e-13
0.6504022945981305 14.961048982235884 21.897991881960273
1.5827171577296149 15.32289474765405 21.897991881960273
0.639658769521045 13.875193879010409 19.771359829117053
1.5731258039301963 14.234556950395014 19.771359829117056
2.5165514919589267 14.566215353269818 19.77135982911555
0.6336273089097553 12.801487456651524 18.648050492796727
1.5752850759288268 13.138555026896967 18.648050492796944
2.509346636491024 13.498131805224345 18.648050492796944
3.452823618674749 13.829808646173593 18.648050492796944
4.3632251648631915 14.259495181230715 18.648050492796944
0.633627308909805 11.746079137228257 18.648050492796997
1.5811278938471247 12.0658331701109 18.64805049279746
2.5227856608661945 12.402900740356344 18.64805049279746
3.45684722142839 12.76247751868372 18.64805049279746
4.400324203612124 13.094154359632974 18.648050492798323
0.6309977394453519 10.688368324512592 18.172024045729938
1.5794030519059667 11.005476742689254 18.17202404573299
2.5269363391871806 11.325241811666755 18.17202404573172
3.4687706566901646 11.662368962592293 18.17202404573172
4.403195783690805 12.022068434073383 18.17202404573138
5.3529282232084 12.33513371996196 18.17202404573172
0.6315954245711417 9.631595424576869 18.279531497091117
1.5802874798085629 9.94780840888177 18.27953149709112
2.528684642664693 10.2649141350639 18.27953149709112
3.4762047985926685 10.584674866465072 18.27953149709112
4.417993427384699 10.921786925399172 18.279531497091877
5.352330538082615 11.281457323149693 18.279531497091877
1.564884826631129 8.887318774298693 18.487854832787733
2.5135738550011197 9.203530746541313 18.487854832787733
3.4619647489716048 9.52063437666116 18.487854832790642
4.409468994284843 9.84038978819504 18.48785483278885
5.3511787006087985 10.177475458641773 18.487854832787754
2.4952029097871034 8.142970697080584 18.487854832787853
3.4435938037575404 8.460074327200573 18.48785483279064
4.411177755389517 8.767603571477261 16.72243216818968
5.363648386357347 9.085330962239361 16.30701590846427
1.504076670770182 7.530642780839861 89.74486924630773
3.4264138204156787 7.399912487312918 18.48785483279064
4.439635625473601 7.61642859456933 14.282510154013726
5.376028818664917 7.991574534490692 14.282510154013726
4.30713049214355 6.500000000003908 89.99999999999999
5.307130492144186 6.570837080536068 2.514172683545619e-13
5.453243419855561 13.453243419860774 3.633573572988172
2.5593041538423087 15.718010111162544 28.4108024834879
3.4404451700682905 14.996194062694125 21.815643651475757
2.517144516458739 6.520591831065422 88.9003957750518
3.84408862210735 5.500000000003272 89.99999999999991
6.4839259626543555 7.483925962654933 2.5092620320042576e-13
6.483925962654311 10.48392596265684 7.514277068289756e-13
6.483925962654315 9.483925962656201 2.505022030535749e-13
6.483925962654352 8.483925962655569 2.4806752729320467e-13
14.961178750913618 0.6440960212668791 69.37145908340493
15.339829941393376 1.570063400845818 69.37145908340287
13.89267043829392 0.6440960212667406 69.37145908340493
14.244978325140195 1.5799801769543862 69.37145908340493
14.570167709992436 2.526072927449304 69.3714590834047
12.81409364160139 0.6313793885663976 71.75937372225007
13.152016090695785 1.5729188436821904 71.75937372225007
13.491756626814748 2.5138591133749646 71.75937372225007
13.829700044009023 3.4553916580515853 71.75937372225007
14.251928116485745 4.369146579244202 71.75937372225007
11.747766834215831 0.6310520202740264 71.81822877383547
12.072298322039114 1.5770183964918445 71.81822877383547
12.410229370622499 2.518583944731322 71.81822877383547
12.74997912172258 3.4595521751136626 71.81822877383547
13.087931145504351 4.401110834452709 71.81822877383547
10.683604521000825 0.631052020273934 71.81822877383549
11.006116618323468 1.5776816264567888 71.81822877383547
11.33064810614675 2.5236480026746086 71.81822877383547
11.668579154730136 3.4652135509140845 71.81822877383547
12.008328905830219 4.406181781296427 71.81822877383547
12.330650537132982 5.352873942379826 71.81822877383547
9.631052020279657 0.631052020273934 71.81822877383549
9.94445587454297 1.5851763096766511 71.32583675157235
10.268327510845022 2.5312853415683403 71.32583675157235
10.592834623057957 3.4771795960726912 71.32583675157235
10.930702488191713 4.418558199305048 71.32583675157235
11.270383788511712 5.3593238998849575 71.32583675157235
8.881396978400646 1.569084450916172 71.10292101410356
9.203949980761564 2.5156368773597073 71.10292101410356
9.527819165864646 3.4617387486938505 71.10292101410185
9.852322981652144 4.407623373525428 71.10292101410185
10.190169779644592 5.348940434435345 71.1029210141016
8.160519380838577 2.5551848102782557 71.10292101410279
8.484388565941655 3.5012866816123935 71.10292101410187
8.808594172112223 4.447779949465275 71.04797580798922
9.133097928319842 5.393664400792183 71.04797580798922
7.760982335646929 1.6349855282190155 71.10292101410178
7.412202527722799 3.456832877922091 71.10292101410187
7.735799490872113 4.403027936158189 71.1029210141013
8.060221881441052 5.348940434435512 71.1029210141013
6.6782658869421105 4.4027513278707815 71.0519123028892
7.002688237264145 5.348663708576876 71.0519123028892
13.444771373308114 5.444771373302558 85.3167039866173
15.714892790753847 2.560600618745738 62.11302367892017
14.991609362941269 3.44333147564031 68.45465078158725
7.011740773731969 2.5279432194294795 69.95951119789694
6.279475957995201 3.419708631167982 63.780151050469335
7.307130492145461 6.483925962654299 5.854515214912842e-13
10.453700655851431 6.4839259626542685 9.543078164259133e-14
9.453700655850794 6.48392596265427 89.99999999999994
8.307130492146097 6.4839259626543075 5.842087635508607e-13
3.500000000002 4.500000000002636 89.99999999999999
4.500000000002636 4.500000000002636 90.0
4.844427038391604 5.500000000003272 89.99999999999999
5.500000000003274 4.4839259626530215 2.561949294403484e-13
5.846410954338074 5.483925962653657 2.539812761116726e-13
