27 5.7071067811865475244008443621
0.5 5.207106781186548 0.0
1.5 5.207106781186548 0.0
2.5 5.207106781186548 0.0
3.5 5.207106781186548 0.0
0.5 4.207106781186548 0.0
1.5 4.207106781186548 0.0
2.5 4.207106781186548 0.0
0.5 3.2071067811865475 0.0
1.5 3.2071067811865475 0.0
0.5 2.2071067811865475 0.0
5.207106781186548 5.207106781186548 0.0
5.207106781186548 0.5 0.0
4.207106781186548 0.5 0.0
3.2071067811865475 0.5 0.0
2.2071067811865475 0.5 0.0
5.207106781186548 1.5 0.0
4.207106781186548 1.5 0.0
3.2071067811865475 1.5 0.0
5.207106781186548 2.5 0.0
4.207106781186548 2.5 0.0
5.207106781186548 3.5 0.0
0.5 0.5 0.0
4.267766952966369 4.267766952966369 45.0
3.5606601717798214 3.5606601717798214 45.0
2.853553390593274 2.853553390593274 45.0
2.146446609406726 2.146446609406726 45.0
1.4393398282201788 1.4393398282201788 45.0
