294 17.65685424949238019520675489684
0.5 17.15685424949238 0.0
1.5 17.15685424949238 0.0
2.5 17.15685424949238 0.0
3.5 17.15685424949238 0.0
4.5 17.15685424949238 0.0
5.5 17.15685424949238 0.0
6.5 17.15685424949238 0.0
7.5 17.15685424949238 0.0
8.5 17.15685424949238 0.0
9.5 17.15685424949238 0.0
10.5 17.15685424949238 0.0
0.5 16.15685424949238 0.0
1.5 16.15685424949238 0.0
2.5 16.15685424949238 0.0
3.5 16.15685424949238 0.0
4.5 16.15685424949238 0.0
5.5 16.15685424949238 0.0
6.5 16.15685424949238 0.0
7.5 16.15685424949238 0.0
8.5 16.15685424949238 0.0
9.5 16.15685424949238 0.0
0.5 15.15685424949238 0.0
1.5 15.15685424949238 0.0
2.5 15.15685424949238 0.0
3.5 15.15685424949238 0.0
4.5 15.15685424949238 0.0
5.5 15.15685424949238 0.0
6.5 15.15685424949238 0.0
7.5 15.15685424949238 0.0
8.5 15.15685424949238 0.0
0.5 14.15685424949238 0.0
1.5 14.15685424949238 0.0
2.5 14.15685424949238 0.0
3.5 14.15685424949238 0.0
4.5 14.15685424949238 0.0
5.5 14.15685424949238 0.0
6.5 14.15685424949238 0.0
7.5 14.15685424949238 0.0
0.5 13.15685424949238 0.0
1.5 13.15685424949238 0.0
2.5 13.15685424949238 0.0
3.5 13.15685424949238 0.0
4.5 13.15685424949238 0.0
5.5 13.15685424949238 0.0
6.5 13.15685424949238 0.0
0.5 12.15685424949238 0.0
1.5 12.15685424949238 0.0
2.5 12.15685424949238 0.0
3.5 12.15685424949238 0.0
4.5 12.15685424949238 0.0
5.5 12.15685424949238 0.0
0.5 11.15685424949238 0.0
1.5 11.15685424949238 0.0
2.5 11.15685424949238 0.0
3.5 11.15685424949238 0.0
4.5 11.15685424949238 0.0
0.5 10.15685424949238 0.0
1.5 10.15685424949238 0.0
2.5 10.15685424949238 0.0
3.5 10.15685424949238 0.0
0.5 9.15685424949238 0.0
1.5 9.15685424949238 0.0
2.5 9.15685424949238 0.0
0.5 8.15685424949238 0.0
1.5 8.15685424949238 0.0
0.5 7.156854249492381 0.0
0.5 0.5 0.0
1.5 0.5 0.0
2.5 0.5 0.0
3.5 0.5 0.0
4.5 0.5 0.0
5.5 0.5 0.0
0.5 1.5 0.0
1.5 1.5 0.0
2.5 1.5 0.0
3.5 1.5 0.0
4.5 1.5 0.0
0.5 2.5 0.0
1.5 2.5 0.0
2.5 2.5 0.0
3.5 2.5 0.0
0.5 3.5 0.0
1.5 3.5 0.0
2.5 3.5 0.0
0.5 4.5 0.0
1.5 4.5 0.0
0.5 5.5 0.0
17.15685424949238 17.15685424949238 0.0
16.15685424949238 17.15685424949238 0.0
15.15685424949238 17.15685424949238 0.0
14.15685424949238 17.15685424949238 0.0
13.15685424949238 17.15685424949238 0.0
12.15685424949238 17.15685424949238 0.0
17.15685424949238 16.15685424949238 0.0
16.15685424949238 16.15685424949238 0.0
15.15685424949238 16.15685424949238 0.0
14.15685424949238 16.15685424949238 0.0
13.15685424949238 16.15685424949238 0.0
17.15685424949238 15.15685424949238 0.0
16.15685424949238 15.15685424949238 0.0
15.15685424949238 15.15685424949238 0.0
14.15685424949238 15.15685424949238 0.0
17.15685424949238 14.15685424949238 0.0
16.15685424949238 14.15685424949238 0.0
15.15685424949238 14.15685424949238 0.0
17.15685424949238 13.15685424949238 0.0
16.15685424949238 13.15685424949238 0.0
17.15685424949238 12.15685424949238 0.0
17.15685424949238 0.5 0.0
16.15685424949238 0.5 0.0
15.15685424949238 0.5 0.0
14.15685424949238 0.5 0.0
13.15685424949238 0.5 0.0
12.15685424949238 0.5 0.0
11.15685424949238 0.5 0.0
10.15685424949238 0.5 0.0
9.15685424949238 0.5 0.0
8.15685424949238 0.5 0.0
7.156854249492381 0.5 0.0
17.15685424949238 1.5 0.0
16.15685424949238 1.5 0.0
15.15685424949238 1.5 0.0
14.15685424949238 1.5 0.0
13.15685424949238 1.5 0.0
12.15685424949238 1.5 0.0
11.15685424949238 1.5 0.0
10.15685424949238 1.5 0.0
9.15685424949238 1.5 0.0
8.15685424949238 1.5 0.0
17.15685424949238 2.5 0.0
16.15685424949238 2.5 0.0
15.15685424949238 2.5 0.0
14.15685424949238 2.5 0.0
13.15685424949238 2.5 0.0
12.15685424949238 2.5 0.0
11.15685424949238 2.5 0.0
10.15685424949238 2.5 0.0
9.15685424949238 2.5 0.0
17.15685424949238 3.5 0.0
16.15685424949238 3.5 0.0
15.15685424949238 3.5 0.0
14.15685424949238 3.5 0.0
13.15685424949238 3.5 0.0
12.15685424949238 3.5 0.0
11.15685424949238 3.5 0.0
10.15685424949238 3.5 0.0
17.15685424949238 4.5 0.0
16.15685424949238 4.5 0.0
15.15685424949238 4.5 0.0
14.15685424949238 4.5 0.0
13.15685424949238 4.5 0.0
12.15685424949238 4.5 0.0
11.15685424949238 4.5 0.0
17.15685424949238 5.5 0.0
16.15685424949238 5.5 0.0
15.15685424949238 5.5 0.0
14.15685424949238 5.5 0.0
13.15685424949238 5.5 0.0
12.15685424949238 5.5 0.0
17.15685424949238 6.5 0.0
16.15685424949238 6.5 0.0
15.15685424949238 6.5 0.0
14.15685424949238 6.5 0.0
13.15685424949238 6.5 0.0
17.15685424949238 7.5 0.0
16.15685424949238 7.5 0.0
15.15685424949238 7.5 0.0
14.15685424949238 7.5 0.0
17.15685424949238 8.5 0.0
16.15685424949238 8.5 0.0
15.15685424949238 8.5 0.0
17.15685424949238 9.5 0.0
16.15685424949238 9.5 0.0
17.15685424949238 10.5 0.0
11.303300858899107 16.25304832720494 45.0
10.596194077712559 15.545941546018392 45.0
9.88908729652601 14.838834764831844 45.0
9.181980515339465 14.131727983645296 45.0
8.474873734152917 13.424621202458749 45.0
7.767766952966369 12.7175144212722 45.0
7.060660171779821 12.010407640085655 45.0
6.353553390593274 11.303300858899107 45.0
5.646446609406726 10.596194077712559 45.0
4.939339828220179 9.88908729652601 45.0
4.232233047033631 9.181980515339465 45.0
3.5251262658470837 8.474873734152917 45.0
2.818019484660536 7.767766952966369 45.0
2.1109127034739887 7.060660171779821 45.0
1.403805922287441 6.353553390593274 45.0
12.010407640085655 15.545941546018392 45.0
11.303300858899107 14.838834764831844 45.0
10.596194077712559 14.131727983645296 45.0
9.88908729652601 13.424621202458749 45.0
9.181980515339465 12.7175144212722 45.0
8.474873734152917 12.010407640085655 45.0
7.767766952966369 11.303300858899107 45.0
7.060660171779821 10.596194077712559 45.0
6.353553390593274 9.88908729652601 45.0
5.646446609406726 9.181980515339465 45.0
4.939339828220179 8.474873734152917 45.0
4.232233047033631 7.767766952966369 45.0
3.5251262658470837 7.060660171779821 45.0
2.818019484660536 6.353553390593274 45.0
2.1109127034739887 5.646446609406726 45.0
12.7175144212722 14.838834764831844 45.0
12.010407640085655 14.131727983645296 45.0
11.303300858899107 13.424621202458749 45.0
10.596194077712559 12.7175144212722 45.0
9.88908729652601 12.010407640085655 45.0
9.181980515339465 11.303300858899107 45.0
8.474873734152917 10.596194077712559 45.0
7.767766952966369 9.88908729652601 45.0
7.060660171779821 9.181980515339465 45.0
6.353553390593274 8.474873734152917 45.0
5.646446609406726 7.767766952966369 45.0
4.939339828220179 7.060660171779821 45.0
4.232233047033631 6.353553390593274 45.0
3.5251262658470837 5.646446609406726 45.0
2.818019484660536 4.939339828220179 45.0
13.424621202458749 14.131727983645296 45.0
12.7175144212722 13.424621202458749 45.0
12.010407640085655 12.7175144212722 45.0
11.303300858899107 12.010407640085655 45.0
10.596194077712559 11.303300858899107 45.0
9.88908729652601 10.596194077712559 45.0
9.181980515339465 9.88908729652601 45.0
8.474873734152917 9.181980515339465 45.0
7.767766952966369 8.474873734152917 45.0
7.060660171779821 7.767766952966369 45.0
6.353553390593274 7.060660171779821 45.0
5.646446609406726 6.353553390593274 45.0
4.939339828220179 5.646446609406726 45.0
4.232233047033631 4.939339828220179 45.0
3.5251262658470837 4.232233047033631 45.0
14.131727983645296 13.424621202458749 45.0
13.424621202458749 12.7175144212722 45.0
12.7175144212722 12.010407640085655 45.0
12.010407640085655 11.303300858899107 45.0
11.303300858899107 10.596194077712559 45.0
10.596194077712559 9.88908729652601 45.0
9.88908729652601 9.181980515339465 45.0
9.181980515339465 8.474873734152917 45.0
8.474873734152917 7.767766952966369 45.0
7.767766952966369 7.060660171779821 45.0
7.060660171779821 6.353553390593274 45.0
6.353553390593274 5.646446609406726 45.0
5.646446609406726 4.939339828220179 45.0
4.939339828220179 4.232233047033631 45.0
4.232233047033631 3.5251262658470837 45.0
14.838834764831844 12.7175144212722 45.0
14.131727983645296 12.010407640085655 45.0
13.424621202458749 11.303300858899107 45.0
12.7175144212722 10.596194077712559 45.0
12.010407640085655 9.88908729652601 45.0
11.303300858899107 9.181980515339465 45.0
10.596194077712559 8.474873734152917 45.0
9.88908729652601 7.767766952966369 45.0
9.181980515339465 7.060660171779821 45.0
8.474873734152917 6.353553390593274 45.0
7.767766952966369 5.646446609406726 45.0
7.060660171779821 4.939339828220179 45.0
6.353553390593274 4.232233047033631 45.0
5.646446609406726 3.5251262658470837 45.0
4.939339828220179 2.818019484660536 45.0
15.545941546018392 12.010407640085655 45.0
14.838834764831844 11.303300858899107 45.0
14.131727983645296 10.596194077712559 45.0
13.424621202458749 9.88908729652601 45.0
12.7175144212722 9.181980515339465 45.0
12.010407640085655 8.474873734152917 45.0
11.303300858899107 7.767766952966369 45.0
10.596194077712559 7.060660171779821 45.0
9.88908729652601 6.353553390593274 45.0
9.181980515339465 5.646446609406726 45.0
8.474873734152917 4.939339828220179 45.0
7.767766952966369 4.232233047033631 45.0
7.060660171779821 3.5251262658470837 45.0
6.353553390593274 2.818019484660536 45.0
5.646446609406726 2.1109127034739887 45.0
16.25304832720494 11.303300858899107 45.0
15.545941546018392 10.596194077712559 45.0
14.838834764831844 9.88908729652601 45.0
14.131727983645296 9.181980515339465 45.0
13.424621202458749 8.474873734152917 45.0
12.7175144212722 7.767766952966369 45.0
12.010407640085655 7.060660171779821 45.0
11.303300858899107 6.353553390593274 45.0
10.596194077712559 5.646446609406726 45.0
9.88908729652601 4.939339828220179 45.0
9.181980515339465 4.232233047033631 45.0
8.474873734152917 3.5251262658470837 45.0
7.767766952966369 2.818019484660536 45.0
7.060660171779821 2.1109127034739887 45.0
6.353553390593274 1.403805922287441 45.0
