293 17.634146341463414634146341463414634146
0.5 17.134146341463413 0.0
1.5 17.134146341463413 0.0
2.5 17.134146341463413 0.0
3.5 17.134146341463413 0.0
4.5 17.134146341463413 0.0
5.5 17.134146341463413 0.0
6.5 17.134146341463413 0.0
7.5 17.134146341463413 0.0
8.5 17.134146341463413 0.0
9.5 17.134146341463413 0.0
10.5 17.134146341463413 0.0
11.5 17.134146341463413 0.0
12.5 17.134146341463413 0.0
13.5 17.134146341463413 0.0
0.5 16.134146341463413 0.0
1.5 16.134146341463413 0.0
2.5 16.134146341463413 0.0
3.5 16.134146341463413 0.0
4.5 16.134146341463413 0.0
5.5 16.134146341463413 0.0
6.5 16.134146341463413 0.0
7.5 16.134146341463413 0.0
8.5 16.134146341463413 0.0
9.5 16.134146341463413 0.0
10.5 16.134146341463413 0.0
11.5 16.134146341463413 0.0
12.5 16.134146341463413 0.0
0.5 15.134146341463415 0.0
1.5 15.134146341463415 0.0
2.5 15.134146341463415 0.0
3.5 15.134146341463415 0.0
4.5 15.134146341463415 0.0
5.5 15.134146341463415 0.0
6.5 15.134146341463415 0.0
7.5 15.134146341463415 0.0
8.5 15.134146341463415 0.0
9.5 15.134146341463415 0.0
10.5 15.134146341463415 0.0
11.5 15.134146341463415 0.0
0.5 14.134146341463415 0.0
1.5 14.134146341463415 0.0
2.5 14.134146341463415 0.0
3.5 14.134146341463415 0.0
4.5 14.134146341463415 0.0
5.5 14.134146341463415 0.0
6.5 14.134146341463415 0.0
7.5 14.134146341463415 0.0
8.5 14.134146341463415 0.0
9.5 14.134146341463415 0.0
10.5 14.134146341463415 0.0
0.5 13.134146341463415 0.0
1.5 13.134146341463415 0.0
2.5 13.134146341463415 0.0
3.5 13.134146341463415 0.0
4.5 13.134146341463415 0.0
5.5 13.134146341463415 0.0
6.5 13.134146341463415 0.0
7.5 13.134146341463415 0.0
8.5 13.134146341463415 0.0
9.5 13.134146341463415 0.0
0.5 12.134146341463415 0.0
1.5 12.134146341463415 0.0
2.5 12.134146341463415 0.0
3.5 12.134146341463415 0.0
4.5 12.134146341463415 0.0
5.5 12.134146341463415 0.0
6.5 12.134146341463415 0.0
7.5 12.134146341463415 0.0
8.5 12.134146341463415 0.0
0.5 11.134146341463415 0.0
1.5 11.134146341463415 0.0
2.5 11.134146341463415 0.0
3.5 11.134146341463415 0.0
4.5 11.134146341463415 0.0
5.5 11.134146341463415 0.0
6.5 11.134146341463415 0.0
7.5 11.134146341463415 0.0
0.5 10.134146341463415 0.0
1.5 10.134146341463415 0.0
2.5 10.134146341463415 0.0
3.5 10.134146341463415 0.0
4.5 10.134146341463415 0.0
5.5 10.134146341463415 0.0
6.5 10.134146341463415 0.0
0.5 9.134146341463415 0.0
1.5 9.134146341463415 0.0
2.5 9.134146341463415 0.0
3.5 9.134146341463415 0.0
4.5 9.134146341463415 0.0
5.5 9.134146341463415 0.0
0.5 8.134146341463415 0.0
1.5 8.134146341463415 0.0
2.5 8.134146341463415 0.0
3.5 8.134146341463415 0.0
4.5 8.134146341463415 0.0
0.5 7.134146341463414 0.0
1.5 7.134146341463414 0.0
2.5 7.134146341463414 0.0
3.5 7.134146341463414 0.0
0.5 6.134146341463414 0.0
1.5 6.134146341463414 0.0
2.5 6.134146341463414 0.0
0.5 5.134146341463414 0.0
1.5 5.134146341463414 0.0
0.5 4.134146341463414 0.0
17.134146341463413 17.134146341463413 0.0
16.134146341463413 17.134146341463413 0.0
15.134146341463415 17.134146341463413 0.0
17.134146341463413 16.134146341463413 0.0
16.134146341463413 16.134146341463413 0.0
17.134146341463413 0.5 0.0
16.134146341463413 0.5 0.0
15.134146341463415 0.5 0.0
14.134146341463415 0.5 0.0
13.134146341463415 0.5 0.0
12.134146341463415 0.5 0.0
11.134146341463415 0.5 0.0
10.134146341463415 0.5 0.0
9.134146341463415 0.5 0.0
8.134146341463415 0.5 0.0
7.134146341463414 0.5 0.0
6.134146341463414 0.5 0.0
5.134146341463414 0.5 0.0
4.134146341463414 0.5 0.0
3.1341463414634148 0.5 0.0
17.134146341463413 1.5 0.0
16.134146341463413 1.5 0.0
15.134146341463415 1.5 0.0
14.134146341463415 1.5 0.0
13.134146341463415 1.5 0.0
12.134146341463415 1.5 0.0
11.134146341463415 1.5 0.0
10.134146341463415 1.5 0.0
9.134146341463415 1.5 0.0
8.134146341463415 1.5 0.0
7.134146341463414 1.5 0.0
6.134146341463414 1.5 0.0
5.134146341463414 1.5 0.0
4.134146341463414 1.5 0.0
17.134146341463413 2.5 0.0
16.134146341463413 2.5 0.0
15.134146341463415 2.5 0.0
14.134146341463415 2.5 0.0
13.134146341463415 2.5 0.0
12.134146341463415 2.5 0.0
11.134146341463415 2.5 0.0
10.134146341463415 2.5 0.0
9.134146341463415 2.5 0.0
8.134146341463415 2.5 0.0
7.134146341463414 2.5 0.0
6.134146341463414 2.5 0.0
5.134146341463414 2.5 0.0
17.134146341463413 3.5 0.0
16.134146341463413 3.5 0.0
15.134146341463415 3.5 0.0
14.134146341463415 3.5 0.0
13.134146341463415 3.5 0.0
12.134146341463415 3.5 0.0
11.134146341463415 3.5 0.0
10.134146341463415 3.5 0.0
9.134146341463415 3.5 0.0
8.134146341463415 3.5 0.0
7.134146341463414 3.5 0.0
6.134146341463414 3.5 0.0
17.134146341463413 4.5 0.0
16.134146341463413 4.5 0.0
15.134146341463415 4.5 0.0
14.134146341463415 4.5 0.0
13.134146341463415 4.5 0.0
12.134146341463415 4.5 0.0
11.134146341463415 4.5 0.0
10.134146341463415 4.5 0.0
9.134146341463415 4.5 0.0
8.134146341463415 4.5 0.0
7.134146341463414 4.5 0.0
17.134146341463413 5.5 0.0
16.134146341463413 5.5 0.0
15.134146341463415 5.5 0.0
14.134146341463415 5.5 0.0
13.134146341463415 5.5 0.0
12.134146341463415 5.5 0.0
11.134146341463415 5.5 0.0
10.134146341463415 5.5 0.0
9.134146341463415 5.5 0.0
8.134146341463415 5.5 0.0
17.134146341463413 6.5 0.0
16.134146341463413 6.5 0.0
15.134146341463415 6.5 0.0
14.134146341463415 6.5 0.0
13.134146341463415 6.5 0.0
12.134146341463415 6.5 0.0
11.134146341463415 6.5 0.0
10.134146341463415 6.5 0.0
9.134146341463415 6.5 0.0
17.134146341463413 7.5 0.0
16.134146341463413 7.5 0.0
15.134146341463415 7.5 0.0
14.134146341463415 7.5 0.0
13.134146341463415 7.5 0.0
12.134146341463415 7.5 0.0
11.134146341463415 7.5 0.0
10.134146341463415 7.5 0.0
17.134146341463413 8.5 0.0
16.134146341463413 8.5 0.0
15.134146341463415 8.5 0.0
14.134146341463415 8.5 0.0
13.134146341463415 8.5 0.0
12.134146341463415 8.5 0.0
11.134146341463415 8.5 0.0
17.134146341463413 9.5 0.0
16.134146341463413 9.5 0.0
15.134146341463415 9.5 0.0
14.134146341463415 9.5 0.0
13.134146341463415 9.5 0.0
12.134146341463415 9.5 0.0
17.134146341463413 10.5 0.0
16.134146341463413 10.5 0.0
15.134146341463415 10.5 0.0
14.134146341463415 10.5 0.0
13.134146341463415 10.5 0.0
17.134146341463413 11.5 0.0
16.134146341463413 11.5 0.0
15.134146341463415 11.5 0.0
14.134146341463415 11.5 0.0
17.134146341463413 12.5 0.0
16.134146341463413 12.5 0.0
15.134146341463415 12.5 0.0
17.134146341463413 13.5 0.0
16.134146341463413 13.5 0.0
17.134146341463413 14.5 0.0
0.5 0.5 0.0
1.5 0.5 0.0
0.5 1.5 0.0
14.315289579768569 16.243945941243002 43.60281897270362
15.029915025666309 15.543589223050375 43.60281897270362
15.744540471564049 14.843232504857747 43.60281897270362
13.61493286157594 15.529320495345262 43.60281897270362
14.32955830747368 14.828963777152635 43.60281897270362
15.044183753371422 14.128607058960007 43.60281897270362
12.914576143383313 14.814695049447522 43.60281897270362
13.629201589281053 14.114338331254894 43.60281897270362
14.343827035178794 13.413981613062266 43.60281897270362
12.214219425190684 14.10006960354978 43.60281897270362
12.928844871088426 13.399712885357154 43.60281897270362
13.643470316986166 12.699356167164526 43.60281897270362
11.490081494156202 13.410414431135989 43.60281897270362
12.204706940053942 12.71005771294336 43.60281897270362
12.919332385951684 12.009700994750732 43.60281897270362
10.789724775963574 12.695788985238247 43.60281897270362
11.504350221861316 11.995432267045619 43.60281897270362
12.218975667759056 11.295075548852992 43.60281897270362
10.065586844929092 12.006133812824453 43.60281897270362
10.780212290826832 11.305777094631827 43.60281897270362
11.494837736724573 10.605420376439199 43.60281897270362
9.365230126736463 11.291508366926713 43.60281897270362
10.079855572634205 10.591151648734085 43.60281897270362
10.794481018531945 9.890794930541457 43.60281897270362
8.664873408543835 10.576882921028972 43.60281897270362
9.379498854441577 9.876526202836345 43.60281897270362
10.094124300339317 9.176169484643717 43.60281897270362
7.964516690351208 9.862257475131232 43.60281897270362
8.679142136248949 9.161900756938604 43.60281897270362
9.393767582146689 8.461544038745975 43.60281897270362
7.240378759316725 9.172602302717438 43.60281897270362
7.955004205214466 8.47224558452481 43.60281897270362
8.669629651112206 7.771888866332183 43.60281897270362
6.5400220411240975 8.457976856819698 43.60281897270362
7.254647487021838 7.75762013862707 43.60281897270362
7.969272932919579 7.057263420434442 43.60281897270362
5.839665322931469 7.7433514109219574 43.60281897270362
6.55429076882921 7.042994692729329 43.60281897270362
7.268916214726951 6.342637974536701 43.60281897270362
5.139308604738842 7.028725965024217 43.60281897270362
5.853934050636583 6.328369246831588 43.60281897270362
6.5685594965343235 5.62801252863896 43.60281897270362
4.415170673704359 6.339070792610423 43.60281897270362
5.1297961196021 5.638714074417796 43.60281897270362
5.84442156549984 4.9383573562251675 43.60281897270362
3.714813955511731 5.624445346712682 43.60281897270362
4.429439401409472 4.924088628520055 43.60281897270362
5.144064847307213 4.223731910327427 43.60281897270362
2.9906760244772483 4.9347901742988896 43.60281897270362
3.705301470374989 4.234433456106261 43.60281897270362
4.41992691627273 3.5340767379136335 43.60281897270362
2.2903193062846205 4.220164728401149 43.60281897270362
3.0049447521823613 3.5198080102085205 43.60281897270362
3.719570198080102 2.8194512920158927 43.60281897270362
1.5899625880919928 3.5055392825034075 43.60281897270362
2.3045880339897336 2.8051825643107797 43.60281897270362
3.0192134798874743 2.104825846118152 43.60281897270362
0.8896058698993649 2.7909138366056667 43.60281897270362
1.6042313157971058 2.090557118413039 43.60281897270362
2.3188567616948466 1.3902004002204111 43.60281897270362
