295 17.7071067811865475244008443621
0.5 17.207106781186546 0.0
1.5 17.207106781186546 0.0
2.5 17.207106781186546 0.0
3.5 17.207106781186546 0.0
4.5 17.207106781186546 0.0
5.5 17.207106781186546 0.0
6.5 17.207106781186546 0.0
7.5 17.207106781186546 0.0
8.5 17.207106781186546 0.0
9.5 17.207106781186546 0.0
10.5 17.207106781186546 0.0
11.5 17.207106781186546 0.0
12.5 17.207106781186546 0.0
13.5 17.207106781186546 0.0
14.5 17.207106781186546 0.0
15.5 17.207106781186546 0.0
0.5 16.207106781186546 0.0
1.5 16.207106781186546 0.0
2.5 16.207106781186546 0.0
3.5 16.207106781186546 0.0
4.5 16.207106781186546 0.0
5.5 16.207106781186546 0.0
6.5 16.207106781186546 0.0
7.5 16.207106781186546 0.0
8.5 16.207106781186546 0.0
9.5 16.207106781186546 0.0
10.5 16.207106781186546 0.0
11.5 16.207106781186546 0.0
12.5 16.207106781186546 0.0
13.5 16.207106781186546 0.0
14.5 16.207106781186546 0.0
0.5 15.207106781186548 0.0
1.5 15.207106781186548 0.0
2.5 15.207106781186548 0.0
3.5 15.207106781186548 0.0
4.5 15.207106781186548 0.0
5.5 15.207106781186548 0.0
6.5 15.207106781186548 0.0
7.5 15.207106781186548 0.0
8.5 15.207106781186548 0.0
9.5 15.207106781186548 0.0
10.5 15.207106781186548 0.0
11.5 15.207106781186548 0.0
12.5 15.207106781186548 0.0
13.5 15.207106781186548 0.0
0.5 14.207106781186548 0.0
1.5 14.207106781186548 0.0
2.5 14.207106781186548 0.0
3.5 14.207106781186548 0.0
4.5 14.207106781186548 0.0
5.5 14.207106781186548 0.0
6.5 14.207106781186548 0.0
7.5 14.207106781186548 0.0
8.5 14.207106781186548 0.0
9.5 14.207106781186548 0.0
10.5 14.207106781186548 0.0
11.5 14.207106781186548 0.0
12.5 14.207106781186548 0.0
0.5 13.207106781186548 0.0
1.5 13.207106781186548 0.0
2.5 13.207106781186548 0.0
3.5 13.207106781186548 0.0
4.5 13.207106781186548 0.0
5.5 13.207106781186548 0.0
6.5 13.207106781186548 0.0
7.5 13.207106781186548 0.0
8.5 13.207106781186548 0.0
9.5 13.207106781186548 0.0
10.5 13.207106781186548 0.0
11.5 13.207106781186548 0.0
0.5 12.207106781186548 0.0
1.5 12.207106781186548 0.0
2.5 12.207106781186548 0.0
3.5 12.207106781186548 0.0
4.5 12.207106781186548 0.0
5.5 12.207106781186548 0.0
6.5 12.207106781186548 0.0
7.5 12.207106781186548 0.0
8.5 12.207106781186548 0.0
9.5 12.207106781186548 0.0
10.5 12.207106781186548 0.0
0.5 11.207106781186548 0.0
1.5 11.207106781186548 0.0
2.5 11.207106781186548 0.0
3.5 11.207106781186548 0.0
4.5 11.207106781186548 0.0
5.5 11.207106781186548 0.0
6.5 11.207106781186548 0.0
7.5 11.207106781186548 0.0
8.5 11.207106781186548 0.0
9.5 11.207106781186548 0.0
0.5 10.207106781186548 0.0
1.5 10.207106781186548 0.0
2.5 10.207106781186548 0.0
3.5 10.207106781186548 0.0
4.5 10.207106781186548 0.0
5.5 10.207106781186548 0.0
6.5 10.207106781186548 0.0
7.5 10.207106781186548 0.0
8.5 10.207106781186548 0.0
0.5 9.207106781186548 0.0
1.5 9.207106781186548 0.0
2.5 9.207106781186548 0.0
3.5 9.207106781186548 0.0
4.5 9.207106781186548 0.0
5.5 9.207106781186548 0.0
6.5 9.207106781186548 0.0
7.5 9.207106781186548 0.0
0.5 8.207106781186548 0.0
1.5 8.207106781186548 0.0
2.5 8.207106781186548 0.0
3.5 8.207106781186548 0.0
4.5 8.207106781186548 0.0
5.5 8.207106781186548 0.0
6.5 8.207106781186548 0.0
0.5 7.207106781186548 0.0
1.5 7.207106781186548 0.0
2.5 7.207106781186548 0.0
3.5 7.207106781186548 0.0
4.5 7.207106781186548 0.0
5.5 7.207106781186548 0.0
0.5 6.207106781186548 0.0
1.5 6.207106781186548 0.0
2.5 6.207106781186548 0.0
3.5 6.207106781186548 0.0
4.5 6.207106781186548 0.0
0.5 5.207106781186548 0.0
1.5 5.207106781186548 0.0
2.5 5.207106781186548 0.0
3.5 5.207106781186548 0.0
0.5 4.207106781186548 0.0
1.5 4.207106781186548 0.0
2.5 4.207106781186548 0.0
0.5 3.2071067811865475 0.0
1.5 3.2071067811865475 0.0
0.5 2.2071067811865475 0.0
17.207106781186546 0.5 0.0
16.207106781186546 0.5 0.0
15.207106781186548 0.5 0.0
14.207106781186548 0.5 0.0
13.207106781186548 0.5 0.0
12.207106781186548 0.5 0.0
11.207106781186548 0.5 0.0
10.207106781186548 0.5 0.0
9.207106781186548 0.5 0.0
8.207106781186548 0.5 0.0
7.207106781186548 0.5 0.0
6.207106781186548 0.5 0.0
5.207106781186548 0.5 0.0
4.207106781186548 0.5 0.0
3.2071067811865475 0.5 0.0
2.2071067811865475 0.5 0.0
17.207106781186546 1.5 0.0
16.207106781186546 1.5 0.0
15.207106781186548 1.5 0.0
14.207106781186548 1.5 0.0
13.207106781186548 1.5 0.0
12.207106781186548 1.5 0.0
11.207106781186548 1.5 0.0
10.207106781186548 1.5 0.0
9.207106781186548 1.5 0.0
8.207106781186548 1.5 0.0
7.207106781186548 1.5 0.0
6.207106781186548 1.5 0.0
5.207106781186548 1.5 0.0
4.207106781186548 1.5 0.0
3.2071067811865475 1.5 0.0
17.207106781186546 2.5 0.0
16.207106781186546 2.5 0.0
15.207106781186548 2.5 0.0
14.207106781186548 2.5 0.0
13.207106781186548 2.5 0.0
12.207106781186548 2.5 0.0
11.207106781186548 2.5 0.0
10.207106781186548 2.5 0.0
9.207106781186548 2.5 0.0
8.207106781186548 2.5 0.0
7.207106781186548 2.5 0.0
6.207106781186548 2.5 0.0
5.207106781186548 2.5 0.0
4.207106781186548 2.5 0.0
17.207106781186546 3.5 0.0
16.207106781186546 3.5 0.0
15.207106781186548 3.5 0.0
14.207106781186548 3.5 0.0
13.207106781186548 3.5 0.0
12.207106781186548 3.5 0.0
11.207106781186548 3.5 0.0
10.207106781186548 3.5 0.0
9.207106781186548 3.5 0.0
8.207106781186548 3.5 0.0
7.207106781186548 3.5 0.0
6.207106781186548 3.5 0.0
5.207106781186548 3.5 0.0
17.207106781186546 4.5 0.0
16.207106781186546 4.5 0.0
15.207106781186548 4.5 0.0
14.207106781186548 4.5 0.0
13.207106781186548 4.5 0.0
12.207106781186548 4.5 0.0
11.207106781186548 4.5 0.0
10.207106781186548 4.5 0.0
9.207106781186548 4.5 0.0
8.207106781186548 4.5 0.0
7.207106781186548 4.5 0.0
6.207106781186548 4.5 0.0
17.207106781186546 5.5 0.0
16.207106781186546 5.5 0.0
15.207106781186548 5.5 0.0
14.207106781186548 5.5 0.0
13.207106781186548 5.5 0.0
12.207106781186548 5.5 0.0
11.207106781186548 5.5 0.0
10.207106781186548 5.5 0.0
9.207106781186548 5.5 0.0
8.207106781186548 5.5 0.0
7.207106781186548 5.5 0.0
17.207106781186546 6.5 0.0
16.207106781186546 6.5 0.0
15.207106781186548 6.5 0.0
14.207106781186548 6.5 0.0
13.207106781186548 6.5 0.0
12.207106781186548 6.5 0.0
11.207106781186548 6.5 0.0
10.207106781186548 6.5 0.0
9.207106781186548 6.5 0.0
8.207106781186548 6.5 0.0
17.207106781186546 7.5 0.0
16.207106781186546 7.5 0.0
15.207106781186548 7.5 0.0
14.207106781186548 7.5 0.0
13.207106781186548 7.5 0.0
12.207106781186548 7.5 0.0
11.207106781186548 7.5 0.0
10.207106781186548 7.5 0.0
9.207106781186548 7.5 0.0
17.207106781186546 8.5 0.0
16.207106781186546 8.5 0.0
15.207106781186548 8.5 0.0
14.207106781186548 8.5 0.0
13.207106781186548 8.5 0.0
12.207106781186548 8.5 0.0
11.207106781186548 8.5 0.0
10.207106781186548 8.5 0.0
17.207106781186546 9.5 0.0
16.207106781186546 9.5 0.0
15.207106781186548 9.5 0.0
14.207106781186548 9.5 0.0
13.207106781186548 9.5 0.0
12.207106781186548 9.5 0.0
11.207106781186548 9.5 0.0
17.207106781186546 10.5 0.0
16.207106781186546 10.5 0.0
15.207106781186548 10.5 0.0
14.207106781186548 10.5 0.0
13.207106781186548 10.5 0.0
12.207106781186548 10.5 0.0
17.207106781186546 11.5 0.0
16.207106781186546 11.5 0.0
15.207106781186548 11.5 0.0
14.207106781186548 11.5 0.0
13.207106781186548 11.5 0.0
17.207106781186546 12.5 0.0
16.207106781186546 12.5 0.0
15.207106781186548 12.5 0.0
14.207106781186548 12.5 0.0
17.207106781186546 13.5 0.0
16.207106781186546 13.5 0.0
15.207106781186548 13.5 0.0
17.207106781186546 14.5 0.0
16.207106781186546 14.5 0.0
17.207106781186546 15.5 0.0
0.5 0.5 0.0
16.27817459305202 16.27817459305202 45.0
15.571067811865476 15.571067811865476 45.0
14.863961030678928 14.863961030678928 45.0
14.15685424949238 14.15685424949238 45.0
13.449747468305832 13.449747468305832 45.0
12.742640687119286 12.742640687119286 45.0
12.035533905932738 12.035533905932738 45.0
11.32842712474619 11.32842712474619 45.0
10.621320343559642 10.621320343559642 45.0
9.914213562373096 9.914213562373096 45.0
9.207106781186548 9.207106781186548 45.0
8.5 8.5 45.0
7.792893218813452 7.792893218813452 45.0
7.085786437626905 7.085786437626905 45.0
6.378679656440357 6.378679656440357 45.0
5.67157287525381 5.67157287525381 45.0
4.964466094067262 4.964466094067262 45.0
4.257359312880715 4.257359312880715 45.0
3.5502525316941673 3.5502525316941673 45.0
2.84314575050762 2.84314575050762 45.0
2.1360389693210724 2.1360389693210724 45.0
1.4289321881345247 1.4289321881345247 45.0
