38 6.7071067811865475244008443621
0.5 6.207106781186548 0.0
1.5 6.207106781186548 0.0
2.5 6.207106781186548 0.0
3.5 6.207106781186548 0.0
4.5 6.207106781186548 0.0
0.5 5.207106781186548 0.0
1.5 5.207106781186548 0.0
2.5 5.207106781186548 0.0
3.5 5.207106781186548 0.0
0.5 4.207106781186548 0.0
1.5 4.207106781186548 0.0
2.5 4.207106781186548 0.0
0.5 3.2071067811865475 0.0
1.5 3.2071067811865475 0.0
0.5 2.2071067811865475 0.0
6.207106781186548 6.207106781186548 0.0
6.207106781186548 0.5 0.0
5.207106781186548 0.5 0.0
4.207106781186548 0.5 0.0
3.2071067811865475 0.5 0.0
2.2071067811865475 0.5 0.0
6.207106781186548 1.5 0.0
5.207106781186548 1.5 0.0
4.207106781186548 1.5 0.0
3.2071067811865475 1.5 0.0
6.207106781186548 2.5 0.0
5.207106781186548 2.5 0.0
4.207106781186548 2.5 0.0
6.207106781186548 3.5 0.0
5.207106781186548 3.5 0.0
6.207106781186548 4.5 0.0
0.5 0.5 0.0
5.121320343559643 5.121320343559643 45.0
4.414213562373095 4.414213562373095 45.0
3.7071067811865475 3.7071067811865475 45.0
3.0 3.0 45.0
2.2928932188134525 2.2928932188134525 45.0
1.5857864376269049 1.5857864376269049 45.0
