50 7.571428571428571428571428571428571428571
0.5 7.071428571428571 0.0
1.5 7.071428571428571 0.0
2.5 7.071428571428571 0.0
0.5 6.071428571428571 0.0
1.5 6.071428571428571 0.0
0.5 5.071428571428571 0.0
0.5 0.5 0.0
1.5 0.5 0.0
2.5 0.5 0.0
3.5 0.5 0.0
0.5 1.5 0.0
1.5 1.5 0.0
2.5 1.5 0.0
0.5 2.5 0.0
1.5 2.5 0.0
0.5 3.5 0.0
1.5 3.5 0.0
3.2657142857142856 6.145714285714286 36.86989764584402
2.585714285714286 5.385714285714286 36.86989764584402
1.7857142857142858 4.785714285714286 36.86989764584402
4.025714285714286 5.465714285714285 36.86989764584402
3.3457142857142856 4.7057142857142855 36.86989764584402
2.545714285714286 4.105714285714286 36.86989764584402
4.865714285714286 4.845714285714286 36.86989764584402
4.185714285714286 4.085714285714285 36.86989764584402
3.3857142857142857 3.4857142857142858 36.86989764584402
2.7057142857142855 2.7257142857142855 36.86989764584402
7.071428571428571 0.5 0.0
6.071428571428571 0.5 0.0
5.071428571428571 0.5 0.0
7.071428571428571 1.5 0.0
6.071428571428571 1.5 0.0
7.071428571428571 2.5 0.0
7.071428571428571 7.071428571428571 0.0
6.071428571428571 7.071428571428571 0.0
5.071428571428571 7.071428571428571 0.0
4.071428571428571 7.071428571428571 0.0
7.071428571428571 6.071428571428571 0.0
6.071428571428571 6.071428571428571 0.0
5.071428571428571 6.071428571428571 0.0
7.071428571428571 5.071428571428571 0.0
6.071428571428571 5.071428571428571 0.0
7.071428571428571 4.071428571428571 0.0
6.071428571428571 4.071428571428571 0.0
4.305714285714286 1.4257142857142857 36.86989764584402
4.985714285714286 2.1857142857142855 36.86989764584402
5.785714285714286 2.7857142857142856 36.86989764584402
3.545714285714286 2.105714285714286 36.86989764584402
4.225714285714286 2.8657142857142857 36.86989764584402
5.025714285714286 3.4657142857142857 36.86989764584402
