51 7.7007992354170117234288477569189654333524112673258
0.5 7.200799235417012 0.0
1.5 7.200799235417012 0.0
2.5 7.200799235417012 0.0
0.5 6.200799235417012 0.0
7.200799235417012 7.200799235417012 0.0
6.200799235417012 7.200799235417012 0.0
5.200799235417012 7.200799235417012 0.0
4.200799235417012 7.200799235417012 0.0
7.200799235417012 6.200799235417012 0.0
6.200799235417012 6.200799235417012 0.0
5.200799235417012 6.200799235417012 0.0
7.200799235417012 5.200799235417012 0.0
6.200799235417012 5.200799235417012 0.0
7.200799235417012 4.200799235417012 0.0
0.5 0.5 0.0
1.5 0.5 0.0
2.5 0.5 0.0
3.5 0.5 0.0
4.5 0.5 0.0
0.5 1.5 0.0
1.5 1.5 0.0
2.5 1.5 0.0
3.5 1.5 0.0
0.5 2.5 0.0
1.5 2.5 0.0
0.5 3.5 0.0
7.200799235417012 0.5 0.0
6.200799235417012 0.5 0.0
7.200799235417012 1.5 0.0
3.345129617998321 6.327230140595895 32.185836035353965
0.6894959728378206 4.914581916124562 32.185836035353965
1.5358208442894723 5.447248990348552 32.185836035353965
2.382145715741124 5.979916064572541 32.185836035353965
1.4554267759259607 4.215070534584324 32.185836035353965
2.3017516473776123 4.747737608808314 32.185836035353965
3.264735549634809 5.095051684831667 32.185836035353965
4.111060421086461 5.627718759055656 32.185836035353965
2.2535502450684595 3.5358208442894723 32.185836035353965
2.786217319292449 2.6894959728378205 32.185836035353965
3.2165341473256563 3.883134920312826 32.185836035353965
3.749201221549646 3.0368100488611742 32.185836035353965
4.062859018777308 4.415801994536816 32.185836035353965
4.595526093001298 3.569477123085164 32.185836035353965
5.35104066391269 2.7709227330319073 45.06338342039339
6.058929248701637 2.064598620796241 45.06338342039339
4.6436090794153415 2.064139172930273 45.06338342039339
5.351497664204288 1.357815060694607 45.06338342039339
6.995550353250088 2.705248882166924 40.84566687099515
6.287167904108977 3.4147260671179143 40.84566687099515
5.5556431911578255 4.104195175309827 40.84566687099515
4.995550353250088 4.941878915526328 40.84566687099515
