53 7.8228756555322952952508078768196302128551295915412
0.5 7.322875655532295 0.0
1.5 7.322875655532295 0.0
2.5 7.322875655532295 0.0
3.5 7.322875655532295 0.0
4.5 7.322875655532295 0.0
0.5 6.322875655532295 0.0
1.5 6.322875655532295 0.0
2.5 6.322875655532295 0.0
3.5 6.322875655532295 0.0
0.5 5.322875655532295 0.0
1.5 5.322875655532295 0.0
2.5 5.322875655532295 0.0
0.5 4.322875655532295 0.0
1.5 4.322875655532295 0.0
0.5 3.3228756555322954 0.0
7.322875655532295 0.5 0.0
6.322875655532295 0.5 0.0
5.322875655532295 0.5 0.0
4.322875655532295 0.5 0.0
3.3228756555322954 0.5 0.0
2.3228756555322954 0.5 0.0
7.322875655532295 1.5 0.0
6.322875655532295 1.5 0.0
5.322875655532295 1.5 0.0
4.322875655532295 1.5 0.0
3.3228756555322954 1.5 0.0
7.322875655532295 2.5 0.0
6.322875655532295 2.5 0.0
5.322875655532295 2.5 0.0
4.322875655532295 2.5 0.0
7.322875655532295 3.5 0.0
6.322875655532295 3.5 0.0
5.322875655532295 3.5 0.0
7.322875655532295 4.5 0.0
6.322875655532295 4.5 0.0
7.322875655532295 5.5 0.0
7.322875655532295 7.322875655532295 0.0
0.5 0.5 0.0
0.5 1.5 0.0
1.3528594569415369 2.433578370824611 24.295188945364572
1.7642972847076845 1.5221405430584631 24.295188945364572
2.058578370824611 3.300735112473832 24.295188945364572
2.4700161985907583 2.3892972847076845 24.295188945364572
2.7727434828152284 4.15192590906273 26.598224749160227
3.220474865989057 3.2577577992974307 26.598224749160227
3.667721094604438 4.5980406289384925 26.598224749160227
4.115452477778267 3.703872519173192 26.598224749160227
4.362005471273342 5.444961496058425 26.598224749160227
5.049702131604285 4.670949746469565 26.598224749160227
5.071055572434359 6.306367523781026 24.295188945364572
5.763946527068206 5.521982205367331 24.295188945364572
6.5037336547423 6.390150784427946 32.01245242375135
5.806913832521817 7.133857421218582 32.01245242375135
