54 7.84666719284348978294331459096
0.5 7.34666719284349 0.0
1.5 7.34666719284349 0.0
2.5 7.34666719284349 0.0
3.5 7.34666719284349 0.0
4.5 7.34666719284349 0.0
5.5 7.34666719284349 0.0
0.5 6.34666719284349 0.0
1.5 6.34666719284349 0.0
2.5 6.34666719284349 0.0
3.5 6.34666719284349 0.0
4.5 6.34666719284349 0.0
0.5 5.34666719284349 0.0
1.5 5.34666719284349 0.0
2.5 5.34666719284349 0.0
3.5 5.34666719284349 0.0
0.5 4.34666719284349 0.0
1.5 4.34666719284349 0.0
0.5 3.3466671928434897 0.0
0.5 0.5 0.0
0.6957886661406312 1.97267565315565 55.2650997396489
1.4457886661406312 1.299342056733905 55.2650997396489
1.47267565315565 2.6508785267028587 55.2650997396489
2.2226756531556497 1.9775449302811137 55.2650997396489
2.2495626401706685 3.3290814002500673 55.2650997396489
2.81934284599914 4.150878526702859 55.2650997396489
3.0273243468443503 2.6957886661406314 55.2650997396489
3.597104552672821 3.5175857925934224 55.2650997396489
7.34666719284349 0.5 0.0
6.34666719284349 0.5 0.0
5.34666719284349 0.5 0.0
4.34666719284349 0.5 0.0
3.3466671928434897 0.5 0.0
2.3466671928434897 0.5 0.0
7.34666719284349 1.5 0.0
6.34666719284349 1.5 0.0
5.34666719284349 1.5 0.0
4.34666719284349 1.5 0.0
3.3466671928434897 1.5 0.0
7.34666719284349 2.5 0.0
6.34666719284349 2.5 0.0
5.34666719284349 2.5 0.0
4.34666719284349 2.5 0.0
7.34666719284349 3.5 0.0
6.34666719284349 3.5 0.0
7.34666719284349 4.5 0.0
7.34666719284349 7.34666719284349 0.0
7.150878526702859 5.8739915396878395 55.2650997396489
6.400878526702859 6.547325136109585 55.2650997396489
6.3739915396878395 5.195788666140631 55.2650997396489
5.6239915396878395 5.869122262562376 55.2650997396489
5.597104552672821 4.517585792593422 55.2650997396489
5.02732434684435 3.6957886661406314 55.2650997396489
4.81934284599914 5.150878526702859 55.2650997396489
4.2495626401706685 4.329081400250067 55.2650997396489
