71 8.9440715575703155065652038687172104484570741885199
8.444071557570316 8.444071557570316 0.0
0.5 0.5 0.0
0.5 4.4081975166993965 0.0
0.5 8.444071557570316 0.0
1.5 8.444071557570316 0.0
2.5 8.444071557570316 0.0
3.5 8.444071557570316 0.0
4.5 8.444071557570316 0.0
0.5 7.444071557570315 0.0
1.5 7.444071557570315 0.0
2.5 7.444071557570315 0.0
0.5 6.444071557570315 0.0
1.5 6.444071557570315 0.0
0.5 5.444071557570315 0.0
6.354559346172727 5.5 0.0
5.134707892179395 5.5 0.0
8.444071557570316 0.5 0.0
7.444071557570315 0.5 0.0
6.444071557570315 0.5 0.0
5.444071557570315 0.5 0.0
4.444071557570315 0.5 0.0
3.4440715575703154 0.5 0.0
2.4440715575703154 0.5 0.0
8.444071557570316 1.5 0.0
7.444071557570315 1.5 0.0
6.444071557570315 1.5 0.0
5.444071557570315 1.5 0.0
4.444071557570315 1.5 0.0
3.4440715575703154 1.5 0.0
8.444071557570316 2.5 0.0
7.444071557570315 2.5 0.0
6.444071557570315 2.5 0.0
5.444071557570315 2.5 0.0
4.444071557570315 2.5 0.0
3.4440715575703154 2.5 0.0
8.444071557570316 3.5 0.0
7.444071557570315 3.5 0.0
6.444071557570315 3.5 0.0
5.444071557570315 3.5 0.0
4.444071557570315 3.5 0.0
8.444071557570316 4.5 0.0
7.444071557570315 4.5 0.0
6.444071557570315 4.5 0.0
5.444071557570315 4.5 0.0
4.444071557570315 4.5 0.0
8.444071557570316 5.5 0.0
7.444071557570315 5.5 0.0
8.444071557570316 6.5 0.0
0.7042295223369569 1.8977656947102801 50.17049319077924
1.47218329334788 1.2572604210472895 50.17049319077924
0.7042295223369569 3.2005272112493506 50.17049319077924
1.6122137140505326 3.745516139536282 50.13468081790205
2.454172813864038 4.3452357043560434 50.13468081790205
1.686619536701808 4.986220857629909 50.13468081790205
3.1923057454126926 5.031660693228105 50.13468081790205
2.4247524682504626 5.67264584650197 50.13468081790205
3.9304386769613475 5.718085682100166 50.13468081790205
3.1628853997991175 6.359070835374031 50.13468081790205
4.457062307790557 6.581142476964565 50.13468081790205
1.4718882642224353 2.559668203216387 50.17049319077924
2.239842035233359 1.9191629295533965 50.17049319077924
2.3800514405524678 3.104384190043844 50.17049319077924
3.222115569014253 3.704229522336957 50.17049319077924
7.689694702257302 7.431917003831285 34.55648824117401
7.112594716369075 8.248678638923176 34.55648824117401
7.011533164553336 6.653577949459324 34.55648824117401
6.434433178665109 7.470339584551214 34.55648824117401
5.818719873091262 6.59407508622852 36.29988537076149
5.801545898983153 8.248678638923176 34.55648824117401
3.704269215218048 7.2398023423522675 50.13468081790205
5.140535623778654 7.395945065668115 42.298622626376776
