82 9.53553390593273762200422181052425
0.5 8.035533905932738 0.0
1.5 8.035533905932738 0.0
2.5 8.035533905932738 0.0
3.5 8.035533905932738 0.0
0.5 7.035533905932738 0.0
1.5 7.035533905932738 0.0
2.5 7.035533905932738 0.0
0.5 6.035533905932738 0.0
1.5 6.035533905932738 0.0
0.5 5.035533905932738 0.0
8.035533905932738 8.035533905932738 0.0
7.035533905932738 8.035533905932738 0.0
6.035533905932738 8.035533905932738 0.0
5.035533905932738 8.035533905932738 0.0
8.035533905932738 7.035533905932738 0.0
7.035533905932738 7.035533905932738 0.0
6.035533905932738 7.035533905932738 0.0
8.035533905932738 6.035533905932738 0.0
7.035533905932738 6.035533905932738 0.0
8.035533905932738 5.035533905932738 0.0
8.035533905932738 0.5 0.0
7.035533905932738 0.5 0.0
6.035533905932738 0.5 0.0
5.035533905932738 0.5 0.0
8.035533905932738 1.5 0.0
7.035533905932738 1.5 0.0
6.035533905932738 1.5 0.0
8.035533905932738 2.5 0.0
7.035533905932738 2.5 0.0
8.035533905932738 3.5 0.0
0.5 9.035533905932738 0.0
1.5 9.035533905932738 0.0
2.5 9.035533905932738 0.0
3.5 9.035533905932738 0.0
9.035533905932738 0.5 0.0
9.035533905932738 1.5 0.0
9.035533905932738 2.5 0.0
9.035533905932738 3.5 0.0
9.035533905932738 9.035533905932738 0.0
8.035533905932738 9.035533905932738 0.0
7.035533905932738 9.035533905932738 0.0
6.035533905932738 9.035533905932738 0.0
5.035533905932738 9.035533905932738 0.0
9.035533905932738 8.035533905932738 0.0
9.035533905932738 7.035533905932738 0.0
9.035533905932738 6.035533905932738 0.0
9.035533905932738 5.035533905932738 0.0
0.5 0.5 0.0
1.5 0.5 0.0
2.5 0.5 0.0
3.5 0.5 0.0
0.5 1.5 0.0
1.5 1.5 0.0
2.5 1.5 0.0
0.5 2.5 0.0
1.5 2.5 0.0
0.5 3.5 0.0
4.267766952966369 7.096194077712559 45.0
3.5606601717798214 6.389087296526012 45.0
2.853553390593274 5.681980515339464 45.0
2.146446609406726 4.974873734152916 45.0
1.4393398282201788 4.267766952966369 45.0
4.974873734152916 6.389087296526012 45.0
4.267766952966369 5.681980515339464 45.0
3.5606601717798214 4.974873734152916 45.0
2.853553390593274 4.267766952966369 45.0
2.146446609406726 3.5606601717798214 45.0
5.681980515339464 5.681980515339464 45.0
4.974873734152916 4.974873734152916 45.0
4.267766952966369 4.267766952966369 45.0
3.5606601717798214 3.5606601717798214 45.0
2.853553390593274 2.853553390593274 45.0
6.389087296526012 4.974873734152916 45.0
5.681980515339464 4.267766952966369 45.0
4.974873734152916 3.5606601717798214 45.0
4.267766952966369 2.853553390593274 45.0
3.5606601717798214 2.146446609406726 45.0
7.096194077712559 4.267766952966369 45.0
6.389087296526012 3.5606601717798214 45.0
5.681980515339464 2.853553390593274 45.0
4.974873734152916 2.146446609406726 45.0
4.267766952966369 1.4393398282201788 45.0
