85 9.74264068711928514640506617263
0.5 9.242640687119286 0.0
1.5 9.242640687119286 0.0
2.5 9.242640687119286 0.0
3.5 9.242640687119286 0.0
0.5 8.242640687119286 0.0
1.5 8.242640687119286 0.0
2.5 8.242640687119286 0.0
0.5 7.242640687119285 0.0
1.5 7.242640687119285 0.0
0.5 6.242640687119285 0.0
8.242640687119286 9.242640687119286 0.0
7.242640687119285 9.242640687119286 0.0
6.242640687119285 9.242640687119286 0.0
5.242640687119285 9.242640687119286 0.0
8.242640687119286 8.242640687119286 0.0
7.242640687119285 8.242640687119286 0.0
6.242640687119285 8.242640687119286 0.0
8.242640687119286 7.242640687119285 0.0
7.242640687119285 7.242640687119285 0.0
8.242640687119286 6.242640687119285 0.0
9.242640687119286 9.242640687119286 0.0
9.242640687119286 8.242640687119286 0.0
9.242640687119286 7.242640687119285 0.0
9.242640687119286 6.242640687119285 0.0
9.242640687119286 4.871320343559643 0.0
0.5 0.5 0.0
1.5 0.5 0.0
2.5 0.5 0.0
3.5 0.5 0.0
0.5 1.5 0.0
1.5 1.5 0.0
2.5 1.5 0.0
0.5 2.5 0.0
1.5 2.5 0.0
0.5 3.5 0.0
8.242640687119286 0.5 0.0
7.242640687119285 0.5 0.0
6.242640687119285 0.5 0.0
5.242640687119285 0.5 0.0
8.242640687119286 1.5 0.0
7.242640687119285 1.5 0.0
6.242640687119285 1.5 0.0
8.242640687119286 2.5 0.0
7.242640687119285 2.5 0.0
8.242640687119286 3.5 0.0
9.242640687119286 0.5 0.0
9.242640687119286 1.5 0.0
9.242640687119286 2.5 0.0
9.242640687119286 3.5 0.0
4.371320343559643 8.40685424949238 45.0
3.664213562373095 7.699747468305833 45.0
2.9571067811865475 6.992640687119285 45.0
2.25 6.285533905932738 45.0
1.5428932188134525 5.57842712474619 45.0
0.835786437626905 4.871320343559643 45.0
5.07842712474619 7.699747468305833 45.0
4.371320343559643 6.992640687119285 45.0
3.664213562373095 6.285533905932738 45.0
2.9571067811865475 5.57842712474619 45.0
2.25 4.871320343559643 45.0
1.5428932188134525 4.164213562373095 45.0
5.785533905932738 6.992640687119285 45.0
5.07842712474619 6.285533905932738 45.0
4.371320343559643 5.57842712474619 45.0
3.664213562373095 4.871320343559643 45.0
2.9571067811865475 4.164213562373095 45.0
2.25 3.4571067811865475 45.0
6.492640687119285 6.285533905932738 45.0
5.785533905932738 5.57842712474619 45.0
5.07842712474619 4.871320343559643 45.0
4.371320343559643 4.164213562373095 45.0
3.664213562373095 3.4571067811865475 45.0
2.9571067811865475 2.75 45.0
7.199747468305833 5.57842712474619 45.0
6.492640687119285 4.871320343559643 45.0
5.785533905932738 4.164213562373095 45.0
5.07842712474619 3.4571067811865475 45.0
4.371320343559643 2.75 45.0
3.664213562373095 2.0428932188134525 45.0
7.906854249492381 4.871320343559643 45.0
7.199747468305833 4.164213562373095 45.0
6.492640687119285 3.4571067811865475 45.0
5.785533905932738 2.75 45.0
5.07842712474619 2.0428932188134525 45.0
4.371320343559643 1.3357864376269049 45.0
