292 17.59724939115646504047144200551038960703237473806274562998564440828323
0.5 17.09724939115646504047144200551038960703237473806274562998564440828323 0.0
1.527508017183655500000000000826726228671673419626157007903264638833604 17.09724939115646504047144200551038960703237473806274562998564440828323 2.428277618234121223143033772297505926119726142862746761599078128904721e-79
2.555506379796674400000000000372342347264402233002356536336724136613182 17.09724939115646504047144200551038960703237473806274562998564440828323 -1.122512992144820115838185471182511067242443755259402102503593907695021e-78
3.581395729726171600000000004827828739952754799741640511556482264151343 17.09724939115646504047144200551038960703237473806274562998564440828323 1.18004645160503617229774328904502964536109523663102489296427571101927e-78
4.593095240910848500000000000227191940704096945607906834427601889175375 17.09724939115646504047144200551038960703237473806274562998564440828323 6.208696107279011011736010600393435126018887927986642022466273722493358e-79
5.605925803241474000000000002783101273619648217236219536855717586384438 17.09724939115646504047144200551038960703237473806274562998564440828323 -1.8657874770912477776886353708131439905030632786905223744272862911038e-78
6.619393145543090999999999999457263697207629628288315120656040243360056 17.09724939115646504047144200551038960703237473806274562998564440828323 -1.192547751881715357771160775926326177641081626304869575634245363823038e-78
7.636451115603293999999999998308682219206332633789861889259430053682698 17.09724939115646504047144200551038960703237473806274562998564440828323 -1.84169445783444136865044212850740775775692362964244949187421225172558e-78
8.650568042694475000000000000353409685538945847131963382763419991161089 17.09724939115646504047144200551038960703237473806274562998564440828323 -1.554478939180870406594884424598698958319108233847157452062422097632529e-78
9.661835751328805000000000000113595970351615124056457882621941865208667 17.09724939115646504047144200551038960703237473806274562998564440828323 2.273316381012517545133504478714829686677797668645066019427007741654112e-79
10.67420852313429300000000000295349522914700184733258443282880128616823 17.09724939115646504047144200551038960703237473806274562998564440828323 -1.807401468640124403284566523370000578932173746193339569262835521209063e-78
11.6908030232343900000000000014156727350560163682803813615694991855649 17.09724939115646504047144200551038960703237473806274562998564440828323 -1.76597163152275489954295497957867886183186772301206336906602995936491e-78
12.70501167382261299999999999914802857953015242336783721855955164332689 17.09724939115646504047144200551038960703237473806274562998564440828323 1.272457730148271563372128725834824241868637307959983394373027909197443e-78
13.71609747994051400000000000410316570612387574990196635112143185293602 17.09724939115646504047144200551038960703237473806274562998564440828323 9.538041297500433298452615497287502876840085009103929024271116154276741e-79
0.5 16.04630665315628999999999999988983292846296719512847062808488437961301 -3.521062813722032960869416051205127966396227931431584663157881827944631e-80
1.5 16.09724939115646504047144200551038960703237473806274562998564440828323 -3.651661767498372859470945884456302587957291109358902410614942553022765e-80
2.5 16.09724939115646504047144200551038960703237473806274562998564440828323 -3.992194189144386817391115092600488433446597812388016754716275851174e-79
3.5 16.09724939115646504047144200551038960703237473806274562998564440828323 -3.083179696904954274056854714890197086850453636896369449494248955073948e-79
4.5 16.09724939115646504047144200551038960703237473806274562998564440828323 -3.989210531999188508889937477257194801773005709782091198731830586079871e-79
5.5 16.09724939115646504047144200551038960703237473806274562998564440828323 -1.845695638856669004489521994619447390981631880387017437048344825821067e-78
6.5 16.09724939115646504047144200551038960703237473806274562998564440828323 -2.211162830010705366072272512700625208547088183635440973584381582891253e-78
7.5 16.09724939115646504047144200551038960703237473806274562998564440828323 5.57928367049927644360057024280861930851953617008155067506813394339239e-79
8.5 16.09724939115646504047144200551038960703237473806274562998564440828323 -9.621620165021809797003188862091496589104149569066633429770828534363771e-79
9.5 16.09724939115646504047144200551038960703237473806274562998564440828323 -3.184323663955914704746967284486348793116652157823456257331877011505549e-79
10.5 16.09724939115646504047144200551038960703237473806274562998564440828323 -7.194885940939285668050162634910743719585047539471733137778397724650754e-79
11.5 16.09724939115646504047144200551038960703237473806274562998564440828323 -1.381070121811172763667935920130162904118330616150376871677716773867817e-79
12.5 16.09550386518243300000000000083990617160269454546453134808455696711243 -1.413726788049088999631594792411389488441382322687159120754232349378851e-79
13.5 16.09724939115646504047144200551038960703237473806274562998564440828323 -9.810661298997339922861413896285420324312069351779249066928309720231884e-80
0.5 15.03907061814485299999999999782015538560195104011840425816014836062699 1.227560092747208939128319172914117915639667791694939824728911651548019e-79
1.5 15.09724939115646504047144200551038960703237473806274562998564440828323 -1.638767914142712684946228551154632886360156199284854679976004167624993e-80
2.5 15.09724939115646504047144200551038960703237473806274562998564440828323 -2.562666711697408646419136228487837875105420495995108039998607019786316e-80
3.5 15.09724939115646504047144200551038960703237473806274562998564440828323 1.256274461945514431638054817146597616658501144061326774812805779265622e-78
4.5 15.09724939115646504047144200551038960703237473806274562998564440828323 2.655342627670979343044284001186160483869823162677767952424739065175045e-79
5.5 15.09724939115646504047144200551038960703237473806274562998564440828323 4.464433673656575321279834216771083192780937695551168872686105278008937e-79
6.5 15.09724939115646504047144200551038960703237473806274562998564440828323 -1.12050588804196082823596620901121214788619767282052596612776087178058e-79
7.5 15.09724939115646504047144200551038960703237473806274562998564440828323 -8.010755017481664009596771298929579324268096851293302508731304647748813e-80
8.5 15.09724939115646504047144200551038960703237473806274562998564440828323 -4.783710229876256562369532725655951755889812774141498115692813615764809e-79
9.5 15.09724939115646504047144200551038960703237473806274562998564440828323 -1.11599849122991426584128518267995854439463535580240541920011879154204e-78
10.5 15.09724939115646504047144200551038960703237473806274562998564440828323 -1.568659781688742641743291589220449687207992070804478505861063255438035e-78
11.5 15.09724939115646504047144200551038960703237473806274562998564440828323 -9.195079535165364010360449152691522069136997456508034354376313664697069e-79
12.50020223470050000000958434720477185919662588275969028472900390625 15.0950860113872760000191686944095437183932517655193805694580078125 0.02269007606592292944900455036851266385774750066454874679002851462936952
0.5 14.03119369344357499999999999964501259265056100988923460946527940116129 -4.297918754064613949135328325148846055983470573630166586858341549888526e-80
1.5 14.09724939115646504047144200551038960703237473806274562998564440828323 -4.297918754064613949135328325148846055983470573630166586858341549888526e-80
2.5 14.09724939115646504047144200551038960703237473806274562998564440828323 -4.297921634272862748487938779556408688191117532681632438299368779925249e-80
3.5 14.09724939115646504047144200551038960703237473806274562998564440828323 1.230730957211435878407457587015933152521319715839467663927404607427592e-78
4.5 14.09724939115646504047144200551038960703237473806274562998564440828323 1.257403863003256967934938769882701885595289463600679200693468047401711e-78
5.5 14.09724939115646504047144200551038960703237473806274562998564440828323 1.110224197506736879841099382745333476942562949549260384432643245894119e-78
6.5 14.09724939115646504047144200551038960703237473806274562998564440828323 -1.085115691393470853696181986603517264585530395649692517117397711817042e-78
7.5 14.09724939115646504047144200551038960703237473806274562998564440828323 -7.227016220303072581530010828761616927114022736668956419291461533175467e-79
8.5 14.09724939115646504047144200551038960703237473806274562998564440828323 -2.266618590049748005182170512264150745158249517283061887237950888370572e-78
9.5 14.09724939115646504047144200551038960703237473806274562998564440828323 -2.902545090207217897964756557050566217797502186170623573366776345442627e-78
10.5 14.09724939115646504047144200551038960703237473806274562998564440828323 -2.570889347276263783114482435071258102898272663245609827064795067296664e-78
11.5 14.09724939115646504047144200551038960703237473806274562998564440828323 -1.737662355666355790532798844605922375289265204172826444097950488570929e-78
0.5 13.02812963088649100000000000075470621400903678527316973567669109268577 -7.486658445225828796801403880959987959722160753525086602138702554260032e-80
1.5 13.09724939115646504047144200551038960703237473806274562998564440828323 -4.297921634272862748487938779556408688191117532681632438299368779925249e-80
2.5 13.09724939115646504047144200551038960703237473806274562998564440828323 -3.329207368954582248121277702860017655692674349724781190694159824497316e-79
3.5 13.09724939115646504047144200551038960703237473806274562998564440828323 1.086426100212496559303466806092835713035305476166475525423194204172391e-78
4.5 13.09724939115646504047144200551038960703237473806274562998564440828323 -3.570396556525026129052679821764641201922169230565319215148861064487953e-79
5.5 13.09724939115646504047144200551038960703237473806274562998564440828323 1.110220510840178416669758001103653307716774841963384094588128391447112e-78
6.5 13.09724939115646504047144200551038960703237473806274562998564440828323 -1.054921892279657480410266341242931305380929267322878690540739790836096e-78
7.5 13.09724939115646504047144200551038960703237473806274562998564440828323 -7.52714671440436149860506162352926831490264835825256333540120379449024e-79
8.5 13.09724939115646504047144200551038960703237473806274562998564440828323 -4.848602413341028469767204222637081925152999323177486831604184844986884e-79
9.5 13.09724939115646504047144200551038960703237473806274562998564440828323 -2.420332826634997225286131478661247306210198047739934456979179031383288e-78
10.5 13.09724939115646504047144200551038960703237473806274562998564440828323 -2.327036603276482072917568201529184059680203661520168931608514279520264e-78
0.5 12.0263735517247280000000000010293888197283016403447642026047547026667 9.74195877657395428254877905169592650092135649706659710168233161320307e-81
1.5 12.09724939115646504047144200551038960703237473806274562998564440828323 -4.297924514481111547840549233963971320398764491733098289740396009961973e-80
2.5 12.09724939115646504047144200551038960703237473806274562998564440828323 -3.329209457105562627651920282305500564043218395037093932988904566273941e-79
3.5 12.09724939115646504047144200551038960703237473806274562998564440828323 1.100492372467080910616864454969927048000514787110319644106355371863387e-79
4.5 12.09724939115646504047144200551038960703237473806274562998564440828323 -7.782623826351209324521647128941399215072130627307478620652414171266512e-80
5.5 12.09724939115646504047144200551038960703237473806274562998564440828323 4.880591041192778736884820911248584166031356284815493661641441526799568e-79
6.5 12.09724939115646504047144200551038960703237473806274562998564440828323 6.25640762693803612961033537527636963559865502132981645779236356912986e-79
7.5 12.09724939115646504047144200551038960703237473806274562998564440828323 -6.824894411413686838866047685873923601925773243287716889089383466676445e-79
8.5 12.09724939115646504047144200551038960703237473806274562998564440828323 -2.345122677398422455515396693792079654325748468013900232119340903580986e-78
9.5 12.09724939115646504047144200551038960703237473806274562998564440828323 -2.65953544860942256347332663658231829896029569805435980410439408915839e-78
0.5 11.02529527585680700000000000280478447955458176380748419786449382679505 -2.77680645049955525726105215226761402021580615749212995162815020101503e-79
1.5 11.09724939115646504047144200551038960703237473806274562998564440828323 -2.740039738685008065296467542905028603603173567045434903235896431786537e-79
2.5 11.09724939115646504047144200551038960703237473806274562998564440828323 -3.329209457105562627651920282305500564043218395037093932988904566273941e-79
3.5 11.09724939115646504047144200551038960703237473806274562998564440828323 -6.504170345509493881899987880864834794459606393428602517930253141736019e-79
4.5 11.09724939115646504047144200551038960703237473806274562998564440828323 5.698690787461958080398348288650272724681697840467122398916537057127855e-79
5.5 11.09724939115646504047144200551038960703237473806274562998564440828323 7.779965539242697312411513610952035258214597407215247561320198994815564e-79
6.5 11.09724939115646504047144200551038960703237473806274562998564440828323 8.509708550563593955426453111277094895048382436382088969459667783695899e-79
7.5 11.09724939115646504047144200551038960703237473806274562998564440828323 -1.049938912583045396242218696658477692996285497302827761157151141573556e-78
8.5 11.09724939115646504047144200551038960703237473806274562998564440828323 -6.922129166144311101270185969312258228448400211049614356125437370729138e-79
0.5 10.02170275669797000000000000242456399219668265713378846521028974015853 1.887295949881387459122921411478456654817277398992382220977567455023846e-79
1.5 10.09724939115646504047144200551038960703237473806274562998564440828323 1.804989858872588309209809187165370037506929999719195132177992512468908e-79
2.5 10.09724939115646504047144200551038960703237473806274562998564440828323 -6.323969564391781750080766326599283570952698777717238411612011352707829e-79
3.5 10.09724939115646504047144200551038960703237473806274562998564440828323 -6.323969564391781750080766326599283570952698777717238411612011352707829e-79
4.5 10.09724939115646504047144200551038960703237473806274562998564440828323 -5.414955090153650761742459764229039490807852395719662767961490876795506e-79
5.5 10.09724939115646504047144200551038960703237473806274562998564440828323 -2.643654171755641547549231959049635180239463143850034838417594278909866e-79
6.5 10.09724939115646504047144200551038960703237473806274562998564440828323 -1.704091143062596837295163301705025579310674603548644677980747383833833e-79
7.5 10.09724939115646504047144200551038960703237473806274562998564440828323 -4.128349771612595538970904233453545658775344384472499781797193407711169e-79
0.5 9.0214260959873000000000000001807391449222458232905764109911827127175 -6.624187796706443792140641190018693585127046345651349555088807730902183e-79
1.5 9.097249391156465040471442005510389607032374738062745629985644408283234 -6.323914264393404802510645601974081032565877163929094063944288536002735e-79
2.5 9.097249391156465040471442005510389607032374738062745629985644408283234 -6.323914264393404802510645601974081032565877163929094063944288536002735e-79
3.5 9.097249391156465040471442005510389607032374738062745629985644408283234 -9.627247958885082559941232563177639589666976562756514629155615711330693e-80
4.5 9.097249391156465040471442005510389607032374738062745629985644408283234 3.208703766365502539571526826629398483318893453519987230309095619452211e-80
5.5 9.097249391156465040471442005510389607032374738062745629985644408283234 -4.508883050080157141171093688493848868864651014903907681545713436076706e-79
6.5 9.097249391156465040471442005510389607032374738062745629985644408283234 4.551422600666951957766661634169038312666200689842560575104139845823097e-79
0.5 8.020762216237566000000000000305159491685544270297454563982926478911122 -8.736754576909985024089748994707035503302059699278580777414939876516381e-80
1.5 8.097249391156465040471442005510389607032374738062745629985644408283234 -1.311909595287856562159408342723374779696520703362194523089751276508862e-79
2.5 8.097249391156465040471442005510389607032374738062745629985644408283234 -2.048650952196312858889239715098808924055233011479282660579918329481868e-79
3.5 8.097249391156465040471442005510389607032374738062745629985644408283234 -1.763497708287763691403138056333659203676448579969149771240494785667114e-79
4.5 8.097249391156465040471442005510389607032374738062745629985644408283234 3.96809712029314948331515193718509387290158672233335979856345808759959e-79
5.5 8.097249391156465040471442005510389607032374738062745629985644408283234 -1.101801176178930954726120652712357628550968558591476265713012260098193e-78
0.5 7.018969067517435000000000000702785613711458616066750781206804655061676 -9.190122396936993519796156380325846044594590072415324406629165497106341e-80
1.5 7.097249391156465040471442005510389607032374738062745629985644408283234 -1.693268855359973471644373701373356927038132455781608157448376969545808e-79
2.5 7.097249391156465040471442005510389607032374738062745629985644408283234 -3.23363788555730407281170622144330537295337271806133198359596937493706e-79
3.5 7.097249391156465040471442005510389607032374738062745629985644408283234 3.250089680297493546931584018177596346475021138139663858354881317385078e-79
4.5 7.097249391156465040471442005510389607032374738062745629985644408283234 4.048036322256254897266134857580189259333052312994898179794750863818977e-79
0.5 6.018246317114404999999999999774385781107012320279689524682184818696718 5.111010183325417589124438943302606171342951679594425943168462607073722e-79
1.5 6.097249391156465040471442005510389607032374738062745629985644408283234 4.455170635907611723349351796608901749767552690131844053198430756902135e-79
2.5 6.097249391156465040471442005510389607032374738062745629985644408283234 5.968208559084348704259626531858071783035945942100747822162703830313616e-79
3.5 6.097249391156465040471442005510389607032374738062745629985644408283234 4.884714377338827907411920437246011708682423285355926476016101364116384e-79
0.5 5.017520367127777999999999999466730028070472615593709188264505161193203 5.111489449978017801398818556721028170695405665758343622955393685184531e-79
1.5 5.097249391156465040471442005510389607032374738062745629985644408283234 4.455133769242027091635937980192100057509671614273081154753282212432073e-79
2.706062193557585298824968765635919460377356761302169175123125421451444 4.891187332713021535374614467972302018368050909617830237230024716257814 41.88506391866253249962660320370125049260454822375570224244186234452556
0.50204497271556780000958434720477185919662588275969028472900390625 4.0149905698041249999808313055904562816067482344806194305419921875 -0.2003281014068835352754977248157436680711262496677256266049857426853152
2.108249525761154479147677432073992477872849275832601611253931578156956 4.022720561305534273931306021670709074304263278133476162598621138896967 41.88506391866253249962660320370125049260454822375570224244186234452556
17.09724939115646504047144200551038960703237473806274562998564440828323 17.06271206705987400000000000053676642798242590421049745106293848716956 8.072629894496908465438422558330215167946582539185723389232094802033739e-79
15.90249308334269299999999999819711584631953445870006003377861565118791 17.09724939115646504047144200551038960703237473806274562998564440828323 0.0
14.88196616104932799999041565279522814080337411724030971527099609375 17.07580535226898999999041565279522814080337411724030971527099609375 -2.35615997743693
17.09724939115646504047144200551038960703237473806274562998564440828323 16.06233320333234699999999999904623859219497046488271500252684443744172 -1.29329335074940578631592873582702663341600141945221149538740462769398e-78
16.09724939115646504047144200551038960703237473806274562998564440828323 16.09724939115646504047144200551038960703237473806274562998564440828323 -8.670668170208965917690554978590397409729112970990391437095624977456692e-80
17.0776295862840299999808313055904562816067482344806194305419921875 15.0566032444957179999808313055904562816067482344806194305419921875 -0.3974708640377529294490045503685126638577475006645487467900285146293695
0.6388091426721138999999999993933659638849967213551154754716752765930514 0.5 2.203049216006580688191426105830738411796906626048457470689631306526432e-80
1.650418793327491899999999999482182810515477994199782578557077034961306 0.5 2.414091013589050189777080760161195015072646688654070150780847230874683e-80
2.6654424147003339999808313055904562816067482344806194305419921875 0.50034336948802857364383619969476768574168090708553791046142578125 -0.00818065329728353527549772481574366807112624966772562660498574268531524
0.5 1.500000040301099800000000000378456019279895028650270844889244648010894 -5.89212125784657565358201473284625388168842038305928591482318815071161e-80
1.5 1.5 3.442517981326007798314315584358309387138575551165965252599453757031162e-80
0.5001010000000116580920344948487606118181503234154661186039447784423828 2.500067551116386684980173030943007006499101407825946807861328125 0.005729577951310858067255987818089033792837477632851346740054656072532353
16.90997405717461500000000000042519602791384608993817560433817556758277 0.5 -5.112499250990046854424043872012487022696429509202271138179540536059829e-81
15.82093145880150699999999999963104675946042814957124154880919456019598 0.5 -3.84478960132889460288327949370306738000722263619811859517903733573193e-80
14.79814384901238700000000000004575393250269079661083211940351627580749 0.5 -1.466947665278486271556638859799835998749184092587455943988802304068906e-81
13.77867562504840400000000000115489236524330909424074299630520607956055 0.5 0.0
12.77150415982873399999999999856427315249776819992563942821443991762137 0.5 9.877063585108634314799974401643878097224911683226756497387638175834155e-80
11.76171048857470500000000000021066629211199010401176345760129757892942 0.5 -1.299805963069232434591564592102110433881732416628830518818641560275017e-79
10.74866218397108100000000000084565889039693810786663053852942896551094 0.5 0.0
9.738355267130138999999999998624074869562152903049857679229026771339996 0.5 -3.395491427745530076840245383874560739604188705069159051699151683206657e-80
8.725745611936625999999999999989097888044666002976637992051872862583259 0.5 -7.692889936554052553344961167973563317941832503266634111951788619811674e-80
7.716242943333856000000000000580289332187924900192601168135746082110206 0.5 -1.353485893608584094561442110040527863587938002762290616738513129393714e-79
6.70598618737517100000000000112964881627650971182919360488810208992943 0.5 0.0
5.700531148012319999999999999173740807945575687044836261277268157194628 0.5 -1.422408124919053082788571901251291539696609320719529259943717016175006e-80
4.68709227605169499999999999939622894640001594144170509622956969221848 0.5 5.780066442473636028326355227291142105476534324216536530746257674133905e-80
3.675596558049827799999999999993689112758137379567496680155339995302807 0.5 0.0
17.09724939115646504047144200551038960703237473806274562998564440828323 1.5 2.030615940401514774833008237437209564089658300660446358781829411026225e-80
16.09724939115646504047144200551038960703237473806274562998564440828323 1.5 2.030615940401514774833008237437209564089658300660446358781829411026225e-80
15.09724939115646504047144200551038960703237473806274562998564440828323 1.5 2.030791633104691535342245956298530128756122802799863296684490443266365e-80
14.09724939115646504047144200551038960703237473806274562998564440828323 1.5 7.772967771863750456169053318468795651646034061569508175119116067915199e-80
13.09724939115646504047144200551038960703237473806274562998564440828323 1.5 7.773106021859692825094355130031801997613088096039869044288423109677933e-80
12.09724939115646504047144200551038960703237473806274562998564440828323 1.5 7.773106021859692825094355130031801997613088096039869044288423109677933e-80
11.09724939115646504047144200551038960703237473806274562998564440828323 1.5 -6.524293808512274322843091281395478877213994725270137837937914866908332e-80
10.09724939115646504047144200551038960703237473806274562998564440828323 1.5 -6.524201641848312743559556740353474646569292035623230591825043505733177e-80
9.097249391156465040471442005510389607032374738062745629985644408283234 1.5 5.37018284238537853442356835341850274424691496669760201256273023161102e-80
8.097249391156465040471442005510389607032374738062745629985644408283234 1.5 5.369998509057455375856499271334494282957509587403787520336987509260709e-80
7.097249391156465040471442005510389607032374738062745629985644408283234 1.5 8.947403209207404372750270494469192701078301416921161004414896866438032e-80
6.097249391156465040471442005510389607032374738062745629985644408283234 1.5 2.349881264364425412996658406939864517339775237547146893768224521764916e-80
5.097249391156465040471442005510389607032374738062745629985644408283234 1.5 -8.688065923185781416764003781338917576951258827032004607074093936232119e-80
17.09724939115646504047144200551038960703237473806274562998564440828323 2.5 2.030758510709830342787225730611559858368182773708006005112677297844043e-80
16.09724939115646504047144200551038960703237473806274562998564440828323 2.5 -3.463254565020303158093914194350970705348266172186679937254267517643492e-80
15.09724939115646504047144200551038960703237473806274562998564440828323 2.5 -8.956940737114197932453767544055142513496785265739991741064621723962897e-80
14.09724939115646504047144200551038960703237473806274562998564440828323 2.5 -8.957061705860647505263406629172773066217957545901557501587765385505289e-80
13.09724939115646504047144200551038960703237473806274562998564440828323 2.5 3.085002576121981778468157757965608139488427861279341890030201254805274e-80
12.09724939115646504047144200551038960703237473806274562998564440828323 2.5 3.084956492790000988826390487444606024166076516455888266973765574217696e-80
11.09724939115646504047144200551038960703237473806274562998564440828323 2.5 3.085025617787972173289041393226109197149603533691068701558419095099062e-80
10.09724939115646504047144200551038960703237473806274562998564440828323 2.5 3.085002576121981778468157757965608139488427861279341890030201254805274e-80
9.097249391156465040471442005510389607032374738062745629985644408283234 2.5 5.369998509057455375856499271334494282957509587403787520336987509260709e-80
8.097249391156465040471442005510389607032374738062745629985644408283234 2.5 3.084034826150385195991045077024563717719049619986815805845051962466141e-80
7.097249391156465040471442005510389607032374738062745629985644408283234 2.5 -1.500687275349732578701184662441710073918444874969572754532758293583606e-79
6.097249391156465040471442005510389607032374738062745629985644408283234 2.5 -1.805678300649257574467523051933028200939744386995820272869526171996769e-79
17.09724939115646504047144200551038960703237473806274562998564440828323 3.5 2.03076427112632794149244663942668512278347669181093770799473175791749e-80
16.09724939115646504047144200551038960703237473806274562998564440828323 3.5 -3.463228643146063963920420104682907015479443540723487274285022447312979e-80
15.09724939115646504047144200551038960703237473806274562998564440828323 3.5 -3.463127835857355986579054200418214888211799973922182473849069396027653e-80
14.09724939115646504047144200551038960703237473806274562998564440828323 3.5 -8.957102028776130696199952990878649917125014972622079421762146606019419e-80
13.09724939115646504047144200551038960703237473806274562998564440828323 3.5 -8.956549028792361220498745744626624533256798834740635945084918438968486e-80
12.09724939115646504047144200551038960703237473806274562998564440828323 3.5 -8.956848570450236353170233003013138282852082576093084494951750362787742e-80
11.09724939115646504047144200551038960703237473806274562998564440828323 3.5 3.08486432612603940954285594640260179352137382680898102086089421304254e-80
10.09724939115646504047144200551038960703237473806274562998564440828323 3.5 3.08486432612603940954285594640260179352137382680898102086089421304254e-80
9.097249391156465040471442005510389607032374738062745629985644408283234 3.5 3.085037138620967370699483210856359725980191369896932107322528015245957e-80
8.097249391156465040471442005510389607032374738062745629985644408283234 3.5 3.084037706358633995343655531432126349926696579038281657286079192502864e-80
7.097249380424754346602104709023003127810784184779957997524580812020994 3.500000011058876577392650309565969576403061908697044659268288817885389 -0.0000004099222287494684890355712786914537743815416157271992919855543776916548
17.09724939115646504047144200551038960703237473806274562998564440828323 4.5 -1.020985436700790671282231846906065389758514832579709539943790553902692e-79
16.09724939115646504047144200551038960703237473806274562998564440828323 4.5 -1.020991485138113149922713801161946917394573446587787827969947736979811e-79
15.09724939115646504047144200551038960703237473806274562998564440828323 4.5 -2.564076591411135667930931788557696535628825976959586860081267892826324e-80
14.09724939115646504047144200551038960703237473806274562998564440828323 4.5 -2.563932580998695700300409068179564925246478024386294288029906390990143e-80
13.09724939115646504047144200551038960703237473806274562998564440828323 4.5 -8.956549028792361220498745744626624533256798834740635945084918438968486e-80
12.09724939115646504047144200551038960703237473806274562998564440828323 4.5 3.084017544900892399875382350579187924473167865678020697198888582245799e-80
11.09724939115646504047144200551038960703237473806274562998564440828323 4.5 3.084841284460049014721972311142100735860198154397254209332676372748751e-80
10.09724939115646504047144200551038960703237473806274562998564440828323 4.5 8.529563916324354794704100732281525014010413373031091515680119954766791e-80
9.097249391156465040471442005510389607032374738062745629985644408283234 4.5 8.529563916324354794704100732281525014010413373031091515680119954766791e-80
8.097249391156465040471442005510389607032374738062745629985644408283234 4.5 3.084037706358633995343655531432126349926696579038281657286079192502864e-80
17.0791850077401470000000000009459667970091167052301362095320112775922 5.5 -2.843641534402146856524277950953580371318736925490610508779391276063575e-79
16.07800996593749300000000000004724073890493901291350885903474600877813 5.5 -1.020991701153731809874159585242514114810146968516647766828024779232566e-79
15.07478251272465000000000000042503172557446904427535749265419215663176 5.5 -2.521667901119310910862144509834652370477115460401872794473449106277418e-79
14.07361729079151200000000000035146667679772059820709110617895431758707 5.5 5.580843441359311903523509542154092433697718465482251557236260133000146e-79
13.07069346777796400000000000030538419920314176206316830925084897778809 5.5 -9.155597340658635680054639396872573771530491922494163183035759046900431e-80
12.0679215793225120000000000002379913402502713213313897515937530496407 5.5 -1.284198510479709619267021697441943094485311816851161932015757325030105e-79
11.0671093757185930000000000000971979841364765119409335705910344914627 5.5 -2.294944879663284220294469633455740284286075042621832709225559181537589e-79
10.06380431789778600000000000015466246523592933330724351833422381622257 5.5 2.07606508052816727778284861309002546630307576211599196534793231610451e-79
9.0601452096543359999808313055904562816067482344806194305419921875 5.5034918719155779999808313055904562816067482344806194305419921875 -0.1659609190501029294490045503685126638577475006645487467900285146293695
17.09724939115646504047144200551038960703237473806274562998564440828323 6.501584983396791000000000000140834355439934614506073672535070699423012 5.039476604641309406159828506034203920102931658234046555591750407871304e-79
16.09724939115646504047144200551038960703237473806274562998564440828323 6.5 5.345667270598283838286562282981519501559863292568331972956653773764696e-79
15.09724939115646504047144200551038960703237473806274562998564440828323 6.5 8.057262118458801808508316781442001032377092267111171343486803388932084e-80
14.09724939115646504047144200551038960703237473806274562998564440828323 6.5 -6.984458785829809799309168430171417479858232117823223617163155077399189e-80
13.09724939115646504047144200551038960703237473806274562998564440828323 6.5 -6.9846431191577329578762375122554259411476374971170381093888977997495e-80
12.09724939115646504047144200551038960703237473806274562998564440828323 6.5 -1.148845932030426622707512007083416062518926978288652666096083298489871e-79
11.09724939115646504047144200551038960703237473806274562998564440828323 6.5 -1.308630727931062221247890881866072916817981073598207051592619990632482e-79
10.09724939115646504047144200551038960703237473806274562998564440828323 6.5 -1.800329026378612857174908624688331485290946433377191924660548593395078e-79
17.09724939115646504047144200551038960703237473806274562998564440828323 7.502110624799360999999999998284288832244513771418336248651744972319789 9.910077850651770947220369547034754807953466929509605848475298096085407e-79
16.09724939115646504047144200551038960703237473806274562998564440828323 7.5 7.897439606458771278141208067618014270973760117595042512889124106687326e-79
15.09724939115646504047144200551038960703237473806274562998564440828323 7.5 -2.960898997596751804307753799274818128643685833893841933391177710767006e-79
14.09724939115646504047144200551038960703237473806274562998564440828323 7.5 -4.32847425621557027575194197308969555119549795166575827139462763186433e-79
13.09724939115646504047144200551038960703237473806274562998564440828323 7.5 -8.84805432255942274574150242496090722860141041821247133103223207672933e-79
12.09724939115646504047144200551038960703237473806274562998564440828323 7.5 -1.886392376581721955393195644699869420516425589864907867204587506888766e-79
11.09724939115646504047144200551038960703237473806274562998564440828323 7.5 -4.014488553946656780750565654810620513539413490979838449793154960527382e-79
17.09724939115646504047144200551038960703237473806274562998564440828323 8.502587002117485000000000002569059826506563783217388072214098866816922 -4.216651164122753223663068904080017121370682010109933797210052831524723e-79
16.09724939115646504047144200551038960703237473806274562998564440828323 8.5 2.553763943433251881157672381158664568250588823597085084248276785067668e-79
15.09724939115646504047144200551038960703237473806274562998564440828323 8.5 1.104282532034792932179448736882134326870054603786943466356940515051868e-78
14.09724939115646504047144200551038960703237473806274562998564440828323 8.5 1.814274935339106252239701158368955607089599932887911684626860458464376e-78
13.09724939115646504047144200551038960703237473806274562998564440828323 8.5 -5.995085970765018063095414566462768484940263170054807408392500394099063e-79
12.09724939115646504047144200551038960703237473806274562998564440828323 8.5 2.82265551932704772214613454282619163152850645314606031430810962033708e-79
17.09724939115646504047144200551038960703237473806274562998564440828323 9.503701912342115999999999999632764233737575382164968874312522276998788 8.119822513447570964164597817407767649290734857425709820152786352729926e-80
16.09724939115646504047144200551038960703237473806274562998564440828323 9.5 1.084241243211003803450794725112018014952392791746118334195012128646645e-78
15.09724939115646504047144200551038960703237473806274562998564440828323 9.5 1.837466996502542350339386735139266732661378981912401293007280839836571e-78
14.09724939115646504047144200551038960703237473806274562998564440828323 9.5 1.115237093722768091740721729547429140301853512644053205829727251518311e-78
13.09724939115646504047144200551038960703237473806274562998564440828323 9.5 -1.117371583224762285130803119692969308295650442657085731913221850601984e-78
17.09724939115646504047144200551038960703237473806274562998564440828323 10.50668235798886299999999999923886184224058275886198531327160203331275 1.224453232215480476841144462905217749925595010490301972942749139861582e-78
16.09724939115646504047144200551038960703237473806274562998564440828323 10.5 1.238642586442644072461944701498899292827334774355842012429541384163831e-78
15.09724939115646504047144200551038960703237473806274562998564440828323 10.5 -4.360470870563813358447196483854508071503681291102288724448888262714793e-79
14.09724939115646504047144200551038960703237473806274562998564440828323 10.5 1.310991219319753066569724048150772205336990389849291064736227956292215e-78
17.09724939115646504047144200551038960703237473806274562998564440828323 11.50784757992640199999999999986609098572781192053118850999749869541054 -3.702751013689931565959401662473867072592590541374679450236957083299346e-79
16.09724939115646504047144200551038960703237473806274562998564440828323 11.5 -1.076859196895357882674180407668916597125021042414527940817617588770094e-78
15.09724939115646504047144200551038960703237473806274562998564440828323 11.5 -1.16087522578270852693108145584016195089862437307582262282139194327047e-78
17.09724939115646504047144200551038960703237473806274562998564440828323 12.50875294201016699999999999890099883193358565955984268498801412011031 -1.185458168324132725916103638289133479118678927933831211722267903622832e-78
16.09724939115646504047144200551038960703237473806274562998564440828323 12.5 -1.18050347937394042027209100029701772184202719769886469383804644621813e-78
17.0668016365354969999808313055904562816067482344806194305419921875 13.51111204892509499999041565279522814080337411724030971527099609375 -0.2529429541278764647245022751842563319288737503322743733950142573146848
1.4517407361987667054847450254577712058789984439499676227569580078125 3.2418247795240843779154229070744719365393393673002719879150390625 40.71375170039733692944900455036851266385774750066454874679002851462937
2.187311504276169744715789286178687452968670459150392414615979689955498 2.540036678821870163470272022081636741706548655947303917118737664435788 41.88506391866253249962660320370125049260454822375570224244186234452556
2.8392743652600300000191686944095437183932517655193805694580078125 1.5005456786021343000191686944095437183932517655193805694580078125 -0.01665044774964
2.827230479979753764286099601647895083015132200199192278909040086686196 3.324277740726539027940982047773872808485877683468819516232831425185489 41.88506391866253249962660320370125049260454822375570224244186234452556
3.494868982801581924496787114673722833402265745932397310367676988374275 2.579792126661480177958014485723525381544363572312193762180228942822727 41.88506391866253249962660320370125049260454822375570224244186234452556
4.097249391156465040471442005510389607032374738062745629985644408283234 1.5 1.373250032955915912954405574739978188921900761877839770789299917849099e-80
3.406516782520637608700615203085009386445114051489040871014157621303302 4.17613047080365502447237431363403562387897713345988632637459076695394 41.88506391866253249962660320370125049260454822375570224244186234452556
4.074155299575766132019375016663872370021911440007819022461274146339188 3.431644840867002016552099412632059860700365491566353435721811164833752 41.88506391866253249962660320370125049260454822375570224244186234452556
4.762872449249602170346501565696195019349504550999362079298744729309964 2.706062098744549678627285724259189508695591226440522993194871509255638 41.88506391866253249962660320370125049260454822375570224244186234452556
4.042998285441602536875185478774027892103011102299079187919362604047448 4.964204668491511422791199387535298569728803065157867023711352137514274 41.88506391866253249962660320370125049260454822375570224244186234452556
4.710636788263430697085872991799855642490144648032284219377999505735527 4.219719054426452572808231825484951142787288954001241269658749655151512 41.88506391866253249962660320370125049260454822375570224244186234452556
5.399353937937266735412999540832178291817737759023827276215470088706302 3.494136312304000234883418137112080790782514688875410827131809999573399 41.88506391866253249962660320370125049260454822375570224244186234452556
4.713431980450757480542865010249839175618360734063074002545709825868122 5.714418679163795719541090036466495228847345582071288289114821765910728 41.88506391866253249962660320370125049260454822375570224244186234452556
5.381070670312332682057834388803252101176645048190018760683395877290723 4.969932856530177174342736593349969632583412649681747381319146326915162 41.88506391866253249962660320370125049260454822375570224244186234452556
6.09253346541632472095281583949306106989661161801550094923916951339994 4.218986428266304789027383407600452693244192404800796182391662717624927 41.88506021003547911570008091929585463332647458825931801645133531853886
5.480663423275107221430598512837366736046658695737437293544549126685229 6.35669324293821023131333161137235462950095981895991601446106170597959 41.88506391866253249962660320370125049260454822375570224244186234452556
6.148301926096935381641286025863194486433792241470642325003186028373307 5.612207628873151381330364049322007202559445707803290260408459223616828 41.88506391866253249962660320370125049260454822375570224244186234452556
6.838562824883405681465550454631859959549130780669206926650217696249726 4.884903574584633404022896652867819297261553266955500076428361469586182 41.88506622774576399647006593373960837323838969422980417304090054205361
6.173842947043553056003043984850358153048792178019169645117133166960248 7.081543314563080879624776322183582938885983027028759973752134372756828 41.88506391866253249962660320370125049260454822375570224244186234452556
6.841481449865381216213731497876185903435925723752374676575770068648326 6.337057700498022029641808760133235511944468915872134219699531890394066 41.88506391866253249962660320370125049260454822375570224244186234452556
7.530198675245205743184383488132946709211618937192782568737102935342844 5.611475026267053226531918616701735072852952794814821431325871420631012 41.88506391866253249962660320370125049260454822375570224244186234452556
6.822099021313354880707481142451789742887012070670121612655334307428215 7.88919603461413630817234565523202303561631363682409861262726969121006 -44.51625089030960988868936047243257501922342506235727777265700017912679
7.496358119127197764826726482619623226355543010868132114410400390625 7.10461953042426300000958434720477185919662588275969028472900390625 41.88506391866251012588221274540594006674835229005829789478588532350682
8.199216520066472963697144796699205579521451028644187322592699044684559 6.37366112312643631504005388206389576588220283954756602442179292560294 42.92098177079527627268986703729815745805845125286784582437643781167061
7.619440097537706481725102607428139956180533466969937923430883300694288 8.539080549119976484289382160600939000645270440877336609004387426643306 -41.88506391866253249962660320370125049260454822375570224244186234452556
8.29236915917360077305893722263334010927255260707276517845328056723094 7.791649128947750985102570662841688442204254829757515797776458215874625 -41.88506391866253249962660320370125049260454822375570224244186234452556
8.982441671722632004335816638720883816202955806469751023625178590553562 7.063334420178952451304837227888320978102883482206124433845689707160437 -41.88506391866253249962660320370125049260454822375570224244186234452556
14.7724740019744609999808313055904562816067482344806194305419921875 16.0769021875952199999808313055904562816067482344806194305419921875 -2.13832286552804292944900455036851266385774750066454874679002851462937
15.42550115342663476041289283392247824189822201003285129373448561293432 15.03985806906186883899726421327052652488415647942349593975097023582233 41.88506391866253249962660320370125049260454822375570224244186234452556
16.1346711655655949999808313055904562816067482344806194305419921875 14.2997583405108479999808313055904562816067482344806194305419921875 41.17662238503081307055099544963148733614225249933545125320997148537063
14.10115938962883704860269821737072524950590068900255907076843855872801 15.01636228146405207938557232359912866332419578285796562466390332843451 41.88506391866253249962660320370125049260454822375570224244186234452556
14.77001891117671127618534240386249452401724253786355335107660432159704 14.27297165042992601253045995773651679854649705459392611375281298309775 41.88506391866253249962660320370125049260454822375570224244186234452556
15.45755797689957074469166874371709808890168287570469983105504609368935 13.54633242824880099258305571670637958091879317727124875614241748838121 41.88506391866253249962660320370125049260454822375570224244186234452556
13.3997445290941061575341441153330634961093892343342304229736328125 14.28426342458405556602309456185467828603918860608246177434921264648437 43.34764557666224861780893017838735480636414157252263400166661964823994
14.07298661251971533578636531663815593431638172112607853187547818444578 13.51813686714448841539485532821847758225055312094262402103447456693086 -44.97419916366374158597789549100278187647253367864688235325798695041769
14.78150019491850342812469662855312009548437719410414449499305810966672 12.76216432594836006219544426149664497513275365750157893976149842461479 -44.12445240831022485924980237634074461112631400090429844735454000878859
12.64565165941050394237464165586313319408356461039538499346742843223903 13.56830913712680330560084670979384109804596129871314739656636519896827 -41.88506391866253249962660320370125049260454822375570224244186234452556
13.31874500453951343231882375114704867849202115717721605266468380194276 12.82106090995009211895262325446983930553733088418903435576593265666396 -41.88506391866253249962660320370125049260454822375570224244186234452556
14.00836912474214029739295133740282978032619190687046784876499175625161 12.09224619758661771950083923867310677198563832273832014862457219205001 -41.88506391866253249962660320370125049260454822375570224244186234452556
11.85951990953142791587808907011488506788658572004737690189065047687362 12.89031206492186204303552827378196524637855924801441082169804481986196 43.73410332456539373429181914094393676776780757927739554997703239219117
12.57709124692490263307983280716069215652494221440902420466055505002999 12.10011567287362317291583200248044719087745284952075496687554693218862 44.03418325085466481454345895810077939048685141414574977092101290766512
13.26441300728665456272160621033624833404777768342091100428127722516144 11.37368227910900542173834077887673250915632734634351968316673220787979 44.03418325085466481454345895810077939048685141414574977092101290766512
11.20265400497618098256039793522203735088012809656523133801808374822845 12.10738044454847201517585623429961464725434284514645683491078884779993 41.88506391866253249962660320370125049260454822375570224244186234452556
11.87190907620022281556911285210277413387105130998700361058859404444366 11.36434453385896918418697639032280946553930991623534941896983044512387 41.88506391866253249962660320370125049260454822375570224244186234452556
12.55943833940970291984463398846648276115951588581637235325521047796684 10.63769652099709379347052329923011011860760311620777673363145404747705 41.88506391866253249962660320370125049260454822375570224244186234452556
10.50947448120773514798795246320904593387799461428349898644549970795343 11.3825303729236013668644115234883863378693196370776128756197161810227 41.88506391866253249962660320370125049260454822375570224244186234452556
11.17872955243177698099666738008978271686891782770527125901601000416864 10.63949446223409853587553167951158115615428670816650545967875777834663 41.88506391866253249962660320370125049260454822375570224244186234452556
11.86696860936319315510027147034861257296023393167341313176423822113629 9.912054956352120737515950869353261478218214868234801414838700074587871 41.88506391866253249962660320370125049260454822375570224244186234452556
9.715262693669385278896352201837324837795781654295932982920099419596485 10.77034166911261350465210207119922618038575373069804884226293059656398 41.88506391866253249962660320370125049260454822375570224244186234452556
10.43424393836671813101369981803943528992740371654864550496340752180588 9.971855959412270375664844166485753405767153162433300428220120876658556 41.88506391866253249962660320370125049260454822375570224244186234452556
11.12177320157619823528922095440314391721586829237801424763002395532906 9.245207946550394984948391075393054058835446362405727742881744479011735 41.88506391866253249962660320370125049260454822375570224244186234452556
9.071809343374230463432539429145707089934347020845140880820313185315652 9.990041798476902558342279299651330278097162883275563884870006612557381 41.88506391866253249962660320370125049260454822375570224244186234452556
9.741064414598272296441254346026443872925270234266913153390823481530858 9.247005887787399727353399455674525096382129954364456468929048209881319 41.88506391866253249962660320370125049260454822375570224244186234452556
10.42859367780775240071677548239015250021373481009628189605743991505404 8.520357874925524336636946364581825749450423154336883783590671812234497 41.88506391866253249962660320370125049260454822375570224244186234452556
8.36514962258683680226174912534923675374381935587836465924578789119669 9.254858401066182922687299883834082359271125137157741160797199702886348 44.11855792779851888531563001310926276582605921838206468081019222692467
9.03626535805530700000958434720477185919662588275969028472900390625 8.49593358169220300000958434720477185919662588275969028472900390625 -44.63955459444429353527549772481574366807112624966772562660498574268532
9.725852731381197465670052656938670499583914171348706682673353969812448 7.76257250133241951872999427935600734138584751358455244352164364414115 -44.17138663278630176546758952921333964082203302419227236137509714600695
