110 10.996786381011638
0.5000000000024796 10.496786381009159 2.8397942800526805e-10
10.496786381005812 0.5000000000058266 6.67526e-10
0.500000000000319 0.500000000000319 3.639745762777762e-11
1.500000000000628 0.5000000000000125 1.2787820824699035e-12
2.500000000004105 0.5000000000034872 3.9944809234584996e-10
3.500000000004806 0.5000000000027892 3.1946624842906467e-10
0.5000000181258173 1.500000018126455 89.99999792293445
1.5000000389560548 1.500000002704423 3.09903597894845e-07
2.500000059771922 1.5000000181184199 89.99999792458117
0.500000002610945 2.500000038863217 2.9919210930984264e-07
1.500000020515687 2.500000020515689 2.350924120264608e-06
0.5998484049060874 3.5000000638113855 89.99999680164088
10.496786380698714 10.496786380698714 89.9999999641416
9.49678638038555 10.496786381011402 2.7083239610188065e-11
8.496786380379161 10.496786381005485 89.99999999929504
7.496786380317234 10.496786380955866 6.390898254193517e-09
6.496786380312306 10.496786380960792 5.826567657769236e-09
5.496786363658625 10.496786364307113 1.9141976036446663e-06
4.4967863459748605 10.49678634662335 3.940607549227597e-06
3.496786311637817 10.496786380960392 5.872379915672354e-09
2.496786296160124 10.496786365482702 1.7794850499343935e-06
10.496786380927075 9.49678638047035 89.99999999030973
9.496786380842227 9.496786381011356 3.1975250126539396e-11
8.49678638068891 9.496786380858596 89.99999998246317
7.49678638068134 9.496786380739488 89.99999998159613
6.496786380626279 9.496786380804396 89.99999998790534
5.496786380546788 9.49678634741755 89.99999997879662
4.49678638042243 9.49678631217438 89.99999999304669
3.4967863802749704 9.496786380924856 9.944075597658499e-09
10.49678638076198 8.496786380159682 2.5909576530680424e-08
9.49678638053598 8.49678638101118 1.2207124200358521e-11
8.496786380368675 8.49678638085762 89.99999998257486
7.496786380252869 8.496786380615141 89.99999999584497
6.49678636348344 8.49678636396568 1.917479771516522e-06
5.496786343695105 8.496786310711014 4.1850557179856365e-06
4.496786343646288 8.496786275543386 4.190649545260825e-06
10.4967863806146 7.496786379536537 89.99999995450283
9.496786380217086 7.4967863810108115 5.4079856225393996e-11
8.496786380049853 7.496786380842919 89.99999998089068
7.496786338868877 7.496786380354092 2.5758576524377084e-08
6.496786338400852 7.496786347925317 7.938993462630606e-08
5.491871727713538 7.496786292596747 6.21966121364559e-06
4.491871708478259 7.496786273670138 4.015460945246745e-06
10.496786379932598 6.496786379190248 89.99999999418421
9.496786379882469 6.496786381009711 89.99999999992828
8.49678637386225 6.496786380841459 89.9999999807237
7.496786373484499 6.496786380338835 2.4010506065370238e-08
6.496786361928649 6.496786336852744 1.3482131464570557e-06
5.496786315412004 6.496786289164361 6.678628036867312e-06
10.496786377603646 5.496786375731502 3.9052703158687394e-07
9.496786374196164 5.496786381008571 5.865170038447621e-11
8.49678637402741 5.496786380841434 89.9999999807211
7.496786373776598 5.496786380211869 9.46157587129247e-09
6.496786369188696 5.49678632058203 89.99999948372704
5.482671502040843 5.496786272786377 8.366870563995135e-06
10.49678638097668 4.496786372358466 4.00580558267516e-09
9.496786380941334 4.49678638100767 89.99999999995575
8.496786380772633 4.496786380840587 89.9999999806243
7.496786380754422 4.496786379978421 89.99999998271072
10.496786381011619 3.4967863723234873 89.99999999999783
9.496786381010988 3.496786381007409 89.99999999992603
10.49678638028389 2.4967863715957552 89.99999991660621
4.496786303676118 6.49678619223133 5.333794301242157e-06
4.482671482436125 5.496786184053478 6.120335146093239e-06
6.48470470165549 4.496786301908191 89.99999727809268
5.3579091300261075 4.4967862277022 1.1445393946461952e-05
1.575010487655963 9.72098448967503 26.006208149145905
0.6648995781826188 9.288062537855323 25.10368236942848
2.4358873845712825 9.017638612484477 24.89562856008232
1.5326876852841296 8.588319269616349 24.89562856150408
0.6640213716545298 8.08458925054525 24.895628560875174
1.5453474456098821 7.39096361743693 27.505188761537593
2.42327673121926 7.8994568544632005 25.932649222220824
3.3306394971455093 8.330639504937757 25.402817364788323
0.6743989765214832 6.89836630223633 27.505188761558372
2.426575325694681 6.72094127756554 29.491943414840346
3.330639382026344 7.223604932168425 25.40281738111557
0.6798435028293001 5.7386165572759325 29.03788513773793
1.5561504008499907 6.228640073564719 29.49194196803382
3.2766663767331923 6.052877694326576 29.491941473832924
0.5000000087983577 4.500000084680985 89.99999899178263
1.5358164743510663 5.068275331033238 29.491940434052488
2.406241443601888 5.560576489964611 29.491943767547443
1.6813630263637438 3.9874775370615563 29.491935303516023
2.5456804752525835 4.490577240779429 29.491938311849236
3.4161054455573536 4.982878464427548 29.49194540137075
9.735552857631193 1.569569352102785 61.70550936458647
9.283438065178494 0.6772632316936511 61.70551160952052
9.025230497745662 2.4372163519575647 66.0852172769096
8.572629972837195 1.544007917817767 66.08521727673217
8.099815243496364 0.6597634263754371 66.08521727679472
7.402791564660582 1.5523579295864267 63.603363109318494
7.874603107083289 2.434581216208618 63.603363122237525
8.326626151001053 3.3266261509644064 63.603363122538006
6.930928470014737 0.6701602300604712 63.60336310972007
6.726683395819427 2.4403091496050187 61.879444205826104
7.201498501910754 3.327848246040522 62.636864939646436
5.783559630066617 0.6766430694342638 61.879446365673054
6.2550388052906944 1.5585203201217515 61.87944242867882
6.0911868213017195 3.37280274362174 61.85890104798242
4.6766430638255905 0.7270246247232051 61.879447932154406
5.1479713616653395 1.6089824830274493 61.879446318182744
5.619542270522153 2.4910139530054676 61.85889798056333
3.9935064482372065 1.5703907481949333 61.879446421267076
4.464834746462518 2.452348602695275 61.87944767162196
4.936538995628403 3.3343087496034083 61.85889964070164
4.168682097079363 4.248311843880055 32.087978708229116
3.3038793611542654 3.745111972090937 32.08797704519462
2.4323807786406317 3.2516638240444857 32.14445738116918
3.305089946442557 2.4038770275213546 61.8794463226699
