266 16.823028750756514
0.5000006342455446 16.323028750756514 1.453527889901586e-14
1.5000018822750527 16.323028750756514 1.4210854715202004e-14
2.5000032408145194 16.32301878371816 89.99996103844634
3.5000040607315306 16.323028750756514 89.99999999999997
4.500005561847713 16.323028750756514 89.99999999999999
5.500006125633593 16.323028750756514 1.5064627132463293e-14
6.500006125648288 16.323028750756514 89.99999999999986
7.5000061256487145 16.323028750756514 89.9999999999999
8.500006298575743 16.323028750756514 89.99999999999986
9.500006298590437 16.323028750756514 5.382784433986843e-14
10.500006298590963 16.323028750756514 2.0371903198080257e-14
11.50000656285823 16.323028750756514 2.284550318543336e-14
12.500007450866729 16.32167830196557 89.99991072123458
13.500008516689418 16.32302737864308 89.99986548062557
0.5000006342455446 15.323028750756512 1.214726722469484e-14
1.5000018822750523 15.323028750756512 1.6595135927235371e-15
2.5000038119521952 15.323014653138099 89.99992945022153
3.500004876870738 15.323028750756512 89.99999999999996
4.500005561847713 15.323028750756512 89.99999999999999
5.500005929588173 15.323028750756512 4.9331200653944e-15
6.50000612563402 15.323028750756512 89.99999999999986
7.500006125648712 15.323028750756512 89.99999999999999
8.50000629857574 15.32302875075651 89.99999999999991
9.500006298590437 15.323028750756512 5.684341886080802e-14
10.500006298590861 15.323028750756512 2.842170943040401e-14
11.500006564223108 15.323028750756512 2.842170943040401e-14
12.501764895894581 15.319603544286728 89.80375602759764
0.500000000000001 14.32302875075651 5.812914393834593e-15
1.500000000000003 14.32302875075651 5.320317824663978e-16
2.500000000000005 14.322995326512638 6.986767153113398e-15
3.5000035440324506 14.32302875075651 89.99999999999996
4.500005141153091 14.32302875075651 89.99999999999997
5.500006582344958 14.32302875075651 4.263256414560601e-14
6.500011387990661 14.323028750756508 0.0
7.50001501084084 14.323028750756508 2.842170943040401e-14
8.500019246398798 14.323028750756508 5.684341886080802e-14
9.500023662454629 14.323028750756508 5.684341886080802e-14
10.500037314611314 14.32302875075651 5.684341886080802e-14
11.500051417070926 14.323028750756391 1.361399881716352e-11
0.500000000000001 13.323028750756508 0.0
1.500000000000003 13.323028750756508 0.0
2.500000000000005 13.322967180631016 89.99999999999999
3.500000000000007 13.323028750756508 89.99999999999997
4.500000000000009 13.323028750756508 89.99999999999997
5.500000000000011 13.323028750756508 0.0
6.500000000000014 13.323028750756507 89.99999999999997
7.500000000000017 13.323028750756507 2.842170943040401e-14
8.50000000000002 13.323028750756507 2.946253357289599e-14
9.500000000000023 13.323028750756507 9.38106659057418e-15
10.500000000000025 13.323028750756508 4.263256414560601e-14
0.500000000000001 12.323028750756507 6.918475642520708e-16
1.500000000000003 12.323028750756507 0.0
2.500000000000005 12.322950673134876 2.1071506606810573e-14
3.5000000000000075 12.323028750756507 89.99999999999999
4.50000000000001 12.323028750756507 89.99999999999997
5.500000000000012 12.323028750756505 89.99999999999999
6.500000000000015 12.323028750756503 3.271763853645825e-15
7.500000000000017 12.323028750756505 4.263256414560601e-14
8.50000000000002 12.323028750756505 4.263256414560601e-14
9.500000000000021 12.323028750756505 7.79469974579575e-14
0.500000000000001 11.323028750756505 0.0
1.500000000000003 11.323028750756505 0.0
2.500000000000005 11.32291853498439 0.0
3.5000000000000075 11.323028750756505 89.99999999999999
4.50000000000001 11.323028750756505 89.99999999999999
5.5000000000000115 11.323028750756501 0.0
6.500000000000014 11.323028750756501 1.4210854715202004e-14
7.500000000000016 11.323028750756501 1.4210854715202004e-14
8.50000000000002 11.323028750756503 5.684341886080802e-14
0.500000000000001 10.323028750756503 0.0
1.500000000000003 10.323028750756503 5.297325831516676e-15
2.5000000000000053 10.322874734287065 89.99999999999997
3.5000000000000075 10.323028750756503 89.99999999999999
4.50000000000001 10.323028750756503 89.99999999999999
5.5000000000000115 10.3230287507565 0.0
6.500000000000014 10.3230287507565 1.4210854715202004e-14
7.500000000000016 10.3230287507565 1.4210854715202004e-14
0.5000000000000011 9.3230287507565 1.4210854715202004e-14
1.5000000000000033 9.3230287507565 6.054561645263901e-15
2.500000000000005 9.322821216907366 1.4210854715202004e-14
3.5000000000000075 9.3230287507565 0.0
4.50000000000001 9.323028750756498 8.841560982062705e-15
5.5000000000000115 9.323028750756496 0.0
6.500000000000014 9.323028750756496 1.4210854715202004e-14
0.5000000000000011 8.323028750756498 7.741177529796772e-15
1.5000000000000033 8.323028750756498 2.983800397448865e-15
2.5000000000000053 8.322763022609223 1.7262019382832102e-14
3.500000000000008 8.323028750756498 89.99999999999999
4.50000000000001 8.323028750756496 9.513464225742153e-15
5.5000000000000115 8.323028750756494 0.0
0.500000000000001 7.323028750756495 1.4125632707167695e-15
1.5000000000000033 7.323028750756495 0.0
2.500000000000005 7.3226898137066385 1.241191344907532e-15
3.5000000000000075 7.323028750756495 89.99999999999999
4.500000000000011 7.323028750756493 89.99999999999987
0.500000000000001 6.323028750756493 0.0
1.5000000000000033 6.323028750756493 89.99999999999999
2.500000000000005 6.321506202275491 0.0
3.5000000000000075 6.323028750756493 89.99999999999999
0.500000000000001 5.3230287507564915 0.0
1.500000000000003 5.3230287507564915 0.0
2.503897952269854 5.320687581275791 89.90624407800087
0.500000000000001 4.32302875075649 0.0
1.500000000000003 4.32302875075649 1.4210854715202004e-14
0.500000000000001 3.3230287507564875 0.0
16.323028750756514 0.5000000000001839 0.0
15.323028750756512 0.500000000000001 0.0
14.32302875075651 0.500000000000001 0.0
13.323028750756508 0.500000000000001 0.0
12.323028750756507 0.500000000000001 0.0
11.323028750756505 0.500000000000001 0.0
10.323028750756503 0.500000000000001 1.730166777355997e-15
9.3230287507565 0.500000000000001 2.1942025710675134e-15
8.323028750756498 0.500000000000001 0.0
7.323028750756496 0.500000000000001 6.155534043233311e-15
6.323028750756494 0.500000000000001 3.085101468708644e-15
5.3230287507564915 0.500000000000001 0.0
4.32302875075649 0.5000010991002992 2.1163052932333365e-14
3.323028750756488 0.5000000000000012 2.842170943040401e-14
2.3230287507564853 0.5000000000000011 4.8828777005853164e-15
16.323028750756514 1.5000000000002403 0.0
15.323028750756512 1.500000000000003 0.0
14.32302875075651 1.500000000000003 2.1243042722211237e-15
13.323028750756508 1.500000000000003 0.0
12.323028750756507 1.500000000000003 0.0
11.323028750756505 1.500000000000003 0.0
10.323028750756503 1.500000000000003 0.0
9.3230287507565 1.500000000000003 2.139823044248084e-15
8.323028750756498 1.500000000000003 5.700204846942496e-17
7.323028750756495 1.500000000000003 6.447590780618285e-15
6.323028750756493 1.500000000000003 1.4210854715202004e-14
5.3230287507564915 1.5000000000000033 1.4210854715202004e-14
4.32302875075649 1.5000149112446146 2.842170943040401e-14
3.3230287507564875 1.5000000000000033 2.842170943040401e-14
16.323028750756514 2.500000000000242 0.0
15.323028750756512 2.500000000000005 4.502659361758526e-15
14.32302875075651 2.500000000000005 0.0
13.323028750756508 2.500000000000005 4.096667392658e-15
12.323028750756507 2.500000000000005 2.5570847704109193e-15
11.323028750756505 2.500000000000005 0.0
10.323028750756503 2.500000000000005 1.4210854715202004e-14
9.3230287507565 2.500000000000005 1.4811561328263323e-15
8.323028750756498 2.500000000000005 1.7430831401044667e-16
7.323028750756495 2.500000000000005 3.62567816278213e-15
6.323028750756493 2.500000000000005 1.4210854715202004e-14
5.3230287507564915 2.500000000000005 7.6436900185746e-15
4.322763357227753 2.5000661822741677 89.99471328596564
16.323028750756514 3.5000000000002447 0.0
15.323028750756512 3.5000000000000075 4.4679281862115384e-15
14.32302875075651 3.500000000000007 1.912160961793879e-15
13.323028750756508 3.500000000000007 4.511069236268154e-15
12.323028750756507 3.500000000000007 1.879409754915494e-15
11.323028750756505 3.500000000000007 1.4210854715202004e-14
10.323028750756503 3.500000000000007 1.4210854715202004e-14
9.3230287507565 3.500000000000007 1.938439540766375e-15
8.323028750756498 3.500000000000007 3.570905193057957e-15
7.323028750756495 3.5000000000000075 4.456300330409106e-15
6.323028750756493 3.500000000000007 3.166223079657441e-15
5.3230287507564915 3.5000000000000075 1.0562942881840957e-14
16.323028750756514 4.500000000000247 0.0
15.323028750756512 4.500000000000009 1.4210854715202004e-14
14.32302875075651 4.500000000000009 1.4210854715202004e-14
13.323028750756508 4.500000000000009 1.4210854715202004e-14
12.323028750756507 4.500000000000009 5.573106236447608e-15
11.323028750756505 4.500000000000009 1.4210854715202004e-14
10.323028750756503 4.500000000000009 1.4210854715202004e-14
9.3230287507565 4.500000000000009 1.7669826524634502e-15
8.323028750756498 4.500000000000009 4.157990691916008e-15
7.323028750756495 4.500000000000009 1.538590231495471e-14
6.323028750756493 4.500000000000009 2.7619427459808236e-14
16.323028750756514 5.500000000000249 1.4210854715202004e-14
15.323028750756512 5.5000000000000115 1.4210854715202004e-14
14.32302875075651 5.5000000000000115 1.4210854715202004e-14
13.323028750756508 5.500000000000011 1.4210854715202004e-14
12.323028750756507 5.500000000000011 7.672066775003326e-15
11.323028750756505 5.500000000000011 1.4210854715202004e-14
10.323028750756503 5.500000000000011 0.0
9.3230287507565 5.500000000000011 0.0
8.323028750756498 5.500000000000011 5.7436882841279154e-15
7.323028750756495 5.5000000000000115 4.307796222018319e-15
16.323028750756514 6.500000000000251 2.842170943040401e-14
15.323028750756512 6.500000000000014 2.842170943040401e-14
14.32302875075651 6.500000000000014 1.4210854715202004e-14
13.323028750756508 6.500000000000013 1.34242412822923e-14
12.323028750756507 6.500000000000013 5.459084397795124e-15
11.323028750756505 6.500000000000013 1.4210854715202004e-14
10.323028750756503 6.500000000000013 0.0
9.3230287507565 6.500000000000013 4.7284047438613645e-15
8.323028750756498 6.500000000000013 5.845385389323178e-15
16.323028750756514 7.500000000000254 1.4210854715202004e-14
15.323028750756512 7.500000000000017 3.0919522484428585e-15
14.32302875075651 7.500000000000016 0.0
13.323028750756508 7.500000000000016 1.4210854715202004e-14
12.323028750756507 7.500000000000016 1.4210854715202004e-14
11.323028750756505 7.500000000000015 1.4210854715202004e-14
10.323028750756503 7.500000000000015 3.682278606577831e-15
9.323028750756498 7.500000000000015 2.842170943040401e-14
16.323028750756514 8.50000063424559 2.842170943040401e-14
15.323028750756512 8.500000000000256 2.4963143963028832e-14
14.32302875075651 8.50000000000002 2.842170943040401e-14
13.323028750756508 8.50000000000002 2.842170943040401e-14
12.323028750756507 8.50000000000002 2.842170943040401e-14
11.323028750756503 8.500000000000018 2.842170943040401e-14
10.323028750756501 8.500000000000018 1.520531039643768e-14
16.323028750756514 9.500000922396707 4.263256414560601e-14
15.323028750756512 9.500000920768962 3.4108338046418584e-14
14.32302875075651 9.50000013214099 3.2129794213563375e-14
13.323028750756508 9.500000000000021 4.263256414560601e-14
12.323028750756505 9.500000000000021 2.842170943040401e-14
11.323028750756503 9.50000000000002 2.842170943040401e-14
16.323028750756514 10.5000009224114 89.99999999999983
15.32302875075651 10.500000920783656 89.99999999999997
14.323028750756508 10.500000812663894 89.99999999999994
13.323028750756507 10.500000000000023 1.50596664915116e-14
12.323028750756505 10.500000000000023 2.2714198219791015e-14
16.323028750756514 11.500001397287706 7.105427357601002e-14
15.323028750756512 11.500000922411838 6.621146228910651e-14
14.323028750756508 11.500000920784089 6.61858242388123e-14
13.323028750756507 11.500000000000025 4.567982448606498e-14
16.32282426459596 12.500023274119076 0.0024700036610170173
15.322398745090194 12.500002079657548 0.00012520668915515275
14.322032004595107 12.500006759680936 89.99960265033559
16.323021588913974 13.500433684909481 2.161891113416914e-05
15.323017561390687 13.500002696642133 0.0001793089663237879
16.322076822774733 14.50046473647648 89.99683303505552
16.30375219872166 16.30206157911394 89.24180554369187
0.6159544281137234 0.5000000000001842 1.3615945430242614e-11
0.5000000000001772 1.5000000000002163 1.3611836816286633e-11
14.780129804166151 16.14070557267604 28.67928406348187
15.461895648412657 15.373257952975683 28.740021711638335
1.3486608074943873 2.434251248776062 25.112735664017446
1.664937593669343 1.4780985094348726 25.112735664017453
2.049967241827089 3.294251987883523 25.11273566401749
2.47436794326254 2.388777501980634 25.11273566401749
2.750946504510814 4.154950759721979 25.112735664017574
3.17549752713711 3.249155558036718 25.11273566401748
3.6586151793219157 4.574670078523241 25.11273566401758
4.084838948106203 3.665306011465397 25.112735664017553
4.358054596395381 5.438654167533895 25.112735664017485
4.782455297830834 4.533179681631006 25.11273566401745
5.05936103072812 6.298654906641389 25.11273566401199
5.483762366424072 5.3931807180197655 25.112735664011986
5.760667465060849 7.158655645748897 25.11273566401199
6.1850688007568015 6.253181457127274 25.112735664012067
6.664938014807333 7.585624989197891 25.112735664011556
7.1034361539641635 6.679371464998981 25.039751214188037
7.367448385296516 8.443057086291772 25.112735664011574
7.818886857562857 7.550255347202324 25.11273566401152
8.068754819629248 9.303057825399282 25.112735664011968
8.520193291895595 8.410256086309838 25.11273566401193
8.770061253961982 10.163058564506802 25.11273566401117
9.22149972622835 9.270256825417366 25.112735664011165
9.66937628117116 10.600600697318963 25.112735664012348
10.120873827985037 9.707672920512568 25.112735664018263
10.376842174197652 11.447460005049676 25.112735664012405
10.828280646464068 10.554658265960263 25.112735664012394
11.078148608530382 12.307460744157185 25.11273566401188
11.5295870807968 11.41465900506777 25.11273566401188
11.806769195609292 13.134373140270885 31.882350797749936
12.272428150487737 12.246351500019024 31.882350797749904
12.669726876474943 13.647878490578831 31.60156642396322
13.134021308353132 12.75919644929894 31.607017638726933
13.353265210554762 14.447787952753288 31.45192790046063
14.031269367353591 13.686311115540418 31.065920973398754
14.064832551118087 15.301294771078325 25.08651821688162
14.754205533191262 14.519866234593852 25.08651821688161
