270 16.937807228446083
0.5000000000000016 16.281726295443324 0.0
1.5000000000000053 16.43780722844608 1.048477078855506e-13
16.131521603060996 0.5000000000000016 0.0
16.43780722844608 1.5000000000000047 4.545251273046682e-15
0.5000000000000016 11.500000000000037 1.5791572847285584e-15
0.5000000000000016 10.500000000000034 0.0
0.5000000000000016 9.500000000000032 0.0
1.5000000000000047 9.500000000000032 0.0
0.5000000000000016 8.500000000000028 3.982701939925331e-15
1.5000000000000047 8.500000000000028 0.0
2.500000000000008 8.500000000000028 0.0
0.5000000000000016 7.500000000000023 5.593225432647127e-16
1.5000000000000047 7.500000000000025 1.4210854715202004e-14
2.500000000000008 7.500000000000025 1.4210854715202004e-14
3.5000000000000115 7.500000000000025 1.4210854715202004e-14
0.5000000000000016 6.50000000000002 3.01953493908e-15
1.5000000000000049 6.500000000000021 0.0
2.500000000000008 6.500000000000021 0.0
3.5000000000000115 6.500000000000021 0.0
4.628460667466904 6.8763838866997995 72.27995975524729
0.5000000000000016 5.500000000000017 4.1980979518375754e-15
1.5000000000000047 5.500000000000018 1.4210854715202004e-14
2.500000000000008 5.500000000000018 1.4210854715202004e-14
3.5000000000000115 5.500000000000018 1.4210854715202004e-14
4.628460667466904 5.826575829367068 72.27995975524725
0.5000000000000016 4.500000000000014 3.1060214596746695e-15
1.5000000000000047 4.500000000000015 8.230657109129738e-15
2.500000000000008 4.500000000000015 1.69991320354206e-14
3.5000000000000115 4.500000000000015 1.4210854715202004e-14
4.500000000000014 4.500000000000015 5.684341886080802e-14
0.5000000000000016 3.5000000000000107 0.0
1.5000000000000049 3.5000000000000115 2.5846506684137685e-15
2.5000000000000084 3.5000000000000115 1.599349123567953e-14
3.5000000000000115 3.500000000000012 2.00273712545717e-14
4.500000000000015 3.5000000000000124 2.842170943040401e-14
5.500000000000018 3.500000000000012 0.0
0.5000000000000016 2.500000000000008 0.0
1.5000000000000049 2.5000000000000084 1.4210854715202004e-14
2.5000000000000084 2.5000000000000084 2.842170943040401e-14
3.500000000000012 2.500000000000009 2.842170943040401e-14
4.500000000000015 2.500000000000009 2.842170943040401e-14
5.500000000000019 2.500000000000009 0.0
6.500000000000022 2.500000000000009 1.4210854715202004e-14
0.5000000000000016 1.5000000000000047 0.0
1.5000000000000047 1.5000000000000049 1.0485980035964868e-15
2.500000000000008 1.5000000000000049 5.4760573572290714e-15
3.5000000000000115 1.5000000000000049 89.99999999999999
4.500000000000014 1.5000000000000053 2.8356751138625653e-14
5.500000000000018 1.5000000000000053 1.6757869846290107e-14
6.500000000000021 1.5000000000000056 6.27796179267501e-15
7.500000000000024 1.5000000000000047 0.0
0.5000000000000016 0.5000000000000016 0.0
1.5000000000000047 0.5000000000000017 1.4210854715202004e-14
2.500000000000008 0.5000000000000017 1.4210854715202004e-14
3.5000000000000115 0.5000000000000017 1.2227943398733883e-14
4.500000000000014 0.500000000000002 4.15517880300847e-14
5.500000000000018 0.500000000000002 5.684341886080802e-14
6.500000000000021 0.500000000000002 5.0935359153229666e-14
7.500000000000025 0.5000000000000016 0.0
8.500000000000028 0.5000000000000016 0.0
9.500000000000032 0.5000108506944044 8.344252198441755e-15
3.4378072284460397 16.43780722844608 0.0
4.437807228446044 16.43780722844608 0.0
5.437807228446046 16.43780722844608 0.0
6.43780722844605 16.43780722844608 0.0
7.437807228446053 16.43780722844608 0.0
8.437807228446056 16.43780722844608 6.192754958761025e-15
9.43780722844606 16.43780722844608 0.0
10.437807228446061 16.43780722844608 1.6387613753176208e-15
11.437807228446065 16.43780722844608 0.0
12.437807228446069 16.43780722844608 0.0
13.437807228446072 16.43780722844608 6.230312197423797e-15
14.437807228446074 16.43780722844608 7.179593410771013e-17
15.437807228446077 16.43780722844608 1.855666918729891e-15
16.43780722844608 16.43780722844608 5.349381266272646e-15
4.437807228446044 15.437807228446077 1.4210854715202004e-14
5.437807228446046 15.437807228446077 6.0452721183079534e-15
6.43780722844605 15.437807228446077 0.0
7.437807228446053 15.437807228446077 0.0
8.437807228446056 15.437807228446077 9.109513997579381e-15
9.43780722844606 15.437807228446077 1.3128295321091967e-15
10.437807228446061 15.437807228446077 3.643164382619083e-15
11.437807228446065 15.437807228446077 0.0
12.437807228446069 15.437807228446077 0.0
13.437807228446072 15.437807228446077 0.0
14.437807228446074 15.437807228446077 9.459736912108887e-16
15.437807228446077 15.437807228446077 4.894038797425667e-15
16.43780722844608 15.437807228446077 6.153488541237336e-15
5.437807228446046 14.437807228446074 5.59756973464823e-15
6.43780722844605 14.437807228446074 5.692931965009215e-16
7.437807228446053 14.437807228446074 1.5439527754613284e-14
8.437807228446056 14.437807228446074 1.4960460555004137e-14
9.43780722844606 14.437807228446074 2.002423257193442e-16
10.437807228446061 14.437807228446074 2.813814690935106e-15
11.437807228446065 14.437807228446074 0.0
12.437807228446069 14.437807228446074 0.0
13.437807228446072 14.437807228446074 0.0
14.437807228446074 14.437807228446074 89.99999999999999
15.437807228446077 14.437807228446074 0.0
16.43780722844608 14.437807228446074 7.395503235918279e-17
6.43780722844605 13.437807228446072 0.0
7.437807228446053 13.437807228446072 0.0
8.437807228446056 13.437807228446072 2.302349831426169e-15
9.43780722844606 13.437807228446072 0.0
10.437807228446061 13.437807228446072 2.4691954028419937e-15
11.437807228446065 13.437807228446072 0.0
12.437807228446069 13.437807228446072 0.0
13.437807228446072 13.437807228446072 0.0
14.437807228446074 13.437807228446072 89.99999999999999
15.437807228446077 13.437807228446072 89.99999999999999
16.43780722844608 13.437807228446072 0.0
6.43780722844605 12.437807228446069 7.792850974005957e-16
7.437807228446053 12.437807228446069 0.0
8.437807228446056 12.437807228446069 0.0
9.43780722844606 12.437807228446069 0.0
10.437807228446061 12.437807228446069 4.779163560122726e-15
11.437807228446065 12.437807228446069 0.0
12.437807228446069 12.437807228446069 0.0
13.437807228446072 12.437807228446069 0.0
14.437807228446074 12.437807228446069 0.0
15.437807228446077 12.437807228446069 0.0
16.43780722844608 12.437807228446069 0.0
6.43780722844605 11.43592081038735 89.99999999999996
7.437807228446053 11.437807228446065 89.99999999999999
8.437807228446056 11.437807228446065 0.0
9.43780722844606 11.437807228446065 89.99999999999999
10.437807228446061 11.437807228446065 0.0
11.437807228446065 11.437807228446065 0.0
12.437807228446069 11.437807228446065 0.0
13.437807228446072 11.437807228446065 0.0
14.437807228446074 11.437807228446065 0.0
15.437807228446077 11.437807228446065 0.0
16.43780722844608 11.437807228446065 2.3616153355931683e-16
6.437807228446049 10.39148361067467 89.99999999999993
7.437807228446053 10.437807228446061 89.99999999999999
8.437807228446056 10.437807228446061 0.0
9.43780722844606 10.437807228446061 1.4210854715202004e-14
10.437807228446061 10.437807228446061 0.0
11.437807228446065 10.437807228446061 0.0
12.437807228446069 10.437807228446061 0.0
13.437807228446072 10.437807228446061 0.0
14.437807228446074 10.437807228446061 0.0
15.437807228446077 10.437807228446061 0.0
16.43780722844608 10.437807228446061 3.152922602694578e-15
6.43780722844605 9.391483610674667 89.99999999999996
7.437807228446053 9.43780722844606 89.99999999999999
8.437807228446056 9.43780722844606 89.99999999999999
9.43780722844606 9.43780722844606 0.0
10.437807228446061 9.43780722844606 0.0
11.437807228446065 9.43780722844606 89.99999999999999
12.437807228446069 9.43780722844606 1.4210854715202004e-14
13.437807228446072 9.43780722844606 2.873068741243691e-15
14.437807228446074 9.43780722844606 0.0
15.437807228446077 9.43780722844606 89.99999999999999
16.43780722844608 9.43780722844606 89.99999999999997
7.437807228446052 8.437807228446056 89.99999999999994
8.437807228446056 8.437807228446056 89.99999999999994
9.43780722844606 8.437807228446056 89.99999999999999
10.437807228446061 8.437807228446056 0.0
11.437807228446065 8.437807228446056 0.0
12.437807228446069 8.437807228446056 0.0
13.437807228446072 8.437807228446056 5.060132810350854e-15
14.437807228446074 8.437807228446056 0.0
15.437807228446077 8.437807228446056 89.99999999999999
16.43780722844608 8.437807228446056 89.99999999999999
10.437807228446061 7.437807228446053 89.99999999999999
11.437807228446065 7.437807228446053 0.0
12.437807228446069 7.437807228446053 0.0
13.437807228446072 7.437807228446053 4.408188318268878e-15
14.437807228446074 7.437807228446053 89.99999999999999
15.437807228446077 7.437807228446053 89.99999999999999
16.43780722844608 7.437807228446053 89.99999999999999
12.437807228446069 6.43780722844605 0.0
13.437807228446072 6.43780722844605 0.0
14.437807228446074 6.437806022813357 0.0
15.437807228446077 6.43780722844605 89.99999999999997
16.43780722844608 6.43780722844605 0.0
14.437807228446074 5.431690248656428 0.0
15.437807228446077 5.437807228446046 89.99999999999999
16.43780722844608 5.437807228446046 0.0
15.437807228446077 4.437807228446044 89.99999999999997
16.43780722844608 4.437807228446044 0.0
16.43780722844608 3.4378072284460397 0.0
9.43780722844606 7.437807228446053 89.99999999999999
8.383180777913624 7.38318077791362 83.33845228205195
7.231803693186247 7.3042564194524635 70.6087781616115
10.37431645446036 6.374316454460346 82.16526585578454
11.437807228446065 6.43780722844605 89.99999999999999
6.159274832014517 7.269053085413959 70.60877816161148
0.6297125995956421 14.950481019068691 17.942201714756823
1.575786978697442 15.274885901862316 17.942201714756827
0.629712599595642 13.792613575497265 17.942201714756795
1.5497947369483964 14.197289789588156 17.94220171475679
2.4958691160501965 14.521694672381779 17.942201714756802
0.6297125995956419 12.63474613192584 17.942201714756777
1.5497947369483969 13.03942234601673 17.94220171475678
2.469876874301151 13.444098560107621 17.942201714756767
3.4159512534029517 13.768503442901242 17.942201714756777
4.367319012930006 14.076560882565472 17.942201714756777
1.5625724682815647 11.885692393084225 17.94220171475669
2.4826546056343193 12.290368607175115 17.942201714756667
3.402736742987074 12.695044821266002 17.942201714756692
4.3488111220888745 13.019449704059626 17.94220171475667
1.6302958754661647 10.633096838296726 18.04628459590139
2.515722808193486 11.143548152517697 18.046284595901383
3.4356311014029415 11.548167725920957 18.046284595901387
4.355539394612396 11.95278729932422 18.046284595901394
5.315361638316388 12.270611231512602 16.764170516107068
2.5793364251822983 9.902390168072975 22.10902756700915
3.453238457098499 10.408159589945914 22.109027567009175
4.368927981795258 10.811065324736468 22.109027567009154
5.320287538699026 11.21559436148428 18.1092879470076
3.4666518477686217 9.186451510844217 27.52165850577403
4.36481504043828 9.700942252967918 23.447341382217555
5.280141115696258 10.103690352473476 23.447341382217555
4.286708231849143 8.425258991386404 43.14414234334823
5.272419102421715 9.005139864950296 23.996158683000317
5.261062213644249 7.729089716693761 70.60877816161148
2.527154738224496 15.582943341526544 17.94220171475683
3.4472368755772504 14.829752112046009 17.942201714756784
6.415913766630442 8.369590148859059 87.43283322765475
6.282296803921191 4.433964389458203 71.98258125719882
6.58818058183018 5.388751874869633 72.27995975524726
6.90399631425084 6.352200974451241 71.4034148427547
5.5279723290131875 5.356203065790971 72.27995975524726
14.834125667765395 0.6747787686323917 62.39215085165705
15.263028459813688 1.5789687112191002 62.392150851657064
13.698085171256041 0.6564315064318399 66.82336008847557
14.126980040908132 1.5606029438500428 66.82336008847557
14.499424972517163 2.488941617283934 66.82336008847557
12.5416536648242 0.5000000000000016 0.0
12.968301737332121 1.5592233030433384 69.90981433941236
13.398583858174714 2.4666350880007974 69.90981433941238
13.771112920510173 3.395170274361998 69.90981433941238
14.218075108183264 4.296481261262878 69.90981433941238
11.541653664824196 0.5000000000000016 0.0
11.781213585329704 1.6342732365529191 71.23379306269254
12.247185204534565 2.532095754817071 71.23379306269254
12.67829265706066 3.441764062201671 71.23379306269253
13.05115884910111 4.3712209879742785 71.23379306269254
10.500000000000034 0.5000000000000016 1.540870754249624e-15
10.71794595196751 1.6184053561691099 71.87803409830835
11.03591766631606 2.566533602502284 71.87803409830835
11.502460796057024 3.4660381732145056 71.87803409830836
11.934006557945393 4.3769964993988495 71.87803409830832
12.307088544227264 5.307088544227242 71.87803409830835
9.659561800213366 1.619382015310744 73.84376425828151
9.964998715364413 2.5756123958795083 73.4265276157381
10.283145378693238 3.5242752052067137 73.42652761573811
10.751177896007913 4.428330654005961 73.42652761573807
11.183903417330201 5.342893778196247 73.4265276157381
8.880549916597879 2.572659915472676 75.41274025291607
9.186808555642518 3.5262667274290806 75.41274025291607
9.50546628083497 4.476646763307306 75.41274025291608
9.975556836281529 5.387617456570291 75.41274025291608
8.60980968467999 1.6098096846799668 75.41274025291607
8.105534157815686 3.5337276516507288 73.40753104410904
8.411405948667548 4.48603618387054 73.40753104410902
8.729548808237876 5.434688307826859 73.40753104410902
7.344097193757197 4.465429598600498 71.98258125719873
7.649901635264886 5.417531065070862 71.98258125719873
15.659702787883552 2.520863318602481 60.233752946356596
14.945340361537765 3.389059618778241 66.44150805735424
7.796132362145072 2.582470954367677 73.40753104410905
7.034791078778165 3.514467071874768 71.98258125719875
9.197560992380023 6.338683894575177 73.40753104410902
7.970709603491785 6.369496124647419 71.45691540316088
5.832338582077311 6.308758147660629 72.27995975524726
5.314840657379982 13.314840657380005 16.764170516107068
13.437807228446072 5.437807228446046 0.0
