110 10.99719766358428
0.5000000007487129 10.497197662835568 8.5796003e-08
10.497197663581549 0.5000000000027305 3.1271000000000005e-10
0.5000000000116902 0.5000000000116902 1.3394242222501932e-09
1.5000000000219063 0.5000000000014773 1.69109e-10
2.500000000024306 0.5000000000009223 89.9999999998945
3.5000000000246607 0.5000000000005704 89.99999999993481
0.5000000137903563 1.5000000137903593 1.580258266169712e-06
1.500000027579223 1.500000000001496 1.7089090948150356e-10
2.5000000389040276 1.5000000113244523 89.99999870244426
0.500000000121072 2.500000027459647 1.3873652226067028e-08
1.5000000126546302 2.5000000124154753 89.999998577634
0.6028262222149942 3.5000000391148673 1.3466100370775398e-06
10.497197663579106 10.497197663579106 5.926130634790766e-10
9.497197663572592 10.497197663582938 89.99999999984631
8.497197663569892 10.497197663582922 1.5540104466290025e-10
7.497197663569224 10.497197593038363 2.3147271020188403e-10
6.497197663566341 10.497197663579378 5.615335646085996e-10
5.497197662745897 10.497197662758937 9.457710463496979e-08
4.497197662633573 10.497197662646615 1.0744824683238856e-07
3.4971976616998273 10.497197663580357 4.4935953373319454e-10
2.4971976616535376 10.497197663541913 89.99999999514532
10.49719766358323 9.497197663572884 89.99999999987968
9.49719766358283 9.497197663582247 89.99999999992515
8.497197663580483 9.497197663578566 89.99999999965652
7.4971976635773 9.497197550332478 2.0818902157770935e-11
6.497197663574041 9.497197663577913 3.938736110814754e-10
5.49719766356956 9.497197661932553 89.99999999988073
4.497197663567145 9.497197661710322 1.5711855333191036e-10
3.4971976635668476 9.497197663577511 1.2341224144582242e-10
10.497197663581156 8.497197663570807 89.99999999964214
9.497197663579588 8.497197663580309 89.99999999970332
8.497197662444908 8.497197662444295 89.99999986967897
7.497197658740916 8.495398475727388 2.951868884955438e-07
6.497197657247528 8.49719765952124 4.6525405960559396e-07
5.497197656835278 8.497197657459155 5.124941080574908e-07
4.497197656834832 8.497197657238893 5.125448873456882e-07
10.497197663573903 7.497197663563551 89.99999999881105
9.497197663567245 7.497197663579174 89.99999999957373
8.49719766244437 7.497197662433619 89.99999987090195
7.497197657123976 7.495398474094434 4.823092301157794e-07
6.497197641796834 7.497197644060408 2.2369344313876952e-06
5.497197641161416 7.4971976417751565 2.3097474800495713e-06
4.497197626517571 7.497197626911495 3.987808226084855e-06
10.497197663213276 6.497197663182171 4.251365774034648e-08
9.497197662838957 6.497197663578767 89.99999999962002
8.497197661809489 6.497197662339804 89.99999988165202
7.497197647217906 6.490822739609939 89.99999821108908
6.497197597383757 6.497197629159343 3.944470046036143e-06
5.497197594874907 6.497197625000662 4.231962439989994e-06
10.497197663334601 5.4971976630608435 2.861093088136961e-08
9.497197660766542 5.497197663571911 89.99999999883475
8.497197630733591 5.497197662300416 89.99999987713882
7.497197534485907 5.490822691573831 89.99999270655587
6.494688667636477 5.497197606505219 6.520647984212004e-06
5.494688667418555 5.497197604624882 6.545618804207384e-06
10.497197663581176 4.497197662808061 89.99999999964447
9.497197663575431 4.497197663570585 89.9999999989864
8.497197662510066 4.497197662298373 89.99999987690505
7.497197647272568 4.490822644224525 89.9999981323861
10.497197663581188 3.497197662801865 3.5403222604843473e-10
9.497197663581174 3.4971976635586333 3.5551995598382053e-10
10.497197663566967 2.4971976627876393 1.983807010964334e-09
4.487292965765611 6.4872929942936715 1.1465388813602295
4.484785072725017 5.48704254096275 1.1465376278660895
6.497197550496119 4.497197583127211 9.245962760277924e-06
5.360017554969808 4.495812960297168 0.1588938440177296
1.5741872579764056 9.725150130372636 26.548817593478322
0.669466441603228 9.292343779298163 26.221215038162583
2.4365045930885403 9.020053957876058 24.664788812831283
1.5342284823642331 8.58861498340592 24.664788812929327
0.6630367384125675 8.089484200504446 24.66478881292827
1.5460481983841268 7.394619193458986 27.31155121877019
2.421169002056593 7.895819723112921 26.441850688064882
3.330558619793744 8.33055862293669 25.522064994601617
0.6736767220769897 6.904509582073836 27.31155121711195
2.4313275706828397 6.725146875083502 29.327839375913747
3.334661215338626 7.224385225122004 25.52206500001528
0.6789736122915391 5.746613246173961 28.78357209507531
1.5594961949651427 6.23534069746904 29.327841628502796
3.276087907127605 6.052733333182905 29.327837789649617
0.5000000000011695 4.500000048450726 89.99999999986616
1.5324251018496338 5.073120999184165 29.32784019437151
2.404256493069488 5.562927165087139 29.32784333835784
1.6808187491800377 3.992013132875833 29.327838126223007
2.5451914271481186 4.495095394958968 29.32783812617838
3.41702279884883 4.984901577449913 29.327840251157987
9.735727330365018 1.570070539855087 61.773067934362146
9.285054069285412 0.6770230997069615 61.773068420491434
9.025383232407112 2.4378004031500744 66.0972734459879
8.574264600619152 1.5439232862154266 66.09727344544835
8.101341358672379 0.659709883915741 66.09727344536978
7.403773366400191 1.5513496841144967 63.38515374711517
7.87562780329491 2.433430113116084 63.38515546326614
8.326183196475034 3.3261831960391115 63.38515548627941
6.928436095989942 0.671014473873298 63.38515374768344
6.72823532425058 2.4362166490968526 62.13915771521052
7.20377436433755 3.324897135963924 63.05184248707058
5.779094136370292 0.675705466789805 62.13915771612184
6.2530983859428275 1.5562604264685265 62.13915771512401
6.0944564315217935 3.37644984909501 61.632941676372916
4.675705459625423 0.7281536368844518 62.139159692816406
5.144711660388978 1.614973488527911 61.770939284257544
5.619338037534545 2.4965279706768935 61.632941700659565
3.9877594076588725 1.5740672333940335 61.770938313004564
4.460757129505851 2.455130883267762 61.77093831293346
4.936264120986968 3.3362098862745273 61.632940204745225
4.17040456219512 4.246587494250327 32.641702258893545
3.3054172865803744 3.7429965594145096 32.64170050547717
2.432125656047858 3.252369969586953 32.64170317517862
3.2997100227056193 2.4065970327079196 61.77093812572146
