110 10.996882655941942
0.5000000000113065 10.496882655930635 1.295533e-09
10.496882655938409 0.5000000000035328 89.99999999959526
0.5000000000011904 0.5000000000011904 1.363072480378444e-10
1.5000000000111557 0.5000000000087749 89.99999999899458
2.5000000000197544 0.5000000000001781 89.99999999997969
3.500000000020092 0.5000000000005138 89.99999999994122
0.5000000117027521 1.5000000117051329 89.99999865896348
1.5000000117034142 1.5000000117034138 89.99999865888785
2.500000022226818 1.5000000011810375 89.99999986478093
0.5000000000003552 2.5000000234075315 89.9999999999594
1.5000000000012563 2.500000023405573 89.99999999985633
0.5000000345765435 3.500000057983722 89.99999603781993
10.496882655941684 10.496882655941684 2.9309526258851404e-11
9.496882655940487 10.496882655941 89.9999999998923
8.496882655935263 10.496882655937657 4.907990272245627e-10
7.496882655930631 10.496882655933026 1.0214291732904005e-09
6.496882655893777 10.496882655896174 5.244382021679922e-09
5.496882644405435 10.496882644407835 1.321711210364261e-06
4.496882627874653 10.496882627877055 3.2159991665626187e-06
3.496882599817878 10.496882655933828 9.29702045658812e-10
2.496882589486533 10.49688264561871 89.99999881704501
10.496882655388877 9.496882655917164 2.8389616889865807e-09
9.49688265536383 9.496882655940329 89.99999999996898
8.496882655362631 9.496882655934298 1.0600393184256825e-10
7.496882655360324 9.496882655927344 3.704108095309276e-10
6.4968826553267025 9.496882655887259 4.2229510787268065e-09
5.496882655276109 9.496882632961169 1.0020223329336051e-08
4.4968826552233425 9.496882599952373 1.6066684088193672e-08
3.496882655219166 9.496882655805905 1.5588302390001885e-08
10.496882655652751 8.496882655652747 3.313872518814401e-08
9.496882655363144 8.496882655940183 89.99999999995245
8.496882645174662 8.496882645744476 89.99999883243865
7.496882645171896 8.49688264573798 89.99999883275548
6.4968826248699365 8.496882643164438 1.1591885268633993e-06
5.496882604545692 8.49688260260854 3.4881752649584093e-06
4.496882600036156 8.496882574162044 2.9714206659213715e-06
10.496882655610072 7.496882655031688 89.99999996197067
9.49688265528068 7.496882655938119 89.99999999971598
8.496882630591216 7.496882631241428 89.99999717051185
7.496882630579239 7.496882631220193 89.9999971691397
6.496882608923637 7.496882630000293 89.99999965068875
5.496882552450662 7.4968825796239456 6.122015101270481e-06
4.49688254766152 7.496882541878779 6.670809942541278e-06
10.496882655324022 6.496882654745636 89.99999992919174
9.496882654708676 6.496882655938021 89.99999999970494
8.49688263001476 6.496882631236876 89.99999716999062
7.4968826299968505 6.496882631209708 89.99999716793864
6.496882629015964 6.496882609315092 89.99999728033947
5.492170169495263 6.496882549287905 9.540569952540437e-06
10.496882643986442 5.496882642172218 1.3699990850206193e-06
9.496882632028159 5.496882655937808 89.99999999968077
8.49688260730874 5.496882631211161 89.99999716704413
7.496882607304942 5.496882631198105 89.9999971666092
6.494561168774126 5.4945611700214165 89.73335852694301
5.4922396224855055 5.496882549292879 9.541323491907068e-06
10.496882655909966 4.496882630248694 3.66410205046708e-09
9.496882655880363 4.496882655932646 2.7210944608668797e-10
8.496882631142428 4.496882631197803 89.9999971655138
7.496882631141707 4.496882631187822 89.9999971654314
10.496882655941905 3.4968826302166818 89.99999999999592
9.496882655940787 3.496882655929119 89.99999999986811
10.496882644066087 2.4968826183408614 89.99999863912736
4.487750479891072 6.484670449717753 0.516745685806769
4.487820300853287 5.484630400922081 0.516744899165316
6.484707486340705 4.489472881495057 89.14322651822287
5.353069661430086 4.492393545159305 0.5167460162310462
1.5753894476708348 9.72011820322315 25.85715993268892
0.6638738586179008 9.288233246664912 24.860883800083588
2.435924877859987 9.017238947393128 24.954549077024843
1.5324441846883337 8.588544639765905 24.95454907684158
0.6642709675701024 8.083976122190572 24.954549076722863
1.5452504376353968 7.390712051514232 27.539712809347343
2.424014869522717 7.900693991110273 25.795268084281215
3.3308939155684745 8.330893950426594 25.364641631917557
0.6745269399255566 6.8977281156976975 27.539712809366435
2.430344042273822 6.723189086959291 29.517555618763552
3.3348747465043025 7.226096589907524 25.364641707135597
0.6792613030059852 5.738266416856229 28.867229780757597
1.5601392682757214 6.230498841969409 29.517554117770487
3.276606704673998 6.0531690022832985 29.517554287736907
0.5000000116970101 4.500000080863258 89.99999865962145
1.5361971140347666 5.067788550373682 29.517552840115062
2.4064019293194443 5.560478753885889 29.517556116375726
1.6814474767926402 3.9875467276121563 29.517548575579532
2.5459395372770355 4.490326960945695 29.517550879784366
3.416144352412072 4.9830172258960355 29.517557609806204
9.73589026367455 1.5695537059868987 61.67217134732835
9.283496417960237 0.677381382121851 61.672174509679564
9.025488461479313 2.4372995897427936 66.09736488040038
8.5725987096345 1.5442073349425056 66.09736488038878
8.100317005158992 0.6597094777336489 66.09736488035874
7.403229821870789 1.5524160263256659 63.6289709377855
7.874519657542961 2.434913237399918 63.62897094020291
8.326823312693636 3.3268233075379383 63.62897094062346
6.931656534615636 0.6700593432533054 63.62897093909528
6.727059100266635 2.440678271197038 61.92279744478849
7.200899126944298 3.327681592066106 62.57205097146031
5.784916877857636 0.6764875191721312 61.92280065288357
6.255705575605143 1.5587335613440738 61.922797452093995
6.089488809507756 3.37011003765473 61.877815162512775
4.676487511928861 0.723266417875552 61.922802674783604
5.14714831357087 1.6055806631640914 61.922801664007
5.618135416476787 2.488165576462101 61.87781824217012
3.99456643118699 1.569590011848751 61.92279919662295
4.465022647009313 2.452013389715267 61.92280005819948
4.936508883458863 3.3343317446611382 61.87781705895405
4.167735615290074 4.248560692552512 31.987465735897974
3.302900702529405 3.74551897119939 31.987464680925218
2.4318867429190125 3.252370608581228 31.987465679952805
3.30584227104579 2.4035790992597668 61.94539136625227
