110 10.996813433547853
0.5000000000003756 10.496813433547478 89.99999999995703
10.496813433546604 0.5000000000012484 89.999999999857
0.5000000000004786 0.5000000000004786 5.4784000000000006e-11
1.5000000000006088 0.5000000000003496 4.0004e-11
2.500000000000669 0.5000000000004087 4.6768e-11
3.500000000000752 0.5000000000004906 5.616003014118161e-11
0.5000000114849603 1.5000000114859176 89.99999868392054
1.5000000240165996 1.50000000104668 1.1994048065844254e-07
2.5000000404414657 1.500000015379004 89.99999823778954
0.5000000004944573 2.5000000224764216 89.99999994333943
1.500000006999611 2.500000009092968 89.99999919790386
0.6002201198156067 3.5000000331961436 89.99999839280296
10.496813433544778 10.496813433544778 3.5231908097185757e-10
9.496813433541044 10.496813433547194 89.99999999992461
8.496813433540385 10.496813433547851 89.99999999999993
7.496813433538833 10.496813433546302 89.99999999982225
6.4968134193779195 10.496813419388491 1.622543386350649e-06
5.496813419356221 10.496813419366793 1.6250296919817333e-06
4.496813407541385 10.49681340755196 2.978910077186079e-06
3.4968133815601785 10.496813433533164 1.6832076374002024e-09
2.4968133669952586 10.496813418968246 1.670699945177047e-06
10.496813433546086 9.496813433543469 2.0247606112809916e-10
9.496813433541272 9.496813433544807 89.99999999965111
8.496813433539675 9.496813433546402 89.99999999983392
7.496813433532636 9.496813433539362 89.99999999902735
6.496813433524801 9.496813405228473 89.99999999992505
5.49681343351467 9.496813405195208 1.0858602682822848e-09
4.496813433483756 9.496813381596452 4.628236410239312e-09
3.496813433471627 9.49681343351959 3.2384474102393252e-09
10.496813433546194 8.496813433540042 89.99999999980999
9.49681343354549 8.496813433542716 89.99999999989038
8.496813433544117 8.49681343354552 89.99999999973323
7.496813433526631 8.496813433528034 89.99999999772947
6.49681341758769 8.49681338930869 1.824197596943075e-06
5.496813404213607 8.496813375911474 3.3567545344941864e-06
4.496813404191034 8.496813352321059 3.3593410324941014e-06
10.496813433546128 7.496813433539975 89.9999999998024
9.49681343354539 7.496813433542686 89.99999999988695
8.496813433540634 7.496813433542108 89.9999999993423
7.4968134335228465 7.496813433524323 89.99999999730417
6.4968134061634055 7.496813377891898 3.1324653923118745e-06
5.49681339055219 7.496813362257549 4.921378728034436e-06
4.496813371635133 7.49681331977265 7.0891136648707135e-06
10.496813433536325 6.496813433538745 89.99999999966157
9.496813433534133 6.496813433542462 89.99999999991252
8.49681343349274 6.496813433541263 89.9999999992455
7.496813433320744 6.496813433369269 89.99999997953637
6.496813296346261 6.496813366428399 1.8188457789788174e-06
5.4967653999682256 6.496813344560709 6.948814279362507e-06
10.4968134335456 5.496813433538043 89.99999999974187
9.496813433544101 5.496813433542453 89.99999999991338
8.496813433540602 5.496813433538931 89.99999999951261
7.496813433366558 5.4968134333689855 89.99999997956867
6.496813408094558 5.496813357207121 2.87552683523828e-06
5.496813372703472 5.496813344411466 6.931046485565544e-06
10.49681343354637 4.496813433537273 89.99999999983004
9.496813433542632 4.49681343354241 89.99999999991816
8.49681343353907 4.49681343353891 89.99999999951025
7.4968134333651895 4.496813433368842 89.99999997958504
10.496813433546956 3.4968134335360994 89.99999999996437
9.496813433545764 3.4968134335408156 1.0080198266425632e-10
10.496813433547718 2.496813433535652 1.5429302020829335e-11
4.493076508475192 6.486669689058148 0.4298225042078151
4.487048931024705 5.486596316503642 0.429824179732853
6.484681690137239 4.496813349363651 2.0258865305322615e-06
5.354601181004376 4.493076553860316 0.42982583664515767
1.5749576976336794 9.721265951017218 26.042661339782185
0.6652065489018545 9.288335460648412 25.176895827709117
2.4359258036867786 9.017802107528793 24.880411605764248
1.5327910388426649 8.588336853354585 24.88041160708596
0.6639567963052095 8.084911249313146 24.880411606564
1.5453827421092532 7.3911986189937355 27.4926566205704
2.423129584979812 7.8992132116665426 25.96639561154245
3.330642525104265 8.330642530792444 25.408622659619024
0.674352465551676 6.8987420156721235 27.49265661906822
2.4274678833307624 6.721548176967696 29.482623117989508
3.3346570872800743 7.225461731981441 25.408622664894374
0.6796638457698069 5.738354084116825 28.985065618967408
1.5569628805514457 6.229388546989614 29.482625393023415
3.276626570399036 6.052880640538586 29.482621930919162
0.5000000000007452 4.50000004722218 8.5334e-11
1.5356165367044223 5.068561407861977 29.482624027785775
2.4061215430611673 5.560721024165293 29.48262712244437
1.6813322818116527 3.9880912038466096 29.482621746991686
2.5457984360118115 4.490931973406969 29.482622632568106
3.4163034209561562 4.983091597543508 29.48262403305855
9.735507487634141 1.5696277946977866 61.7193826997561
9.283605499062949 0.6772140013195489 61.71938329730983
9.025204131186392 2.437256692727461 66.0830624134971
8.572823334916157 1.5439529350838985 66.08306241350792
8.099869899169281 0.6597729932277853 66.08306241345915
7.4028289529646605 1.5522837843054822 63.58468088409191
7.874772423322082 2.4344305292154784 63.58468088531684
8.326579685843404 3.3265796858400276 63.58468088531684
6.9306907957182435 0.6702337477070812 63.58468088409178
6.726910446082302 2.440252845014788 61.881651881093234
7.20204851822431 3.3280715289599456 62.6854053672347
5.78369616162 0.6766351652820256 61.881651983070896
6.254990495545828 1.5586111584850446 61.88165188125405
6.091324897873077 3.3726060378123055 61.8410112050711
4.676635153899198 0.7267074322380562 61.88165515939908
5.147929494267696 1.608683437959772 61.881653444409885
5.619405065951674 2.4909645728593897 61.84101117727997
3.993612829162625 1.5703219324263407 61.88164951363768
4.4646086313116164 2.4524574486393216 61.881649513676386
4.936646519407699 3.3344378351255766 61.841010032909615
4.168387792088805 4.248132837792418 32.086273236360284
3.303505780747456 3.7450612728557235 32.08627230659098
2.4320420841983097 3.252181804881387 32.10487797202706
3.3049567222633898 2.404002928612837 61.91458172065535
