110 10.996783568282469
0.5000000000050544 10.496783568277415 5.79035e-10
10.496783568250688 0.5000000000317811 3.641702e-09
0.5000000000005127 0.5000000000005127 89.9999999999414
1.5000000000207805 0.5000000000207778 89.99999999761918
2.50000000006284 0.5000000000212818 2.4385563815364337e-09
3.500000000067128 0.5000000000255671 2.929624542957754e-09
0.5000003011527665 1.500000301153792 3.450957525353955e-05
1.5000005603340048 1.5000000420131334 4.809588596456027e-06
2.5000008850891615 1.5000002828258427 89.99996759537517
0.5000002375904058 2.500000839896964 89.99997277413867
1.500000779384371 2.500000304245448 3.485920336397439e-05
0.6000590489959388 3.5000010626533657 89.99993405055166
10.49678356828166 10.49678356828166 9.244617320869165e-11
9.496783568280044 10.49678356828166 89.99999999990754
8.496783568279902 10.49678356828152 89.99999999989136
7.496783568278945 10.496783568282464 5.18581807928071e-13
6.496783508404668 10.496783508408189 6.861087329570744e-06
5.496783507285995 10.496783507289527 6.989276733413983e-06
4.496783304595184 10.496783304598726 3.0215939073951783e-05
3.496783040919997 10.496783568273912 9.805364568177414e-10
2.496782706344148 10.496783233698066 3.83405611621477e-05
10.496783568270102 9.496783568280495 89.9999999999592
9.496783568269601 9.49678356828071 1.618572334928298e-11
8.496783568246137 9.496783568259143 89.99999999732756
7.496783568229933 9.496783568275335 89.99999999918398
6.496783568227874 9.49678344852473 89.9999999989484
5.496783568223689 9.496783446291586 89.99999999942766
4.496783568222899 9.496783040909198 89.99999999933736
3.496783568202221 9.49678356826757 1.706645059924662e-09
10.496783568263098 8.496783568261478 89.99999999778026
9.49678356823327 8.496783568270397 1.1978045222349465e-09
8.496783568090985 8.496783568150631 89.99999998489328
7.496783567988838 8.49678356804848 89.99999997318854
6.496783319048248 8.49678319980888 2.8499692396063833e-05
5.496783295685301 8.496783174217095 3.117687598630177e-05
4.496783295590259 8.496782768738806 3.118777510010839e-05
10.496783568190526 7.496783568188904 89.99999998946419
9.496783568087261 7.496783568269526 1.2970531315659173e-09
8.496783567686263 7.496783567892781 89.99999995534624
7.496783567525452 7.4967835680439725 89.99999997370459
6.496781594580412 7.4967828558067815 6.791932985874608e-05
5.4918526775437595 7.496782813723255 7.217898191166654e-05
4.491852499347282 7.496782586535251 5.1759189739412845e-05
10.496783568201494 6.496783568177933 89.99999999072098
9.496783568108576 6.496783568268903 1.3682068811249337e-09
8.496783567800755 6.496783567798981 89.99999996609473
7.496783567735005 6.496783568043307 89.99999997362863
6.496783350691156 6.49678247991447 2.484507002940719e-05
5.496782877396432 6.496782760298628 7.908065100388312e-05
10.49678356820813 5.496783568054759 4.835312373917627e-09
9.4967835681326 5.496783568268755 1.3848620028511505e-09
8.496783567986613 5.496783567636999 89.99999998465614
7.49678356791385 5.496783568019831 89.99999997631855
6.4967831887487355 5.496781883728606 89.99995652718084
5.482734427343531 5.496782285928317 0.00013121747762435816
10.496783568266398 4.496783568028632 1.8415649899800142e-09
9.49678356826639 4.496783568264772 1.841019715212051e-09
8.496783568114683 4.496783567635258 89.9999999844569
7.496783568022523 4.496783567998692 89.99999997389662
10.496783568277143 3.496783568007234 89.99999999938984
9.49678356825722 3.4967835682632997 1.672613449423719e-09
10.4967835681457 2.4967835678651396 1.567237547481876e-08
4.496782685378741 6.496781690662939 5.70769753156893e-05
4.482733808367061 5.496780410692357 0.0002021471914877084
6.484658842487226 4.496781677832872 89.99993126665092
5.358149069718147 4.496781327318069 0.0002083703187464413
1.5748807250721637 9.721393541591125 26.0680519704118
0.6654628498438685 9.288492753377003 25.238231479996685
2.435908210702246 9.017851394908854 24.870429282221334
1.532820929372603 8.588279680945346 24.870429282347985
0.6639144094298925 8.084972195558946 24.87042928269746
1.5454029116950185 7.39120000513512 27.487539615607027
2.4229987002650595 7.898986394889705 25.98993549146129
3.3305760752031666 8.330576128407001 25.41745386312548
0.6743334653642526 6.8988119545314595 27.487539615273825
2.4226456822878433 6.718766821743002 29.47811129786569
3.330574828403254 7.223406658156676 25.417436784132015
0.6812248024108356 5.734677935765527 29.450101426712102
1.5521013207128944 6.226675652745704 29.478042309427593
3.276653779199922 6.052803233646895 29.47809310747911
0.5000002119764606 4.500001468614574 89.99997570928191
1.5355647113683133 5.0686215737186755 29.477995107763558
2.4061100225518994 5.56071189759338 29.47811117041645
1.6813167438916523 3.9877855091896253 29.47789366580039
2.5456425023314098 4.490877551409448 29.477942909600856
3.416187551859143 4.982969679865739 29.478134629797406
9.735494324265575 1.5695915939368843 61.714550762308505
9.28348859276159 0.6772311012172421 61.71456631109246
9.025184385845701 2.437225604178008 66.0837388104619
8.572696320018547 1.5439687546690868 66.08373881046654
8.09978317528648 0.6597699903585391 66.08373881037127
7.402741608760422 1.552293148249012 63.58675610352782
7.8746458230241165 2.4344606143958876 63.586756103529595
8.326557983361267 3.3265579828482372 63.58675610330025
6.9306362583553005 0.6702255848971013 63.58675610259826
6.726814842295938 2.4402821032259587 61.884203092182304
7.20183667501265 3.327979715376366 62.66917725948671
5.783672348013967 0.6766260178623632 61.88420417933583
6.254927660474006 1.5586228615970263 61.884204071641115
6.091206690367284 3.37264196505585 61.84312660541224
4.676625763548093 0.7266801947939184 61.88427514792997
5.147881277887802 1.6086779467113455 61.884172348787004
5.6193195909895035 2.4909829021188608 61.84313450180752
3.99359405125047 1.5703185595706117 61.88411832700797
4.464548258181337 2.4524762849426818 61.88411833191941
4.936554299812886 3.3344769594786916 61.843150816454845
4.168709048786683 4.247863405794062 32.165949182414714
3.3039460413937456 3.7445137498233327 32.165925764030504
2.432386428693383 3.2516782717239847 32.18382023866204
3.3049269346506827 2.4040238891721053 61.917449438668775
