110 10.996793274019572
0.5 10.496793274019572 0.0
10.496793274019572 0.5 0.0
0.5 0.5 0.0
1.5 0.5 0.0
2.5 0.5 0.0
3.5 0.5 0.0
0.5 1.5 0.0
1.5 1.5 0.0
2.5 1.5 0.0
0.5 2.5 0.0
1.5 2.5 0.0
0.5 3.5 0.0
10.496793274019572 10.496793274019572 0.0
9.496793274019572 10.496793274019572 0.0
8.496793274019572 10.496793274019572 0.0
7.496793274019573 10.496793274019572 0.0
6.496793274019573 10.496793274019572 0.0
5.496793274019573 10.496793274019572 0.0
4.496793274019573 10.496793274019572 0.0
3.496793274019572 10.496793274019572 0.0
2.496793274019572 10.496793274019572 0.0
10.496793274019572 9.496793274019572 0.0
9.496793274019572 9.496793274019572 0.0
8.496793274019572 9.496793274019572 0.0
7.496793274019573 9.496793274019572 0.0
6.496793274019573 9.496793274019572 0.0
5.496793274019573 9.496793274019572 0.0
4.496793274019573 9.496793274019572 0.0
3.496793274019572 9.496793274019572 0.0
10.496793274019572 8.496793274019572 0.0
9.496793274019572 8.496793274019572 0.0
8.496793274019572 8.496793274019572 0.0
7.496793274019573 8.496793274019572 0.0
6.496793274019573 8.496793274019572 0.0
5.496793274019573 8.496793274019572 0.0
4.496793274019573 8.496793274019572 0.0
10.496793274019572 7.496793274019573 0.0
9.496793274019572 7.496793274019573 0.0
8.496793274019572 7.496793274019573 0.0
7.496793274019573 7.496793274019573 0.0
6.496793274019573 7.496793274019573 0.0
5.496793274019573 7.496793274019573 0.0
4.496793274019573 7.496793274019573 0.0
10.496793274019572 6.496793274019573 0.0
9.496793274019572 6.496793274019573 0.0
8.496793274019572 6.496793274019573 0.0
7.496793274019573 6.496793274019573 0.0
6.496793274019573 6.496793274019573 0.0
5.496793274019573 6.496793274019573 0.0
10.496793274019572 5.496793274019573 0.0
9.496793274019572 5.496793274019573 0.0
8.496793274019572 5.496793274019573 0.0
7.496793274019573 5.496793274019573 0.0
6.496793274019573 5.496793274019573 0.0
5.496793274019573 5.496793274019573 0.0
10.496793274019572 4.496793274019573 0.0
9.496793274019572 4.496793274019573 0.0
8.496793274019572 4.496793274019573 0.0
7.496793274019573 4.496793274019573 0.0
10.496793274019572 3.496793274019572 0.0
9.496793274019572 3.496793274019572 0.0
10.496793274019572 2.496793274019572 0.0
4.487099866465203 6.487099866481216 1.1218366427949917
4.484021357081837 5.486847868555512 1.1218366427949917
6.484666649057637 4.496793273981505 2.2688894889711317e-10
5.356827594639985 4.495411217958449 0.15859164352022395
1.5748982292042464 9.72137831336299 26.06369189992754
0.6690327662218492 9.296466681832692 26.111873596424786
2.43591368896206 9.01785030910704 24.872310832948795
1.5328189095176492 8.588295542496827 24.872310832948795
0.6639224003980314 8.084973582504928 24.872310832948795
1.5453923280564537 7.3912090542503295 27.48862500982484
2.423018095756896 7.899029979183268 25.98591270630301
3.3306010334098914 8.33060103344394 25.413779653203548
0.674337496044385 6.898794342232628 27.48862500982484
2.4276087601929857 6.721596296629238 29.479845663815638
3.3346196269541655 7.225375253123928 25.413779653203548
0.681808043514222 5.743012500499978 29.627377042199296
1.5570285213794393 6.229449876186977 29.479845663815652
3.2766411631948826 6.05283454439366 29.479845663815638
0.5000000000019935 4.500000000030031 2.2843094557735904e-10
1.535583449645917 5.068599796917355 29.47984566381106
2.4061123064204 5.560717170655507 29.479845663815652
1.6813231152602275 3.987899647652029 29.479845663811073
2.545699674692777 4.490900100625784 29.479845663815652
3.4162285314672602 4.983017474363937 29.479845663815652
9.735498471356463 1.5696034181202576 61.716142940483245
9.283526842248001 0.6772255048486875 61.716142940483245
9.025190705031331 2.4372357306451815 66.08351482482422
8.572737852481586 1.543963484902248 66.08351482482422
8.099811294950705 0.6597709847612594 66.08351482482422
7.402769905735095 1.5522899813591897 63.58604887554148
7.874687183246082 2.434450542530613 63.586048875541486
8.32656490714829 3.326564907122217 63.586048875535894
6.93065342325254 0.6702283668592346 63.58604887554148
6.72684606965338 2.440272353172672 61.883358626843986
7.20190640610303 3.328009889323177 62.67453412851775
5.783679697879777 0.6766290485933875 61.883358626843375
6.254947770119346 1.5586190735367682 61.883358626843375
6.0912459369469625 3.372631003975855 61.842417848673065
4.6766290486134485 0.7266905139074142 61.883358626843375
5.147897120853017 1.608680538850795 61.883358626843375
5.619347757884709 2.490977949418817 61.842417848673065
3.9936001910343455 1.5703194043379016 61.883358626843375
4.464567514626387 2.452470126376874 61.883358626843375
4.936584644571545 3.3344646024327704 61.842417848673065
4.168585597901107 4.247964325518648 32.13652355314195
3.303779263465597 3.7447168536478252 32.13652355314195
2.4322567859110484 3.2518666026806273 32.15445237796844
3.304936526337715 2.404016717322753 61.91653198190763
