110 10.997568494782334
1.5737939507281578 9.727654704134855 26.85402832942085
0.6719396402108533 9.295081762602305 26.854028329420846
2.437030982309938 9.021558814743578 24.526757063483934
1.5352183069446794 8.589006953941869 24.52675706348393
0.6624428293408196 8.092817549889812 24.526757063483934
1.5451858075721083 7.396502795456566 27.41227249833435
2.4288615502610926 7.898036229040111 25.62457150094453
3.3305086922154956 8.33050869221652 25.6245715009442
0.6740533661676613 6.904135165688112 27.412272498334335
2.433405613508021 6.729956640338091 28.873664954884237
3.334692121470557 7.223433944680272 25.624571500944242
0.6787424588485393 5.767406138645889 28.716645549477757
1.5627928294629454 6.237875565284215 28.87366495488426
3.3182852413890753 6.075944805288608 28.87366495488425
1.570284733304748 5.0949636440268495 29.38592938010096
2.444031158062361 5.581370211974979 29.38592938010098
1.6551091756720888 3.9394148262980573 35.25307319619504
2.5468248676955287 4.490037010971907 29.54151761383918
3.4174224029580107 4.982034375767261 29.541517613839172
9.734831660812379 1.5709792180420346 62.00622283176857
9.28764219720995 0.676187120245288 62.00622283176857
9.025058058232617 2.438079846207721 66.0142208340488
8.577544167307135 1.5426774294567585 66.01422083404879
8.101254773845994 0.6600781349572031 66.01422083404883
7.404513547398457 1.5518476974916813 63.44453860930655
7.879721650781867 2.4322835066370527 63.44453860930656
8.326785536745948 3.326785536744925 63.44453860930658
6.930563831142822 0.6707829580359768 63.44453860930657
6.730128284352001 2.4401413974355477 61.91437471696196
7.211331918791495 3.331761278062484 63.4445386093066
5.786234684112618 0.6763072900722928 61.972898869757294
6.25618643676203 1.5590518300642975 61.96759484456155
6.092753905794584 3.3694813325804085 61.410260833557196
4.676307290072738 0.7193788559624501 61.97289886986132
5.146196438025844 1.6021042881531828 61.9728988698613
5.616215056714283 2.4848692365653693 61.961929245476185
3.9955975234043852 1.5687710557190386 61.9728988698613
4.4654866713574926 2.45149648790977 61.97289886986128
4.935577932028762 3.334222767809446 61.96192924547617
3.3068593810581586 2.4030812910997437 61.97289886986127
4.172640420632567 4.2451833553434755 33.01075272929353
3.3097321095216254 3.737851809397212 33.010752729293536
2.43737916309291 3.2445777996596554 33.04072360080579
0.500000000000103 10.497568494782232 7.5e-14
10.497568494782232 0.500000000000103 89.99999999999994
0.5000000000001021 0.5000000000001021 0.0
1.5000000000003069 0.5000000000001021 0.0
2.500000000000512 0.5000000000001021 0.0
3.5000000000007168 0.5000000000001021 0.0
0.5000000000001021 1.5000000000003095 6e-15
1.5000000000003069 1.5000000000003069 0.0
2.500000000000512 1.5000000000003069 89.99999999999999
0.5000000000001021 2.500000000000516 3e-15
1.5000000000003069 2.500000000000512 0.0
0.5000000000001021 3.500000000000721 1.1e-14
10.497568494782232 10.497568494782232 89.99999999999994
9.497568494782026 10.497568494782232 89.99999999999994
8.497568494781822 10.497568494782232 89.99999999999994
7.497568494781617 10.497568494782232 89.99999999999996
6.497568494781412 10.497568494782232 89.99999999999997
5.497568494781207 10.497568494782232 89.99999999999997
4.497568494781002 10.497568494782232 89.99999999999999
3.497568494780797 10.497568494782232 0.0
2.497568494780592 10.497568494782232 1.5e-14
10.497568494782232 9.497568494782026 89.99999999999994
9.497568494782026 9.497568494782026 89.99999999999997
8.497568494781824 9.497568494782026 89.99999999999997
7.497568494781619 9.497568494782026 89.99999999999999
6.497568494781413 9.497568494782026 89.99999999999999
5.497568494781209 9.497568494782026 89.99999999999997
4.497568494781004 9.497568494782026 89.99999999999999
3.4975684947807992 9.497568494782026 1.4e-14
10.497568494782232 8.497568494781822 89.99999999999994
9.497568494782026 8.497568494781822 89.99999999999996
8.497568494781822 8.497568494781824 89.99999999999997
7.497568494781618 8.497568494781822 89.99999999999999
6.4975684947814125 8.497568494781822 7.1e-14
5.497568494781207 8.497568494781822 9.9e-14
4.497568494781002 8.497568494781822 1.28e-13
10.497568494782232 7.497568494781619 89.99999999999994
9.497568494782026 7.497568494781618 89.99999999999996
8.497568494781822 7.497568494781619 89.99999999999994
7.497568494781618 7.497568494781617 89.99999999999997
6.497568494781411 7.497568494781617 9.9e-14
5.4975684947812065 7.497568494781617 9.9e-14
4.497568494781001 7.497568494781616 1.17e-13
10.497568494782232 6.4975684947814125 89.99999999999996
9.497568494782026 6.4975684947814125 89.99999999999994
8.49756849478182 6.497568494781413 89.99999999999994
7.497568494781615 6.497568494781412 89.99999999999993
6.497568494781408 6.497568494781411 5.7e-14
5.497568494781202 6.497568494781412 1.35e-13
10.497568494782232 5.497568494781208 89.99999999999996
9.497568494782026 5.497568494781209 89.99999999999997
8.497568494781822 5.497568494781209 89.99999999999993
7.497568494781617 5.4975684947812065 89.99999999999996
6.497568494781411 5.497568494781205 0.0
5.497568494781205 5.4975684947812065 1.6e-13
10.497568494782232 4.497568494781003 89.99999999999997
9.497568494782026 4.497568494781004 89.99999999999994
8.497568494781822 4.497568494781004 89.99999999999993
7.497568494781618 4.497568494781001 89.99999999999996
10.497568494782232 3.497568494780798 89.99999999999997
9.497568494782026 3.497568494780799 89.99999999999997
10.497568494782232 2.497568494780593 89.99999999999997
4.497568494780995 6.4868400354588305 2.58e-13
4.497568494780999 5.486840035458624 2.67e-13
6.48512601698171 4.4975684947809995 0.0
5.359433475261257 4.491338420935411 0.718436914573458
0.5000000000001021 4.588663679797246 7e-15
