266 16.823035606485497
0.5000000000000011 16.323035606485494 0.0
1.5000000000000033 16.323035606485494 0.0
2.5000000000000053 16.323034294124252 0.0
3.500000000000008 16.323035606485494 0.0
4.50000000000001 16.323035606485494 0.0
5.500000000000012 16.323035606485494 0.0
6.500000000000014 16.323035606485494 0.0
7.500000000000017 16.323035606485494 0.0
8.50000000000002 16.323035606485494 0.0
9.500000000000021 16.323035606485494 0.0
10.500000000000023 16.323035606485494 5.684341886080802e-14
11.500000000000027 16.323035606485494 4.585322380731348e-14
12.50000000000003 16.32281086123533 1.8418645267240843e-13
13.500000000000032 16.323035606485494 1.5103134786407884e-13
0.500000000000001 15.323035606485492 0.0
1.5000000000000033 15.323035606485492 0.0
2.5000000000000053 15.323030779988423 8.089662840975338e-16
3.500000000000008 15.323035606485492 0.0
4.50000000000001 15.323035606485492 0.0
5.500000000000012 15.323035606485492 0.0
6.500000000000014 15.323035606485492 0.0
7.500000000000017 15.323035606485492 1.6146796083104237e-15
8.50000000000002 15.323035606485492 0.0
9.500000000000021 15.323035606485492 1.2270979169337726e-14
10.500000000000025 15.323035606485492 4.61128274080943e-14
11.500000000000028 15.323035606485492 9.708206058793074e-15
12.50270351445458 15.319752823320703 0.3057334542663967
0.5000000000000011 14.32303560648549 0.0
1.5000000000000033 14.32303560648549 0.0
2.5000000000000053 14.32302900789679 5.97108599275822e-15
3.500000000000008 14.32303560648549 0.0
4.50000000000001 14.32303560648549 0.0
5.500000000000012 14.32303560648549 0.0
6.500000000000014 14.32303560648549 0.0
7.500000000000017 14.32303560648549 0.0
8.50000000000002 14.32303560648549 5.8885339959836775e-15
9.500000000000023 14.32303560648549 2.1991945532155317e-15
10.500000000000025 14.32303560648549 4.5511488732250855e-14
11.500000000000027 14.323035606485488 7.696140470555497e-15
0.5000000000000011 13.323035606485488 0.0
1.5000000000000033 13.323035606485488 3.1337322020284534e-17
2.5000000000000053 13.323024571709489 7.701511218278717e-15
3.500000000000008 13.323035606485488 0.0
4.50000000000001 13.323035606485488 0.0
5.500000000000012 13.323035606485488 0.0
6.500000000000014 13.323035606485488 0.0
7.500000000000017 13.323035606485488 2.569231599697208e-15
8.500000000000021 13.323035606485488 7.536202317152342e-15
9.500000000000023 13.323035606485488 0.0
10.500000000000025 13.323035606485487 4.552523367333509e-14
0.5000000000000011 12.323035606485485 2.4289832772444265e-15
1.5000000000000033 12.323035606485485 0.0
2.5000000000000053 12.322998296920023 2.0437124233195973e-14
3.5000000000000084 12.323035606485485 0.0
4.50000000000001 12.323035606485485 0.0
5.500000000000012 12.323035606485485 0.0
6.500000000000014 12.323035606485485 3.5000528399305554e-15
7.500000000000017 12.323035606485485 0.0
8.50000000000002 12.323035606485485 2.789787911174864e-14
9.500000000000023 12.323035606485483 4.1808905650313864e-16
0.5000000000000011 11.323035606485483 0.0
1.5000000000000033 11.323035606485483 3.3948477368576522e-15
2.5000000000000053 11.322901345600691 6.064797608739961e-15
3.500000000000008 11.323035606485483 0.0
4.50000000000001 11.323035606485483 0.0
5.500000000000012 11.323035606485483 0.0
6.500000000000014 11.323035606485483 4.3141523168100694e-15
7.500000000000017 11.323035606485483 0.0
8.50000000000002 11.323035606485481 3.987377453542659e-14
0.5000000000000011 10.323035606485481 2.8767688194200798e-15
1.5000000000000033 10.323035606485481 5.313928209395644e-15
2.5000000000000053 10.3228145603116 6.407809955277155e-15
3.500000000000008 10.323035606485481 3.662279291996734e-15
4.50000000000001 10.323035606485481 2.1334305383329033e-15
5.500000000000012 10.323035606485481 0.0
6.500000000000014 10.323035606485481 3.701689082207515e-15
7.500000000000018 10.32303560648548 89.99999999999999
0.5000000000000011 9.32303560648548 3.4501254226813315e-15
1.5000000000000033 9.32303560648548 3.56228616910438e-15
2.5000000000000053 9.322290171549106 4.539690378445235e-15
3.500000000000008 9.32303560648548 3.098148236135726e-15
4.50000000000001 9.32303560648548 5.602649500210144e-15
5.500000000000012 9.32303560648548 1.842731684455202e-15
6.500000000000014 9.32303560648548 2.8134307578553762e-15
0.5000000000000011 8.323035606485476 4.7555231799238045e-15
1.5000000000000033 8.323035606485476 4.0013406149684475e-15
2.5000000000000053 8.32150155960853 1.2309747275710197e-15
3.500000000000008 8.323035606485476 2.6721334870499403e-15
4.50000000000001 8.323035606485476 4.218991425285717e-15
5.500000000000012 8.323035606485476 4.4850770537528145e-15
0.5000000000000011 7.323035606485474 2.5534970632318195e-15
1.5000000000000033 7.323035606485474 3.837934630217894e-15
2.5000000000000053 7.320613323098129 9.201038518304852e-15
3.500000000000008 7.323035606485474 6.814820376419807e-15
4.50000000000001 7.323035606485474 6.474242170047643e-15
0.5000000000000011 6.3230356064854725 1.0588014142141187e-15
1.5000000000000033 6.3230356064854725 4.392206215038855e-15
2.5000000000000053 6.319756387927026 1.1658277713620522e-14
3.500000000000008 6.3230356064854725 1.714041850454272e-14
0.5000000000000011 5.32303560648547 2.2253239678965384e-15
1.5000000000000033 5.32303560648547 6.264511604908627e-15
2.5003702116942605 5.3193876325087865 0.04204902259219762
0.5000000000000011 4.323035606485468 4.624794938334126e-16
1.5000000000000033 4.323035606485467 3.5023049038755435e-15
0.5000000000000011 3.3230356064854654 2.827949275453281e-15
16.323035606485494 0.5000000000000014 0.0
15.323035606485492 0.5000000000000011 0.0
14.32303560648549 0.5000000000000011 0.0
13.323035606485488 0.5000000000000011 4.545668886526014e-16
12.323035606485485 0.5000000000000011 0.0
11.323035606485483 0.5000000000000011 0.0
10.323035606485481 0.5000000000000011 0.0
9.32303560648548 0.5000000000000011 0.0
8.323035606485476 0.5000000000000011 0.0
7.323035606485474 0.5000000000000011 0.0
6.3230356064854725 0.5000000000000011 0.0
5.32303560648547 0.5000000000000012 89.99999999999999
4.323035606485468 0.5000000000000011 0.0
3.3230356064854654 0.5000000000000011 4.611903438943698e-17
2.323035606485463 0.5000000000000011 5.7935346169184e-16
16.323035606485494 1.5000000000000038 0.0
15.323035606485492 1.5000000000000033 0.0
14.32303560648549 1.5000000000000033 0.0
13.323035606485488 1.5000000000000033 0.0
12.323035606485485 1.5000000000000033 0.0
11.323035606485483 1.5000000000000033 0.0
10.323035606485481 1.5000000000000033 0.0
9.32303560648548 1.5000000000000033 0.0
8.323035606485476 1.5000000000000033 0.0
7.323035606485474 1.5000000000000033 2.6083133561735775e-15
6.3230356064854725 1.5000000000000033 0.0
5.32303560648547 1.5000000000000033 0.0
4.323035606485468 1.5000000000000033 0.0
3.3230356064854654 1.5000000000000033 2.4838217819275547e-16
16.32303278727166 2.500000000000006 2.842170943040401e-14
15.323029861633586 2.5000000000000053 1.4210854715202004e-14
14.323028844695479 2.5000000000000053 3.0908152958716854e-15
13.32302698339773 2.5000000000000053 1.359882313820262e-14
12.323025528726863 2.5000000000000053 1.0483004774813255e-14
11.32302174058131 2.5000000000000053 1.705828506212653e-14
10.32301925834429 2.5000000000000053 7.553236309601215e-15
9.323015306435881 2.5000000000000053 3.2469242635753463e-15
8.323010420813931 2.5000000000000053 1.0512849609741366e-14
7.3229946993243455 2.5000000000000053 8.222162675678851e-15
6.322977111821561 2.5000000000000053 5.881538503714509e-15
5.322944846730208 2.5000000000000053 0.0
4.322879295638312 2.50001791297625 89.9981160401034
16.323035606485494 3.500000000000008 1.4210854715202004e-14
15.323035606485492 3.500000000000008 1.4210854715202004e-14
14.32303560648549 3.5000000000000084 0.0
13.323035606485488 3.500000000000008 4.724877539817714e-15
12.323035606485485 3.500000000000008 6.255223823509492e-15
11.323035606485483 3.500000000000008 6.782577256721004e-15
10.323035606485481 3.500000000000008 5.022624320529121e-15
9.32303560648548 3.500000000000008 2.7646312251786848e-15
8.323035606485476 3.500000000000008 5.339984790950956e-15
7.323035606485473 3.500000000000008 6.6684401946837085e-15
6.323035606485472 3.500000000000008 2.3610193008880958e-14
5.323035606485469 3.500000000000008 9.952906850648136e-15
16.323035606485494 4.50000000000001 1.4210854715202004e-14
15.323035606485492 4.50000000000001 1.4210854715202004e-14
14.32303560648549 4.50000000000001 1.4210854715202004e-14
13.323035606485488 4.50000000000001 6.693693151955843e-15
12.323035606485485 4.50000000000001 5.170955874892264e-15
11.323035606485483 4.50000000000001 6.714827060195986e-15
10.323035606485481 4.50000000000001 5.831154808661819e-15
9.32303560648548 4.50000000000001 3.906569129522698e-15
8.323035606485476 4.50000000000001 3.8513029513067145e-15
7.323035606485473 4.50000000000001 1.0851288436355921e-14
6.323035606485472 4.50000000000001 3.5489307496576776e-14
16.323035606485494 5.500000000000012 1.4210854715202004e-14
15.323035606485492 5.500000000000012 1.4210854715202004e-14
14.32303560648549 5.500000000000012 1.4210854715202004e-14
13.323035606485488 5.500000000000012 4.347431042397282e-15
12.323035606485485 5.500000000000012 3.650583629108202e-15
11.323035606485483 5.500000000000012 5.285808357185669e-15
10.323035606485481 5.500000000000012 4.39516151801085e-15
9.32303560648548 5.500000000000012 2.3028380709299697e-15
8.323035606485476 5.500000000000012 3.160263136857362e-15
7.323035606485473 5.500000000000012 2.64249497088213e-15
16.323035606485494 6.500000000000014 0.0
15.323035606485492 6.500000000000014 6.110696980448669e-17
14.32303560648549 6.500000000000015 1.4210854715202004e-14
13.323035606485488 6.500000000000014 7.088910283757955e-15
12.323035606485485 6.500000000000014 0.0
11.323035606485483 6.500000000000014 4.902528516067463e-15
10.323035606485481 6.500000000000014 4.1577729070323005e-15
9.32303560648548 6.500000000000014 0.0
8.323035606485476 6.500000000000015 4.8838050303045525e-15
16.323035606485494 7.500000000000017 0.0
15.323035606485492 7.500000000000017 0.0
14.32303560648549 7.500003400053782 0.0
13.323035606485488 7.500000000000017 6.069995800496439e-15
12.323035606485485 7.500000000000017 1.937918026441094e-15
11.323035606485483 7.500000000000017 2.6273710985742398e-15
10.323035606485481 7.500000000000017 1.9907264017759935e-15
9.32303560648548 7.500000000000018 1.45541810275384e-14
16.323035606485494 8.50000000000002 1.4210854715202004e-14
15.323035606485492 8.50000000000002 1.4210854715202004e-14
14.32303560648549 8.500005258538257 2.842170943040401e-14
13.323035606485488 8.50000000000002 2.6849543909832855e-14
12.323035606485485 8.50000000000002 2.930013391749413e-14
11.323035606485483 8.50000000000002 3.073663258923828e-14
10.32303560648548 8.50000000000002 5.5205583314870125e-14
16.323035606485494 9.500000000000021 2.842170943040401e-14
15.323035606485492 9.500000000000021 2.842170943040401e-14
14.32303560648549 9.500006586331688 2.842170943040401e-14
13.323035606485488 9.500000000000021 3.1471459644695376e-14
12.323035606485485 9.500000000000021 4.138208216508293e-14
11.323035606485481 9.500000000000021 1.6890151683205655e-14
16.323035606485494 10.500000000000025 2.4793622564345016e-14
15.323035606485492 10.500000000000023 2.842170943040401e-14
14.32303560648549 10.500038322213346 7.572865136608964e-14
13.323035606485488 10.500000000000025 5.304357882660087e-14
12.323035606485483 10.500000000000025 5.124477215432628e-14
16.323035606485494 11.500000000000027 2.50116583813974e-14
15.323035606485492 11.500000000000027 2.842170943040401e-14
14.32303560648549 11.500556342618896 3.1684913466889626e-14
13.323035606485488 11.500000000000027 5.623664025063416e-14
16.323035606485494 12.50000000000003 2.842170943040401e-14
15.323035606485492 12.50000000000003 4.263256414560601e-14
14.32303560648549 12.500602733735509 4.263256414560601e-14
16.323035606485494 13.500000000000032 2.6888979498735532e-14
15.323035606485492 13.500000000000032 3.059309437355502e-14
16.323035606485494 14.500000000000034 2.6700040951848534e-14
16.29595692376532 16.297016891944562 0.37943271315433247
0.5582526086033729 0.5000000000000011 0.0
0.5000000000000011 1.5000000000000033 3.1312862774973162e-15
14.80677459468479 16.134388289871264 31.87938996368723
15.470552134412088 15.369590231939524 31.87938996368723
1.348567585442793 2.434267087408979 25.130888585064483
1.6650137691774363 1.4781519670453092 25.130888585064483
2.0497804610239694 3.2941084974080357 25.13088858506441
2.4744680210426733 2.3887685190764896 25.130888585064422
2.750626455364813 4.154732017092996 25.130888585064394
3.175602308561837 3.248777461447713 25.130888585064433
3.6592322862485824 4.572457501559655 25.130888585064394
4.08454078023188 3.6657938293058607 25.130888585064433
4.357546190517876 5.4384788774248545 25.13088858506366
4.782233750536579 4.5331388990933075 25.130888585063662
5.058759066099057 6.298320287423919 25.13088858506347
5.483446626117761 5.392980309092372 25.130888585063467
5.75997194168024 7.15816169742299 25.130888585062994
6.184659501698944 6.252821719091444 25.130888585062973
6.665269345180276 7.582940017569059 25.13088858506298
7.124079699440732 6.668822130086915 25.106227771442406
7.366524795592981 8.44269066744074 25.130888585062998
7.821224045708971 7.551428926837016 25.13088858506303
8.067737671174166 9.302532077439809 25.130888585062962
8.522436921290163 8.41127033683609 25.130888585062902
8.768950546755358 10.162373487438899 25.13088858506126
9.223649796871355 9.271111746835178 25.13088858506126
9.674287203921391 10.587068127448154 25.13088858506121
10.129639328457358 9.694414602979712 25.13088858717522
10.37550340066814 11.446902457456638 25.13088858505894
10.830202650802523 10.555640716861538 25.13088858505897
11.07671627624935 12.306743867455745 25.13088858505845
11.531415526383729 11.415482126860645 25.13088858505845
11.79653073567031 13.140639343600709 29.80820908831971
12.251615072320135 12.248875493377373 29.808209088319735
12.678119930215031 13.635538641807559 28.537699175531728
13.15043731066475 12.739273574258366 27.026183100946398
13.372050108836605 14.452683568636795 28.53769917553179
14.042274404046928 13.67873919117468 28.534927303334896
14.078313826891362 15.30749326536194 25.13088858506313
14.755579683330692 14.520635694731238 25.130888585063232
