126 11.774735132390274
0.5000075924815288 11.27473513239017 89.99999999999996
1.5000267471645472 11.27473513239017 89.99999999999997
2.500049280836227 11.274733343051 89.99999274099125
0.5000000000001021 10.274735132389967 0.0
1.5000457808508543 10.274735132389965 89.99999999999997
0.5000000000001021 9.27473513238976 0.0
1.5000000000003073 9.27473513238976 89.99999999999999
0.5000245215334393 8.274735132389555 89.99999999999997
0.5000000000001021 7.274735132389348 0.0
11.274729542343128 11.27473513239017 89.99999999999999
10.274721499131557 11.27473513239017 89.99999999999999
9.274713036372242 11.27473513239017 7e-15
8.274705775560225 11.27473513239017 2e-15
7.274698802900568 11.27473513239017 89.99999999999999
6.274690590206122 11.274735132385747 89.99999999949272
5.274683395654058 11.274735132390173 89.99999999999991
4.274677215865258 11.274735132390173 89.99999999999996
11.274735132390173 10.274735132389965 89.99999999999997
10.274735132389967 10.274735132389965 89.99999999999996
9.27473513238976 10.274735132389965 89.99999999999997
8.274735132389555 10.274735132389967 2e-15
7.274735132389349 10.274735132389967 89.99999999999997
6.274735132389144 10.27469064302666 89.99999999999997
5.274735132388938 10.274735132389967 89.99999999999991
11.274735132390173 9.27473513238976 89.99999999999993
10.274735132389967 9.274735132389761 89.99999999999996
9.274735132389761 9.274690826828024 89.99999999999999
8.274735132389555 9.274735132389761 0.0
11.274735132390173 8.274735132389551 89.99999999999996
10.274735132389965 8.274735132389555 89.99999999999994
11.27473513239017 7.2747351323893445 0.0
0.5000067319634356 0.5000000000001021 0.0
1.5000182074248816 0.5000000000001021 0.0
2.5000269251654132 0.5000000000001021 0.0
3.5000351090338504 0.5000000000001021 89.99999999999999
4.500041679837236 0.5000000000001021 0.0
5.50004731238982 0.5000000000001021 89.99999999999999
6.50005266891205 0.5000000000001021 89.99999999999999
7.500057554148657 0.5000000000001021 89.99999999999997
0.5000055864556758 1.5000000000003073 0.0
1.500010824318494 1.5000000000003073 0.0
2.50001680523446 1.5000000000003073 89.99999999999997
3.500022928376997 1.5000000000003073 89.99999999999999
4.500029376130188 1.5000000000003073 89.99999999999997
5.500036253290831 1.5000000000003082 89.99999999999996
6.500047812964432 1.5000000000003073 89.99999999999997
7.500056097456455 1.5000000000003073 89.99999999999994
0.5000000000001021 2.500000000000514 89.99999999999999
1.5000000000003073 2.500000000000514 89.99999999999997
2.5000000000005134 2.5000000000005134 89.99999999999997
3.500000000000719 2.5000000000005134 89.99999999999999
4.500000000000925 2.5000000000005134 89.99999999999997
5.50000000000113 2.50004377793146 89.99999999999997
6.500000000001336 2.500000000000513 89.99999999999996
0.5000000000001021 3.50000000000072 89.99999999999999
1.5000000000003073 3.50000000000072 89.99999999999997
2.5000000000005134 3.500043600264019 89.99999999999997
3.500000000000719 3.5000000000007185 89.99999999999997
0.5000000000001021 4.500000000000928 89.99999999999997
1.5000000000003082 4.500000000000925 89.99999999999996
0.500000000000103 5.500000000001134 89.99999999999996
11.274726295011718 0.5000000000001021 0.0
10.274710486857845 0.5000000000001021 6e-15
9.27468858695718 0.5000013357370712 1.2382283084e-05
11.274722843360575 1.5000000000003073 0.0
10.274700916180164 1.5000000000003073 2e-15
9.27468289282961 1.500003905307043 1.9768046509e-05
11.27473513239017 2.500000000000514 89.99999999999999
10.274688691766235 2.5000000000005134 1.3e-14
11.27473513239017 3.5000000000007194 1.3e-14
10.274735132389967 3.5000000000007185 9e-15
11.274710646029472 4.5000000000009255 2.9e-14
11.27473513239017 5.5000000000011315 4.8e-14
6.593684867195827 5.472816970579856 66.7537504137626
9.946901383100249 5.47393456830576 63.648942958412256
3.409673835198752 8.245532317102302 66.75375041376263
1.8278338971395272 7.30080049084894 63.64894295841221
8.818917656989175 5.449749906882901 63.64894295841279
6.199001153036253 4.553999923623492 66.75375041376263
5.181050265194448 7.301918161810622 66.75375041376262
4.651358241734873 3.6513582417346675 67.90379064247459
3.8043096497407127 9.16436993964447 66.75375041376266
7.656750380559408 2.6567503805583796 66.7537504137627
7.123376890655401 9.123376890655813 67.90379064247458
4.117984751830866 10.1179847518321 66.75375041376267
2.7541086526382896 4.656750380558792 66.7537504137626
8.365061297191524 4.529202815288175 66.75375041376265
5.4926043326673435 5.46836539948738 67.90379064247455
9.020626479751984 8.117984751831688 66.75375041376269
9.238686544631964 6.357779344435303 63.64894295841261
2.5360485877583097 6.416955787955175 63.64894295841247
6.020626479751373 9.117984751831893 66.75375041376263
6.988368581355401 6.391634017536223 66.7537504137626
2.045340501914091 5.538146617252887 62.97856998400794
6.282130799722931 7.306369732903097 67.90379064247455
2.9558174754010973 7.324985225507577 63.64894295841266
7.271073720103912 4.516092482126358 66.75375041376267
5.5757339793540215 8.220735208766985 66.75375041376263
8.751381701503181 2.648259963017617 72.00926916082057
7.829035321510155 8.207232165341754 66.75375041376262
4.898321587447799 9.177469808547048 66.75375041376263
6.727535780325045 8.20481232126344 67.90379064247455
1.3420270090347746 6.3765841786578585 58.378166385568576
7.970425326305058 3.6103652599047855 66.75375041376267
7.433261081752754 7.2888835606011275 66.75375041376262
2.693859952049326 9.147383855714256 68.3349071365852
5.0471993520652285 4.569922811127039 67.90379064247459
6.876413668412001 3.59726527080631 66.7537504137627
4.786366551034874 6.383101114854258 66.7537504137626
8.506448419382673 7.250497262309371 66.75375041376265
3.945699603644506 4.567503056068104 66.75375041376263
9.729394630476184 7.236588515137592 62.978569984007876
3.6640851977294355 6.4425760602428515 66.7537504137626
9.096552808930891 3.5876393164377323 72.00930594600261
4.341474050637521 5.485851571789351 66.75375041376262
10.4327081233555 6.398150953732621 58.37816638556872
9.502994307844087 4.577861741879061 63.648942958412825
4.5036614122863625 8.258642650264123 66.75375041376265
4.10897769812679 7.339825603307757 66.75375041376262
3.018259638940261 10.095571849413716 68.4543763968574
7.665757434263485 5.434909529082722 66.75375041376265
2.2717408245461885 8.19687339051142 63.648942958412775
5.887367566195137 6.387367566195239 67.90379064247455
8.110649934660838 6.332159072147628 66.75375041376263
3.268286164422762 5.52423810572922 66.7537504137626
5.754108652638901 3.6567503805585857 66.75375041376263
