108 10.995103408431305
0.5000000000001066 10.495103408431198 1.02e-13
10.495103408431198 0.5000000000001066 89.9999999999999
0.5000000000001039 0.5000000000001119 0.0
1.5000000000003113 0.5000000000001119 3e-15
2.5000000000005196 0.5000000000001048 1.1e-14
3.5000000000007274 0.5000000000001039 89.99999999999999
0.5000000000001075 1.5000000000003526 1.74e-13
1.5000000000003202 1.5000000000003548 2.27e-13
2.500000000000533 1.5000000000003153 2e-13
0.5000000000001066 2.500000000000693 89.99999999999993
1.5000000000003202 2.5000000000005778 89.99999999999982
0.5524642772157184 3.500000000000968 8.96e-13
10.4951034084312 10.4951034084312 89.99999999999997
9.495103408430994 10.495103408431202 89.99999999999997
8.495103408430786 10.4951034084312 89.99999999999999
7.4951034084305785 10.4951034084312 2e-14
6.495103408430371 10.495103408431193 9.3e-14
5.495103408430164 10.495103408429832 1.29e-13
4.495103408429958 10.495103408429836 1.49e-13
3.495103408429749 10.495103408431198 9e-14
2.49510340842954 10.495103408431198 6.6e-14
10.495103408431202 9.495103408430994 89.99999999999994
9.495103408430994 9.495103408430994 89.99999999999994
8.495103408430786 9.495103408430994 89.99999999999996
7.49510340843058 9.495103408430992 8.1e-14
6.495103408430374 9.49510340843097 8.7e-14
5.495103408430166 9.49510340842388 1.28e-13
4.495103408429961 9.495103408423873 1.71e-13
3.4951034084297543 9.495103408430992 2.13e-13
10.4951034084312 8.495103408430785 89.99999999999999
9.495103408430992 8.495103408430786 5e-15
8.495103408430788 8.495103408430786 89.99999999999994
7.495103408430564 8.495103408430772 1.849e-12
6.495103408430357 8.493654214736454 1.933e-12
5.4951034084301495 8.493724042559496 2.018e-12
4.495103408429943 8.495103408421695 2.091e-12
10.495103408430463 7.4951034084305785 89.99999999999999
9.495103408427303 7.49510340843058 2e-15
8.495103408425093 7.495103408430581 89.99999999999996
7.495103408423997 7.4923335061257195 89.99999999997662
6.495103408423276 7.489948457872421 89.9999999999929
5.495103408422567 7.49175306575587 8.839e-12
4.495103408421879 7.495103408420579 2.4087e-11
10.495103408430463 6.495103408430372 89.99999999999997
9.49510340842714 6.4951034084303725 0.0
8.495103408424901 6.495103408430375 89.99999999999999
6.4965395330721325 6.478180628219551 89.2144277566802
5.495468501296558 6.483597150430356 89.2767080832673
10.495103408429928 5.495103408430165 89.99999999999996
9.493912069459398 5.495103408430166 89.99999999999991
8.493360316756027 5.495103408430168 89.99999999999991
7.478752176269086 5.515240426108406 88.54928921234503
6.476911386188366 5.471584146973518 88.54646024952244
10.494266260434957 4.495103408429959 89.99999999999991
9.493912356310043 4.49510340842996 89.99999999999989
8.492660348813024 4.495103408429963 89.99999999999989
7.478568416334229 4.514525222067531 88.53988469021829
10.4951034084312 3.4951034084297494 89.99999999999993
9.495103408430994 3.4951034084297534 89.99999999999987
10.495103408431198 2.4951034084295403 89.99999999999999
4.4946731763220455 6.488258073809474 89.27005626094201
4.477164806342238 5.469248761313523 1.451292853349887
6.476377736432195 4.471037309885481 88.54306479097784
5.351703905526099 4.565149991240328 15.931118123763355
1.5698758165185396 9.72936987079072 27.672788986529728
0.6750178950547285 9.282575229705895 27.672788986529653
2.435490932876424 9.020785205468034 24.17874302928682
1.5400599763301654 8.573690061313147 24.178743029286846
0.6609283709210558 8.090291199456882 24.178743029286842
1.5493228579331833 7.39368421942145 27.014145861202653
2.425979329994027 7.87582116800984 27.014145861202433
3.3244225213707277 8.324422521371762 26.529338263712102
0.6725524393154236 6.911770767114564 27.01414586120268
2.433520232748175 6.721121705201067 28.79522423838644
3.3293745406922666 7.209208799283667 26.529338263711633
0.6798334691975132 5.757654047335293 28.7948423540158
1.5567729130225687 6.239220949110459 28.795224238386304
3.2786289904310246 6.044531730406191 28.795224238386446
0.5000000000001039 4.500000000001226 89.99999999999993
1.5259353254302508 5.081170470718016 28.795224238386204
2.402282157930638 5.562851100562102 28.7952242383864
1.6790137311724287 3.969867944625404 28.795224238386343
2.532422281047838 4.493281395089419 28.79522423838635
3.4087691135482054 4.974962024933499 28.795224238386478
9.731528094992122 1.5689791865702731 61.97619621658265
9.280349109402147 0.6762954096793692 61.97619621658278
9.021867968968134 2.4357858003338095 65.98273704542484
8.570233526894656 1.542246292232797 65.98273704542484
8.092766835027128 0.6602173699759675 65.98273704542484
7.39591482680796 1.5511093320134974 63.18594479201624
7.872221084377397 2.430842384435556 63.18594479201624
8.32331757141894 3.323317571417911 63.185944792016265
6.918798277325486 0.6717858370119494 63.18594479201624
6.735090959255656 2.4601366467664674 61.51596271556135
7.217935160755272 3.3531861843275705 63.18594479201609
5.797323975920975 0.6696853365076807 63.97359788096298
6.258034054929334 1.5809230774994698 61.5159627155614
6.073651422258438 3.337921309862695 61.515962715561386
4.673809559394009 0.6738095593931339 62.65298925245926
5.1198236190814335 1.5800212780381608 61.51596271556161
5.596737520669935 2.4589712939504285 61.51596271556131
3.9814948387716935 1.5789013703055899 61.5159627155615
4.458408740360163 2.4578513862178015 61.515962715561464
4.935322641948638 3.3368014021300123 61.51596271556132
4.234455152075253 4.246529233062839 40.27997351587931
3.376090862933548 3.7124510787460467 40.285398199968476
2.477984025816964 3.2130613003196844 41.19389614414272
3.2942814347210496 2.4091849209761356 61.515962715561116
