130 11.946145693569791
0.5000000000001048 11.446145693569687 8.5e-14
11.444539539512796 0.5009653456308705 89.99696142082523
0.500396384039524 0.500000000000103 0.0
1.5012554240942144 0.500000000000103 3e-15
2.502039450033116 0.5004779215500541 89.99983963758335
3.5025839560204077 0.500398471351768 89.99484380104217
4.50315488187675 0.5002592226931526 89.9923089943718
0.5003775058348543 1.5000000000003082 0.0
1.501274093711901 1.5000000000003082 0.0
2.502380655166209 1.501571777436716 89.97859751100424
3.5031903874657204 1.501417856877156 89.96555208479181
0.5003902031579814 2.5000000000005147 89.99999999999999
1.5016935318301368 2.5000000000005147 0.0
2.5028377853895236 2.5024716493784886 89.98289051572384
0.5005162580366429 3.5000000000007203 89.99999999999999
1.502032284905308 3.5000000000007203 89.99999999999999
0.5005504895305055 4.500000000000926 89.99999999999997
1.5021742009156025 4.5000000000009255 1e-15
0.500000000000103 5.5000000000011315 2e-15
0.500000000000103 6.500000000001338 1.3e-14
11.446145693569688 11.445456525040836 2.5e-14
10.44614569356948 11.445494468185334 2e-14
9.446145693569274 11.445455600897763 2.6e-14
8.44614569356907 11.44547551673412 5.2e-14
7.446145693568864 11.445475630968739 3.1e-14
6.446145693568658 11.4456045697172 5.6e-14
5.446145693568453 11.44566521309245 6.7e-14
4.446145693568248 11.445740383543548 5.9e-14
3.4461456935680403 11.446145693569687 5.7e-14
2.4461456935678343 11.446145693569687 5.7e-14
11.446145693569688 10.443853408960571 5e-15
10.446145693569484 10.443911089449808 2.8e-14
9.446145693569274 10.443869490415295 3.3e-14
8.44614569356907 10.443836848155973 2.5e-14
7.446145693568864 10.44383900071116 2.7e-14
6.44614569356866 10.443864866984562 4.6e-14
5.446145693568454 10.444132028986797 4.7e-14
4.446145693568248 10.444224570557461 6.6e-14
3.446145693568042 10.446145693569484 9.9e-14
11.446145693569687 9.442258134665416 2e-15
10.44614569356948 9.442222368311812 6.3e-14
9.446145693569274 9.44221856573353 1.05e-13
8.446145693569067 9.442154799466048 1.64e-13
7.446145693568861 9.442101809959924 2.27e-13
6.4461456935686545 9.442049777998362 2.98e-13
5.446145693568448 9.442484437753647 3.48e-13
4.446145693568241 9.443119369422828 3.98e-13
11.445848071101732 8.44059519622706 89.99777176692339
10.445159924687658 8.440570198492903 89.99867817870512
9.444594795577093 8.44046704119691 0.00152768386809
8.444056459026228 8.44038629418183 0.006421556169996
7.443510181003401 8.440109456080794 0.012099974596257
6.442971891623593 8.439972970446634 0.013977123607177
5.442337211580993 8.441088308205295 0.008286340728296
4.441513788233767 8.441836559365125 0.017249989744329
11.446145693569688 7.438912747883639 89.99999999999999
10.44614569356948 7.438942668318174 0.0
9.446145693569274 7.438733438442604 89.99999999999999
8.44614569356907 7.4385733129421245 89.99999999999999
7.446145693568864 7.438207648575001 0.0
6.446145693568658 7.437601315100757 89.99999999999999
5.446145693568453 7.4374037403303825 89.99999999999997
4.446145693568248 7.43968186041748 0.0
11.446145693569688 6.437354464293167 9e-14
10.446145693569484 6.437193192149596 7e-14
9.446145693569278 6.437012472496548 8.4e-14
8.446145693569072 6.436593651766313 9.2e-14
7.446145693568865 6.435952989390524 9.9e-14
6.44614569356866 6.434939801008307 7.1e-14
5.446145693568454 6.435130475821975 8.5e-14
4.446145693568248 6.4347378838645195 8.4e-14
11.44581299168936 5.435800092859488 0.008932387101297
10.445165900355509 5.435610460188735 0.01464839690657
9.44426752789645 5.435843757094869 0.011521671308473
8.44325445712295 5.4345168436706 0.004268585475664
7.442414892981124 5.432414407322968 0.004302691380221
6.441435941745141 5.429956706502585 89.97812924198928
5.434300464234474 5.421372986259541 89.24499556708523
4.2480725844083 5.026600130825182 60.082397082170104
11.44582631091944 4.434114508109683 0.003500569521039
10.445305214262063 4.434437773612373 6.0042612406e-05
9.444754894619042 4.435087789745777 0.004893170947277
8.444216920004248 4.433096353812843 0.004844786732311
11.445696299170885 3.432662611717972 89.99743450383913
10.444841279970781 3.4335968529128644 89.9924888148483
11.445395565468415 2.4315634933304664 89.98887696150747
4.6657049906744055 1.6625918582639372 65.57415615165989
5.503748758193838 0.500276555190216 89.98994973700236
4.998043299296438 4.313275059588513 60.57741218870918
6.184317416282458 4.269652428144728 65.56468128169601
7.281840524632372 4.266446239388243 65.5966372385675
1.532676775606455 10.656201009618872 26.97114429853296
0.6723883801480763 10.141847373542527 26.97114429853293
2.3869340509870023 9.95587045954289 25.625917098442347
1.524971909867741 9.440665068969313 25.62591709844236
0.6670653116901546 8.917004923951927 25.625917098442358
3.269628765317939 9.269628765319176 28.0853878463163
2.389531704221873 8.741126839401616 31.218498052383655
1.534507954808051 8.21890481601816 31.43535883488884
0.6873826939241363 7.687382693925578 31.43535883488885
3.2587629996440084 8.098212504383973 31.43535883488881
2.404365778629369 7.578587249756895 31.435358834888863
1.5582943750358362 7.045341025732253 31.435358834888874
3.4461456935680417 6.823741141260883 9.5e-14
2.429033490877762 6.290577255172973 18.88932400696063
1.5000000000003082 5.5000000000011315 5e-15
3.396289912041363 5.553036186642728 60.06360909793551
2.679428124086099 4.704684325201594 62.30751041636344
10.672520478599843 1.5115079006583425 57.81419475562701
10.099016355050885 0.6898218033151426 57.8205323117543
9.961332772461256 2.3739991575621517 65.07910293953255
9.381536344561285 1.5400050449058655 65.0631356269174
8.891402950557143 0.6644197113499217 65.06777269905662
9.263747628213313 3.2540982270517396 60.828689974110304
8.690183397962452 2.4283372299334065 60.818472713814685
8.201602851390813 1.555015078856738 60.8173361558762
7.715280117318387 0.6805497665885625 60.82695535298229
8.002638098142192 3.326358055501791 60.78837467593477
7.546458279051219 2.4345626286789144 60.79373910873762
7.047409555914718 1.5667178653693412 60.805650090885315
6.5342475011377 0.5004881781182648 89.97431685922471
6.868729259375433 3.354879108788289 65.56845723519987
6.364991189759284 2.48472292640233 65.5636805062923
5.780281618162593 1.6514782827857664 65.56197507567701
5.680260605243708 3.399632743677919 65.55313677177104
5.096699129670453 2.565888792270369 65.55058189738813
3.6720673527487824 4.202696629307444 60.11742661552392
4.421183803425783 3.489603140678934 60.578020644726266
3.8675666541825615 2.647645242215385 61.12731128147991
2.5037318780369553 3.503673149618164 0.000726425072131
