154 12.947454794399507
0.5000000000001537 12.447454794399377 1.385e-12
12.163426027841366 0.5000000000006608 89.99999999997151
12.447454794399084 1.5000000000016298 89.99999999997804
0.5000000000006528 0.5000000000001057 89.99999999999967
1.5000000000025597 0.5000000000001057 3.4e-13
2.5000000000041345 0.5000000000001394 4.123e-12
3.5000000000057083 0.5000000000001599 2.3e-12
4.500000000007425 0.5000000000006333 89.99999999996274
5.5000000000090274 0.5000000000004645 89.99999999997878
0.5000000000002567 1.5000000000003189 89.99999999999936
1.5000000000039853 1.500000000000317 6.74e-13
2.5000000000057034 1.5000000000003908 5.163e-12
3.500000000008561 1.504065357010644 89.99999999977312
4.500000000009367 1.500000000003097 89.99999999976197
0.5000000000002034 2.50000000000053 89.99999999999905
1.5000000000008669 2.5000000000005236 7.16e-13
2.5000000000086593 2.500000000000625 4.709e-12
3.504975852124752 2.5072159885757928 89.98090058479838
0.5000000000001679 3.5000000000007416 89.99999999999874
1.5000000000008091 3.5000000000007305 7.49e-13
2.5000000000011684 3.500000000000859 4.243e-12
0.5000000000001847 4.500000000000954 89.99999999999844
1.5000000000006573 4.500000000000938 7.72e-13
0.5000000000083471 5.500000000001165 89.99999999999815
1.5000000000250626 5.500000000001148 4.67e-13
0.5000000000001013 6.500000000001398 7.7e-14
1.5000000000003046 6.500000000001359 1.69e-13
0.5000000000001066 7.50000000000162 4.34e-13
12.447454794399393 12.447454794398999 89.99999999999963
11.447454794399166 12.447454794399142 89.9999999999993
10.44745479439894 12.447454794399174 89.99999999999902
9.447454794398714 12.447454794399146 89.99999999999879
8.447454794398487 12.447454794399098 89.99999999999861
7.447454794398261 12.44745479439905 89.99999999999847
6.447454794398036 12.447454794399022 89.99999999999835
5.44745479439781 12.447454794398986 89.99999999999828
4.447454794397585 12.44745479439939 89.99999999999821
3.447454794397348 12.447454794399404 4.3e-14
2.447454794397119 12.447454794399382 7.37e-13
12.447454794399405 11.447454794396027 4.3e-14
11.447454794399203 11.447454794397643 4.9e-14
10.447454794399 11.447454794397673 7.2e-14
9.447454794398798 11.447454794397421 9.7e-14
8.447454794398594 11.44745479439684 1.16e-13
7.447454794398391 11.447454794396727 1.42e-13
6.447454794398189 11.447454794396561 1.67e-13
5.447454794397986 11.44745479439624 1.85e-13
4.447454794397784 11.44745479439594 1.99e-13
3.4474547943975806 11.447454794399194 2.27e-13
12.447454794399272 10.447454794394396 8.868e-12
11.447454794398764 10.447454794396545 1.7991e-11
10.447454794398368 10.447454794396283 1.6627e-11
9.447454794397977 10.447454794395892 1.7086e-11
8.447454794397583 10.44745479439445 1.6672e-11
7.447454794396786 10.447454794395028 7.8477e-11
6.447454794396372 10.447454794394648 9.6634e-11
5.447454794396016 10.447454794394023 1.0823e-10
4.447454794395691 10.44745479439349 1.16231e-10
12.44745479439926 9.447454794393202 1.6333e-11
11.447454794398865 9.447454794395194 2.3803e-11
10.447454794398542 9.447454794394849 2.3062e-11
9.44745479439821 9.447454794394789 2.0222e-11
8.445256628489211 9.44745479439327 89.99999999997985
7.443595198991428 9.447454794393668 4.2129e-11
6.442117783100377 9.447454794392634 89.99999999999635
5.440500871060098 9.447454794392083 5.4655e-11
4.438408045297765 9.447454794390884 5.87e-11
12.447454794399404 8.447454794392188 3.36e-13
11.447454794399194 8.447454794393447 5.97e-13
10.44745479439899 8.447454794393423 6.25e-13
9.447454794398787 8.447454794393542 6.57e-13
8.447454794398581 8.447454794392195 7.06e-13
7.447454794398378 8.447454794392252 7.67e-13
6.447454794398174 8.447454794391176 8.38e-13
5.447454794397972 8.447454794390225 8.95e-13
12.447454794399405 7.447454794326719 6e-15
11.447454794399203 7.447454794391363 89.99999999999999
10.447454794399 7.447454794391941 89.99999999999997
9.447454794398798 7.447454794392088 89.99999999999996
8.447454794398594 7.447454794391235 89.99999999999997
7.447454794398391 7.447454794389179 5e-15
6.447454794398189 7.447454794388838 3.4e-14
5.447454794397986 7.447454794386762 5.7e-14
12.44745479439939 6.4474547942965375 1.419e-12
11.447454794399162 6.4474547943883875 2.921e-12
10.447454794398947 6.447454794390724 3.202e-12
9.447454794398734 6.447454794390717 3.496e-12
8.447454794398519 6.447454793450076 3.652e-12
12.447454794399059 5.447454794274309 1.0317e-11
11.447454794398093 5.447454794386599 2.2538e-11
10.44745479439726 5.447454794390235 89.99999999999521
12.447454794397574 4.447454794255627 4.328e-12
11.447454794393682 4.447454794385241 2.8579e-11
12.44745479438202 3.447454794236898 89.99999999947593
6.65539349702608 1.2310996467502946 67.04850786163439
4.447454794397768 8.447454794388292 9.39e-13
4.447454794397782 7.442508108979164 8.4e-14
7.447454794398304 6.447454794387897 3.809e-12
2.659614086187201 5.871156393578129 66.11882785945252
2.65961408615683 4.777527593438391 66.11882785963626
3.561697646478911 4.265419956331703 61.698522548948816
3.9720500427385916 5.180217629601832 61.698522548950535
4.270166773691136 6.1554517154797415 61.6985225489515
5.447454794397877 6.439057179462782 4.079e-12
6.44745479439809 6.447454794385851 3.951e-12
0.6728544001778891 11.145449523129367 27.093553851283115
1.533514671673351 11.658761182956352 27.093553851284014
0.666420212373648 9.922763058180344 25.468958241510432
1.5262364308162333 10.443066871342308 25.468958241510446
2.3888959291377647 10.95740130341359 25.468958241510382
0.6869541007976538 8.708752261361283 31.28807508834493
1.5415210394016583 9.228093524352607 31.288075088344947
2.4018075644953996 9.749462652801286 30.603185676598777
3.2640090010158813 10.264009001018684 30.136192149817052
1.547638780071499 8.06162807875192 31.28807508834448
2.402205718675477 8.580969341743268 31.2880750883451
3.26050069360002 9.094176186361842 31.288075088340246
2.4020606411662175 7.332461479074465 22.9992996716617
3.4474547943975726 7.827238888837857 9.31e-13
3.4006802595339103 6.6499508681307145 61.69852254895108
10.846124814929919 0.6721103917922111 66.84954203242555
11.263003465403678 1.6064497526182757 64.98440781841062
11.646331159704651 2.5363139063233846 64.93075755529976
9.743128173429376 0.6560669038567886 66.90269431324182
10.140009334064255 1.5739504559056794 66.90269431320563
10.524150483532969 2.4972673751438816 66.90269431316891
10.932480919816292 3.4102680336191225 66.90269431315372
8.59860208691158 0.645534459847398 69.0874510475407
9.01918012966828 1.5553447952955208 69.08745104753855
9.414612651607488 2.4747635824219922 69.08745104753928
9.800715166574456 3.397747494399212 69.08745104754051
10.20959188777007 4.312029066836675 69.08745104755629
7.497831816252471 0.6555547996511724 67.01366442891229
7.887896180214138 1.5763425210989048 67.01366442878475
8.307767324598757 2.48448640347119 67.01366442878846
8.701280558608373 3.403811137059073 67.01366442882198
9.088790498296962 4.325682428384304 67.01366442885563
9.423594376402503 5.424682283161628 87.32716062925512
7.045856404004876 2.1520485006030956 67.01366442876885
7.467098596105382 3.0634245119271823 67.01366442830786
7.858884826053308 3.9870273875894906 67.01366442864285
8.250794427407772 4.910921100916724 67.01366442881456
6.125258391548462 2.542560087451233 67.01366442875972
6.54512953592202 3.450703969828031 67.01366442878626
6.9356411227783195 4.371301982280951 67.01366442879113
7.326152709629736 5.291899994736001 67.01366442880665
5.655554799662482 1.6555547996524087 67.01366442877979
5.426638951303477 3.4529855008058092 65.7484310749721
5.8493906785178895 4.3713019822747405 67.01366442768307
6.239902265377526 5.2918999947310095 67.01366442818892
4.74209662626023 4.368076543775306 65.74843107487398
5.156518173689036 5.2986571782848095 67.01366442814903
4.957615397111921 2.5674897303326736 65.74843107498698
4.256512196439964 3.44653980112796 61.69852254863001
