179 13.923576345388348
0.5000000000048557 13.064912514644325 9.05e-13
1.5000000000145546 13.423576345383486 1.81e-12
13.355968466962704 0.5000000000048272 89.99999999999996
13.423576345383522 1.5000000000144817 89.99999999999993
0.5000000000048548 8.500000000082519 9.63e-13
0.5000000000048921 7.500000000072802 89.99999999999905
1.5000000000147775 7.500000000075807 89.99999999998634
0.5000000000049667 6.500000000063092 89.99999999999827
1.5000000000150564 6.50000000006589 89.99999999997777
2.5000000000250253 6.500000000071468 89.99999999998984
0.500000000005195 5.500000000053385 89.99999999999784
1.5000000000161053 5.500000000055877 89.99999999995852
2.5000000000266365 5.500000000061468 89.99999999999146
3.7046237841045278 5.847816895133265 49.802975861731646
0.5000000000051275 4.500000000043677 89.9999999999975
1.5000000000164686 4.500000000045881 89.99999999994252
2.500336834656494 4.50000000005145 89.99999999999177
3.5007012384798126 4.501008210585461 0.000880738689955
0.5000000000048637 3.500000000033971 89.99999999999731
1.5000000000150626 3.5000000000359575 89.99999999993997
2.5000000000252998 3.5000000000403304 89.99999999988006
3.5000000000352505 3.5000000000397744 89.99999999985234
4.500493949039422 3.500812167190724 0.003771790377363
0.5000000000048486 2.500000000024265 89.9999999999979
1.5000000000145688 2.5000000000256284 89.99999999999157
2.500000000024242 2.5000000000288285 89.99999999999092
3.500000000033913 2.5000000000280016 89.99999999999059
4.500000000043593 2.500544429541315 89.99999999999092
5.500000000053266 2.500000000024351 89.99999999999149
0.5000000000048441 1.5000000000145617 89.99999999999801
1.500000000014512 1.5000000000156204 89.99999999999633
2.500000000024169 1.5000000000171925 89.99999999999585
3.500000000033826 1.5000000000167342 89.99999999999552
4.5000000000434826 1.500299363176615 89.99999999999524
5.500000000053156 1.5000000000146407 89.99999999999311
6.500000000062827 1.5000000000145635 89.999999999991
0.5000000000048272 0.5000000000048503 89.99999999999996
1.5000000000144809 0.5000000000051354 89.99999999999993
2.5000000000241336 0.5000000000050742 89.99999999999991
3.500000000033787 0.5000000000053149 89.99999999999991
4.500000000043441 0.5001119300050672 89.99999999999991
5.500000000053094 0.5000000000048557 89.9999999999999
6.500000000062747 0.500000000004829 89.99999999999989
7.500000000072401 0.5000000000048406 89.99999999999987
8.500000000082053 0.5000000000048335 89.99999999999989
3.862254154500538 13.423576345383362 6.151e-12
5.42196425132984 13.423576345383463 89.99999999999872
6.422213616451894 13.423576345383484 1.279e-12
7.422505909933995 13.423576345383509 9.38e-13
8.422707845511765 13.423576345383513 89.9999999999991
9.422886536215795 13.423576345383514 4.89e-13
10.42306396800462 13.423576345383522 4e-14
11.423213460002792 13.42357634538352 89.9999999999999
12.42335330209228 13.42357634538352 89.99999999999994
13.423497323581032 13.42357634538352 89.9999999999999
4.423576345295659 12.423576345373414 2.735e-11
5.42357634530539 12.42357634537341 2.5274e-11
6.423576345315123 12.423576345373581 2.2756e-11
7.423576345324856 12.423576345373688 1.9639e-11
8.423576345334592 12.42357634537367 1.5569e-11
9.4235763453444 12.423576345373835 2.924e-12
10.423576345354132 12.423576345373865 1.43e-13
11.423576345363863 12.423576345373865 89.99999999999982
12.423576345373613 12.423576345373865 89.9999999999999
13.423576345383436 12.423576345373865 89.9999999999999
5.423576345305576 11.423576345363294 6.7153e-11
6.423576345315295 11.423576345363557 6.119e-11
7.423576345325004 11.42357634536371 5.6565e-11
8.423576345334705 11.423576345363667 5.2924e-11
9.423576345344802 11.423576345364172 3.919e-12
10.423576345354498 11.42357634536421 3.86e-13
11.423576345364175 11.423576345364214 89.99999999999982
12.423576345373842 11.42357634536421 89.99999999999987
13.423576345383514 11.42357634536421 89.99999999999996
6.423576345313816 10.423576345353844 6.3925e-11
7.423576345323559 10.423576345354022 6.0242e-11
8.423576345333506 10.42335376725638 3.272e-11
9.423576345343498 10.42357634535447 1.847e-12
10.423576345353283 10.423576345354558 5.26e-13
11.423576345363173 10.423576345354437 89.99999999998583
12.423576345373126 10.423576345354554 89.99999999999976
13.423576345383394 10.423576345354558 6.8e-14
6.423576345312021 9.423576345344134 6.5851e-11
7.423576345322378 9.423576345344312 6.6103e-11
8.423576345332837 9.42316934638725 1.9838e-11
9.423576345343417 9.423576345344529 89.99999999997024
10.423576345353574 9.423576345344905 5.4e-13
11.423576345363426 9.423362808459864 89.99999999999419
12.4235763453733 9.423576345344902 89.9999999999997
13.423576345383434 9.423576345344902 6e-14
6.423576345312828 8.423576345334432 6.7331e-11
7.423576345322658 8.423576345334624 7.0147e-11
8.423576345332847 8.422937251860082 2.4155e-11
9.423576345343175 8.42357634533483 89.99999999996618
10.423576345353318 8.42357634533525 5.45e-13
11.423576345363308 8.423189525353699 89.99999999998953
12.423576345373318 8.423576345335249 89.99999999999963
13.423576345383438 8.423576345335249 3.6e-14
6.423576345311939 7.4235763453247126 7.0515e-11
7.423576345321905 7.4235763453249035 7.7544e-11
8.423576345332206 7.422700428826681 3.1379e-11
9.423576345342852 7.423576345325122 89.99999999996136
10.42357634535313 7.423576345325599 5.69e-13
11.423576345363223 7.422975408550042 3.8e-14
12.423576345373238 7.423576345325596 89.99999999999959
13.423576345383486 7.423576345325595 4e-14
8.423576345330087 6.422368036545891 2.2808e-11
9.423576345342369 6.42357634531542 89.99999999995717
10.423576345352988 6.423576345315945 6.23e-13
11.423576345364037 6.422767479965864 2.5e-13
12.423576345373728 6.423576345315943 89.99999999999955
13.423576345383498 6.423576345315941 0.0
11.423576345364058 5.422537760601836 2.41e-13
12.42357634537376 5.423576345306289 89.99999999999956
13.423576345383495 5.423576345306287 89.99999999999996
12.423576345373862 4.423576345296635 89.99999999999956
13.42357634538352 4.423576345296633 89.99999999999997
13.423576345383518 3.4235763452869787 89.99999999999997
4.5286437871877325 5.27363216366726 49.802975861745914
5.174267945295036 6.037705676941659 49.80297586171574
5.185099983013224 4.500334080019822 49.80459915359225
5.8304274641058065 5.2648639585184 49.80297586175478
0.6612899707787019 11.850447014245505 24.26132908479872
1.5823116850500565 12.268201237901163 22.947523080292513
2.6803851223431208 12.897595347700102 45.06488761590788
0.6553751074332528 10.665685038380827 22.947523073834187
1.541415235774509 11.137818253072261 22.947523073839623
2.452537359255955 11.550711194101037 22.94752307384259
3.367060788906224 11.955570710870502 22.947523073862033
0.5000000000048432 9.500000000092227 1.123e-12
1.5583387163120692 9.954525473938117 22.147259039391514
2.4456174899201084 10.427183123887216 22.14725903939203
3.3571507815285964 10.840250151271643 22.147259039392225
4.271973167262249 11.245236244347648 22.147259039391983
1.6576362418781123 8.65763624195008 23.440753661267756
2.4883078453150924 9.255629692948604 23.440753661268893
3.3736811815575107 9.727461176801242 23.44075366126561
4.28464152150911 10.140279781979869 23.44075366126189
5.423576345304064 10.423576345353506 6.8848e-11
2.5760883500736425 7.969443976084862 26.885978491246355
3.396676652939264 8.562324979068237 26.88597849124175
4.293441608983638 9.038307113818213 25.130900278102377
5.423576345301813 9.372335491689194 8.2247e-11
3.420973231900125 7.270205617018158 30.959169808431465
4.240694353507463 7.8644813441488655 29.959132980163446
5.423576345291104 8.281619540362955 89.99999999965077
4.350041800479611 6.611646446904774 49.80297586170089
5.423576345297817 7.281619540349752 89.99999999956115
11.775543588661305 0.668366548136988 64.05369776633628
12.254807642948558 1.5472636993662645 64.05369776633601
12.640514694397623 2.5096566585273488 59.993676390970286
10.657636241967205 0.6576362418706712 66.55924633823062
11.076438161909874 1.5660023159518106 66.55924633823057
11.477754580465767 2.4819498129162847 66.55924633823054
11.924972092998724 3.377995358167332 66.55924633823051
9.500000000091708 0.5000000000048272 89.9999999999999
9.886095286733042 1.5510851949016615 74.36594166133759
10.309866949894033 2.4709132930992457 74.3659416613376
10.713295832666867 3.396434234828453 74.3659416613376
11.168990108374091 4.3073289210299865 74.3659416613376
8.657636241947941 1.657636241880196 66.55924633826447
9.152854967802778 2.5328692585620427 66.5592463382631
9.571656887745624 3.441235332643146 66.55924633826261
9.96941655933485 4.3587249759980065 66.55924633826372
10.423576345354366 5.423576345306293 6.56e-13
7.959498645779601 2.5623086817566243 66.60519877705295
8.454751376074817 3.4376201249685017 66.6051987770528
8.873560727033015 4.346003337656649 66.60519877705275
9.26680573563549 5.266805735596862 66.74932727567396
7.500000000072507 1.5000000000145874 89.99999999999147
7.264093798258589 3.4835516559495687 67.06877545414514
7.759703229734976 4.359687592199803 67.0687754541451
8.17860169435291 5.268276785680533 67.06877545414515
6.562653874365531 4.390918758199886 66.63394206366713
7.057928353896589 5.266279406410689 66.63394206366937
6.655299559688628 2.65529955964987 67.06877545414552
5.954168315126999 3.564469313950936 66.63394206366918
6.423576345306422 6.4235763453149834 7.4678e-11
7.423576345317804 6.423576345315152 8.842e-11
