208 14.951582443585922
0.5000000000005214 14.131029853765359 2.3428e-11
1.5000000000012426 14.451582443585597 1.7658e-11
14.066288396416066 0.5000000000001359 89.99999999999878
14.451582443585789 1.5000000000003872 89.99999999999756
0.5000000000001759 8.500000000004167 4.554e-12
0.5000000000004858 7.500000000003819 1.151e-12
0.5000000000004237 6.500000000003475 89.99999999999845
1.500000000001517 6.5000000000299964 89.9999999999675
0.500000000000167 5.500000000003137 89.99999999999677
1.5000000000024034 5.500000000021171 89.99999999977875
2.5000000000029825 5.500000000018428 89.99999999975036
0.5000000000001581 4.5000000000028 89.99999999999794
1.5000000000005045 4.5000000000148095 89.99999999999082
2.5000000000007807 4.500000000014833 89.99999999999068
0.5000000001217497 3.5000000000024265 5.357e-12
1.5000000003654064 3.5000000000107216 1.6798e-11
2.5000000004706573 3.500000000012973 6.569e-12
3.500000000001653 2.5000000000111138 2.6265e-11
4.500000000607089 3.500000000059577 89.99999999843764
0.5000000000002762 2.5000000000019567 1.3273e-11
1.5000000000008598 2.50000000000239 3.9542e-11
2.500000000001241 2.5000000000085008 3.5022e-11
3.5000000000010307 1.5000000000056204 89.99999999997637
4.500000000002185 2.5000000000160894 2.998e-12
5.500000000003025 2.5000000000035945 89.9999999999442
0.5000000000001421 1.5000000000012843 89.99999999999677
1.5000000000004317 1.5000000000013074 89.99999999999075
2.5000000000007274 1.500000000001969 89.99999999998406
3.5000000000008935 0.5000000000005258 89.9999999999983
4.500000000001327 1.5000000000078533 89.99999999996949
5.500000000001814 1.5000000000024691 89.99999999994093
6.500000000002199 1.5000000012121824 89.99999999992484
0.5000000000001279 0.5000000000003126 89.99999999999982
1.500000000000382 0.5000000000002673 89.99999999999966
2.500000000000637 0.5000000000003268 89.99999999999919
3.5000000005438183 3.500000000020011 89.9999999999951
4.500000000001151 0.5000000000007416 89.9999999999971
5.50000000000141 0.5000000000006679 89.99999999999585
6.500000000001668 0.5000000004033538 89.9999999999946
7.500000000001916 0.5000000000001563 89.99999999999415
3.4515824435589533 14.451582443580136 2.47732e-10
4.451582443564441 14.451582443585377 4.2086e-11
5.451582443570391 14.45158244358576 5.06e-13
6.451582443581614 14.451582443585387 4.1491e-11
7.451582443582237 14.45158244358554 2.1856e-11
8.451582443582733 14.451582443585764 5.853e-12
9.451582443583208 14.451582443585785 89.99999999999727
10.451582443583629 14.451582443585696 89.99999999998793
11.451582443584021 14.451582443585707 89.99999999998802
12.45158244358445 14.451582443585707 89.99999999998761
13.451582443584936 14.451582443585686 89.99999999998624
14.451582443585604 14.451582443585782 89.99999999999743
4.451582443582001 13.451582443584595 8.466e-11
5.451582443582252 13.451582443584677 8.3308e-11
6.451582443582521 13.451582443584602 8.0259e-11
8.451582443583183 13.451582443585067 6.0554e-11
7.4515824435828435 13.451582443584584 7.1367e-11
10.451582443584073 12.451582443584822 89.99999999995245
11.451582443584726 13.451582443585338 89.999999999971
12.451582443585004 13.451582443585338 89.99999999997058
13.451582443585288 13.451582443585313 89.99999999997218
9.451582443584009 13.451582443585526 89.9999999999944
14.451582443585753 13.451582443585512 89.99999999999493
5.45158244356225 12.451582443584133 1.02435e-10
6.45158244355776 9.43498437253353 2.147751e-09
7.451582443577832 12.451582443583268 1.78188e-10
8.451582443580252 12.451582443584801 6.4734e-11
9.451582443582511 12.451582443585291 89.99999999999359
10.451582443584009 11.4515824435845 89.99999999994678
11.451582443584433 12.451582443584943 89.99999999995097
12.451582443584774 12.45158244358496 89.99999999995224
13.451582443585146 12.451582443584954 89.99999999995983
14.451582443585728 12.451582443585242 89.99999999999321
6.451582443566856 12.451582443583193 1.8906e-10
7.45158244358085 11.451582443582694 2.00159e-10
8.451582443582263 11.451582443584554 6.6721e-11
9.451582443583206 11.45158244358506 89.99999999999248
10.451582443584446 13.45158244358528 89.99999999997355
11.451582443584355 11.45158244358466 89.99999999994394
12.451582443584645 10.451582443584428 89.999999999942
13.451582443585096 11.45158244358467 89.99999999995599
14.451582443585714 11.451582443584973 89.99999999999199
6.451582443580388 11.451582443582433 2.24865e-10
7.451582443577592 10.45158244358209 2.14042e-10
8.451582443579156 10.45158244358431 6.8161e-11
9.451582443583058 10.451582443584819 89.99999999999001
10.451582443583874 10.451582443584169 89.99999999993945
11.45158244358427 10.451582443584371 89.99999999993592
12.451582443584353 9.45158244358419 89.99999999993982
13.45158244358506 10.451582443584396 89.99999999995332
14.451582443585703 10.451582443584702 89.99999999999123
6.451582443577211 10.451582443581891 2.24072e-10
7.451582443559791 9.451582443566224 1.967185e-09
8.45158244357723 9.451582443583874 9.2433e-11
9.451582443581856 9.451582443584064 89.99999999992922
10.451582443582332 9.45158244358382 89.99999999992941
11.451582443583504 9.451582443583879 89.99999999990506
12.451582443583026 8.451582443583957 89.9999999999383
13.45158244358495 9.451582443584126 89.99999999995147
14.45158244358569 9.451582443584428 89.99999999999085
7.444772269472352 8.434445609508126 0.096942786753814
8.447737451075554 8.451582443583572 1.00372e-10
9.451582349660084 8.451582349664616 89.9999892375786
10.451582443581142 8.451582443583517 89.99999999992218
5.317616138068004 8.14171821279737 18.7100000114623
11.451582443581952 8.451582443583584 89.99999999989637
12.451582443583172 7.4515824435837255 89.99999999993696
13.451582443584186 8.451582443583858 89.99999999994937
14.451582443585604 8.451582443584153 89.99999999999004
6.451582443557828 7.360122120885077 89.9999999983424
7.451582443566629 7.430523605880323 89.9999999990535
8.451582443577273 7.451582443583325 1.03792e-10
9.451582443579799 7.448226539595624 89.99999999999795
10.451582443581184 7.451582443583158 89.99999999990848
11.451582443582083 7.451582443583275 89.99999999988638
12.451582443584233 6.451582443583497 89.99999999993601
13.451582443583973 7.451582443583585 89.9999999999472
14.451582443585451 7.451582443583874 89.99999999998872
10.451582443582751 6.451582443582784 89.99999999989292
11.451582443583307 6.451582443582984 89.99999999987821
12.4515824435847 11.451582443584684 89.99999999994596
13.451582443584776 6.45158244358331 89.99999999994496
14.451582443585615 6.451582443583593 89.99999999998745
12.45158244358477 5.451582443583272 89.99999999993533
13.451582443585078 5.451582443583037 89.99999999994328
14.451582443585693 5.451582443583307 89.99999999998651
13.451582443584972 4.451582443582769 89.99999999994189
14.451582443585664 4.451582443583017 89.99999999998609
14.451582443585657 3.4515824435827254 89.99999999998597
8.500000000002164 0.5000000000001732 89.99999999999325
3.500000000001058 4.500000000022838 89.99999999999075
4.656057125226016 4.929231160235828 66.90481829262542
5.04831688798764 5.849085647923369 66.90481829263041
5.48967624520274 4.3347482853518855 66.90481829258417
5.881936007973579 5.25460277305605 66.90481829255738
0.640945940612581 12.986462076403292 19.98808917206122
1.5892648551044832 13.3067833131027 20.008145413925075
2.5414554347598957 13.616906444488695 20.04633975232524
0.6179429711002138 11.878906654239362 15.915449677305693
1.5606729530945884 12.219537551399906 15.91544967730709
2.511334118751355 12.532354279666183 15.915449677307954
3.4603994576213983 12.850767473436381 15.915449677308075
1.5183226806817665 11.108949450350035 21.452848139871286
2.4792796403675466 11.450142029901452 19.147740779041133
3.4290628910043592 11.763437781423677 19.147740774866126
4.377183220023392 12.081522854103355 19.147740774890124
0.6215117743874048 9.621511774391807 16.516006518255175
1.5433111217349635 10.03037789805815 16.51600651826102
2.4855388184111256 10.370349753099974 16.516006518262035
3.431500390343002 10.697729175892903 16.51600651826094
4.381408904339471 11.011797602164858 16.516006518258592
5.330070669194676 11.330070669196896 16.51600651825164
1.5709019747541602 8.86606926767362 18.295444798174415
2.4893281052164378 9.273820104022972 18.29544479817844
3.4303011649913353 9.613377138236006 18.295444798177343
4.375395332159705 9.940469770832625 18.295444798169495
5.324845770228979 10.25438674337654 18.295444798140668
2.4896374632506797 8.127967530160483 23.53956324376444
3.4281359395088025 8.537643565200902 20.716610000822342
4.379705482671168 8.877697557908453 19.500247275264666
5.335767103709423 9.204756801569403 18.29544479816143
1.5000000000027134 7.500000000034057 89.99999999996155
3.3631397814876394 7.41774428144408 23.597277929618038
4.366234398933845 7.812076810649628 19.500247275340776
6.441803273200121 8.368113859537983 0.068006902282775
4.167325259569079 6.492379720942506 55.275172557573015
5.2686619518066085 7.0664330212269375 19.026870732384147
2.500000000002207 6.500000000021783 89.99999999997452
3.500000000007074 5.500000000027157 89.99999999970306
12.879952607411642 0.6667233342259413 64.45744089099752
13.284859109359406 1.5815450438210767 64.45744089099388
13.673703722032961 2.533682214654574 61.304621108755384
11.755010169984617 0.6507634475626114 68.02731200489438
12.166543833895705 1.5630483917293585 68.02731200489004
12.521616138741528 2.498113904074658 68.02731200488948
12.956009225444623 3.4075712088904906 67.25646515874216
10.665288085399078 0.6353314849699707 71.03913648182584
11.020283639784022 1.570740119435598 71.03913648182197
11.43312813927418 2.48627395352111 71.03913648182075
11.769681557254366 3.4280186374852795 71.03913648182066
12.223566698777667 4.3294523947863945 71.03913648182095
9.55209779364026 0.5520977936379952 83.66756895064049
9.932956328206416 1.5814164038434182 71.03913648182994
10.287951882598893 2.5168250383064477 71.03913648182804
10.700796382089228 3.4323588723919114 71.03913648182711
11.033185708098955 4.375534187399181 71.03913648182865
11.4204390703357 5.420439070334584 86.30989307155834
8.759022292419795 1.6140872062990859 70.70938748043628
9.198819616487077 2.519637933677659 70.7093874804366
9.5537601838661 3.4548894673498047 70.70938748043709
9.966433399222879 4.369933933708488 70.7093874804385
10.29581068978339 5.314949524893116 70.79787564199728
8.029367934073225 2.558765315272212 70.79787564200356
8.469224809803116 3.4644861848833877 70.7978756420034
8.8241790586043 4.39977680707603 70.79787564200348
9.236897163394701 5.314949524893501 70.7978756420038
7.636632918692464 1.636632918690581 70.79787564200504
7.307736620614705 3.4994624979823725 66.90481829256434
7.7471910565070665 4.412378696457862 68.31228230608436
8.103475646657735 5.359363195508996 69.47102359707095
6.5948363139040165 4.377032634604035 66.90481829256947
7.016485624573823 5.308146640652325 69.4710235970853
6.915721349972319 2.579503749378685 66.90481831590871
6.202576551140147 3.4571781469166796 66.90481829257139
6.264630230036957 6.231033700751856 72.74604273755125
7.339840039999486 6.3046848620841205 75.10194404479148
8.451582443580017 6.451582443583078 1.07723e-10
9.451582443581385 6.445906928654701 2.7e-13
