263 16.77817459305569
0.5000000000001066 16.27817459305558 89.99999999999986
1.5000000000003189 16.278174593055585 89.99999999999959
2.500000000000532 16.27817459305558 89.99999999999953
3.5000000000007434 16.27817459305558 89.99999999999946
4.5000000000009575 16.27817459305558 89.9999999999994
5.500000000001171 16.27817459305558 89.99999999999939
6.500000000001386 16.27817459305558 89.99999999999947
7.500000000001603 16.278174593055585 89.99999999999976
0.5000000000001119 15.278174593055361 89.99999999999977
1.5000000000003384 15.278174593055365 89.99999999999899
2.500000000000557 15.278174593055361 89.9999999999987
3.5000000000007736 15.278174593055354 89.99999999999834
4.500000000000991 15.27817459305535 89.99999999999795
5.500000000001208 15.278174593055358 89.99999999999785
6.500000000001425 15.278174593055354 89.99999999999775
0.5000000000001084 14.278174593055137 89.99999999999999
1.5000000000003224 14.278174593055137 89.99999999999993
2.5000000000005382 14.278174593055134 89.99999999999972
3.5000000000007523 14.278174593055127 89.99999999999956
4.500000000000979 14.278174593055134 89.99999999999804
5.500000000001192 14.278174593055144 89.99999999999783
0.5000000000001146 13.278174593054914 3.33e-13
1.5000000000003446 13.27817459305491 1.17e-12
2.500000000000565 13.278174593054896 1.6e-12
3.5000000000007807 13.278174593054896 1.543e-12
4.5000000000009965 13.278174593054889 1.341e-12
0.5000000000001101 12.2781745930547 5.03e-13
1.5000000000003277 12.278174593054697 1.252e-12
2.5000000000005427 12.278174593054677 1.807e-12
3.500000000000756 12.278174593054683 1.897e-12
0.5000000000001128 11.278174593054477 8.45e-13
1.500000000000326 11.278174593054485 1.059e-12
2.5000000000005427 11.278174593054462 1.731e-12
0.5000000000001066 10.27477309185578 2.12e-13
1.500000000000317 10.278174593054269 4.05e-13
0.502000879794049 9.271755394022435 0.000694309701604
15.282428297807293 16.278174593055585 1.05e-13
14.278174593055148 16.27817459305557 89.99999999999817
13.278174593054906 16.278174593055574 89.99999999999856
12.27817459305468 16.278174593055574 89.99999999999879
11.278174593054459 16.27817459305557 89.999999999999
10.27817459305424 16.27817459305558 89.9999999999992
9.278174593054024 16.27817459305558 89.99999999999966
16.27817459305558 15.278174593055368 89.99999999999952
15.27817459305534 15.27817459305534 89.99999999999648
14.278174593055123 15.278174593055336 89.99999999999615
13.27817459305491 15.278174593055336 89.99999999999596
12.278174593054695 15.27817459305533 89.99999999999592
11.278174593054482 15.278174593055304 89.99999999999595
10.278174593054269 15.27817459305534 89.99999999999612
16.278174593055578 14.278174593055152 89.99999999999936
15.278174593055326 14.278174593055112 89.99999999999528
14.278174593055095 14.278174593055102 89.99999999999419
13.278174593054874 14.278174593055102 89.99999999999385
12.278174593054649 14.278174593055091 89.99999999999324
11.27817459305442 14.278174593055045 89.99999999999201
16.278174593055578 13.278174593054935 89.99999999999925
15.278174593055326 13.278174593054896 89.99999999999517
14.278174593055102 13.278174593054882 89.9999999999941
13.278174593054885 13.278174593054885 89.99999999999379
12.278174593054665 13.278174593054874 89.99999999999332
16.278174593055578 12.27817459305472 89.99999999999918
15.27817459305533 12.278174593054679 89.99999999999521
14.278174593055109 12.278174593054663 89.99999999999423
13.278174593054892 12.278174593054672 89.99999999999392
16.27817459305558 11.278174593054503 89.99999999999916
15.278174593055333 11.278174593054462 89.99999999999544
14.278174593055109 11.278174593054446 89.99999999999443
16.27817459305558 10.278174593054286 89.99999999999926
15.278174593055336 10.278174593054244 89.99999999999594
16.27817459305558 9.278174593054068 89.99999999999952
16.27817459305558 0.5000000000001075 1.06e-13
15.278174593055358 0.5000000000001252 89.99999999999973
14.278174593055141 0.5000000000001057 89.99999999999999
13.278174593054917 0.500000000000111 2.35e-13
12.278174593054688 0.5000000000001057 2.9e-14
11.278174593054455 0.5000000000001137 8.05e-13
10.278174593054233 0.5000000000001084 2.39e-13
9.278174593054016 0.5000000000001084 9e-14
16.278174593055585 1.5000000000003233 2.37e-13
15.278174593055358 1.500000000000374 89.99999999999945
14.278174593055134 1.5000000000003162 6e-15
13.278174593054914 1.5000000000003322 89.99999999999967
12.278174593054697 1.500000000000317 3.6e-14
11.27817459305448 1.5000000000003393 5.26e-13
10.278174593054269 1.5000000000003224 4.01e-13
16.278174593055585 2.50000000000054 2.54e-13
15.278174593055361 2.500000000000596 89.99999999999946
14.278174593055137 2.5000000000005267 1e-13
13.27817459305491 2.500000000000556 9.83e-13
12.278174593054691 2.5000000000005356 9.42e-13
11.278174593054478 2.5000000000005587 9.14e-13
16.278174593055585 3.5000000000007603 2.09e-13
15.278174593055365 3.500000000000812 89.99999999999967
14.278174593055148 3.500000000000739 1.05e-13
13.278174593054931 3.500000000000779 1.167e-12
12.27817459305472 3.5000000000007505 1.271e-12
16.278174593055585 4.500000000000986 1.85e-13
15.278174593055365 4.500000000001027 89.9999999999994
14.278174593055144 4.500000000000952 0.0
13.27817459305492 4.500000000000998 7.67e-13
16.27817459305558 5.500000000001236 89.99999999999974
15.278174593055365 5.5000000000012434 89.99999999999952
14.278174593055148 5.500000000001167 89.99999999999976
16.27817459305558 6.500000000001464 89.99999999999974
15.278174593055361 6.500000000001464 3e-15
16.278174593055585 7.500000000001681 89.99999999999956
0.5000000000001119 0.5000000000001057 89.99999999999991
1.5000000000003348 0.500000000000111 1.1e-13
2.5000000000005613 0.5008893558558052 1.564e-12
3.5000000000008056 0.5000000000001057 89.99999999999996
4.500000000001043 0.5000000000001075 89.99999999999973
5.500000000001268 0.5000000000001084 89.99999999999973
6.500000000001489 0.5000000000001092 89.99999999999969
7.500000000001707 0.5000000000001092 89.99999999999986
0.5000000000001075 1.500000000000317 89.9999999999998
1.5000000000003233 1.500000000000334 89.99999999999935
2.5000000000005373 1.502649809614896 89.9999999999997
3.500000000000763 1.500000000000318 89.99999999999991
4.500000000000979 1.5000000000003206 89.9999999999995
5.500000000001192 1.5000000000003233 89.99999999999929
6.500000000001405 1.5000000000003268 89.99999999999912
0.5000000000001075 2.5000000000005285 89.99999999999976
1.5000000000003233 2.50000000000055 89.9999999999992
2.5000000000005373 2.503903713834733 89.99999999999964
3.5000000000007523 2.500000000000534 0.0
4.500000000000963 2.500000000000534 89.99999999999972
5.500000000001176 2.5000000000005347 89.99999999999942
0.5000000000001084 3.50000000000074 89.99999999999973
1.500000000000326 3.500000000000763 89.99999999999902
2.5000000000005445 3.505141260880766 89.99999999999979
3.500000000000763 3.5000000000007523 6e-13
4.500000000000973 3.5000000000007505 6.01e-13
0.5000000000001084 4.500000000000952 89.99999999999969
1.5000000000003295 4.500000000000977 89.99999999999878
2.5000000000005533 4.506565650981066 89.99999999999999
3.50000000000077 4.500000000000965 6.7e-13
0.500000000000111 5.500000000001165 89.99999999999969
1.5000000000003473 5.500000000001188 89.9999999999986
2.5042747450645795 5.5085623641454955 0.024944407073897
0.5000000000001075 6.5000000000013785 89.99999999999972
1.5000000000003277 6.5000000000014 89.99999999999869
0.5000000000001075 7.500000000001594 89.99999999999987
8.38908729652781 15.460155108394883 45.00000000000169
7.681980515341095 14.75304832720817 45.000000000004654
6.97131511982799 14.049500160347876 45.00000000000484
6.26776695296772 13.338834764834749 45.000000000005095
5.560660171781022 12.631727983648048 45.0000000000054
4.850674368275415 11.927500224780257 45.00000000000524
4.146446609407645 11.217514421274629 45.00000000000513
3.439339828220924 10.510407640087951 45.00000000000513
2.727435114976654 9.80809879095879 45.00000000000225
2.025126265847475 9.096194077714534 44.999999999999055
1.3250415506437339 8.382065230544876 44.99999999999892
9.096194077714513 14.75304832720818 45.00000000000074
8.389087296527796 14.045941546021465 45.000000000004
7.6819805153410545 13.3388347648348 45.00000000000518
6.9748737341544125 12.631727983648048 45.00000000000516
6.267766952967717 11.92462120246135 45.000000000005386
5.560660171780985 11.21751442127469 45.00000000000547
4.853553390594344 10.510407640087934 45.00000000000533
4.146446609407626 9.80330085890126 45.00000000000519
3.4367757997651998 9.098758106170258 45.00000000000237
2.7322330470341836 8.389087296527848 44.999999999999595
2.064031309202499 7.643075471986115 45.000000000001805
9.808159448624611 14.050800135744876 45.00000000000063
9.098811433476309 13.341452120596553 45.00000000000147
8.389087296527833 12.63172798364815 45.0000000000072
7.681980515341149 11.92462120246139 45.00000000000506
6.974873734154448 11.217514421274682 45.00000000000542
6.267766952967724 10.510407640087998 45.00000000000609
5.560660171781058 9.803300858901256 45.00000000000539
4.853553390594339 9.096194077714575 45.00000000000549
4.146446609407585 8.38908729652792 45.000000000006345
3.439339828220877 7.68198051534115 44.99999999999958
2.7632998136256486 6.922229189639959 45.054573907430935
10.510407640087845 13.338834764834708 45.000000000000554
9.803300858901148 12.631727983647995 45.00000000000112
9.096194077714431 11.924621202461292 45.00000000000294
8.389087296527737 11.217514421274576 45.000000000004036
7.681980515341036 10.510407640087873 45.00000000000496
6.974873734154329 9.803300858901181 45.000000000005315
6.267766952967653 9.096194077714456 45.000000000005336
5.560660171780932 8.389087296527773 45.00000000000555
4.853553390594179 7.681980515341092 45.00000000000784
4.140395589315844 6.968822714062726 44.9999999999996
11.21751442127459 12.631727983648043 44.999999999999375
10.510407640087902 11.924621202461335 44.999999999999595
9.80330085890121 11.217514421274629 44.999999999999545
9.096194077714525 10.510407640087916 44.99999999999957
8.389087296527832 9.80330085890121 44.99999999999967
7.681980515341084 9.09619407771451 45.00000000000379
6.9748737341544 8.389087296527794 45.000000000004135
6.267766952967685 7.681980515341116 45.00000000000423
5.560660171780969 6.974873734154437 45.00000000000419
4.853553390594282 6.267766952967724 45.00000000000349
4.146446609407582 5.560660171781033 45.00000000000343
11.93023126637191 11.930231266371957 44.99999999999972
11.221639577664652 11.221639577664691 44.99999999999981
10.513379204283215 10.513379204283229 44.99999999999968
9.805155163350129 9.805155163350118 44.99999999999892
9.096194077714566 9.09619407771453 44.99999999999799
8.38908729652786 8.38908729652781 44.99999999999837
7.681980515341163 7.681980515341099 44.99999999999888
6.974873734154384 6.974873734154416 45.000000000003915
6.2677669529676665 6.2677669529677225 45.0000000000046
5.560660171780963 5.5606601717810085 45.00000000000363
4.850383091577381 4.850383091577436 45.00000000000308
12.631727983648007 11.21751442127465 45.00000000000003
11.924621202461326 10.510407640087934 44.9999999999998
11.217514421274654 9.803300858901208 44.99999999999927
10.510407640087934 9.096194077714527 44.99999999999846
9.803300858901247 8.389087296527816 44.99999999999798
9.096194077714564 7.681980515341106 44.99999999999801
8.389087296527869 6.974873734154405 44.999999999998224
7.6819805153411025 6.267766952967726 45.00000000000267
6.974873734154402 5.5606601717810324 45.00000000000282
6.2677669529677 4.853553390594342 45.00000000000283
5.560660171780996 4.146446609407652 45.00000000000272
13.338834764834742 10.510407640087923 44.9999999999944
12.63172798364806 9.803300858901205 44.99999999999411
11.92462120246139 9.096194077714475 44.999999999993975
11.217514421274664 8.389087296527805 44.99999999999394
10.510407640087973 7.681980515341099 44.999999999994074
9.803300858901288 6.974873734154384 44.99999999999432
9.09619407771455 6.267766952967687 44.99999999999756
8.389087296527787 5.560660171781005 45.000000000001855
7.68198051534109 4.853553390594305 45.00000000000213
6.9748737341543805 4.146446609407621 45.00000000000222
6.267766952967676 3.439339828220932 45.000000000002295
14.049468581955159 9.806827894834946 44.999999999994344
13.338834764834802 9.096194077714538 44.99999999999313
12.63172798364812 8.389087296527755 44.999999999990614
11.92462120246134 7.681980515341079 44.99999999999322
11.217514421274629 6.974873734154354 44.99999999999337
10.510407640087926 6.267766952967592 44.99999999999168
9.801565210131272 5.558924523011017 44.99999999999737
9.093459307265118 4.8508186201449055 44.99999999999891
8.385362051143234 4.1427213640230125 44.999999999999666
7.67707330435552 3.434432617235335 44.99999999999958
6.968184145874502 2.725543458754335 45.00000000000004
14.753048327208106 9.0961940777145 44.999999999994266
14.045941546021433 8.389087296527768 44.99999999999328
13.338834764834804 7.681980515340999 44.99999999999299
12.63172798364803 6.974873734154375 44.99999999999317
11.92462120246134 6.26776695296767 44.99999999999329
11.217514421274686 5.560660171780928 44.99999999999336
10.510407640087912 4.8535533905942625 44.999999999997065
9.803300858901205 4.146446609407577 44.99999999999709
9.096194077714529 3.4393398282208594 44.99999999999698
8.389087296527803 2.7322330470341925 44.99999999999702
7.681980515341101 2.0251262658474998 44.99999999999681
15.460155108394869 8.389087296527865 44.999999999994
14.753048327208198 7.681980515341133 44.99999999999331
14.049595383803162 6.97121989637277 44.99999999999335
13.338834764834795 6.267766952967742 44.999999999993314
12.631727983648103 5.560660171781039 44.99999999999333
11.92759049543871 4.850584097617014 44.99999999999529
11.217514421274675 4.146446609407633 44.999999999997065
10.510407640087966 3.4393398282209455 44.99999999999705
9.806788046215516 2.728745859720002 44.99999999999717
9.096194077714564 2.0251262658475566 44.99999999999725
8.38908729652786 1.3180194846608613 44.999999999996874
