303 17.932205470358824
0.5000000000001066 17.103973589494224 7.1e-14
1.500000000000317 17.432205470358717 1.56e-13
17.141155589721258 0.500000000000103 89.99999999999996
17.43220547035872 1.50000000000031 89.99999999999991
0.5000000000001048 11.500000000002387 1.38e-13
0.5000000000001048 10.500000000002181 1.27e-13
0.5000000000001084 9.500000000001974 1.36e-13
1.5000000000003393 9.500000000001977 7.81e-13
0.5000000000001048 8.500000000001767 1.29e-13
1.5000000000003135 8.500000000001766 3.84e-13
2.5000000000005285 8.500000000001789 1.33e-12
0.5000000000001048 7.5000000000015605 1.17e-13
1.5000000000003135 7.500000000001558 2.44e-13
2.500000000000524 7.500000000001569 89.99999999999996
3.5000000000007327 7.500000000001591 89.99999999999999
0.5000000000001048 6.500000000001354 9.4e-14
1.5000000000003126 6.500000000001352 2.16e-13
2.500000000000523 6.5000000000013625 89.99999999999987
3.5000000000007327 6.50000000000138 89.9999999999997
4.504494551769956 6.510246440584476 5.512063052e-05
0.5000000000001048 5.500000000001146 1.04e-13
1.5000000000003135 5.500000000001146 2.44e-13
2.500000000000523 5.500000000001155 89.99999999999994
3.50000000000073 5.500000000001171 89.99999999999999
4.500000000000937 5.507021996689625 1.4e-14
0.5000000000001066 4.50000000000094 1.14e-13
1.5030366143781624 4.500000000000939 2.73e-13
2.504193919072809 4.500000000000947 89.99999999999997
3.505593903805143 4.500000000000959 4.12e-13
4.507080457939656 4.504932294012329 0.003706639334821
5.509167512702599 4.506664736074071 0.046069460790154
0.500000000000103 3.500000000000731 0.0
1.500000000000309 3.500000000000729 89.99999999999999
2.5000000000005143 3.5000000000007327 0.0
3.5000000000007203 3.50000000000074 0.0
4.500000000000927 3.500000000000753 0.0
5.5000000000011315 3.503467309854651 89.99999999999999
6.500000000001338 3.5000000000007203 89.99999999999999
0.500000000000103 2.5000000000005214 0.0
1.500000000000309 2.5000000000005214 89.99999999999999
2.5000000000005143 2.500000000000525 89.99999999999999
3.5000000000007203 2.500000000000523 89.99999999999999
4.500000000000927 2.500000000000531 0.0
5.500000000001133 2.500000000000541 0.0
6.500000000001338 2.5000000000005143 0.0
7.500000000001544 2.500000000000516 89.99999999999999
0.500000000000103 1.5000000000003126 0.0
1.500000000000309 1.5000000000003126 0.0
2.5000000000005143 1.5000000000003135 89.99999999999999
3.5000000000007203 1.5000000000003153 89.99999999999999
4.500000000000926 1.5000000000003215 89.99999999999999
5.5000000000011315 1.5000000000003215 2.8e-14
6.500000000001339 1.500000000000309 89.99999999999999
7.5000000000015445 1.5000000000003109 89.99999999999999
8.50000000000175 1.500000000000309 89.99999999999999
10.432205470357275 17.43220547035872 5.4e-14
0.500000000000103 0.500000000000103 0.0
1.500000000000309 0.500000000000103 0.0
2.5000000000005143 0.500000000000103 0.0
3.5000000000007203 0.5000000000001048 0.0
4.500000000000926 0.5000000000001048 0.0
5.5000000000011315 0.5000000000001048 2.8e-14
6.500000000001339 0.500000000000103 4e-15
7.5000000000015445 0.500000000000103 0.0
8.50000000000175 0.500000000000103 0.0
9.500000000001956 0.5000002354243769 0.0
10.500000000002162 0.500000000000103 0.0
11.500000000002366 0.500000000000103 0.0
3.432205470355827 17.432205470358713 2.44e-13
4.432205470356032 17.432205470358713 2.32e-13
5.432205470356239 17.432205470358717 2.22e-13
6.432205470356445 17.43220547035872 1.85e-13
7.432205470356653 17.43220547035872 1.04e-13
8.432205470356859 17.43220547035872 89.99999999999999
9.432205470357067 17.43220547035872 4.1e-14
9.500000000001956 1.5001887853314289 0.0
11.43220547035748 17.43220547035872 1.09e-13
12.432205470357687 17.43220547035872 7.7e-14
13.432205470357893 17.43220547035872 3.1e-14
14.432205470358099 17.43220547035872 3.4e-14
15.432205470358308 17.43220547035872 89.99999999999996
16.43220547035851 17.43220547035872 89.99999999999996
17.43220547035872 17.43220547035872 89.99999999999999
4.43220547035602 16.432205470358504 4.76e-13
5.432205470356227 16.43220547035851 4.25e-13
6.432205470356434 16.43220547035851 3.44e-13
7.432205470356644 16.43220547035851 7.5e-14
8.43220547035685 16.432205470358515 89.99999999999997
9.432205470357058 16.43220547035851 1.4e-14
10.432205470357266 16.432205470358515 5.1e-14
11.432205470357475 16.432205470358515 9.9e-14
12.432205470357683 16.43220547035851 1.2e-13
13.43220547035789 16.432205470358515 2.9e-14
15.432205470358305 16.432205470358515 89.99999999999996
14.432205470358099 16.432205470358515 2.4e-14
16.43220547035851 16.432205470358515 89.99999999999999
17.43220547035872 16.432205470358515 89.99999999999997
5.432205470356232 15.432205470358305 4.79e-13
6.432205470356439 15.432205470358305 3.86e-13
7.432205470356648 15.432205470358308 7e-14
8.432205470356855 15.432205470358308 89.99999999999997
9.432205470357061 15.432205470358308 1.4e-14
10.43220547035727 15.432205470358308 7.1e-14
11.432205470357477 15.432205470358308 1.14e-13
12.432205470357683 15.432205470358305 1.17e-13
13.43220547035789 15.432205470358308 1.6e-14
14.432205470358095 15.432205470358308 2.8e-14
15.432205470358305 15.432205470358308 89.99999999999999
16.43220547035851 15.432205470358308 89.99999999999996
17.43220547035872 15.432205470358308 89.99999999999999
6.432205470356441 14.432205470358099 4.17e-13
7.432205470356649 14.432205470358099 4.4e-14
8.432205470356855 14.432205470358102 89.99999999999999
9.432205470357063 14.432205470358099 1.4e-14
10.43220547035727 14.432205470358102 5e-14
11.432205470357479 14.432205470358102 1.28e-13
12.432205470357685 14.432205470358099 1.28e-13
13.432205470357893 14.432205470358102 0.0
14.432205470358099 14.432205470358102 2.2e-14
15.432205470358305 14.432205470358102 89.99999999999996
16.43220547035851 14.432205470358099 89.99999999999996
17.43220547035872 14.432205470358099 89.99999999999996
6.4322054703564415 13.43220547035789 4.26e-13
7.432205470356649 13.432205470357893 2.8e-14
8.432205470356857 13.432205470357893 89.99999999999997
9.432205470357063 13.432205470357893 2.8e-14
10.432205470357271 13.432205470357893 5.7e-14
11.432205470357477 13.432205470357896 1.56e-13
12.432205470357683 13.432205470357896 1.63e-13
13.432205470357893 13.432205470357896 1.5e-14
14.432205470358099 13.432205470357896 2e-14
15.432205470358305 13.432205470357896 89.99999999999994
16.43220547035851 13.432205470357893 89.99999999999996
17.43220547035872 13.432205470357893 89.99999999999996
7.432205470356616 12.432205470357689 89.99999999999999
8.432205470356843 12.432205470357689 89.99999999999997
9.43220547035705 12.432205470357689 4.3e-14
10.43220547035726 12.432205470357689 4.3e-14
11.432205470357468 12.43220547035769 1.56e-13
12.432205470357676 12.432144957029209 8.5e-14
13.432205470357882 12.43220547035769 4e-15
14.432205470358092 12.43220547035769 3.8e-14
15.432205470358298 12.432205470357689 89.9999999999999
16.432205470358507 12.432205470357689 89.99999999999994
17.432205470358717 12.432205470357689 89.99999999999996
7.432205470356635 11.432205470357482 2.8e-14
8.432205470356843 11.432205470357482 89.99999999999994
9.43220547035705 11.43220547035748 2.4e-14
10.432205470357259 11.432205470357482 2.8e-14
11.432205470357466 11.432205470357484 1.71e-13
12.432205470357674 11.432070197274601 7.8e-14
13.432205470357882 11.432205470357482 89.99999999999997
14.432205470358092 11.432205470357484 89.99999999999993
15.432205470358301 11.432205470357482 89.9999999999999
16.432205470358507 11.432205470357484 89.99999999999994
17.432205470358717 11.43220547035748 89.99999999999994
7.432205470356635 10.432205470357276 1.4e-14
8.432205470356843 10.432205470357275 89.99999999999994
9.43220547035705 10.432205470357276 1.4e-14
10.432205470357257 10.432205470357276 2e-14
11.432205470357465 10.432205470357278 1.85e-13
12.432205470357673 10.431973251574178 9.9e-14
13.432205470357882 10.432205470357276 89.99999999999996
14.432205470358092 10.432205470357276 89.99999999999989
15.432205470358301 10.432205470357276 89.99999999999987
16.43220547035851 10.432205470357276 89.9999999999999
17.432205470358717 10.432205470357276 89.99999999999993
7.432205470356569 9.43220547035707 5e-15
8.432205470356783 9.432205470357067 89.99999999999959
9.432205470356998 9.43220547035707 1e-15
10.432205470357214 9.43220547035707 1.4e-14
11.432205470357433 9.43220547035707 1.61e-13
12.432205470357664 9.43186926035429 1.08e-12
13.432205470357882 9.43220547035707 89.99999999999994
14.432205470358088 9.43220547035707 89.99999999999986
15.432205470358301 9.432205470357072 89.9999999999999
16.43220547035851 9.43220547035707 89.9999999999999
17.432205470358717 9.43220547035707 89.99999999999989
8.432205470356843 8.427824334153051 0.0
9.43220547035705 8.432205470356864 89.99999999999999
10.432205470357259 8.432205470356864 89.99999999999997
11.432205470357466 8.432205470356864 1.64e-13
12.432205470357678 8.431779443818662 4.5e-14
13.432205470357886 8.432205470356864 89.99999999999994
14.432205470358095 8.432205470356864 89.99999999999987
15.432205470358301 8.432205470356866 89.9999999999999
16.432205470358507 8.432205470356864 89.99999999999989
17.432205470358717 8.432205470356864 89.9999999999999
9.432205470357058 7.4322054703566565 5e-15
10.432205470357264 7.432205470356658 0.0
11.432205470357474 7.43220547035666 1.73e-13
12.432205470357685 7.431678175893493 5e-14
13.432205470357893 7.432205470356658 89.99999999999994
14.432205470358099 7.432205470356658 89.99999999999991
15.432205470358305 7.432205470356658 89.9999999999999
16.43220547035851 7.432205470356658 89.9999999999999
17.432205470358717 7.432205470356658 89.9999999999999
13.432205470357893 6.432205470356453 89.99999999999991
14.432205470358102 6.432205470356451 89.9999999999999
15.432205470358305 6.432205470356454 89.9999999999999
16.43220547035851 6.432205470356452 89.99999999999989
17.43220547035872 6.432205470356451 89.99999999999989
15.432205470358308 5.432205470356247 89.99999999999986
16.432205470358515 5.432205470356246 89.99999999999986
17.43220547035872 5.432205470356245 89.99999999999987
16.432205470358515 4.43220547035604 89.99999999999984
17.43220547035872 4.432205470356039 89.99999999999986
17.43220547035872 3.432205470355834 89.99999999999983
7.432205470356635 8.432205470356864 2e-14
5.648065156061352 6.082444614411722 68.57998408799001
6.4322054703564016 12.426921445866602 89.99999999999994
12.432205470357689 6.431542234432014 6.8e-14
7.304795777901934 7.432205470356658 89.99999999999999
8.307925508470491 7.42365207869638 89.99248939741209
0.6421826331586065 15.916638536336823 20.255504276594074
1.5781024740553615 16.268910942345954 20.255504276594085
0.6421826331586065 14.738011628231853 20.255504276594152
1.5437333346786986 15.183418108861044 20.2555042765942
2.487889040670196 15.513372828474587 20.255504276594174
0.6258780997926454 13.625878099795342 17.266944348617955
1.561650791855378 13.984341437296639 17.266944348617983
2.4696581129972284 14.432130595378606 17.266944348617994
3.4142429831714782 14.762243688859847 17.26694434861799
4.366682443691142 15.067087257582052 17.26694434861798
0.5000000000001048 12.500000000002593 1.42e-13
1.5653245353969014 12.86575679223342 17.266944348618203
2.499697832928198 13.228722214910986 17.266944348618228
3.40770515407005 13.676511372992959 17.266944348618225
4.352290024244299 14.006624466474202 17.2669443486182
1.6258780997928524 11.625878099794932 17.26694434861833
2.5222598604514106 12.111068621353713 17.26694434861834
3.4552329190363222 12.478538845831022 17.266944348618342
4.363240240178172 12.926328003912994 17.26694434861834
5.307825110352422 13.256441097394235 17.266944348618317
1.5000000000003162 10.500000000002183 7.89e-13
2.5702546678154015 10.87722602074674 18.85063505867773
3.463406946091556 11.356185225979933 18.850635058677746
4.393238334120166 11.727711564491216 18.850635058677746
5.297472341461654 12.17421245953752 18.850635058677728
2.6618044274322106 9.661804427433673 24.379371049869498
3.531776679448922 10.164742776689959 24.37937104987007
4.420274553262886 10.635099881152296 23.98554263653304
5.347536904542663 11.011007021509428 23.98554263651339
3.604425988088768 8.871508375356296 23.985542636513436
4.432154419348606 9.471124260123418 23.985542636513543
5.33165512398914 9.909427447086008 23.985542636513294
4.502564818003685 8.121015869440807 28.24296452010595
5.295043788047829 8.758926324582772 28.24296452010594
5.306327370563696 14.306327370565555 17.26694434861813
2.5244964200568036 16.59280044136088 20.25550427659411
3.4309969440497445 15.846166901310765 20.255504276594156
6.432205470356427 11.426921445866395 89.99999999999983
6.283430476496651 10.278146452006409 21.56421408426458
6.432205470356361 9.129371458146423 2.29e-13
6.28414031429622 7.981306302086004 68.5799840879901
6.009743879823932 7.014755091040866 68.57998408799007
15.784763871691638 0.6614168693787281 65.70961383067518
16.19718285034716 1.5724118925643369 65.70961383067512
14.685298432494339 0.6578615267647976 66.5095146380898
15.090956600029298 1.5719188187652273 66.50951463808978
15.485848648534443 2.4906552268505173 66.5095146380898
13.500000000002782 0.500000000000103 0.0
13.971242068692119 1.551744786225644 67.80527721380368
14.377071607643058 2.466196384550024 67.80527721380368
14.747990921398467 3.3948908311359114 67.80527721380368
15.224821609917987 4.280375025382152 67.80527721380368
12.500000000002572 0.5030278806712936 5e-15
12.73528424812509 1.643117026391237 69.56298910220922
13.266775127065458 2.5122378017031757 69.56298910220922
13.673133982309448 3.4279867915780917 69.56298910220922
14.029513040152029 4.362359860631185 69.56298910220922
11.637356359892763 1.6373563598907044 70.66285050335294
12.002928693019397 2.568854893768516 70.66285050335294
12.535788187411207 3.441648501564094 70.66285050335294
12.942620463484579 4.358667969131455 70.66285050335294
13.2948491104675 5.294849110465853 70.66285050335294
10.500000000002162 1.500000000000309 0.0
10.910731301760645 2.5721569576994563 68.57292422721662
11.276060296412924 3.503035427662378 68.57292422721662
11.806314546960339 4.369190472848134 68.5729242272166
12.212320940865766 5.2841054654382145 68.57292422721662
9.719171646996546 2.6481058710836898 68.57173563327193
10.211972900950267 3.5289559542391205 68.57173563327193
10.577412481393122 4.459983373686498 68.55121382458786
11.107642207816777 5.326075997190735 68.55121382458785
8.634625824986921 2.634625824985684 71.16908668798465
8.983764681695446 3.5721106860746783 71.16908668798463
9.479210976441584 4.45970032946165 71.16908668798463
9.845003146310777 5.391505912061755 71.16908668798463
7.897901606278294 3.5771513708031497 68.57998408798775
8.254376585889851 4.511503269843331 68.57998408798773
8.747486493763828 5.392725684537073 68.51061067593199
7.164850651044487 4.4724275898533525 68.57998408799078
7.530052671470756 5.403355881547714 68.57998408799077
14.432205470358102 5.432205470356246 89.99999999999987
16.65308106095892 2.5160393717631626 59.953085935139384
15.938012516754293 3.384500446932586 66.5095146380898
11.432205470357479 6.432205470356453 1.99e-13
10.308573134347341 6.432205470356451 1.6e-14
9.112982720117705 6.324188481389847 68.57998408799071
8.023075279781292 6.284140314296247 68.57998408799077
6.4457359192363715 5.377558812293518 68.57998408798986
6.8126349858689155 6.31281300646755 68.57998408799044
