88 9.949747468307864
1.4190960887317718 9.449747468307763 89.99999999999997
2.426761238720832 9.449747468307763 89.99999999999997
3.432921724333115 9.44974746830776 89.99999999999956
0.5000000000001021 8.449747468307558 89.99999999999999
1.5000000000003069 8.449747468307558 89.99999999999996
2.5000000000005107 8.449747468307558 89.99999999999996
0.500000000000103 7.449747468307354 89.99999999999996
1.5000000000003073 7.449747468307353 89.99999999999996
0.5000000000001021 6.44974746830715 0.0
9.449747468307763 9.449747468307763 3.3e-14
8.449747468307558 9.449747468307763 2.4e-14
7.449747468307354 9.449747468307763 6e-15
6.44974746830715 9.449747468307763 89.99999999999999
9.449747468307763 8.449747468307557 4.5e-14
8.449747468307558 8.449747468307558 5.6e-14
7.449747468307353 8.449747468307557 4.8e-14
9.449747468307763 7.449747468307353 6e-14
8.449747468307558 7.449747468307353 5.2e-14
9.449747468307763 6.44974746830715 6.2e-14
9.449747468307763 0.500000000000103 1.2e-14
8.449747468307558 0.5000000000001021 5e-15
7.449747468307353 0.5000000000001021 5e-15
6.449747468307148 0.5000000000001021 7e-15
9.449747468307763 1.5003134095136583 89.99999999999999
8.449747468307558 1.5000000000003073 89.99999999999999
7.449747468307353 1.5000000000003069 2.8e-14
9.449747468307763 2.500484172657865 89.99999999999997
8.449747468307558 2.5000000000005116 89.99999999999997
9.449689719566198 3.5006561606139233 89.99933371666756
0.5000000000001021 0.5000000000001021 1e-15
1.5000000000003069 0.5000000000001021 5e-15
2.500000000000511 0.5000000000001021 8e-15
3.500000000000715 0.5000000000001021 5e-15
0.5000000000001021 1.5000000000003069 0.0
1.500000000000306 1.5000000000003069 89.99999999999999
2.5000000000005107 1.5000000000003064 3.6e-14
0.5000000000001021 2.5000000000005116 1.7e-14
1.5000000000003069 2.500000000000511 5e-15
0.5000000000001021 3.500000000000716 9e-15
4.9547542578452335 9.24248243299433 45.324570159865
4.241506740721172 8.540451618022633 45.32198333164753
3.5602868430120473 7.802927529949736 44.999999974715074
2.8470565623121162 7.101328549948289 45.00819312355783
2.1451926979817366 6.387833385285789 44.99999997471496
1.4286762941027558 5.671316981156603 44.999999974714974
0.7139551463123848 4.966711792785924 44.72239566951848
5.6620342333269615 8.530353922042941 44.99999997471504
4.972930755753286 7.805243837227346 44.99999997471503
4.26776695302078 7.096194077584752 44.999999974715024
3.5606601715719868 6.389087296660161 44.999999974715024
2.8535533904646013 5.681980515394163 44.99999997471502
2.1464466094071653 4.9748737340782165 44.99999997471502
1.4396550176826421 4.267451763429078 44.99999997471502
6.387635534855986 7.804752620756107 44.99999997471498
5.680608069200231 7.097566524038408 44.999999974714996
4.974873734336727 6.389087296527315 44.999999974715024
4.267766952968674 5.681980515521985 44.99999997471503
3.560660171780549 4.974873734336726 44.99999997471504
2.8535533907231123 4.26776695302078 44.999999974715045
2.1471308030994627 3.559975978270442 44.99999997471504
7.099351539353448 7.101469783453637 45.00503900231796
6.388146843526357 6.390320340703531 44.98095685546984
5.6819805155956145 5.681980515412819 44.99999997471504
4.9748737341945395 4.9748737341973355 44.9999999672941
4.267766952808634 4.267766952991428 44.99999997471507
3.5606601716484434 3.5606601715727275 44.99999997471509
2.824070936500149 2.822062667057807 44.998355225672086
7.802435424715218 6.389952730530767 44.999999974715074
7.095367955207633 5.682806637664932 44.99999997471506
6.389087296527315 4.974873733971138 44.99999997471505
5.6819805153370035 4.267766952788066 44.99999997471506
4.974873733971138 3.5606601717805484 44.99999997471509
4.267766952913702 2.853553390464601 44.99999997471511
3.561969342164124 2.145137438839638 44.9999999747151
8.509844515137923 5.6825436403663065 44.99999997471506
7.802666150145519 4.975508442985389 44.99999997471507
7.096194077843263 4.267766952913702 44.99999997471507
6.3890872967338 3.5606601716497805 44.9999999747151
5.681980515287084 2.853553390723111 44.99999997471513
4.974873734229648 2.1464466094071644 44.9999999747151
4.269572916319145 1.43753386494269 44.9999999747151
9.222440428187316 4.976713543975425 44.97523918586164
8.511483368825328 4.269815678051729 44.995170930428685
7.804446253511669 3.5618055662077124 44.99999997471505
7.0979658965182555 2.853476551722854 44.9989590023542
6.389659303144802 2.1470186162069393 44.99999997471516
5.682261288045872 1.4396206008497567 44.999999974715074
4.957763146589658 0.7080258300977418 44.893856192383346
