237 15.974708309876293
1.5007193103062706 15.474520633895057 0.00878413178944
0.5002480326105871 15.332888019979176 0.004324139011743
15.375139443461066 0.5000000515568193 2.6105e-11
15.372576245895134 1.5000001546702588 5.2199e-11
0.5000000528588924 9.502072447667384 1.32875038e-07
0.5000000517107228 8.501254884979154 89.99999999630649
1.500000155125223 8.500000970567031 89.9999999925997
0.5000000516747347 7.500000862519251 89.9999999868412
1.5000001548989577 7.500000865283915 89.99999997524904
2.500000258192066 7.505366211491772 89.9999999560264
0.5002468732136016 6.500000753368036 1.91440972e-07
1.5007412609787183 6.500000757592152 2.43088508e-07
2.5013447670102984 6.50310661050526 0.047213142283539
3.513254418303779 6.558186418337979 1.539674354887936
0.5000000515567393 5.5000006437061275 89.99999999998239
1.5000001546700892 5.500000645795215 89.99999999996477
2.50000025778344 5.5000006529427115 89.99999999994716
3.500000360896796 5.502169054191752 89.99999999992906
4.500000464011414 5.571088903713464 89.99999999977587
0.5000000516209422 4.500000528229956 89.99999999866196
1.5000001548602597 4.500000529798166 89.9999999974625
2.500000258099015 4.500000534564944 89.99999999648202
3.5000003613375545 4.500000540600418 89.99999999559925
4.5000004645759395 4.500000464081891 89.99999999479854
0.5000000515595309 3.5000004111800562 89.9999999999502
1.5000001546785278 3.5000004123534643 89.9999999999004
2.5000002577975264 3.5000004150709234 89.99999999985054
3.5000003609165242 3.5000004183439932 89.99999999980052
4.50000046403561 3.500000360923022 89.99999999974195
5.500000567153991 3.5000003609086923 89.99999999988542
0.5000000515568495 2.5000002930322767 89.99999999999885
1.5000001546705466 2.5000002937110644 89.99999999999771
2.5000002577842446 2.5000002957899756 89.99999999999655
3.5000003608979418 2.500000298639039 89.9999999999954
4.500000464011657 2.500000257804146 89.99999999999264
5.5000005671252605 2.5000002577928866 89.99999999999109
6.50000067023879 2.500000257784275 89.99999999999065
0.5000000515566079 1.5000001741703102 1.838e-12
1.5000001546698183 1.5000001744823317 3.695e-12
2.5000002577830296 1.5000001754460062 5.509e-12
3.50000036089624 1.5000001792912068 7.347e-12
4.500000464009452 1.5000001546845354 8.838e-12
5.500000567122646 1.5000001546773447 7.056e-12
6.500000670235845 1.5000001546706772 4.793e-12
7.500000773349028 1.5000001546707953 2.728e-12
0.5000000515566034 0.5000000554986244 2.302e-12
1.5000001546698005 0.500000054428404 4.675e-12
2.5000002577829994 0.500000054645449 6.921e-12
3.5000003608961974 0.5000000560698235 9.222e-12
4.50000046400944 0.5000000515584908 1.4424e-11
5.500000567122687 0.5000000515585494 2.0434e-11
6.500000670235952 0.5000000515568539 2.2923e-11
7.500000773349288 0.5000000515569676 3.5219e-11
8.500000876464076 0.5000000515565679 89.99999999999926
9.50000097957807 0.5000000515566292 89.99999999999234
3.4511321493124516 15.474192816327566 0.012711012353563
4.451911720201485 15.474128109574263 0.005955477333894
5.452803742778126 15.474708258259476 6.874956e-09
6.453954537177301 15.4747082583187 89.99999999988775
7.455522876471223 15.47456884172194 0.01188190047903
8.456875113253902 15.474708258319545 89.99999999998579
9.458110994337494 15.474708258319726 89.99999999999949
10.460006877087263 15.474708258319723 89.9999999999997
11.46317787312377 15.47470825831936 89.99999999995755
12.465948920486106 15.474226964452928 0.001646595410834
13.46860335080224 15.474708258319474 3.197e-12
14.47113585699368 15.474708258319385 89.99999999997941
15.473570031575829 15.474708258319225 89.99999999998442
4.453373339067706 14.47294982176178 0.009335369169435
5.453987070772979 14.474708155085835 1.3751776e-08
6.454655574555439 14.474708155204379 89.99999999977575
7.456119054994137 14.474395165807557 0.020346389663894
8.457099165318406 14.47470815520613 89.99999999997164
9.45853483263706 14.474708155206592 89.99999999999899
10.460689412759809 14.474708155206585 89.99999999999933
11.463278368523042 14.474708155205871 89.99999999991705
12.46606337268502 14.473252542685966 0.003959978319602
13.468735910416358 14.474708155205835 6.466e-12
14.47122425808271 14.474708155205658 89.99999999995876
15.473668036722362 14.474708155205118 89.99999999996892
11.467674499765717 11.474707845865115 89.99999999976316
5.455625754099655 13.47470805194154 1.733865e-08
6.455862715095172 13.474708052089738 89.99999999966931
7.456389483127458 13.474257945635696 0.023812085030997
8.457349857886634 13.474708052092712 89.99999999995747
9.458913233332341 13.474708052093456 89.99999999999852
11.463679714971017 13.474708052092376 89.99999999987587
12.466489498767766 13.472239980716449 0.011605361455917
13.468952722308217 13.474708052092193 9.724e-12
14.471504681068229 13.474708052091932 89.9999999999381
15.473837799359249 13.474708052091012 89.99999999995343
6.453610541851901 12.474707948975121 89.9999999995629
7.455221992110916 12.474084453011457 0.032161155013632
8.457384286924128 12.474707948979294 89.99999999994328
9.459164809529701 12.474707948980322 89.99999999999808
10.461223848796216 12.474707948980303 89.99999999999862
11.464586864293983 12.474707948978834 89.99999999982921
12.468149520922921 12.471113332687683 0.03271667730786
13.469685602651086 12.474707948978555 1.2932e-11
14.471974497393742 12.474707948978205 89.99999999991734
15.473977662991611 12.474707948976905 89.99999999993787
7.455463112687753 11.473939183712464 0.037895335859086
6.4539043861799 11.47470784586088 89.99999999945051
8.45734685542941 11.474707845865876 89.99999999992913
9.45963403744288 11.474707845867187 89.99999999999757
10.46272992294776 11.474707845867162 89.99999999999822
10.461020485417425 13.474708052093442 89.99999999999899
12.46943774291108 11.469749300199231 0.02506595162342
13.47065939938953 11.474707845864916 1.6095e-11
14.472139141093894 11.474707845864476 89.99999999989653
15.473965088052598 11.474707845862799 89.99999999992227
7.456095655729611 10.473769690325096 0.046739065891344
8.45799567969545 10.474707742752457 89.99999999991483
9.460721928019488 10.474707742754052 89.99999999999709
10.467207093476933 10.47470774275402 89.99999999999784
11.468409899614304 10.474707742750928 89.99999999964285
12.4715667914896 10.31349818816632 0.028944383181852
13.472882001888205 10.474707742751276 1.9085e-11
14.474708155199856 10.474707742750319 89.99999999990672
15.47470825831849 10.473760296111177 89.99999999999973
7.465850379377126 9.473602541248551 0.056404632922745
8.466341861340192 9.47470763963902 89.99999999989971
9.466933113720824 9.474707639640918 89.99999999999662
10.468610543570957 9.47470763964088 89.99999999999744
11.470460562114102 9.474707639636192 89.99999999946138
13.474708052081546 9.474707639637794 2.6418e-11
14.47470815520174 9.474707639635396 7.077e-11
15.47470825831872 9.47278753427088 2.6206e-11
7.466405625148139 8.47302093855867 89.99994410046416
8.466668848506474 8.47470753652566 89.9999999998914
9.470818285271985 8.474707536527783 89.99999999999609
10.474707742738726 8.47470753652773 89.99999999999812
11.474707845854432 8.463080358045714 1.84422e-10
12.474707948968247 8.729884113247218 3.00147e-10
13.474708052086784 8.474707536524326 2.9758e-11
14.474708155203064 8.474707536521715 8.8078e-11
15.474708258318454 8.4718933121417 9.5383e-11
8.474707536509756 7.474707433412281 89.99999999988253
9.474707639624329 7.474707433414655 89.99999999999619
10.474707742739975 7.474707433414591 89.99999999999912
11.474707845855512 7.460335472433767 89.99999999999143
12.474707948971204 7.727484968763702 89.99999999994796
13.474708052087108 7.474707433410831 2.7981e-11
14.47470815520273 7.474707433408103 9.0883e-11
15.474708258318358 7.470904809863708 1.02804e-10
11.474707845854951 6.457365804152804 6.212e-12
12.474707948970668 6.725087560163907 89.99999999992187
13.474708052085976 6.4747073302972895 2.1065e-11
14.474708155202666 6.474707330294535 8.6175e-11
15.474708258318373 6.4696073802332865 1.004e-10
13.474708052087758 5.474707227183704 1.4041e-11
14.474708155202702 5.474707227180937 6.9463e-11
15.474708258318564 5.352690643680921 9.635e-11
14.474708155204763 4.474707124067381 5.4072e-11
15.474708258319193 4.262823442246008 7.276e-12
15.474708258319719 2.509021032096955 89.99999999999933
6.453191277863383 10.474707742746642 89.99999999933715
7.351857209795212 7.466427608045111 89.04316817120835
4.86434697720427 6.571089006830934 89.99999999925232
6.351747262117475 7.468200877658339 89.04316817135144
0.6603242156953737 13.853613840937026 24.00074227559898
1.5901667848925296 14.231899329123758 24.319797476071948
2.5292169744753688 14.70434146590461 30.348213164173785
0.6601127118369554 12.75793383815778 23.949798091995785
1.5925421709541627 13.123953485454848 23.984070772631092
2.5025953124553553 13.540240796983207 24.012841263572692
3.396526563009643 13.992885393717035 24.05281712619959
0.5001983197230215 11.59756635593113 0.016588030143252
1.5797572095917056 12.018969052723548 23.509735285764016
2.4993618002055884 12.412683079060548 23.525676076527645
3.403515056929674 12.841933025430441 23.544268236261317
4.297359230495557 13.29458395426352 23.54141923947186
0.5002663728723835 10.502880870277089 0.00956299933739
1.6263698229835013 10.8310866395672 24.24907932655828
2.506529766426654 11.319940399058893 23.91550006474646
3.424379018219322 11.718455888451793 23.897055301354516
4.326178072251663 12.153157370757993 23.89044232427323
5.452598582278599 12.474707948294574 4.4852392e-08
1.6538393780740996 9.678283133251654 22.61838817953118
2.547450681711017 10.133621419639953 22.618388085273708
3.4291562210313202 10.619283881688975 22.54129027953143
4.34707412782276 11.017816459035798 22.476025783355208
5.381760383211137 11.40355301305478 8.87521165600523
2.563570311513576 8.976874571075182 25.219017037724694
3.454977129573587 9.431149227433528 25.219016898146638
4.340649916601738 9.915785877540833 24.324002152341052
5.302848061812247 10.286607726059744 20.633082354253506
3.4286548426269983 8.277858737198006 27.470814168942855
4.329773424284473 8.737458445800145 26.756028141178916
5.279009155529967 9.208709478931043 20.674037846071375
4.2931004739143965 7.596136937703429 27.054391524710695
5.185022140578163 8.048336789856037 27.0543915217211
6.45516260483688 9.474707639632326 89.99999999921828
6.466341168558872 8.474707536517077 89.99999999900746
6.282486996844868 4.418227998393883 63.78127248779622
6.656995303538741 5.37597022976413 67.08466375213101
7.024956946658137 6.306101772221069 67.08466375281101
5.512098543132884 5.485511354164135 88.35630623306115
14.22304985891361 0.5000000515566283 89.99999999999814
14.325841883137034 1.5000001546698751 89.99999999999628
14.47470815520657 2.500000257783122 89.99999999999861
12.746143804132704 0.5010048755467951 89.98662983316562
13.128786506097429 1.5777770584577606 69.96952748869981
13.328727308342543 2.571384992148177 69.94049292746232
13.689554111848512 3.5573496490801366 64.0944691802986
11.500001185805631 0.5000000515567473 89.99999999998678
11.91483847287435 1.5626514889349048 70.08593171025761
12.236972032331426 2.509549788296834 70.08593171024627
12.53938546945044 3.463592137931774 70.0859317102311
12.992154897122521 4.410378556086133 64.09446918031462
10.50000108269185 0.5013401331357965 89.99999999998953
10.875764133206411 1.640407637620191 70.08593171788304
11.195447340708455 2.588193628565265 70.08593171456668
11.503533062371147 3.5401810674880476 70.08593171023072
11.909378135502509 4.536813009581332 60.640843241531925
12.295010930738552 5.486735217992722 62.254297445169364
9.621864142436904 1.6218633175311208 73.42423659830094
10.101629135008256 2.522418719061154 73.42423659829952
10.41089988814772 3.4737221408093415 73.42423659829919
10.729426465767009 4.422270543800587 73.42423659829896
11.108341880570196 5.352844064326894 73.42423659829971
8.822493576556665 2.55308828613635 77.19671601214048
9.306695058661841 3.4685486221170487 77.1967160121406
9.617056104005023 4.423515014770397 77.1967160121409
9.936854632938752 5.3763366952379625 77.19671601214156
8.500000876462229 1.5000001546696993 89.99999999999856
8.096391920330976 3.573868841116207 63.78485717579716
8.559891239201923 4.5236639857376355 70.73756658303388
8.87429252600346 5.47925938896803 70.06690844085023
7.420132107690928 4.4649190287037435 63.82106800405165
7.767172402312977 5.433918046283511 67.08466375270932
7.6694431019382545 2.6694425863688185 63.784857175904975
6.978672031725768 3.5676379645317473 63.82106800405078
10.474707742739566 6.474707330301453 8.5e-14
9.474707639623489 6.474707330301527 89.99999999999629
8.135134045416006 6.3640495887398245 67.08466375273392
5.876157086364895 6.475476165773017 88.35630623305063
