237 16.005798979705354
1.5000000067607289 15.50579897745179 2.284e-12
0.5000000022535795 15.348371829354665 1.131e-12
15.36324307691055 0.500000002253735 89.99999999999503
15.5057989774517 1.5000000067611712 89.99999999999004
0.5009919693210065 9.500000042823832 89.99999999998352
0.5000000022538371 8.500000038316049 89.99999999996905
1.5027668723604979 8.5558948335221 0.002647574517622
0.5000000022535671 7.500000033808181 89.9999999999968
1.500000006760697 7.554319629961892 89.99999999999245
2.5000000112677876 7.552446494914836 89.99999999999159
0.5000000022537252 6.5000000293004 1.0568e-11
1.5000000067613204 6.5065060307360145 4.5623e-11
2.5000000112686322 6.552446490396667 6.5164e-11
3.5000000157755187 6.862140486435402 7.7779e-11
0.5000000022537714 5.500000024792599 89.99999999999298
1.5022720136852676 5.5051702109970275 0.005469317750292
2.601397493306221 5.552446485876738 6.39261e-10
3.629541669331405 5.862140481928446 8.1714e-11
5.102285511457559 6.194868630752818 83.01238376202615
0.5000000022536621 4.500000020284855 89.99999999999032
1.5000000067609554 4.5041073570867916 89.99999999997773
4.699281754490984 5.028181802242153 37.277173816192324
5.772739282914262 4.456938954952409 72.2840446516558
6.49150896493035 3.4207298981370284 72.2840446516245
0.5000000022536168 3.5000000157771005 89.99999999999771
1.5233560037366871 3.5032600677636223 0.000550477747225
3.721696099579998 4.661447336240549 37.27717381619403
4.327367544172672 3.8657324939639244 37.27717381619626
5.467538522884697 3.5038967166428003 72.20171034168169
6.183295964203461 2.466133988762085 71.92601722283163
0.500000002253592 2.500000011269358 89.99999999999797
1.5000000067607715 2.5021806291082296 89.9999999999959
2.700693152449138 4.351753340182503 37.277173816194605
3.306364597041914 3.556038497905802 37.277173816199884
4.901386302646921 2.500000011268372 89.9999999999638
4.50000002064455 1.500000006761157 89.99999999996894
7.250246976205107 2.509637861544048 72.28404465170667
0.5000000022915243 1.5000000067616153 89.99999999999854
1.5000000069371273 1.501374119672981 89.99999999726879
2.700693152448972 2.7006931524489186 37.2771738162012
2.5000000115374332 1.5000000067607253 89.99999999999761
3.5000000160896123 1.5000000067617112 89.9999999999404
5.500000025202151 1.5000000067608896 89.99999999998977
6.934651891074909 1.5500423734893687 71.28693942979042
8.002301703504145 1.5776244520306548 72.28404465170294
0.5000000023079378 0.5000000022538718 89.99999999999923
1.5000000069337442 0.5004775545155207 89.99999999710525
2.50000001178669 0.5000000022535751 89.9999999999988
3.5000000166368324 0.5000000022537723 89.99999999998532
4.500000021363717 0.5000000022536364 89.99999999999409
5.500000026043641 0.5000000022536364 89.99999999999488
6.500000030704861 0.5000000022923583 89.99999999715416
7.687391625863456 0.6284375624678491 72.28404465170769
8.748870405710125 0.6284375624673766 72.28404465178667
9.80538278095118 0.6231059676859552 73.21194614423854
3.505798923359289 15.505798977451459 8.941e-12
4.505798927866827 15.505798977451214 89.99999999999906
5.505798932374439 15.505798977451644 89.99999999999109
6.50579893688217 15.505798977451626 89.99999999998566
7.505798941390185 15.505798977451619 89.99999999998538
8.505798945899526 15.50579897745176 1.793e-12
9.505798950407385 15.505798977451771 2.354e-12
10.505798954915019 15.505798977451686 1.3438e-11
11.5057989594225 15.505798977451704 1.1946e-11
12.505798963929887 15.505798977451697 1.1838e-11
13.505798968437205 15.505798977451676 1.1411e-11
14.50579897294448 15.505798977451658 9.038e-12
15.505798977451732 15.505798977450304 4.192e-12
4.505798927868983 14.50579897294287 89.99999999997513
5.505798932376371 14.505798972944172 89.99999999997591
6.5057989368837745 14.505798972944154 89.99999999996973
7.5057989413911885 14.505798972944179 89.99999999997739
8.505798945898647 14.505798972943992 89.9999999999851
9.505798950406254 14.50579897294461 3.604e-12
10.505798954914523 14.505798972944365 3.5123e-11
11.50579895942203 14.505798972944431 2.9868e-11
12.505798963929422 14.50579897294443 2.7291e-11
13.505798968436828 14.505798972944218 4.0235e-11
14.505798972944158 14.50579897294413 3.8469e-11
15.505798977451608 14.505798972940191 1.7792e-11
11.505798959420034 11.505798959422993 2.5664e-11
5.50579893237858 13.505798968436732 89.99999999999804
6.5057989368857765 13.505798968436626 89.99999999998998
7.50579894139293 13.50579896843631 89.99999999998703
8.505798945900075 13.505798968434132 89.99999999998515
9.505798950407392 13.505798968437478 1.175e-12
11.505798959422183 13.50579896843729 3.1443e-11
12.50579896392947 13.505798968437276 2.8009e-11
13.50579896843685 13.505798968436956 4.4421e-11
14.505798972944143 13.505798968436832 4.367e-11
15.505798977451622 13.505798968431282 1.6627e-11
6.503909871114903 12.505798963929179 89.99999999998086
7.505798941388573 12.505798963928756 89.9999999999967
8.505798945897338 12.505798963925452 89.99999999988748
9.505798950407115 12.505798963930333 89.99999999999709
10.505798954914654 12.505798963930037 3.5988e-11
11.505798959421938 12.505798963930156 3.0475e-11
12.505798963929251 12.505798963930129 2.6346e-11
13.50579896843665 12.50579896392969 4.0368e-11
14.505798972944019 12.50579896392958 4.222e-11
15.505798977451569 12.505798963922787 1.9114e-11
7.505798941388818 11.505798959420169 89.99999999984648
6.5057989368805655 11.505798959421831 89.99999999997046
8.505798945896041 11.505798959319758 89.99999999984215
9.505798950404719 11.505798959423135 89.99999999998757
10.505798954912514 11.505798959422851 3.5761e-11
10.50579895491491 13.505798968437212 3.5846e-11
12.505798963927559 11.505798959422936 1.7934e-11
13.50579896843512 11.50579895942219 7.449e-12
14.505798972943225 11.505798959422354 4.0785e-11
15.505798977451295 11.50579895941447 4.0018e-11
7.505172651637378 10.505798954862753 89.99999999407775
8.505297675638772 10.505798954777294 89.9999999993302
9.505798950401495 10.505798954915731 89.99999999995472
10.505798954909643 10.505798954915647 3.2089e-11
11.505798959417433 10.50579895491572 7.604e-12
12.505798963925471 10.505798954915669 6.08e-13
13.50579896843416 10.505798954914733 89.99999999997722
14.505798972943419 10.505798954915146 3.7959e-11
15.505798977451303 10.505798954906345 3.9562e-11
7.505303822655744 9.505798950314096 89.99999998933188
8.50537555002753 9.505798950225202 89.99999999984237
9.505502949401283 9.505798950408582 89.99999999995214
10.505798954908292 9.505798950407966 89.99999999997466
11.505798959416275 9.505798950408353 89.99999999997794
12.505798963925608 9.505798950408417 89.99999999998415
13.505798968433968 9.505798950407415 89.99999999996123
14.505798972942861 9.505798950407936 3.5063e-11
15.505798977451274 9.50579895039831 5.0463e-11
7.5051437470957 8.50579894575698 89.99999998372473
8.505208715866583 8.505798945672554 4.89422e-10
9.50547662505295 8.505798945901432 89.99999999994957
10.505616555933141 8.505798945900663 89.99999999996083
11.50579895941597 8.50579894590108 89.99999999995806
12.505798963928301 8.505798945901013 89.9999999999499
12.5057989639301 7.5057989413939055 89.99999999994925
14.50579897294443 8.505798945900727 3.2611e-11
15.505798977451654 8.505798945890241 1.8616e-11
8.50579894590178 7.505798941138522 89.9999999999462
9.50579895040886 7.505798941394284 89.99999999994697
10.505798954915939 7.505771297304067 89.99999999994752
11.505798959423018 7.505798941393892 89.99999999994817
13.505798968437258 7.507769082516023 89.99999999995893
14.50579897294442 7.505798941392994 89.9999999999682
15.505798977451644 7.505798941382188 89.99999999998126
11.50579895941775 6.505798936881808 89.99999999937667
12.505798963925002 6.505798936881743 89.99999999936838
13.505798968432238 6.50579893689165 89.99999999936041
14.50579897293947 6.505798936880223 89.99999999936938
15.505798977449043 6.475521382035801 89.9999999996847
13.505798968432067 5.505798932384209 89.99999999933371
14.505798972940545 5.47406942865382 89.99999999952799
15.50579897744974 5.472868055666895 89.99999999976397
14.47638737596376 4.466551120239896 0.771921593769846
15.504567056347987 4.47057678856306 89.98724924967651
15.504666201147204 3.4671971159180472 89.98885983931154
6.502653015174781 10.5057989549141 89.99999999999127
7.505798941394698 7.501862166233213 89.99999999994547
5.4486852908877825 7.159895200323412 83.01238376212952
6.505798936887623 7.505798941391954 89.99999999994475
0.651986492726917 14.015431591714572 22.22736630818828
1.607980799527244 14.319557432793006 22.2273663087443
2.5733671575165182 14.754704040672156 29.3656817724178
0.6519864927270635 12.93515634441593 22.22736630825472
1.6096834175060133 13.235115733862848 22.22736630853535
2.5424161610506495 13.598777710852456 22.340753715044116
3.448101639598157 14.039660629207733 23.030405806189783
0.5000000022536142 11.78316984943492 7.033e-12
1.5983516494632601 12.142582825716413 22.340753715035277
2.5278374002163897 12.51163470490728 22.3407537150447
3.4527769866927827 12.89174885929327 22.340753715049996
4.3532720596938566 13.331344351006319 22.34075371504889
0.5000000022535973 10.500000047331614 89.99999999999795
1.5573998077992197 11.001672808702802 26.40309887045278
2.5033928867355737 11.4204372587983 22.340753715092454
3.4283324732121656 11.80055141318473 22.3407537150645
4.3532720596886945 12.180665567570877 22.340753715059073
5.501936527278943 12.505798963929275 89.9999999999843
1.6569592766799888 9.927061980865794 23.29196473965975
2.5617351476353623 10.354362347402619 23.29196473965719
3.4911595179117816 10.745219179241829 22.340753715072854
4.416099104388474 11.125333333627927 22.34075371504131
5.5057989323733825 11.505798959421814 89.99999999997057
2.49355408408492 9.197498086654303 25.142582411850782
3.424582063157935 9.632413564717943 22.797614193976013
4.351689803924047 10.017711915799584 22.340753715050017
5.495910033133891 10.312543964351466 89.6059363045268
3.3456707561116668 8.492768014665465 25.142582411852253
4.280932551690096 8.905390046586517 22.562883772201225
5.48951076605362 9.272572400324181 88.18591692139302
4.338536424555992 7.838072818494223 23.4552150478176
5.439103213453762 8.27126870276204 88.06880102340942
6.5051044926866615 9.505798950406717 89.9999999999758
6.485218456510136 8.50579894589935 89.99999999996038
6.795807306312138 4.3733066817321715 72.28404465169474
7.0977160631566525 5.326646812116456 72.28404465671152
7.370390168789549 6.3405363164391 78.18843814979023
6.071909002943454 5.411154064968833 72.2840446538553
14.064195954010799 0.6280980475548041 72.64804556320838
14.356201474820223 1.5869613458694394 72.66260081519756
14.661298640010974 2.5510616854566175 71.7147146776855
13.079861526567997 0.8401371925899266 72.72231362636897
13.593744373836934 2.5075578535266976 71.71471467770452
13.906737234237987 3.457801967533615 71.6882275836786
11.938325093450452 0.6255333220463628 72.79303007261461
12.257045849045575 1.5736850065348715 72.79303007260863
12.544547905451978 2.5315046543325277 72.7930300726032
12.853012039844604 3.4828326606440934 72.7930300726011
13.153079496299284 4.436760992163773 72.79303007260805
10.871154947803586 0.6196016616420286 73.806851011463
11.175557342406748 1.5725159925751875 73.80685101146155
11.48809349919373 2.5230683021151696 73.80685101146118
11.781952659316328 3.4790443582809525 73.8068510114611
12.09053238069304 4.430745605069855 73.80685101146206
12.38619730453901 5.386197272991279 73.80685101147031
10.109721031752393 1.5758076838954818 73.21194614423707
10.414059282554323 2.528509400104787 73.21194614423736
10.721414646298633 3.4803008820390913 73.21194614423848
11.020333836141852 4.434637476776846 73.21194614423968
11.328836368765469 5.386082869309941 73.21194614424249
9.357467088454003 2.5335911295973954 72.28404465178512
9.66176542982628 3.486167913162318 72.28404465178964
9.966963309979318 4.43845734125401 72.28404465180544
10.267972527977236 5.392084827061387 72.28404465182123
9.053168747082257 1.5810143460323278 72.28404465178446
8.610898386248012 3.4827780191611044 72.28404465173442
8.915196727619966 4.435354802726717 72.28404465179399
9.217105484398878 5.388694933105535 72.28404465672273
7.859120863727199 4.41565919214279 72.28404465172316
8.161096215267817 5.369207792512243 72.28404465677792
8.306600044876333 2.530201235595775 72.28404465171594
7.554717334359918 3.4627531275994707 72.28404465172252
10.496244658747761 6.499201798050374 89.23894678004329
9.458725750121804 6.462791280984083 84.8317413038552
8.419124239724534 6.411492958497483 81.18941054266661
6.353364085662138 6.412454542171405 77.00584121804792
3.9013862981395375 2.500000011269007 89.99999999997321
