237 15.930638802256787
1.5000003348004052 15.430638690656693 4.846e-12
0.500000111600138 15.355318336295285 2.409e-12
15.401339027084461 0.5000001116005173 89.99999999999281
15.430638690656433 1.5000003348015376 89.99999999998562
0.5000001116000714 9.500002120402849 7.593e-12
0.5000001116000963 8.500001897202628 8.973e-12
1.5000003348002613 8.500001897200624 2.1799e-11
0.5000001116001087 7.500001674002383 7.702e-12
1.5000003348003776 7.500001674000566 2.0592e-11
2.500000558001518 7.50000167400959 89.9999999999914
0.5000001116001282 6.500001450802109 6.722e-12
1.5000003348005233 6.500001450800514 2.0246e-11
2.500000558000778 6.500001450807526 9.933e-12
3.5000007812008853 6.500001450803149 1.4111e-11
0.5000001116002792 5.500001227601833 5.338e-12
1.5032604075137552 5.500001227600464 1.998e-11
2.5057602996353934 5.500001227603881 89.99999999986048
3.508505706463759 5.500001227602681 3.1505e-11
4.511754796285519 5.500001227602679 89.9999999999548
0.5008371319658087 4.500001004401551 1.864e-12
1.503286217518128 4.500001004400414 1.9699e-11
2.505795803493246 4.500001004403001 89.99999999992643
3.5085074559247573 4.500001004402216 4.7941e-11
4.511775222376022 4.500001004402305 89.99999999998175
0.5000001116003157 3.500000781201196 89.99999999999558
1.5000003348014106 3.5000007812003293 1.7053e-11
2.500000558002916 3.500000781201198 8.7867e-11
3.5000007812039673 3.5000007812013667 3.5356e-11
4.500001004405163 3.500000781201832 89.9999999999776
5.5000012276094346 3.500000781201628 89.99999999996857
0.5000001116002748 2.500000558000856 89.99999999999413
1.5000003348018467 2.500000558000246 1.3671e-11
2.5000005580032933 2.500000558001002 7.9611e-11
3.500000781204516 2.5000005580007025 9.609e-12
4.500001004405209 2.5000005580014584 89.99999999997246
5.500001227605626 2.5000005580013713 89.99999999996282
6.66291158360408 2.5929576281304936 65.36471936469968
0.5000001116003254 1.5000003348005162 89.99999999999434
1.5000003348022046 1.5000003348001556 9.493e-12
2.500000558004281 1.50000033480082 7.3712e-11
3.5000007812063725 1.5000003348003679 2.373e-12
4.504514009685962 1.500000334800955 89.9999999999793
5.614653789766539 1.5000003348009088 89.9999999999828
7.3365447571029065 1.662910467598949 65.36471936466054
0.5000001116004826 0.5000001116001718 89.99999999999768
1.5000003348024729 0.5000001116000616 4.913e-12
2.500000558004216 0.5000001116003663 3.6901e-11
3.5000007812055927 0.5000001116001123 1.789e-12
4.500001004406893 0.5000001116003663 89.99999999998131
5.500001227607488 0.500000111600186 5.215e-12
6.500001450807983 0.5000001116003467 1.3301e-11
7.500001674008501 0.5000001116001753 3.7e-13
8.500001897208982 0.5000001116023309 89.99999999999616
9.50000212040946 0.5000001116001034 89.99999999999297
3.4306360122547224 15.430638690656554 1.5606e-11
4.4306362354549815 15.430638690656618 1.4751e-11
5.430636458655243 15.430638690656629 1.5566e-11
6.430636681855469 15.430638690656664 1.0204e-11
7.430636905055655 15.430638690656274 1.5535e-11
8.430637128255785 15.430638690656455 1.4509e-11
9.430637351455918 15.430638690656515 1.2946e-11
10.430637574656053 15.430638690656568 1.0985e-11
11.430637797856187 15.4306386906566 8.982e-12
12.430638021056321 15.430638690656618 7.224e-12
13.430638244256453 15.430638690656622 5.638e-12
14.430638467456584 15.430638690656618 3.997e-12
15.430638690656721 15.430638690656544 1.663e-12
4.430636235454813 14.430638467456234 4.1555e-11
5.430636458655023 14.430638467456436 2.682e-11
6.430636681855262 14.430638467456532 9.968e-12
7.430636905055429 14.430638467454381 5.77e-12
8.430637128255599 14.43063846745458 9.92e-13
9.430637351455765 14.430638467455248 89.99999999999574
10.430637574655922 14.430638467455546 89.999999999992
11.430637797856074 14.430638467455713 89.99999999998931
12.430638021056222 14.43063846745578 89.99999999998757
13.430638244256368 14.43063846745577 89.99999999998694
14.430638467456516 14.43063846745569 89.99999999998793
15.430638690656675 14.430638467455609 89.9999999999924
11.43063779785585 11.43063779785284 9.878e-11
5.424412917742069 13.430638244256262 2.0365e-11
6.42702359480595 13.430638244256418 5.983e-12
7.430636905054524 13.430638244251966 2.03173e-10
8.430637128255428 13.430638244252897 1.05942e-10
9.43063735145573 13.430638244253789 7.7949e-11
11.430637797856146 13.430638244254716 4.3726e-11
12.430638021056293 13.430638244254862 3.4016e-11
13.430638244256418 13.430638244254862 2.6361e-11
14.430638467456538 13.430638244254702 1.9428e-11
15.430638690656668 13.430638244254524 1.1479e-11
6.430636681856379 12.430638021056186 1.5888e-11
7.430636905056419 12.430638021049496 1.5383e-11
8.430637128256457 12.430638021051298 1.4726e-11
9.430637351456495 12.430638021052506 1.3941e-11
10.430637574656537 12.430638021053444 1.2861e-11
11.430637797856578 12.430638021053852 1.1354e-11
12.430638021056623 12.430638021054044 9.436e-12
13.430638244256667 12.430638021053937 7.082e-12
14.430638467456715 12.430638021053568 4.673e-12
15.43063869065676 12.430638021052808 2.375e-12
7.4306369050554215 11.430637797847288 1.39536e-10
6.4306366818553435 11.430637797854908 1.46222e-10
8.430637128255489 11.430637797849425 1.33923e-10
9.430637351455566 11.43063779785108 1.27031e-10
10.430637574655698 11.430637797852285 1.14011e-10
10.430637574655972 13.43063824425439 5.7184e-11
12.430638021055998 11.43063779785317 8.383e-11
13.430638244256127 11.430637797853125 7.1026e-11
14.43063846745627 11.430637797852755 5.6987e-11
15.430638690656568 11.430637797851773 2.4798e-11
7.430636905054957 10.430637574645289 1.52167e-10
8.430637128255045 10.430637574648191 1.48407e-10
9.430637351455173 10.430637574650405 1.39651e-10
10.430637574655442 10.430637574651922 1.15179e-10
11.430637797855642 10.4306375746525 9.8601e-11
12.430638021055838 10.43063757465287 8.3034e-11
13.43063824425601 10.430637574652799 7.0301e-11
14.430638467456205 10.43063757465232 5.5712e-11
15.4306386906566 10.430637574651097 1.8732e-11
7.43063690502692 9.429003414409415 2.6915e-11
8.430637128228236 9.430637351445572 4.0214e-11
9.430637351429684 9.430637351449086 5.1604e-11
10.430637574631302 9.430637351451127 5.3407e-11
11.430637797833176 9.430637351451807 4.8658e-11
12.430638021035602 9.430637351451859 89.99999999999241
13.430638244238505 9.430637351452113 1.9497e-11
14.430638467442623 9.43063735145153 1.582e-12
15.430638690652064 9.430637351450446 89.99999999999363
7.430636905048983 8.428319107653047 89.99999999998533
8.430637128249534 8.430637128244374 89.9999999999903
9.430637351450118 8.430637128248245 89.99999999999635
10.430637574650735 8.430637128250437 89.99999999999939
11.430637797851402 8.430637128251101 1.732e-12
12.43063802105225 8.430637128251425 89.9999999999753
13.430638244253156 8.430637128251242 89.99999999995417
14.43063846745446 8.430637128250147 89.99999999989592
15.43063869065612 8.430637128249737 89.99999999997117
8.430637128256198 7.430636905043574 89.9999999999828
9.430637351456285 7.4306369050477805 89.99999999998613
10.430637574656402 7.430636905050165 89.99999999999295
11.430637797856477 7.430636905050728 89.9999999999945
12.430638021056549 7.430636905050984 89.99999999999544
13.43063824425662 7.430636905050574 89.9999999999957
14.43063846745669 7.430636905048287 89.99999999999741
15.430638690656753 7.430636905048724 89.99999999999847
11.430637797848645 6.430636681849065 89.99999999989831
12.430638021050953 6.430636681850501 1.3443e-11
13.430638244255295 6.4306366818503085 89.99999999999247
14.430638467456111 6.430636681846858 2.44e-11
15.430638690656515 6.430636681846878 1.6767e-11
13.430638244255377 5.430636458650071 89.9999999999822
14.43063846745592 5.430636458645674 89.99999999997212
15.430638690656469 5.430636458644784 89.99999999998381
14.430638467454807 4.430636235444567 89.99999999989596
15.430638690656135 4.430636235441073 89.99999999996096
15.430638690655627 3.430636012239078 89.999999999986
6.430636681854881 10.430637574654689 1.54576e-10
7.430636905056116 7.427741460459602 89.999999999981
5.102326894369454 6.5000014508023085 89.9999999999276
6.430636681856036 7.421415026131035 89.99999999997951
0.6758080559486466 13.817699575125573 27.889031054268393
1.5763660235304693 14.253899854077108 27.889031054284448
2.5157391152227984 14.6487686418129 29.63164703370306
0.6591701533484882 12.675051199376153 23.781527290923606
1.5583912346489956 13.114312539803894 23.78152729093004
2.4858759201844203 13.489435676655098 23.781527290932562
3.3821085325596956 13.935478655136926 23.781527290935134
0.500000111600067 11.515880934427477 6.722e-12
1.557874304295158 11.940262290275413 19.64052913039668
2.4620978064774404 12.381728034568612 19.640529130398267
3.392010909584249 12.751210077961957 19.640529130398267
4.291667306048226 13.205473026437787 19.64052913039722
0.5000001116000696 10.500002343603054 5.698e-12
1.6421912952679891 10.729784231879998 21.319673445807787
2.521454883413571 11.227369875216754 21.319673445806288
3.423025057254894 11.667800080234208 21.319673445803325
4.35392836014689 12.033070940238087 21.319673445798973
5.430636458656357 12.43063802105613 1.5356e-11
1.6358947817193297 9.635896567319923 19.06496386411785
2.5690149180635986 9.997342862322947 19.06496386412161
3.4542767533758836 10.49726949743676 19.06496386412102
4.359594825770829 10.939162429705565 19.06496386411942
5.294742011737174 11.294743350936821 19.06496386411566
2.574618740733735 8.902923313972716 21.31967344576712
3.50535724694266 9.268616446874859 21.319673445770654
4.384620835088976 9.766202090209994 21.319673445767513
5.286191008929944 10.206632295228603 21.319673445759495
3.4756220166702185 8.15984599144793 23.38010241491958
4.398166127637857 8.545916202591044 23.380102414922828
5.273275601538294 9.041705913308117 23.380102414900424
4.355382903856327 7.437967439207372 23.38010241493053
5.273275601545994 7.834796679035516 23.38010241492886
6.430636681825674 9.421415472532138 1.4744e-11
6.43063668184846 8.421415249331492 89.99999999998226
6.31866151379349 4.390530513163 58.04687924982266
6.788919663166982 5.275791771283453 58.046879249820144
7.23962570874176 6.290178912196862 71.78519211355093
5.592041614287201 5.412921665259605 80.42044752381835
13.750160186624655 0.5000001116008237 89.999999999946
14.2382752844745 1.5951701187798886 58.276624335111
14.658666441354878 2.510939819284313 58.27662433444419
12.638926025225027 0.5000001116003876 89.9999999999686
12.977470804346192 1.6185357223150332 66.08760552127502
13.43634063369108 2.5089669720356804 66.08760552125244
13.944343176604406 3.3776128480475327 66.08760552123742
11.507930995783685 0.5000001116002153 89.9999999999816
11.843268536781828 1.6050758579180266 68.10093683836206
12.26198256292425 2.514531445408494 68.1009368383538
12.709794113583161 3.412290537976184 68.10093683835022
13.231790303112907 4.280228769388779 68.10093683834896
10.500002343609937 0.5000001116001371 89.99999999999065
10.722885148143872 1.6448838657939469 68.68032655513498
11.14185734009783 2.55482865723292 68.68032655513052
11.560776383101421 3.464794191632107 68.68032655513285
12.001951660306716 4.366073577904045 68.68032655514081
12.430638021054875 5.430636458650291 7.205e-12
9.539461235815914 1.6613997657211401 65.7136178867542
10.00570172873545 2.548109173964453 65.71361788675324
10.423959192543759 3.456470016286267 65.7136178867569
10.842164721544423 4.3648542924033515 65.71361788676397
11.269238366933697 5.269237027728789 65.71361788677476
8.85352037683801 2.571890276199057 65.36471936466157
9.320107189387757 3.459121781817238 65.2405085766942
9.738466994624172 4.367777094002944 65.27941630150552
10.156660519880008 5.276135296793992 65.27941630525766
8.436679696673442 1.6629104676029813 65.36471936497352
8.170592746844642 3.48152029498557 65.27941630528963
8.63744166319907 4.367478324152442 65.27941630525434
9.055635188472642 5.275836526895395 65.27941630526578
7.497690419191896 4.411147543940152 65.2794163052327
7.964539335547016 5.297105573106839 65.2794163052391
7.753385437283054 2.571890276180774 65.36471936465377
7.032875539776413 3.523434197384944 65.36471932688424
10.430637574646493 6.430636681832975 89.99999999975377
9.362737767935467 6.362737098336006 81.56983422083705
8.33044272207173 6.3469786005171 79.3691928492251
6.102327117569829 6.4214148029304035 89.99999999991167
