237 15.973595917878704
1.5000002179717402 15.473595845222611 1.74268e-10
0.5000000726574365 15.335071523918181 8.7135e-11
15.426302326759476 0.5000000726557134 2.30873e-10
15.425512843937899 1.5000002179651988 4.55878e-10
0.5000000726564267 9.500001382821893 2.68799e-10
0.5000000726591818 8.500001237269174 1.37483e-10
1.5000002179772665 8.500001235354206 2.66461e-10
0.5000000726589704 7.500001091680577 3.55738e-10
1.500000217979669 7.500001090037657 2.8589e-11
2.5000003634049754 7.500001090505999 3.09944e-09
0.5000000726606224 6.500000946034673 5.36562e-10
1.5000002179810172 6.500000944719204 5.36009e-10
2.5000003632973726 6.500000945062652 4.12223e-10
3.5000005086088395 6.5000009446242615 4.51038e-10
0.5000000726539993 5.500000800274238 89.999999999995
1.5000002179620244 5.5000007993957025 89.99999999998906
2.5000003632700505 5.50000079939875 89.99999999998457
3.5000005085781014 5.500000799308071 89.99999999998069
4.649408760376933 5.757609193904164 68.30646830693857
0.5000000726867739 4.500000654075592 89.99999999695243
1.5000002180284566 4.500000654040839 89.99999999611893
2.500000363389354 4.500000654026557 89.99999999466775
3.5000005087930512 4.500000653980328 89.99999999831417
4.504979431974533 4.50723949760353 89.9814744616127
0.5000000726744345 3.500000508717666 89.99999999817521
1.5000002180183802 3.5000005087140336 89.99999999580467
2.500000363347019 3.5000005087015573 89.99999999530779
3.50000050869294 3.5000005086612918 89.99999999766894
4.500000654055386 3.5041296390078127 89.9999999932041
5.5000007993756 3.5000005087068926 89.99999999310302
0.500000072677345 2.50000036338023 89.99999999869436
1.5000002180342458 2.5000003633855785 89.99999999636489
2.5000003633690318 2.5000003633715595 89.99999999626468
3.5000005087065427 2.500000363344407 89.99999999769177
4.500000654043145 2.500000363457385 89.99999999579029
5.500000799365214 2.5000003633718926 89.99999999555209
6.5000009446860325 2.5000003637479455 89.9999999953367
0.5000000726536546 1.5000002180283118 89.99999999999643
1.500000217960955 1.5000002180198297 89.99999999999284
2.5000003632682555 1.5000002180135068 89.99999999998913
3.500000508575557 1.5000002180026222 89.9999999999853
4.500000653882859 1.500000218001154 89.99999999998144
5.500000799190162 1.500000218012655 89.99999999997733
6.500000944497467 1.5000002180131355 89.99999999997326
7.500001089804771 1.5000002179742946 89.99999999996895
0.5000000726560883 0.5000000726665297 89.99999999985988
1.5000002179673446 0.5000000726625977 89.99999999977287
2.500000363278466 0.5000000726616669 89.99999999971394
3.500000508589511 0.5000000726610443 89.99999999967778
4.500000653900528 0.5000000726610221 89.99999999965269
5.5000007992115565 0.5000000726652596 89.99999999962279
6.500000944522132 0.5000000726592475 89.99999999965922
7.500001089832934 0.500000072655947 89.99999999974536
8.50000123514483 0.5000000726537426 89.99999999998133
9.50000138045504 0.500000072653835 89.9999999999714
3.473594100885049 15.473595845146367 5.548203e-09
4.473594246267748 15.473595845182281 4.491028e-09
5.473594391692981 15.473595845219347 5.82744e-10
6.473594537054128 15.473595845215598 89.99999999898316
7.473594682428832 15.47359584522162 1.06937e-10
8.47359482786586 15.4735958452241 1.1137e-10
9.473594973245284 15.473595845225088 3.617e-12
10.4735951186148 15.473595845225042 9.029e-12
11.473595263955541 15.472856298474257 89.99999999990571
12.473595409268468 15.472856301971932 89.99999999982649
13.473595554583113 15.473595845221272 89.99999999971915
14.473595699901878 15.47359584522438 89.99999999994957
15.473595845221155 15.47282893962796 2.69796e-10
4.4735942464517 14.473595699796284 1.2311361e-08
5.473594391870108 14.473595699904969 1.180184e-09
6.473594537197236 14.473595699856507 9.07207e-10
7.473594682524407 14.4735956999037 6.64144e-10
8.473594827867297 14.473595699915812 2.21107e-10
9.473594973235205 14.473595699917876 7.203e-12
10.473595118641686 14.473595699917773 1.7928e-11
11.473595263963416 14.470557754280815 4.93452e-10
12.47359540927658 14.470557854023976 1.40224e-10
13.47359555459274 14.473595699908618 89.99999999952547
14.473595699907225 14.473595699915862 89.99999999989137
15.473595845222682 14.47128704356827 1.38867e-10
11.47359526394275 11.464187985318459 1.88551e-10
5.468407802551398 13.473595554593432 1.555676e-09
6.473594537372542 13.473595554516326 2.495568e-09
7.473594682694298 13.473595554585332 1.170179e-09
8.473594828012946 13.473595554606359 4.63862e-10
9.47359497333087 13.473595554610123 7.2007e-11
11.473595263971545 13.468535430018214 89.99999999974682
12.473595409282566 13.468535605682284 89.99999999960752
13.47359555459485 13.473595554597395 89.99999999939831
14.473595699909026 13.473595554607282 89.99999999983241
15.473595845223244 13.470144182892273 8.088e-11
6.473594537409425 12.473595409187148 1.577305e-09
7.473594682720616 12.473595409272308 1.258199e-09
8.473594828030143 12.473595409293461 1.111729e-09
9.473594973347334 12.473595409302698 9.9016e-11
10.473595118657236 12.473595409303257 3.3197e-11
11.473595263969404 12.466467636551506 89.99999999974783
12.47359540928077 12.466467642512155 89.99999999953877
13.473595554593805 12.473595409286348 89.999999999231
14.473595699908874 12.473595409298698 89.99999999977913
15.473595845223148 12.469095297953729 4.2782e-11
7.473594682607223 11.473595263904375 7.759738e-09
6.473594537291744 11.473595263806939 8.460049e-09
8.473594827966881 11.473595263978526 1.993101e-09
9.473594973296354 11.473595263995405 1.10672e-10
10.473595118622253 11.473595263996005 4.0457e-11
10.473595118656561 13.473595554610515 2.5776e-11
12.473595409260387 11.46418806408505 89.99999999970206
13.473595554583738 11.473595263973495 89.99999999881479
14.473595699904582 11.473595263990138 89.9999999997347
15.47359584522215 11.468053054881272 9.3207e-11
7.47359468250078 10.47359511857253 9.390973e-09
8.47359482788981 10.473595118670147 2.122789e-09
9.473594973296139 10.473595118688145 1.18542e-10
10.473595118619588 10.473595118688777 4.4765e-11
11.473595263937769 10.461479532008703 7.5858e-11
12.47359540925496 10.461479882927016 89.99999999956158
13.473595554577308 10.473595118662768 89.9999999986323
14.47359569990045 10.473595118681587 89.99999999969668
15.473595845221205 10.466964222559364 1.48674e-10
7.4735904071962045 9.473590697914425 0.000489928079013
8.47359482791745 9.473594973362218 2.201489e-09
9.473594973252338 9.47359497338088 1.2677e-10
10.473595118612806 9.47359497338155 4.9212e-11
11.473595263933692 9.459569008374974 89.99999999935969
13.473595554571519 9.473594973351922 89.99999999842001
14.473595699897373 9.473594973373029 89.9999999996641
15.473595845220327 9.465775718530512 1.58593e-10
7.473594673435136 8.47199366960782 89.99999994439955
8.473594821939695 8.473594828053889 2.325734e-09
9.473594973253682 8.473594828073617 1.3481e-10
10.473595118575133 8.473594828074319 5.3958e-11
11.473595263891019 8.458053454236785 89.99999999990553
12.473595409250496 9.426521256729481 89.99999999894897
13.47359555455357 8.47359482804137 89.99999999823176
14.473595699889898 8.473594828064465 89.99999999963617
15.473595845218082 8.46441227101778 1.93083e-10
8.47359481870769 7.47359468274621 2.3757e-09
9.473594964597515 7.473594682766354 1.42265e-10
10.473595111287283 7.473594682767086 5.892e-11
11.473595258522296 7.455983194506031 5.6020738e-08
12.473595409211521 8.419308735767775 89.99999999924972
13.473595554510029 7.473594682731765 89.9999999981544
14.47359569986903 7.473594682755888 89.99999999960583
15.473595845212227 7.462732757654768 3.96156e-10
11.473595268912094 6.452810915841026 1.282474596e-06
12.473595405963554 7.413594982881692 89.99999992301468
13.473595551483786 6.473594537422407 89.99999999812076
14.473595699827428 6.473594537447319 89.99999999957696
15.47359584520673 6.460368755323437 1.86067e-09
13.473595554580855 5.473594392113053 89.99999999808756
14.473595699904312 5.473594392138718 89.99999999954827
15.473595845223059 5.373230781666326 1.02627e-10
14.473595699908358 4.473594246830154 89.99999999952726
15.473595845221265 4.367856959077841 89.99999999976365
15.47359584522507 2.504796062533064 89.99999999999737
6.473594537184777 10.473595118473053 9.704451e-09
7.324459654100277 7.4684456929686505 89.473221399267
5.019050676157707 6.686783636400927 68.30646830714056
6.32439826918362 7.466382116120927 89.47322139931713
0.6553718543365576 13.960381503717494 22.701341554467202
1.5936610761285408 14.31860806390333 22.614713048840663
2.5598007333277613 14.670438713372928 23.320356950571338
0.6427899412351827 12.865993354037483 20.37331259654445
1.5765642688421133 13.224011371974942 20.37331259674981
2.5179773499261104 13.561460154453972 20.373312596958463
3.4489868848041976 13.94418276280614 21.108048778274675
0.5000000726542355 11.500001673877305 89.99999999995798
1.4919233155232412 12.115193904766405 21.43068111972075
2.438428986918761 12.465188349238291 20.373312596973275
3.381718282251313 12.816146532963081 21.118666912051857
4.318253048648842 13.209133005371598 22.940201262078343
0.5024807282812489 10.500001528349603 1.13404e-10
1.6367377513255503 10.913018377186464 19.221605516064823
2.5178597466754615 11.423307264773053 19.22160551608844
3.4573345755183196 11.766232760371553 19.221605516073886
4.39768740328933 12.106640112019495 19.221605516011827
5.473594392099836 12.473595409284131 1.707667e-09
1.6630446283054354 9.663045791020712 24.66657178830425
2.529351388972194 10.172807255580187 24.666571788331154
3.4318908159272494 10.685842597284731 20.58838988925727
4.377627694599753 11.029538789800574 19.867490311571224
5.342190318418584 11.342191190350716 18.24506592905715
2.5719702750219575 8.981560146673866 27.259741086179385
3.435096863843471 9.489683030541933 27.259741085600425
4.38146049092475 9.967638043778765 19.86749031146575
5.342981622982424 10.289516724979377 18.245065929550453
3.413297590868342 8.28247723239574 31.530015394713406
4.303547467883858 8.812214930307013 27.25974108491355
5.330975860257749 9.232623624041837 18.245065932139692
4.2170303791618835 7.602380006423237 31.53001539459665
5.161063421239313 8.061277571880208 25.516155150193892
6.471615411191328 9.471615847058574 0.227242337056197
6.471615401260004 8.471607836560572 0.227242336979558
6.263307339769549 4.428387482631834 64.51289992311919
6.653201132285442 5.383928840967364 68.30646830784161
7.022843048053928 6.3131032834725636 68.30646830799914
5.584072547291732 5.401765934022075 68.30646830665256
14.292498256153376 0.5000000726538438 89.99999999999436
14.341137852155878 1.5000002179615155 89.99999999998872
14.473595699917805 2.500000363269172 89.99999999999473
12.720788364674792 0.5018785049214669 89.93996482404627
13.19218112239425 1.5499644478443964 69.43127949868015
13.323854348338966 2.5730736594512527 69.46327260274656
13.687299745764246 3.5566314394927856 64.20313554395666
11.50000167107498 0.5000000726542648 89.9999999999555
11.891868666347028 1.5710509968820325 70.07176164714102
12.227101285664553 2.513205448986339 70.07176164708895
12.538437861939386 3.464023460051796 70.07176164702366
12.989386565588049 4.410617434495163 64.20313554401929
10.500001525765013 0.503036553938605 89.99999999996297
10.850317733168684 1.6404818296224795 70.07176164920429
11.185142017933012 2.5827843242614037 70.07176164822246
11.49956437888436 3.532483574467565 70.07176164702909
11.903411618434356 4.528900903456428 60.7480563831123
12.301431131501221 5.481273707988899 63.84800911921651
9.620049282309182 1.6200481198506207 73.73172490387628
10.075805329877191 2.5287592387120803 73.7317249038669
10.408427502453165 3.4734032241116157 73.73172490386459
10.725692841314896 4.4225286320440835 73.73172490386352
11.105008692577545 5.353546490263122 73.73172490386678
8.808282843307255 2.5493988083021737 78.47176986310316
9.269249821170344 3.4759666159693534 78.47176986310086
9.604103419848293 4.428257197733348 78.4717698631009
9.923228592278138 5.383755837900539 78.4717698631034
8.500001235112073 1.5000002179610608 89.99999999996518
8.074427243500018 3.579844757294204 64.51289992296161
8.51842836715918 4.5114332799244306 68.30646831000858
8.83637862799451 5.461171571764503 68.30646831034383
7.393031180634287 4.474357922919356 64.51289992309354
7.75308504530032 5.443401888371741 68.30646831025263
7.6664961440704875 2.6664954173593483 64.51289992334458
6.962723246428446 3.5716756035215633 64.5128999230453
10.473595111039645 6.473594537459867 6.2556e-11
9.42332649189948 6.473594537458953 1.5126e-10
8.123406427643515 6.374284315853565 68.30646830769227
5.955627629391273 6.335749520503677 68.3064683074511
