237 15.95451843925039
1.8963580878999657 15.248120373172645 42.43442155124098
0.5000000416783168 13.505514789465295 2.53e-13
2.6322646097031344 14.565984886923436 42.434421551240135
0.5000000416783381 12.500001041958672 1.455e-12
1.679102153442427 12.815486226321639 29.523243485267475
2.571713192044495 13.268611144518404 29.523243485268004
3.430085355499365 13.841916514682273 33.3428506053056
1.663112968376037 11.663113801942442 24.682538254837333
2.5554709565536333 12.116122423371213 24.68253825483809
3.447838793653224 12.56910961450626 24.68253825483824
4.291404637308034 13.12828518364641 24.682538254838313
1.5074087350472842 10.500000875244723 3.427e-12
2.586059582072382 10.98895528170571 27.787011660494386
3.488258787056729 11.446761028349776 26.913435696166434
4.382992947539703 11.900949421876819 26.913435696111904
2.6721718725790033 9.750206795043724 26.913458078029663
3.4989525612219623 10.330725143235412 26.913435696164502
4.390645116872164 10.783369545406362 26.913435696163006
5.282338789048714 11.236011768672743 26.913435229810545
2.500157843442735 8.57353478522468 0.005855830649328
3.5605700157028757 9.079561694254771 27.47202299331589
4.39042571107445 9.661793869913684 26.913435696162637
5.282189479455493 10.114368842626115 26.912069904109686
3.6041488083099944 7.735991938669097 17.07489955335388
4.467346288487695 8.331489066241723 17.074899553355394
5.329745895660224 8.929583917753384 17.07489955335511
5.4984902384036545 7.637684349722738 24.889620213732474
6.500169156288481 2.5001470852058505 89.99551484381456
7.500136143677405 1.5000320748191998 89.99710610835038
5.380879337718342 6.326302139268881 44.74118002950497
6.322744528455459 6.858717712821837 43.27015992464591
5.500182022741847 3.50014107555919 89.99379026268188
6.76070250079185 4.87796676314359 44.74157415867446
7.266337571311724 6.114911567206206 75.04490473509522
5.500205941148897 4.500168338732999 89.99330916725303
13.975583327995446 0.6314489841447246 71.84368393600712
14.309896580199315 1.5756841944132125 71.81723547376635
14.610111155399725 2.5378147137661182 71.10122130549624
12.874375597305841 0.6246620216225187 72.94433128174657
13.218427687565166 1.565120246600757 72.94404451887083
13.539791218969608 2.5125385174639128 72.94385713284193
13.852914373648012 3.4624842645530185 72.9438290866425
11.735178587083952 0.6221860141318061 73.36931006156499
12.109613486788536 1.5540025970248115 73.36925782562571
12.452943149181847 2.495110062721883 73.36927669841907
12.775219849290945 3.442506044886442 73.36930571650484
13.08835209489187 4.392633791031859 73.36938562751108
10.975002872342895 1.5469521751083741 70.83942961612345
11.34842113918358 2.4758606354789947 70.83983803213623
11.690241661491196 3.415872487361586 70.85375998244795
12.01327049120383 4.362372436538068 70.86346053803824
12.32598274909341 5.324989454761262 72.26951634912227
9.708156382538808 1.625419082670314 71.44704089772458
10.242261436854047 2.5009824568563275 71.4469404045725
10.61585437003154 3.430418783679861 71.44715250698913
10.955994094598251 4.371125060635554 71.4519497760263
11.27631827316102 5.325844460482279 72.26235074546621
8.265703957883815 3.4238701164523944 56.61933510729582
9.50653342585258 3.4171931771383193 65.7132937592674
9.881586419125373 4.37531036649953 69.12425268540848
10.212658346139243 5.331769280473768 70.52920490390748
8.500160462892325 1.5000428420644614 89.99601366466803
8.97972484711345 2.5578017844740053 65.71241058272766
8.811346722179707 4.376896944418316 69.06624375412612
9.151426337151616 5.330566333984098 70.515180202947
7.501719851564873 4.2044461240232245 44.741766060592674
8.06410287380624 5.257753952850867 70.45826629649625
7.5001920844372645 2.5000398896072715 89.99684569182476
6.500202519748593 3.5001764188582465 89.99431425768532
6.089363866130874 5.620540549745455 44.741368397014234
4.585564745205209 7.045695445116201 35.93275400876753
8.4506725066366 7.426564245891807 89.99986718423061
9.452395680368483 7.454071956975217 89.9724801907604
7.448454850330791 7.426284108756227 89.99668083824572
9.416445296570728 6.416808979240514 85.52400705313124
8.35687375169234 6.304643053876858 79.77485052112011
1.4594493944135642 14.243980046881553 42.434421551240725
0.5008820975225614 15.343370261375334 3e-15
15.34390363422585 0.5000219861079671 89.99950885197055
15.454505510330378 1.5000630557428272 89.99902399185754
0.500001080968473 9.500000791888553 2.627e-12
0.5000010761681288 8.50000070853184 3.27e-12
1.500089907854088 8.50000070853146 3.17e-12
0.5000000416783177 7.500000625175092 5.86e-13
1.5000001250349513 7.5000006251748115 1.254e-12
2.500000208391584 7.500000625174845 1.88e-12
0.5000129133652811 6.500000541818267 89.99999999998747
1.5000694338190463 6.500000541818155 89.99999999999973
2.5001528573953467 6.500000541818199 1.659e-12
3.5003713466850686 6.500930270886997 89.99686133286862
0.5000085450632596 5.50000045846161 89.99999999998926
1.500058058923794 5.500000458461516 89.99999999999974
2.500098617284145 5.500000458461553 1.388e-12
3.5001501817588005 5.5006775530685355 89.99534130175105
4.5001634370943036 5.500140916877274 89.9948848200033
0.5000073024534828 4.500000375104955 89.99999999999108
1.5000497499876335 4.500000375104877 89.99999999999979
2.5000963679480552 4.500000375104907 1.174e-12
3.5001626014872826 4.500192696383949 89.99395299500664
0.5000062773878611 3.5000002917482993 89.99999999999285
1.5000434876719222 3.500000291748237 89.99999999999982
2.5000848306256085 3.500000291748262 9.36e-13
6.500121738855893 1.500094902336369 89.99707086537796
5.5001290568352665 0.5000185501323804 89.99893268104998
5.500149710516418 2.5001066403094088 89.99487597258205
0.5000056904033885 2.5000002083916435 89.99999999999466
1.5000372793053565 2.500000208391598 89.99999999999991
2.500070013447006 2.500000208391615 6.68e-13
4.500103281522117 1.5000505464865732 89.99677963027213
4.500135122734433 2.500082043979206 89.99492106107103
4.500163446006088 3.5001042148336428 89.99409329610882
4.5001811841462 4.500121251140799 89.99403409936966
0.500005366366377 1.5000001250349886 89.99999999999645
1.500036684623093 1.5000001250349593 89.99999999999997
2.5000602702298513 1.500000125034969 4.69e-13
3.500093449435017 1.500060452091729 89.99700554364902
3.5001198097647217 2.5001012527123283 89.99537863015378
3.5001445685459505 3.500140612951455 89.9945720402469
0.5000073893178554 0.5000000416783328 89.99999999999822
1.5000362209159022 0.5000000416783195 89.99999999999997
2.5000755287623617 0.500000041678323 2.25e-13
3.500101312770502 0.5000172740380586 89.9989087840881
4.500116433551007 0.5000152610386994 89.99888030473517
5.500112149480765 1.5000650469084142 89.99680768024598
6.50014009437988 0.5000193879979982 89.9990251994861
7.500149932042355 0.5000093219710928 89.9991305450924
8.500158996114717 0.5000083787421241 89.99929546621908
9.500168130997302 0.5000040540710815 89.99961095647032
3.4545173972905507 15.454518397571846 89.99999999999588
4.454517480647792 15.454518397571984 9.63e-12
5.4545175640049965 15.453021151228276 1.4154e-11
6.4545176473616985 15.453021482529337 1.0047e-11
7.454517730718402 15.454512024613647 9.067e-12
8.454517814075107 15.454514448929809 8.015e-12
9.454517897431812 15.454515023622498 7.006e-12
10.454517980788514 15.454515246072475 5.983e-12
11.45451806414522 15.45451548484564 4.945e-12
12.454518147501922 15.454515728032428 3.951e-12
13.454518230858628 15.454515899243145 2.97e-12
14.454518314215331 15.454515901012078 1.959e-12
15.454518397572038 15.45451486564139 9.66e-13
4.45451748064863 14.454518314215228 2.0917e-11
5.454517564005322 14.450599555356602 1.7937e-11
6.454517647362012 14.451719413378637 1.5044e-11
7.4545177307187025 14.454481580849972 1.2128e-11
8.454517814075372 14.454490634876825 1.0782e-11
9.454517897432039 14.45449626959157 9.439e-12
10.454517980788708 14.454496660804299 8.098e-12
11.454518064145375 14.454496351334846 6.755e-12
12.454518147502046 14.454500590980839 5.414e-12
13.454518230858715 14.45450135178615 4.062e-12
14.454518314215383 14.454500694399945 2.702e-12
15.454518397572052 14.454500763630438 1.354e-12
11.45451806412791 11.45445240285211 89.9999999980232
5.442579420125243 13.446799933384295 89.9894251785027
6.44449061993166 13.445519177634106 0.031208761772687
7.447111175366766 13.450689175781747 0.019237976897595
8.44850938270721 13.454472067980813 0.000465618274478
9.449626337273413 13.454482031861227 0.000430325028844
11.451526175616909 13.454483756489825 89.9997287986359
12.452212635978164 13.454487567053567 0.000389491431804
13.452821515865871 13.454490707206942 89.9998407173726
14.453401358554451 13.45449095883918 89.99975038731279
15.454135766001675 13.454492465380273 0.000229440999803
6.454517647361867 12.438915457493495 89.99999999993327
7.454517730718518 12.449445209566237 89.99999999993484
8.454517814075215 12.454461377482282 89.99999999994283
9.454517897431876 12.45446995600038 89.99999999994725
10.45451798078854 12.454471413935313 89.99999999995194
11.454518064145201 12.454473444104984 89.99999999995661
12.454518147501869 12.454473461023326 89.99999999996128
13.454518230858575 12.454483299861234 89.9999999999711
14.454518314215283 12.454482253093515 89.99999999998077
15.454518397571995 12.454483002542972 89.99999999999045
7.454509621162641 11.43633473506806 89.99983997688412
6.454507214229262 11.435745594165873 1.1874707611e-05
8.454517814046516 11.454444747481983 89.99999999674223
9.454517897406882 11.454451761151438 89.99999999715763
10.454517980767399 11.45445441262672 89.99999999759068
10.450725646265255 13.4544826536421 89.99969910146298
12.454518147488457 11.454460077546322 89.99999999845933
13.454518230845853 11.454473437967609 89.99999999853505
14.454518314205838 11.45446781749467 89.9999999989108
15.454518397567615 11.454462921942303 89.99999999949173
7.452085982992133 10.432892751462973 89.98005445484013
8.454465570320421 10.45438733072763 89.99480000545445
9.454474980658249 10.454386744451837 89.9957452053466
10.454505973719144 10.454439899093314 89.99915213409086
11.454507677849119 10.454432666830897 89.99917482493801
12.454509274757472 10.454424861227674 89.99917158331914
13.45451205774749 10.454461923540986 89.99929260669172
14.454512656558947 10.454453167172922 89.99935167465858
15.454514472458234 10.454439445607534 89.99955021460546
7.454272033598906 9.429893602974271 89.98535904066487
8.45437956896332 9.454370920104227 89.99531223092815
9.454411998650029 9.454367606947397 89.99641713361383
10.454446721411337 9.454431865982922 89.99905590315345
11.45445940646259 9.454419785175208 89.99910018343857
12.454478237855561 9.454398106713569 89.99809558257427
13.454501075564204 9.454456977029382 89.99931154361165
14.45450682287875 9.454444110495208 89.99903509972131
15.454514017025861 9.454413681666102 89.99959106933936
7.45451773071899 8.42817675594834 89.99999999999298
8.454517814075622 8.454320472464255 89.99999999999312
9.45451789743225 8.45432352202193 89.99999999999328
10.454517980788879 8.45441715218504 89.99999999999343
11.454518064145507 8.454408717106547 89.99999999999362
12.454518147502135 8.453992413088315 89.99999999999382
13.454504899141915 5.4544425617471735 89.99992892692725
14.454509743190318 5.454345890010802 0.000151657005944
15.454515568560687 5.451540632149043 0.000100136636917
10.453645198862478 7.453539451651092 89.90003793734998
11.454203363168642 7.454092148447888 89.96395222393737
12.453834197985744 6.453158545205366 89.9483393878349
13.454339850223331 6.454444614665945 89.99996122162827
14.454504152064665 6.454356808080364 0.000716705199835
15.454515928292917 6.452447670813282 0.000109749974897
11.453430808788001 6.45360775655803 89.90858736943552
12.45422633783746 7.453413206600347 89.96657636175817
13.454518230858714 7.454446694021619 89.99999999999868
14.454518314215383 7.454369406510823 89.99999999999915
15.454518397572055 7.453307004789327 89.99999999999963
13.454518230858785 8.454448661043653 89.99999999999595
14.454518314215433 8.454386309564814 89.99999999999818
15.45451839757207 8.454387349574535 89.99999999999908
14.454461770869067 4.454334822979238 89.999567584039
15.454499395171307 4.45052320778023 89.99977449093825
15.453926899272291 3.4493747519251334 89.98897431724087
6.449500452534738 10.432686988752529 89.98769625045173
0.5000000416783257 11.50000095860197 1.53e-12
0.5025840403536677 10.500000875245268 2.001e-12
5.4545175640052275 12.438970325464595 89.99999999993162
1.5000032773940486 9.500000791888091 3.303e-12
6.454206972010472 9.430436423047599 89.97994095822833
6.454517647362361 8.42829140065865 89.99999999999278
10.525649074294218 0.5000644892899979 89.9928363705707
10.452872082290286 6.453114346193983 89.85204430763012
