237 15.92753617879718
0.6674502464622876 13.77430583218177 25.720159743728352
1.5581601899173192 14.229486885223857 25.720159743732825
2.5113111660062826 14.649107916699677 30.612780848990344
0.6603457650891036 12.6603458263365 24.046334893579786
1.5673132722019876 13.08182550668475 24.046334893580525
2.483498263689804 13.48264735392278 24.046334893581154
3.376130882415609 13.936253774092433 24.046334893581786
1.5592081965853897 11.937135302690987 20.897457893592144
2.468326510213811 12.359576227328645 20.897457893592343
3.3855263534462576 12.760850899428942 20.89745789359245
4.282077697085147 13.216205846964428 20.897457893592513
1.647904798936544 10.70377452964995 21.387553912361692
2.514670843244833 11.232804506985723 21.387553912362243
3.423262202245364 11.655040583903173 21.38755391236157
4.340116060864331 12.056179752836737 21.38755391235939
1.5000000076559177 9.500000048487582 1.069e-12
2.5452520709729507 9.98160831475025 21.650477266033537
3.411275584805794 10.510342019281893 21.650477266027014
4.319612540471374 10.932478637576018 21.650477266017965
5.296217742601346 11.308871533617637 16.028764889397987
2.6426037485147056 8.724493687909959 20.337148645349536
3.5052006285391037 9.274565965381235 20.33714864534983
4.375132200525077 9.804849433621833 20.337148645348744
5.284932389450852 10.227568410533909 20.337148645346012
3.567962399558363 8.015249388801182 29.89285688387443
4.41150277614636 8.554366851977434 29.892856883872533
5.268719671485302 9.077304806412734 29.456494656198057
4.388197291841486 7.317502083264881 34.84320644111992
5.231471203531642 7.856434050396738 34.84320644111528
6.302755115012839 4.403084666517497 60.420930010209794
6.954791674519916 5.215579027564766 63.78362351063606
7.340913948238705 6.26830002119899 79.21289111181159
12.599233165650796 0.670282498635232 63.78635698014778
14.188157763170459 1.619254453137331 63.99869086917586
14.624415572647376 2.519079308656817 63.99869086916913
13.0402277258345 1.569407199565922 63.788564835733766
11.924228971613495 1.566597821237405 63.7885648358917
13.48401573699796 2.4673663346875987 63.82584175249226
13.925055814123098 3.366709730147319 63.78856483588357
11.482544049402124 0.6694275811495514 63.78856483589389
13.817211317010674 0.5000000025520084 89.99999999999702
12.365913893825876 2.463768061324755 63.78856483589156
12.80759881603739 3.3609383014125447 63.78856483589522
13.249283738249026 4.258108541500265 63.78856483589721
10.367928377227969 0.6694275811495229 63.7885648359009
10.809613299440837 1.5665978212366287 63.78856483590043
11.251298221652386 2.4637680613243873 63.78856483590219
11.692983143863794 3.3609383014122898 63.788564835914215
12.134668066075932 4.25810854149978 63.788564835919985
9.711934471048792 1.601000698491407 63.78856483576547
10.154668665972377 2.500302268473317 63.78856483588017
10.597631428750486 3.4000681157257766 63.78856483590264
11.026319610715621 4.314293640340232 64.48774071435192
9.029602289495742 2.5321929223195454 66.5444008627436
9.471798614255462 3.4304019462156337 66.54440086274391
9.9139949390134 4.328610970112542 66.54440086274995
10.28267569737071 5.2826756718497485 69.22091792894474
8.340572610707854 3.455467228887956 66.21719931439728
8.782664656944215 4.353439629370918 66.21719931439942
9.21367532498996 5.284176620860206 69.22091792893714
7.659555229597196 4.383154044934788 63.78362351058723
8.103488247192127 5.286801328813608 64.56869423421288
7.667751592790093 2.6591757065940866 66.21719931439637
6.986802499861223 3.582418098855313 60.42093001022177
12.427536160933254 5.424927260960132 89.999999999994
11.427536155829278 5.42753612520133 89.99999999999326
8.42391140304361 6.4239113928334985 89.58311538417664
1.500000007655924 15.427536176245205 3.55e-13
0.5000000025519755 15.345415286346196 2.64e-13
15.318053591983237 0.5000000025521611 89.9999999999961
15.427536176245082 1.5000000076564595 89.9999999999922
0.5000000025519755 9.50000004848752 8.08e-13
0.5008675705427637 8.500000043383572 4.55e-13
1.5023633331030144 8.500000043383626 2.777e-12
0.5000000025519835 7.500000038279622 4.12e-13
1.5000000076559807 7.500000038279642 4.604e-12
2.5000000127599744 7.5000000382797785 8.82e-12
0.5000000025519986 6.500000033175674 2.56e-13
1.500000007656161 6.500000033175681 3.475e-12
2.500000012760217 6.500000033175821 7.802e-12
3.500000017864264 6.500000033176572 2.41e-12
0.5000000025520261 5.500000028071723 7.1e-14
1.500000007656376 5.500000028071732 3.283e-12
2.500000012760486 5.500000028071859 7.661e-12
3.50000001786455 5.5000000280725185 89.99999999999916
4.633307188221667 5.650855246451828 71.4103299995913
0.5000000025520537 4.5000000229677735 1.3e-14
1.5000000076564488 4.500000022967786 3.354e-12
2.5000000127615785 4.500000022967898 7.859e-12
3.500000017866048 4.50000002296845 89.99999999999723
4.500000022970619 4.500000022968443 89.99999999995028
0.5000000025520803 3.500000017863824 89.99999999999989
1.5000000076567792 3.50000001786384 3.382e-12
2.500000012761415 3.500000017863938 7.999e-12
3.5000000178669346 3.5000000178643838 89.99999999999864
4.500000022971614 3.5000000178643447 89.9999999999599
5.500000028084229 3.5000000178814314 89.99999999954892
0.5000000025520865 2.500000012759875 89.99999999999984
1.5000000076569568 2.5000000127598963 3.398e-12
2.50000001276151 2.5000000127599797 7.934e-12
3.500000017865796 2.5000000127602515 89.99999999999687
4.500000022970051 2.5000000127601076 89.99999999998573
6.500000033178216 1.5000000076564213 89.99999999998117
6.500000033178922 2.5000000127609825 89.99999999992647
0.5000000025520963 1.5000000076559248 89.99999999999984
1.5000000076565572 1.5000000076559363 2.026e-12
2.500000012760748 1.5000000076559683 2.462e-12
3.5000000178651582 1.5000000076560829 4.979e-12
6.083896342283198 0.5000000025521256 89.99999999999775
5.5000000280741705 1.5000000076573032 89.99999999998064
7.500000038282278 1.5000000076560598 89.99999999998536
0.500000002552139 0.5000000025519755 89.99999999999993
1.500000007657099 0.5000000025519737 8.5e-14
2.5000000127615554 0.5000000025519826 1.28e-13
3.5000000178658457 0.500000002552043 4.718e-12
5.081312802375721 0.5000000025520048 1.279e-12
4.5000000229700525 1.50000000765609 89.99999999998852
5.500000028074804 2.5000000127713555 89.99999999992346
7.087499971187876 0.5000000025520226 89.99999999999761
8.091604738608801 0.5000000025519791 1.85e-13
9.107186986936448 0.5000000025520022 1.401e-12
3.4275361149978165 15.427536176245177 3.126e-12
4.427536120101768 15.42753617624518 3.212e-12
5.4275361252057195 15.427536176245168 3.098e-12
6.42753613030967 15.427536176244928 2.856e-12
7.427536135413618 15.4275361762451 2.57e-12
8.427536140517567 15.427536176245171 2.288e-12
9.427536145621518 15.427536176245173 1.99e-12
10.427536150725466 15.42753617624514 1.577e-12
11.427536155829415 15.42753617624516 1.037e-12
12.427536160933364 15.427536176245148 6.92e-13
13.42753616603731 15.427536176245153 4.05e-13
14.427536171141258 15.427536176245153 1.86e-13
15.427536176245203 15.42753617624514 2.2e-14
4.427536120101726 14.4275361711411 1.8399e-11
5.427536125205666 14.427536171141062 1.8275e-11
6.4275361303096075 14.427536171074943 1.8001e-11
7.427536135413548 14.427536171140666 1.7735e-11
8.42753614051749 14.427536171141046 1.741e-11
9.427536145621435 14.42753617114106 1.6867e-11
10.427536150725382 14.427536171140941 1.5859e-11
11.427536155829328 14.42753617114073 1.4751e-11
12.427536160933283 14.427536171140881 1.3074e-11
13.427536166037235 14.42753617114083 1.1312e-11
14.427536171141194 14.427536171140874 9.024e-12
15.427536176245162 14.427536171140911 5.485e-12
11.42753615582755 11.42753615582849 5.77e-12
5.4274688901174155 13.427468930948883 0.007705091035859
6.4275359531690155 13.427535988814226 2.0298844902e-05
7.427536134278561 13.427536164901607 1.3008237e-07
8.42753614051673 13.427536166036266 1.08358e-10
9.427536145621357 13.427536166036969 2.915e-11
11.427536155829376 13.427536166036575 1.1772e-11
12.427536160933329 13.427536166036365 9.561e-12
13.427536166037285 13.427536166036528 6.807e-12
14.427536171141242 13.427536166036578 4.313e-12
15.427536176245196 13.427536166036639 1.847e-12
6.427535933093864 12.427535963618988 2.2599262923e-05
7.427536134128796 12.427536159648067 1.47220071e-07
8.427536140516477 12.42753616093221 1.15915e-10
9.427536145621188 12.42753616093297 2.9104e-11
10.427536150725233 12.427536160932899 1.8943e-11
11.427536155829253 12.427536160932547 1.171e-11
12.427536160933254 12.427536160932153 7.293e-12
13.427536166037232 12.427536160932164 5.455e-12
14.427536171141206 12.427536160932291 3.929e-12
15.427536176245185 12.427536160932323 1.72e-12
7.426202356372793 11.427481813186965 89.99378663336229
6.424790213825205 11.427535949147888 2.3548479523e-05
8.426743852847348 11.427536155828173 1.19471e-10
9.42753614561926 11.427536155828935 2.3767e-11
10.427536150723403 11.427536155828859 1.3605e-11
10.42753615072538 13.427536166036912 1.8872e-11
12.427536160931783 11.42753615582795 89.99999999999191
13.427536166036024 11.427536155827868 89.9999999999895
14.42753617114035 11.427536155827958 89.99999999998934
15.427536176244898 11.427536155828074 89.99999999999422
7.427536135411452 10.425748151691515 2.4509e-10
8.42753614051648 10.427536150724178 1.20011e-10
9.42753614562148 10.427536150724746 89.9999999999998
10.427536150725436 10.427536150724439 89.9999999999989
11.427536155829388 10.427536150723899 89.99999999999895
12.427536160933343 10.42753615072362 89.99999999999916
13.427536166037296 10.427536150723707 89.99999999999937
14.42753617114125 10.427536150723808 89.99999999999957
15.427536176245201 10.427536150723887 89.99999999999977
7.42753613541263 9.391101303675686 1.2449e-11
8.427536140517127 9.427536145618726 89.99999999995168
9.427536145621083 9.427536145620373 89.99999999995217
10.427536150725041 9.427536145620033 89.99999999995292
11.427536155829001 9.427536145619287 89.99999999995434
12.427536160932974 9.427536145618692 89.99999999995663
13.427536166036955 9.42753614561901 89.9999999999602
14.42753617114097 9.42753614561934 89.99999999996739
15.427536176245091 9.427536145619591 89.99999999998684
7.424976641321626 8.390292699839884 89.99462845581455
8.427536140514352 8.427536140512514 89.99999999969674
9.427536145620056 8.42753614051582 89.99999999988405
10.427536150724173 8.427536140515514 89.99999999989171
11.427536155828268 8.427536140514677 89.99999999989879
12.427536160932373 8.427536140513984 89.99999999990862
13.427536166036592 8.427536140514666 89.9999999999324
14.427536171140828 8.42753614051524 89.99999999995842
15.427536176245027 8.42753614051549 89.99999999998101
8.427536140514356 7.4275361354081495 89.99999999965306
9.427536145620307 7.427536135411824 89.99999999987972
10.42753615072433 7.427536135411472 89.99999999988529
11.427536155828378 7.427536135410473 89.99999999989377
12.427536160932444 7.427536135409517 89.99999999990447
13.427536166036656 7.427536135410527 89.99999999993189
14.427536171140861 7.4275361354112 89.99999999995842
15.42753617624504 7.427536135411397 89.99999999998174
11.427536155828413 6.427536130306265 89.99999999989711
12.42753616093244 6.427536130304835 89.99999999990352
13.427536166036717 6.427536130306372 89.99999999993845
14.427536171140893 6.427536130307153 89.99999999996173
15.427536176245049 6.427536130307266 89.99999999998283
13.427536166037225 5.427536125201813 89.99999999999471
14.427536171141218 5.427536125202831 89.99999999999798
15.427536176245189 5.427536125202979 89.99999999999876
14.42522735580872 4.425931162283103 89.98388441467574
15.42672362477716 4.427536120098774 89.99999999999626
15.427536176245125 3.4275361149947754 89.99999999999511
6.427536130306886 10.427535739614427 3.1588e-10
7.427411988671826 7.38989376505706 89.98577206471525
5.291190097490313 6.4846313078620526 71.41032999961317
6.427398373359536 7.335209726071728 89.9857720647096
0.5000000025519933 11.500000058695424 2.97e-12
0.5000000025520048 10.500000053591485 3.155e-12
5.427461576261591 12.427461598802951 0.008543316180815
6.427536130306744 9.427535734509707 2.32011e-10
6.422121174433098 8.337775681653307 89.98847300152521
5.581133093632218 5.332066816252233 71.41032999958621
8.500000043386326 1.5000000076560989 89.99999999998639
10.427536150724299 6.427536130307448 89.99999999988086
9.4275361456203 6.4275361303078515 89.99999999987814
6.2390160029010655 6.165842877663243 71.41032999961368
