237 15.97488448417314
0.6647626637239528 13.794516492079369 24.8837336267054
1.553968817220432 14.25899883218231 24.917495445468074
2.4886676944692443 14.65594358123813 26.411869068220984
0.6704479519939586 12.680560661653058 26.250019032715254
1.5830354758785532 13.095312950208601 26.329870087961154
2.483425904197408 13.53496225309982 26.37765041003775
3.3810995723375994 13.980521592720155 26.38332076819695
1.5811586442818664 11.965880951191437 26.339659991851974
2.4772413398744986 12.412136912880271 26.35998489806926
3.3734408296685006 12.858330403181936 26.3700293686229
4.270902452950927 13.302746990535336 26.332944469958665
1.6707429097611204 10.706065362713348 26.385866984628073
2.4962515726961154 11.293590582341542 26.3750374074849
3.389229211810223 11.745212587599077 26.365774810394814
4.284405878911841 12.192470403376303 26.35067054787008
2.558164908604536 10.028765370689085 28.01142709135505
3.3889053069473176 10.617042036681266 26.97381225177115
4.282382962377584 11.069147728110028 26.90504567001424
5.454880196535424 11.47488448416405 1.13605e-10
2.9299320789507615 9.092303110359797 28.08158564973785
4.1965520621606025 9.902373855660887 26.904161454585253
5.455244404771307 10.474884484161908 1.36058e-10
3.449308909908294 8.234756677507598 28.119370114870357
4.281897323049899 8.821778374312174 26.97735406211474
5.370625681399275 9.474884484154657 5.6099e-10
5.456840564470623 7.474884484148336 1.065876e-09
6.500000000012115 2.5000000000050786 6.736e-12
7.5000000000151825 1.5000000000028395 8.574e-12
5.500000000001179 6.474884484146089 1.083164e-09
6.458276019135615 7.474884484156581 89.99999999989925
5.500000000010464 3.501593064945988 9.55e-12
6.857440965217363 4.727699277956526 42.166347533683606
7.018266799834902 6.173311749596413 40.616281378450516
5.517956313383618 4.517679380669664 1.61776457889836
14.086843611155409 0.5000000000009388 89.99999999999702
14.322628288549701 1.6079104673921325 72.45739615022396
14.627609380078031 2.5602762178158143 72.45739615021932
12.943100586827086 0.630016990701372 72.00352738954939
13.250098738494493 1.581729333342361 72.00352738954777
13.565364761238879 2.5307558445585094 72.00352738954777
13.87166901967595 3.482693599548832 72.00352738954763
11.83490707469838 0.6199115904591954 73.75469027197599
12.178403944954827 1.5614096151105104 73.75469027197568
12.48552698760352 2.5135064132024896 73.7546902719756
12.80100001546369 3.4631701541401982 73.75469027197579
13.107422273332723 4.415471150129369 73.75469027197606
11.07102644129677 1.5471026971137984 71.25166280002857
11.413897959717472 2.4867583189996667 71.25166280003225
11.720971074543865 3.4415514356299646 71.58553269054806
12.036225582194483 4.390558833957334 71.58553269057938
12.342542034430378 5.342542034417532 71.58553269059792
9.82156410948893 1.6027959734761703 69.17814305207332
10.335825458967935 2.4770951630793983 69.17814305207482
10.667279779846792 3.442379639050988 71.58553269054961
10.982534287497414 4.391387037378451 71.58553269059006
11.288850739733576 5.3433702378384575 71.58553269059607
8.345039394591744 3.3627635644824796 43.51637977416584
9.611619090273203 3.440841843393117 71.45691247500595
9.92829151501412 4.390558833957595 71.5855326906259
10.234607967250264 5.342542034417689 71.58553269063447
8.500000000017337 1.5000000000029479 5.535e-12
9.102316102887727 2.5071010285921185 63.72479528087249
8.885094749272925 4.422908179299261 71.58553269074744
9.16010493115232 5.3853143701949 71.58553269075085
7.61557316458807 4.065155279135817 42.16634753368428
8.00092807064897 5.2951912356605835 78.36312160661717
7.5000000000139995 2.5000000000046905 9.379e-12
6.5000000000123475 3.5000000000069793 9.393e-12
6.241149086566853 5.518704501453855 42.16634753368294
4.260545952824339 7.513521150807997 34.69521145927592
8.463686035086967 7.3750339272327015 0.016149020192594
9.466170791105789 7.474884484157506 89.99999999999245
7.460394011945667 7.380020803916616 89.96623498244593
9.47212117124687 6.474884484155666 89.99999999999162
8.230948223599347 6.356876521569933 88.78323202081752
1.5027042027734687 15.474100773201666 0.019295960565967
0.5009113552217359 15.324813323693052 0.009693924936304
15.386885917020418 0.5000000000010498 89.99999999999687
15.47488448417215 1.5000000000031353 89.99999999999373
0.5006981126045789 9.50876891723656 0.041770040086354
0.5009571616380537 8.50806769446389 0.041822476809287
1.503005866583969 8.508092578408226 0.069595981110318
0.5007659558436615 7.507355408688328 0.040299115786349
1.5019281381563419 7.507257814108321 0.057390015451787
2.5030312837047246 7.507593368322597 0.05232704308389
0.5005153493029955 6.506567158955864 0.027170369858121
1.5013883427335104 6.5064380634275185 0.035937684528231
2.502190440911656 6.506526480181494 0.02951276800314
3.5030274805970247 6.506089552710995 0.018638559005194
0.5000000000017852 5.5055965950436665 9.9636e-11
1.500000000004392 5.5055322002587825 1.87184e-10
2.5000000000069136 5.505563958837183 2.65093e-10
3.5000000000095453 5.5052339211768615 3.55403e-10
4.500000000016553 5.5019753221399235 9.4434e-10
0.5000000000023386 4.504395330318451 89.9999999999159
1.500000000007387 4.504402210134496 89.99999999983504
2.5000000000127667 4.504329570011725 89.99999999982363
3.5000000000205675 4.504285217559329 1.25766e-10
0.5000000000009557 3.503296763330673 1.975e-12
1.5000000000028608 3.5032780092389695 3.936e-12
2.5000000000047677 3.5032456546325665 5.883e-12
6.500000000012211 1.50000000000309 3.98e-13
5.500000000010745 0.5000000000010107 89.99999999999409
5.500000000010243 2.5009777281834777 5.528e-12
0.5000000000009308 2.5022425244198425 8.67e-13
1.5000000000027915 2.502231148802501 1.762e-12
2.5000000000046523 2.5021552038756196 2.657e-12
4.500000000008434 1.5006009178665405 89.99999999999692
4.500000000008377 2.501083623918788 4.533e-12
4.500000000008578 3.5013625025023565 9.72e-12
4.502217754737481 4.50167902793123 0.020878831139441
0.500000000000937 1.5012374531019521 89.99999999999937
1.500000000002812 1.5012118824872092 89.99999999999875
2.500000000004686 1.5011742136265038 89.99999999999814
3.50000000000656 1.5007589034675322 89.99999999999751
3.5000000000065112 2.5021805946627858 3.51e-12
3.500000000006672 3.503236912933761 7.802e-12
0.5000000000009779 0.5002836797369312 89.9999999999981
1.500000000002931 0.5002175970456921 89.99999999999625
2.500000000004883 0.500170238964043 89.99999999999446
3.5000000000068354 0.5001271261035791 89.99999999999277
4.500000000008788 0.5000000000011022 89.99999999999119
5.500000000010309 1.5000000000031122 89.99999999999635
6.500000000012717 0.5000000000010294 89.9999999999992
7.500000000014673 0.5000000000009424 2.635e-12
8.500000000016612 0.5000000000009548 1.592e-12
9.500000000018556 0.5000000000009299 89.999999999999
3.408449753739972 15.431714788803095 0.944598231801489
4.418854836570581 15.474394337588095 0.004000201408811
5.448431442635423 15.474884484171994 2.3544e-11
6.45155454005735 15.474884484172136 89.99999999999027
7.454498411703082 15.474480303258224 0.014259929332844
8.457416488521096 15.474465032166224 0.009612645914791
9.460057981762075 15.474884484172218 89.99999999999916
10.46253166492126 15.474884484172112 89.99999999999946
11.464824271356239 15.474884484172179 89.99999999999545
12.467024990987241 15.474884484172186 89.99999999999582
13.469166795530109 15.474884484172215 89.99999999999811
14.471302055379656 15.474884484172211 89.99999999999838
15.473483538034623 15.474884484172222 89.99999999999933
4.445985472180055 14.473418550897538 0.010163003033484
5.44913096210628 14.474884484170037 4.6711e-11
6.45210273175438 14.474884484170206 89.9999999999803
7.455281428435993 14.473713652537024 0.026711877819662
8.45793040474564 14.473635160975885 0.01953730714861
9.460342196838317 14.47488448417038 89.99999999999834
10.462720696360915 14.474884484170053 89.9999999999989
11.465023587455024 14.474884484170284 89.99999999999089
12.467232738130438 14.474884484170305 89.99999999999156
13.469396987526162 14.474884484170376 89.99999999999629
14.471555964887003 14.474884484170355 89.99999999999672
15.473861952820663 14.474884484170383 89.99999999999872
11.466800522256392 11.4748844841646 89.999999999977
5.449572896295634 13.474884484168097 6.9767e-11
6.453772863271241 13.474884484168268 89.99999999996983
7.45654160637878 13.472951486782893 0.035504247335806
8.458738496847674 13.472785112462947 0.03113360065068
9.460735097260855 13.474884484168541 89.99999999999754
11.465443613207972 13.474884484168388 89.9999999999863
12.467662584312498 13.474884484168424 89.99999999998728
13.469835140634544 13.474884484168538 89.99999999999447
14.472014617032325 13.474884484168502 89.99999999999507
15.474144944908812 13.474884484168545 89.99999999999811
6.455715307407416 12.474884484166328 89.99999999995879
7.457599140014023 12.472182979047673 0.029483348451959
8.459735667484587 12.471934418188535 0.029227165693056
9.461450711626384 12.4748844841667 89.9999999999967
10.46377290936587 12.474884484165937 89.99999999999739
11.466047255701831 12.474884484166495 89.99999999998164
12.468276868678576 12.474884484166544 89.99999999998299
13.470489012060625 12.474884484166697 89.9999999999926
14.472521984743896 12.474884484166648 89.99999999999338
15.474446854174632 12.474884484166708 89.99999999999748
7.458453147135309 11.471384498259198 0.019732895073901
6.45656017059699 11.47488448416438 89.9999999999472
8.460525556639706 11.471030191632533 0.025854462341335
9.46219448896963 11.474884484164862 89.99999999999586
10.464501483983872 11.474884484163878 89.99999999999643
10.463165796889477 13.474884484167994 89.99999999999822
12.469128012057975 11.474884484164662 89.99999999997856
13.47125616464262 11.474884484164859 89.9999999999907
14.473399356913855 11.474884484164793 89.99999999999169
15.474600965897686 11.474884484164871 89.99999999999687
7.45910931345102 10.470491940798178 0.012019868988892
8.46124837087895 10.46996594321294 0.022240109103997
9.462963060352035 10.474884484163024 89.99999999999501
10.465335508855752 10.47488448416182 89.9999999999954
11.467807403520348 10.474884484162704 89.99999999997227
12.470123120092463 10.474884484162779 89.99999999997408
13.47283190503935 10.47488448416302 89.99999999998875
14.473748863386824 10.474884484162938 89.99999999998997
15.47468404835016 10.474884484163034 89.99999999999622
7.459731439935269 9.469424944215033 0.00727851634576
8.46195553936153 9.468529982508189 0.018463241128894
9.463799476323942 9.474884484161185 89.99999999999417
10.466438252660252 9.474884484159762 89.99999999999417
11.468978130727253 9.474884484160805 89.9999999999675
12.472510004961151 9.474884484160892 89.9999999999694
13.473186846721557 9.474884484161178 89.9999999999868
14.47394993930167 9.474884484161084 89.99999999998825
15.474720305558677 9.474884484161194 89.99999999999558
7.46024848928369 8.467970007513138 0.004586513589816
8.46278299957034 8.380706874781232 0.004983799539258
9.464912436766673 8.474884484159347 89.99999999999329
10.467711792016267 8.474884484157705 89.99999999999278
11.472318307132918 8.474884484158908 89.99999999996271
12.472784414202222 8.474884484159007 89.99999999996449
13.474884484168385 5.474884484153826 89.9999999999799
14.474884484170229 5.47488448415365 89.99999999998093
15.474884484172165 5.474884484153842 89.99999999999294
10.472203117908633 7.474884484155646 89.99999999999116
11.472491892245092 7.474884484157008 89.99999999995758
12.474884484165738 6.474884484155217 89.99999999995289
13.47488448416792 6.474884484155655 89.99999999998066
14.474884484169934 6.474884484155511 89.99999999998239
15.474884484172076 6.474884484155681 89.99999999999362
11.474884484163775 6.474884484155104 89.99999999995212
12.472893288297971 7.474884484157118 89.99999999995931
13.47339275757283 7.4748844841574975 89.9999999999828
14.473966700206155 7.474884484157375 89.9999999999848
15.474687689139849 7.47488448415752 89.9999999999943
13.47337194028205 8.474884484159338 89.9999999999848
14.474020958471254 8.47488448415923 89.9999999999865
15.474732357853838 8.474884484159357 89.99999999999496
14.47488448417012 4.474884484151769 89.99999999997654
15.474884484172144 4.4748844841520015 89.99999999999223
15.47488448417214 3.4748844841501603 89.99999999999156
6.456983920424623 10.47488448416243 89.99999999993544
0.5006458171381816 11.510162401125127 0.036463137062059
0.500512074374325 10.509470888685605 0.04074047930409
5.45233396663218 12.474884484166708 9.1871e-11
1.501856364966316 9.508988276282139 0.075490649767755
6.45736889377592 9.474884484160482 89.99999999992355
6.4581282179404065 8.474884484158533 89.99999999991157
10.627256862711484 0.5000000000009432 89.99999999999673
10.472121171248787 6.47488448415358 89.99999999998761
5.455557679658737 8.474884484149552 1.039312e-09
