237 15.925416078440852
0.6770929647720871 13.80057932064032 28.246559559770276
1.574770413452729 14.242652904369644 28.246559559991315
2.51124344963121 14.642658239475734 29.90560351949113
0.6589224192765633 12.658922419455646 23.72616613395965
1.5590354002877111 13.096249552728487 23.72616613398645
2.4818967781252717 13.481818627324397 23.72616613400419
3.3778009477122293 13.928721816013766 23.726166134021202
1.5592211819482715 11.933342997642393 20.602566797695694
2.46260417845766 12.372107348844837 20.602566797699065
3.385911074098341 12.757872234804356 20.602566797699687
4.285607835706532 13.206442321181273 20.602566797692607
1.6541075347970464 10.656877764269217 22.67555591942632
2.5010112508205244 11.223810727802983 22.67555591943421
3.4019001923230157 11.66153304319429 22.675555919375668
4.32460283680849 12.047045468271651 22.675555919311847
2.561797088451897 9.952344832816904 22.6755559197983
3.4087008044750364 10.519277796350512 22.675555919768378
4.309589745983299 10.957000111736285 22.675555919374847
5.301657615345908 11.296016957255903 16.90009876162099
2.6459700856713715 8.705480789709217 20.99918275186397
3.5086515068694437 9.248554837593153 20.999182751865916
4.3612598601148385 9.817871243444594 20.999182751857834
5.29886794226811 10.242181241093258 17.767606298995123
3.5665910797822313 7.997432617815231 27.799633903761684
4.414771025461869 8.53286102342399 27.79963390374452
5.249933598619924 9.092979455346962 27.799633903719236
5.345459529610263 7.7974386761537025 44.157635699517066
6.500000000102107 2.503488678759987 89.99999999894982
7.500000000105883 1.5000000000238094 89.99999999974197
5.142064373477314 6.57143186407668 44.157635699224194
6.074595286189021 7.070166207434603 41.23932934367196
5.500000000098692 3.5000000000543823 89.99999999954088
6.550250081920775 5.1510638558109 44.15763569924516
7.049651131475439 6.273939801514105 78.36223359185192
5.500000000086309 4.500000000068919 89.99999999956688
13.806988604077644 0.6448476516419772 70.60830516926904
14.255852776567469 1.5548305705457048 70.64476774650669
14.573859507722032 2.5082858799754497 70.66771265180526
12.725237690041933 0.6373303707634639 70.66771265221087
13.070695070154732 1.5758890756320447 70.66771265220129
13.505294865527606 2.483174145452388 70.66771265219275
13.836341056950687 3.426788695558587 70.66771265219286
11.618805203079173 0.6188052029251212 73.94049830656272
11.960194436426423 1.5611394926805504 73.94049830656013
12.304169629787093 2.5027293631354306 73.94049830655923
12.74369975918739 3.416811871425266 73.9404983065588
13.075286753826045 4.36196792781425 73.94049830656091
10.85012932472814 1.5634481504877291 73.94049830657084
11.191518558075117 2.505782440243271 73.94049830656952
11.532190479751312 3.44832322222954 73.94049830656941
11.97502388083633 4.361454818988038 73.9404983065721
12.306610875473737 5.306610875377503 73.94049830658338
9.618805203050888 1.6188052029389555 73.94049830655347
10.086276207791721 2.524844382343055 73.94049830654424
10.427665441138418 3.4671786720986155 73.94049830654382
10.76422089297844 4.410904460650912 73.94049830654481
11.21117076389975 5.322851050843193 73.94049830654822
8.10064950157579 3.4972988449138223 68.77279990377045
9.32442134365826 3.4714233954883795 72.13551589762446
9.66531169904372 4.412209849576803 72.13551589762774
9.995872575193218 5.356325565064447 72.13551589763529
8.500000000119735 1.500000000022971 89.9999999997401
8.852250973250554 2.572949382959826 72.13551589763203
8.57610598590285 4.385408096222297 68.77279990377316
8.918420130013915 5.3416392082853985 70.59460010347094
7.364544784590478 4.377423840085418 59.69334901713904
7.860447190809599 5.348047263108338 70.59460010354073
7.500000000116668 2.5000000000453033 89.99999999892017
6.504030818311744 3.5058975938223753 0.000720199388912
5.730071358568176 5.748526168953795 44.157635699234675
4.430513496169031 7.27437397925166 44.157635699216165
8.410523343024215 7.410954460592256 88.31788815864341
9.410954455240521 7.410954455208628 88.31788815895054
7.313977247683029 7.299296410508941 84.67307820934427
9.244893038538017 6.286865613207485 70.5946001035802
8.145181587615522 6.307976540020054 70.59460011428366
1.500000000021923 15.425416078433653 1.9052e-11
0.5000000000073275 15.286054934470382 9.521e-12
15.268622777991428 0.5000000000073408 89.99999999998803
15.425416078433692 1.5000000000219345 89.99999999997607
0.5000000000084235 9.500000000141116 3.4078e-11
0.5000000000069749 8.500000000126521 1.1141e-11
1.500000000027014 8.50000000013322 7.28065e-10
0.5000000000072173 7.5000000001120055 1.6734e-11
1.5000000000242162 7.50000000011537 3.31625e-10
2.500000000038362 7.500000000114218 3.49548e-10
0.5000000000077014 6.500000000097474 5.773e-12
1.5000000000283418 6.500000000100734 3.18155e-10
2.500000000072421 6.500000000099923 3.38324e-10
3.500000000100216 6.500000000119624 9.72109e-10
0.5000000000074216 5.500000000082961 1.876e-12
1.50000000002695 5.50000000008579 2.73141e-10
2.5000000000424167 5.500000000085117 2.73421e-10
3.5000000000587352 5.500000000087651 1.1066e-10
4.500000000075143 5.5000000001005205 4.7294e-11
0.5000000000076366 4.50000000006839 2.1288e-11
1.5000000000238787 4.500000000070083 1.5217e-10
2.500000000038429 4.500000000069675 1.40687e-10
3.500000000055623 4.500000000069402 89.9999999998163
0.500000000007188 3.5000000000528377 9.144e-12
1.5000000000220153 3.500000000054099 5.3859e-11
2.500000000037547 3.500000000055125 1.07392e-10
6.500000000092031 1.5000000000386988 89.99999999974501
5.500000000077406 0.5000000000075042 89.9999999999514
5.5000000000825295 2.500000000039937 89.99999999953133
0.5000000000074802 2.500000000037036 89.9999999999455
1.5000000000225757 2.5000000000377893 89.99999999984195
2.500000000037141 2.500000000038053 89.99999999980206
4.500000000064282 1.5000000000271179 89.99999999975641
4.500000000067815 2.5000000000444436 89.9999999995553
4.500000000075966 3.5000000000617524 89.99999999932369
4.500000000071903 4.500000000080521 89.99999999958786
0.5000000000072076 1.5000000000220428 89.99999999996328
1.5000000000221343 1.5000000000230642 89.99999999983544
2.500000000036292 1.5000000000233662 89.99999999979616
3.500000000050335 1.5000000000237996 89.99999999977055
3.500000000051724 2.5000000000385727 89.9999999997595
3.5000000000563602 3.5000000000539178 89.99999999974152
0.5000000000071827 0.5000000000073337 89.99999999997725
1.5000000000214841 0.5000000000075744 89.99999999994739
2.500000000035519 0.5000000000075868 89.99999999994553
3.500000000049507 0.5000000000076517 89.9999999999462
4.500000000063467 0.5000000000081943 89.99999999994841
5.500000000078166 1.500000000023709 89.99999999974928
6.500000000091342 0.5000000000087859 89.99999999995347
7.5000000001052625 0.500000000007482 89.99999999995609
8.500000000119185 0.5000000000072475 89.99999999995902
9.500000000133102 0.5000000000071854 89.99999999996372
3.425416078244843 15.425416078432267 5.4995e-11
4.425416078260668 15.425416078432868 4.9558e-11
5.425416078277004 15.425416078433656 1.0825e-11
6.425416078294046 15.42541607843376 89.99999999999602
7.425416078313697 15.425416078432802 1.22822e-10
8.425416078328567 15.425416078432724 8.3077e-11
9.425416078343327 15.425416078433745 1.6669e-11
10.425416078357753 15.425416078433935 3.459e-12
11.425416078372239 15.425416078433951 89.99999999999697
12.425416078386842 15.425416078433948 89.999999999998
13.42541607840164 15.425416078433924 89.99999999999687
14.425416078416756 15.42541607843389 89.99999999999308
15.42541607843282 15.42541607843389 89.99999999999531
4.425416078274118 14.425416078415594 2.85723e-10
5.4254160782883805 14.42541607841692 2.81602e-10
6.425416078302618 14.425416078416813 2.84501e-10
7.4254160783170775 14.425416078417378 2.74964e-10
8.425416078332384 14.425416078416593 2.031e-10
9.425416078348107 14.425416078419328 6.0652e-11
10.425416078362595 14.425416078419776 4.4281e-11
11.425416078377188 14.425416078420128 89.99999999999562
12.42541607839134 14.42541607842006 89.99999999999254
13.425416078405378 14.425416078419957 89.99999999998883
14.425416078419577 14.42541607841978 89.9999999999671
15.425416078433788 14.425416078419932 89.99999999998967
11.425416078373559 11.425416078378667 89.99999999999199
5.425416078289951 13.425416078402362 3.35618e-10
6.425416078303902 13.42541607840177 3.2729e-10
7.425416078318002 13.425416078402991 3.01524e-10
8.425416078332049 13.425416078401357 2.8254e-10
9.42541607834627 13.425416078403824 2.43205e-10
11.425416078376147 13.425416078406286 1.478e-12
12.425416078390192 13.425416078406155 89.99999999999794
13.42541607840436 13.425416078406055 89.99999999999741
14.425416078419271 13.42541607840585 89.99999999995826
15.425416078433763 13.425416078405918 89.99999999998875
6.4254160782985466 12.425416078386029 4.4939e-10
7.425416078313991 12.42541607838875 2.97405e-10
8.425416078328288 12.425416078386313 2.86136e-10
9.425416078342648 12.425416078389656 2.67235e-10
10.425416078358534 12.425416078391947 6.9775e-11
11.425416078374447 12.425416078392505 9.29e-13
12.425416078390981 12.425416078392292 89.99999999998941
13.42541607840541 12.425416078392182 89.99999999999598
14.425416078419687 12.42541607839184 89.99999999997155
15.425416078433853 12.42541607839172 89.99999999999392
7.425416078297557 11.425416078373473 1.61901e-10
6.425416078279769 11.425416078370848 4.21761e-10
8.425416078314678 11.42541607837028 2.66098e-10
9.425416078333065 11.425416078375415 2.91905e-10
10.425416078358623 11.425416078378118 7.0099e-11
10.425416078361682 13.425416078405792 6.7587e-11
12.425416078387777 11.425416078378472 89.99999999998818
13.425416078402154 11.425416078378312 89.9999999999958
14.425416078416884 11.425416078377845 89.99999999997581
15.425416078432878 11.425416078377513 1.677e-12
7.425416078320165 10.425416078330759 3.22843e-10
8.425416078334008 10.425416078354349 3.18295e-10
9.425416078347851 10.425416078361192 3.13993e-10
10.425416078363803 10.4254160783643 6.9079e-11
11.425416078378355 10.425416078364805 89.9999999999848
12.4254160783922 10.42541607836463 89.99999999998506
13.425416078406105 10.425416078364293 89.99999999997478
14.425416078419946 10.425416078363678 89.99999999997624
15.425416078433862 10.425416078363153 89.99999999998853
7.425416076154002 9.425416076227034 89.9999997705133
8.425416077818479 9.42541607795461 89.99999995898428
9.425416078199085 9.425416078345313 3.32349e-10
10.425416078225044 9.425416078347753 89.99999999975873
11.425416078249448 9.425416078350404 89.99999999991834
12.425416078275543 9.425416078350718 89.99999999998687
13.42541607830491 9.425416078350283 89.99999999995137
14.425416078341264 9.425416078349151 89.99999999990824
15.425416078407657 9.425416078348766 89.99999999997033
7.425415982616143 8.425415982462361 89.99998903308702
8.425416077904547 8.425416077863238 89.99999995073202
9.42541607797589 8.425416077955568 89.99999995730458
10.4254160783562 8.425416078329784 89.99999999928168
11.425416078375335 8.425416078336232 89.99999999987082
12.42541607838956 8.425416078336086 89.99999999988879
13.42541607840557 5.425416078295075 89.99999999992959
14.425416078419602 5.425416078290848 89.99999999994694
15.42541607843386 5.422645401934215 89.99999999999118
10.425416078354218 7.425416078315421 89.99999999921758
11.425416078374475 7.4254160783223995 89.99999999986204
12.425416078390885 6.425416078308277 89.99999999985963
13.425416078405368 6.42541607830884 89.99999999993102
14.42541607842005 6.425416078305361 3.283e-12
15.425416078433916 6.425416078304729 2.004e-12
11.425416078376974 6.425416078308601 89.99999999985717
12.425416078389624 7.4254160783221375 89.99999999986899
13.4254160784049 7.425416078322605 89.99999999993243
14.425416078419932 7.425416078319864 4.41e-13
15.425416078433882 7.42541607832008 89.9999999999961
13.425416078404064 8.425416078336383 89.99999999993516
14.425416078418586 8.42541607833509 89.99999999989565
15.425416078433464 8.42541607833459 89.99999999996498
14.42541607841833 4.42541607827687 89.99999999994023
15.42541607843331 4.42059641927886 89.99999999997011
15.423516462964184 3.4183424844179493 89.98691059853978
6.425416078306322 10.425416078355141 3.27248e-10
0.5000000000070779 11.500000000169496 1.9047e-11
0.500000000007244 10.500000000155307 2.6489e-11
5.415470066275535 12.415470066375534 1.151374721780004
1.5000000000301315 9.50000000015072 6.84878e-10
6.425416005289083 9.417909601528592 89.99999165569828
6.425415981165172 8.417909578626144 89.99998903306346
10.500000000146997 0.5000000000071667 89.99999999996683
10.374821742614438 6.405057262487727 87.46833526418298
