237 16.02151037656173
5.516918957239968 11.114837754477708 2.16184843837114
6.43561744294529 10.223519593969062 14.974622313366517
4.396362954354449 6.498920805862974 13.226158463996887
5.390931724698683 6.6379647964542725 13.226158463991714
6.344576961715677 6.951129549068598 13.226158463986746
4.958922336913645 5.500000000534316 1.123e-12
1.6264631207883875 14.395047255769878 17.368982613479524
2.6029634529626877 14.713698237377644 20.565071690027505
1.5968262336825703 13.322816900143195 12.569198944310303
2.575160400199362 13.623921212642383 15.281757856534632
3.524257082568573 13.944380166223748 15.281757856534615
1.5968262336825587 12.298262312429426 12.569198944309216
2.574886478954956 12.506792551970083 12.569198944309324
3.5287464626165974 12.823862585497114 12.569198944309438
4.481620718604919 13.145353673654538 12.569198944309367
1.5000000001457137 10.996992743038435 2.79e-13
2.5043220846437064 11.391932246797413 2.161848438371047
3.5009032584749695 11.501366812125026 2.161848438371047
4.494870508143889 12.00425156142575 11.386390833847171
5.450097417451493 12.326267202133737 11.386390833846862
1.5000000001458744 9.996992742941258 2.777e-12
2.553101021338053 10.23293037996668 6.462721725332184
3.533122654856652 10.465756158058085 6.462721725332583
4.523151412562173 10.930868562492599 2.16184843837112
2.5782167598101466 9.133876352821064 14.951055233889472
3.5443633292052734 9.391870164063755 14.95105523380025
4.522016000755901 9.621419138569806 14.492022161410127
5.461319129402918 9.996002167849566 14.974622313362248
1.6120701904160883 8.875882541577322 14.95105523388789
3.4646890594505546 8.335554796360583 14.951055233801382
4.452841018013402 8.56669127076271 13.226158463996615
5.458108547548968 8.843815746033208 18.268017846425547
4.426961375873601 7.533360564731506 13.22615846399663
5.455779971815531 7.752052049154184 19.489455595892565
2.498542490054591 8.07756098511707 14.951055233892655
3.4407156591179247 7.294113444717571 14.951055233827672
6.427539643882746 9.186205559695521 14.97462231336646
6.39251508427096 8.102547818391958 19.489455595910997
2.500000000243231 6.506493839031669 1.5234e-11
1.500000000149548 7.506493839148405 2.5892e-11
0.5000000000485842 9.480480285487847 89.99999999999937
2.4963300297830804 1.500000000163908 89.99999999992544
7.508708918309164 1.508029433350325 89.31500807511391
9.671656086367944 0.6517158218206172 67.86188143956343
6.757185434979499 4.21143052027067 67.79457592924187
7.0825252503272464 5.176487469568828 67.57753511113168
7.41674658445171 6.254338336283387 84.49245886536966
5.838186728492825 4.60610578727536 67.79457592923198
14.374556009195905 1.625845185281122 69.1526987885706
14.721947859759538 2.6022804492169094 68.43061995258888
12.934255252028391 0.6434409928251936 69.50213727031701
13.285329571531886 1.5798451278770225 69.50080506506707
13.615259904536241 2.524155968549514 69.49920472665826
13.996698573638128 3.482683217395814 65.78095845577904
11.890268125496691 0.7071722912500595 69.49589782514424
12.249216769458016 1.6670757244023147 69.49884189993068
12.59348194465693 2.6467472583006906 69.49920472665795
13.285799088379482 4.365976069290895 67.01809420741648
10.766996304440458 0.6434438553607764 69.49920472666038
11.145007506787566 1.5697201822085658 69.49920472665889
11.47606540588809 2.513552372618081 69.49920472665747
11.826285788287406 3.4502197009404645 69.49920472665248
12.20009669580705 4.378066520125066 69.4992047266564
12.52151037622129 5.521510375487672 3.131e-11
10.057807872324801 1.5851881286816942 66.71721264295289
10.419539534868477 2.543210084747602 69.49920472665633
10.771251141553503 3.4838657048363153 69.49920472665201
11.122873959382208 4.424283858389671 69.49920472664932
11.521510376124056 5.521510375534232 3.6095e-11
9.32740537351663 2.4776331279434807 69.49920472664748
9.677625755916099 3.4143004562658517 69.49920472665039
10.027846138315494 4.350967784588252 69.49920472665349
10.378066520714716 5.287635112910849 69.49920472667267
8.942964458856038 1.5537608737441593 69.49920472665305
8.606314410638578 3.404414294403095 69.49920472664482
8.957671661087543 4.3441221857883505 69.49920472665248
9.309207993177887 5.284309032514916 69.49920472666793
7.8680046346551205 4.28514360186463 69.49920472664938
8.218426184165978 5.222348953302568 69.49920472665785
8.21710716163709 2.4630942647011986 67.68645907463355
7.4930227391484765 3.343185584177194 67.95866218317371
8.451896614500658 6.292891140013554 81.46151335084207
6.137962497225912 5.590574262680224 71.07667100393438
3.5000000003500276 5.500000000575449 5.61716e-10
2.500000000255147 4.506493838836036 2.6446e-11
3.5014804304319345 4.5000000004747545 3.87203e-10
4.502853727539288 4.500000000437162 8.53e-13
2.5000000002429585 3.506493838738174 89.99999999999838
3.5000000003401324 3.500000000372127 89.99999999999953
4.500000000437308 3.500000000340015 6.82e-13
5.500000000534476 3.5000000003400142 89.99999999999926
2.5000000002446257 2.500000000269213 1.89985e-10
3.5000000003444534 2.5000000002659153 4.9431e-10
4.500659076641081 2.500000000242869 6.39e-13
5.501300240358786 2.500000000242867 89.99999999999957
6.502189973990008 2.502036520366203 89.97634414730368
3.496330029880931 1.5000000001582094 89.99999999996732
4.49633002997871 1.5000000001457225 5.68e-13
5.496330030076289 1.5000000001457172 89.99999999999987
6.501771389325297 1.5013948558350405 89.98026461073542
7.521510375735909 7.294766675505017 89.99999999999866
1.4414583439137454 1.4516221527707778 83.30640667976161
0.500000000048578 15.48642114973481 1.91e-13
1.5000000001457323 15.521510376513156 3.81e-13
15.349355429596109 0.5000000000485834 89.9999999999997
15.521510376513152 1.5000000001457474 89.9999999999994
0.5000000000485718 10.480944220638998 1.42e-13
0.5000000000716511 8.480087202008779 89.99999999742508
0.5000000000491278 7.479684997982586 89.99999999994043
1.5000000001459775 6.506493839044649 9.493e-12
0.5000000000486642 6.479684767990482 4.789e-12
1.5000000001483063 5.506493838935064 89.99999999987524
2.5000000002477893 5.506493838933803 4.0401e-11
0.5000000000492317 5.47968462501785 89.9999999999641
1.5000000001487708 4.506493838837125 89.99999999991923
0.50000000004861 4.47968452805989 89.99999999999872
1.5000000001457847 3.5064938387386286 89.99999999999743
0.5000000000485931 3.4796844713714536 89.99999999999848
1.5000000001458949 2.5064938386406013 1.1738e-11
0.5000000000486207 2.479684449182587 3.183e-12
0.5000000000497957 0.5000000000490257 89.99999999995588
2.4000822039662193 0.500000000054782 89.9999999998944
3.402334683847238 0.5000000000518714 1.35032e-10
5.495239249878331 0.5000000000485718 89.99999999999997
4.404402080990421 0.5000000000485736 1.99e-13
6.496257269559525 0.5005262273977884 89.99165285513028
7.496257286868436 0.500570962863522 89.99165286844841
8.496287248776055 0.5000428116365772 89.99509394337831
3.521510375346897 15.521510376513117 1.491e-12
4.521510375444073 15.521510376513142 1.22e-13
5.52151037554125 15.521510376513152 89.99999999999949
6.521510375638426 15.521510376513152 89.99999999999972
7.521510375735605 15.521510376513149 89.99999999999966
8.52151037583279 15.521510376513142 89.99999999999926
9.521510375929992 15.521510376513103 89.9999999999969
10.52151037602718 15.521510376512953 89.9999999999968
11.521510376124372 15.521510376512925 89.99999999999692
12.52151037622156 15.5215103765129 89.99999999999723
13.52151037631875 15.52151037651289 89.99999999999767
14.521510376415943 15.52151037651285 89.99999999999834
15.521510376513131 15.521510376512694 89.99999999999916
4.521510375444533 14.521510376415964 89.99999999999977
5.521510375541683 14.521510376415993 89.99999999999945
6.521510375638833 14.52151037641599 89.99999999999899
7.521510375735981 14.521510376415968 89.99999999999886
8.52151037583313 14.521510376415907 89.99999999999895
9.521510375930278 14.521510376414891 89.9999999999991
10.521510376027427 14.52151037641464 89.9999999999994
11.521510376124574 14.52151037641417 89.99999999999969
12.521510376221721 14.521510376414366 89.99999999999969
13.521510376318867 13.521510376315454 8.75e-13
14.52151037641601 14.521510376413836 89.99999999999976
15.521510376513156 14.521510376413538 89.99999999999979
5.521510375541718 13.521510376318814 2.359e-12
6.52151037563886 13.521510376318794 2.274e-12
7.521510375736003 13.521510376318718 2.132e-12
8.521510375833147 13.521510376315877 2.046e-12
9.521510375930289 13.521510376316202 1.904e-12
10.521510376027432 13.521510376316504 1.791e-12
11.521510376124578 13.521510376316034 1.521e-12
12.521510376221723 13.521510376315849 1.166e-12
13.521510376318863 12.521510376216767 1.491e-12
14.521510376416014 13.521510376314792 5.9e-13
15.521510376513156 13.521510376313406 3.14e-13
6.521510375638837 12.521510376221626 4.551e-12
7.521510375735982 12.521510376221537 4.301e-12
8.52151037583313 12.52151037621659 3.803e-12
9.521510375930276 12.521510376217453 3.348e-12
10.52151037602742 12.521510376217805 2.871e-12
11.521510376124567 12.521510376217789 2.415e-12
12.521510376221716 12.521510376217433 1.948e-12
13.521510376318853 11.521510376112023 2.615e-12
14.52151037641601 12.521510376213211 1.061e-12
15.521510376513156 12.521510376213035 6.3e-13
7.52151037573597 11.521510376124354 6.966e-12
8.521510375833115 11.521510376102498 6.372e-12
9.521510375930262 11.52151037611856 5.77e-12
10.52151037602741 11.521510376119611 5.073e-12
11.521510376124557 11.521510376119647 4.347e-12
12.521510376221705 11.521510376119107 3.524e-12
13.521510376318504 10.521510376011374 3.5888e-11
14.521510376416003 11.521510376112321 1.701e-12
15.521510376513152 11.521510376111813 8.01e-13
7.491126441439808 10.491126441730858 3.596974940323821
8.521510375815108 10.521510375980986 2.048921e-09
9.52151037591341 10.521510376004104 1.918623e-09
10.52151037602648 10.521510376021377 9.5994e-11
11.521510376123953 10.521510376021753 6.0932e-11
12.521510376221269 10.52151037602139 4.3575e-11
13.521510376301057 9.521510375911193 1.97936e-10
14.521510376415751 10.52151037601059 2.673e-11
15.521510376513021 10.521510376010355 1.5003e-11
7.445285997062382 9.414713739932662 9.904818486722656
8.521510375776225 9.521510375874774 1.739049e-09
9.521510375879382 9.520436305884708 1.170615e-09
10.521510375988198 9.521510375923754 7.3783e-11
11.521510376091403 9.521510375924159 3.9153e-11
12.521510376197643 9.521510375923908 2.8348e-11
13.521510376318865 14.52151037641418 89.99999999999972
14.521510376403103 9.521510375910356 1.60043e-10
15.52151037650997 9.52151037591071 6.9838e-11
7.430569282695211 8.382306567385761 10.893993751751932
8.486038533434733 8.487325655361056 3.789332669481908
9.519704561797964 8.519631114042502 89.99169738460161
10.521510375989054 8.52151037582608 3.4703e-11
11.521510376091811 8.521510375826653 2.2175e-11
12.521510376193836 8.521510375826454 1.2835e-11
13.521510376294763 8.521510375811092 1.10063e-10
14.521510376397547 8.521510375811282 1.06525e-10
15.521510376510246 8.521510375811937 2.4244e-11
8.52151037583307 7.431212474708035 89.99999999999933
9.521510375930225 7.518717801082058 89.9999999999996
10.52151037602738 7.5215103757284405 89.99999999999969
11.521510376124535 7.52151037572902 89.99999999999973
12.52151037622169 7.521510375708322 89.99999999999974
13.521510376318844 7.5215103757096 89.99999999999979
14.521510376416 7.5215103757116015 89.99999999999977
15.521510376513152 7.521510375712062 89.99999999999982
11.521183202606938 6.521510375631456 3.5858e-11
12.521510376211623 6.521510375597661 1.082886e-09
13.52151037631029 6.5215103756018085 9.30086e-10
14.521510376413257 6.521510375610669 2.84842e-10
15.5215103765121 6.521510375611697 1.13104e-10
13.52151037631853 5.521375887171134 2.6034e-11
14.521510376415769 5.521510375509962 2.0805e-11
15.52151037651305 5.5215103755112445 1.0616e-11
14.519758054164715 4.519717940063845 89.81551574784001
15.521454321062986 4.521510375412099 89.99999999998082
15.521510376512254 3.521510375314267 89.99999999996079
0.5000000000486029 14.484638455960145 1.789e-12
0.5000000000485736 13.483025404343397 1.85e-13
0.5000000000485718 12.48215459201193 5.7e-14
0.50000000004857 11.481493485758154 0.0
14.103090557169763 0.5035293042221864 89.67734234528623
10.520971164339995 6.517891398255599 89.999826354576
9.520719903479748 6.42918171920839 89.99151537863642
6.505223878951075 11.44351491654457 2.161848438370957
