237 15.977930466080906
1.5009992146245414 15.477684673599436 0.010449070825822
0.5003497224638984 15.347222849268098 0.005952519189549
15.402530558690898 0.5000000000921787 6.896e-12
15.463350276940886 1.5000000002770069 7.2802e-11
0.500195471511689 9.507022640045815 0.0139539820332
0.5001318691974372 8.506026488521501 0.005606407559605
1.5003741373817752 8.50554625839922 0.010720515584907
0.5000610648909039 7.504799509754541 89.99874000529724
1.5002443783849095 7.504974195050885 0.004356453784624
2.500446740188746 7.50358261485627 0.012385046459975
0.5000792621724299 6.50407259341288 89.99741513798249
1.500361755236015 6.504377222935141 0.000515444036054
2.500766378202256 6.503267836676605 89.99310915215456
3.5017019790584207 6.505686010577042 89.98342505921937
0.5000577359282419 5.503477607212012 89.99356755860032
1.5001294833529668 5.503642028613585 89.98589461191949
2.500162685418996 5.503032372777647 89.98261563840134
3.500462224174525 5.504197606653436 89.94886410446064
4.500504265653522 5.503377313365508 89.94453800876218
0.5000000000922764 4.502804000634343 1.8386e-11
1.500000000276681 4.5026888347589 3.692e-11
2.5000000004610836 4.502595478437952 5.5493e-11
3.500000000645488 4.502570244339614 7.4131e-11
4.500000000829893 4.502479246326484 9.2786e-11
0.5000000000940439 3.5020356853041603 89.99999999998677
1.5000000002821254 3.5020029628857348 89.99999999997367
2.500000000470206 3.5019398995561213 89.99999999996079
3.500000000658285 3.5018712440200837 89.9999999999482
4.500000000846363 3.5017959177545483 89.99999999993592
5.500000001034437 3.5000000006636443 89.99999999992374
0.5000000000921467 2.501374707890573 89.99999999999952
1.5000000002764402 2.5013538703884235 89.99999999999905
2.500000000460733 2.5013050710975335 89.99999999999856
3.500000000645027 2.501194425724788 89.99999999999811
4.500000000829321 2.501127189950928 89.99999999999761
5.500000001013614 2.500000000477396 89.99999999999707
6.5000000011979076 2.500000000460788 89.9999999999969
0.5000000000921165 1.5007594429704456 89.99999999999989
1.5000000002763523 1.5007460651073954 89.99999999999977
2.500000000460587 1.5006854812985981 89.99999999999966
3.500000000644823 1.5006245497138746 89.99999999999956
4.5000000008290595 1.500000000289667 89.99999999999945
5.5000000010132934 1.500000000289221 89.99999999999933
6.500000001197529 1.5000000002765113 89.99999999999913
7.500000001381766 1.500000000276481 89.99999999999928
0.5000000000921192 0.5001876584174791 3.49e-13
1.5000000002763585 0.5001482089655118 6.96e-13
2.500000000460596 0.5001353685852115 1.051e-12
3.5000000006448353 0.5000000000965574 1.402e-12
4.500000000829074 0.5000000000947322 1.752e-12
5.500000001013313 0.5000000000921743 2.102e-12
6.500000001197552 0.5000000000921503 2.601e-12
7.500000001381799 0.5000000000921601 4.093e-12
8.5000000015662 0.5000000000921121 89.99999999999972
9.500000001750518 0.5000000000921254 89.99999999999824
3.437295316050573 15.47051115208695 0.03497515143046
4.439433235152514 15.476956253974352 0.02676617731133
5.441977120838606 15.477781090438695 0.012209918298169
6.4450762921657825 15.477930465987857 89.99999999989423
7.447786760983997 15.477930465988749 4.8e-12
8.450449880975517 15.477930465988745 5.684e-12
9.452373301261117 15.477930465988788 9.49e-13
10.454267640141325 15.477930465988791 4.97e-13
11.457570457562404 15.477930465970594 89.99999999796349
12.461017620065856 15.47793046598878 89.99999999999922
13.464266847853605 15.477164023260764 0.012285209980002
14.46715929335997 15.477385961858051 0.017607415165116
15.469363460408076 15.477617628470734 0.010312619515613
4.44169041950107 14.47535581202279 0.045335342622167
5.443480357027091 14.477606230507613 0.019231793343989
6.445872158679069 14.477930465802569 89.99999999977749
7.4491814325258625 14.47793046580447 9.55e-12
8.450985444822606 14.477930465804466 1.1252e-11
9.452695139247167 14.477930465804558 1.918e-12
10.454900179056056 14.477930465804565 9.95e-13
11.457627240079624 14.477930465767557 89.99999999595381
12.460590893983717 14.47793046580453 89.99999999999838
13.464302393762072 14.475613093708418 0.011552241105763
14.46761910731627 14.476383347214016 0.023272926388861
15.471166417359703 14.477004942760281 0.021978525559687
11.458790703304647 11.477930465158632 89.99999998996225
5.444624456733356 13.477436776007739 0.025142908150754
6.448463207243158 13.47793046561676 89.9999999996019
7.449993487786158 13.477930465620194 1.4225e-11
8.451599104040904 13.477930465620188 1.6742e-11
9.45408964294653 13.477930465620327 2.836e-12
11.45769164523318 13.47793046556509 89.99999999400922
12.460602978271595 13.477930465620279 89.9999999999976
13.465501064458516 13.474128130564619 0.017050194623086
14.469485543240484 13.475336985947731 0.042862323308142
15.47231956578338 13.476366061348259 0.036547368540369
6.449210369807131 12.477930465430738 89.99999999940151
7.450576127452187 12.477930465435916 1.8827e-11
8.453780048240594 12.477930465435913 2.2212e-11
9.454296908064999 12.477930465436097 3.765e-12
10.454992368012256 12.477930465436112 1.961e-12
11.45704340655151 12.477930465363164 89.99999999211623
12.46157485568602 12.47793046543603 89.99999999999667
13.467776385300127 12.47219432052347 0.037477387408747
14.471076602348127 12.474524371399584 0.041619231842461
15.47395391617239 12.47573199646541 0.041346715445641
7.45363548717344 11.47793046525164 2.3378e-11
6.45308371129255 11.477416798908116 89.94110789606698
8.453860009086585 11.477930465251635 2.7384e-11
9.45437765474418 11.477930465251868 4.679e-12
10.455234980434112 11.477930465251886 2.458e-12
10.454921211888953 13.47793046562034 1.478e-12
12.466003346367696 11.477930465251777 89.99999999999575
13.469088632108038 11.4697683444993 0.031217347649395
14.472180021391893 11.47390388917814 0.038575120883865
15.474693760211249 11.475064254275862 0.041468711857249
7.452570572839845 10.477930465067352 2.9189e-11
8.452570573759488 10.477930465067367 3.1491e-11
9.452570577972864 10.47793046506764 5.372e-12
10.453684426020862 10.477930465067658 2.971e-12
11.464821117340788 10.47793046493317 89.99999998550291
12.46704355723231 10.47793046506753 89.99999999999486
13.469547241556107 10.465722008054179 0.016591725717902
14.47285474875483 10.47325585045336 0.02555516819901
15.475285631872598 10.474353177067101 0.040719899427415
7.438155551440926 9.477930464882993 4.2198e-11
8.444288033229313 9.47793046488311 3.4043e-11
9.452570575392928 9.477930464883414 5.784e-12
10.452570588840377 9.477930464883435 3.34e-12
11.466026000939923 9.47793046469498 89.99999997949905
12.467621413234582 9.47793046488328 89.99999999999392
14.473346444861516 9.47261940703804 0.025116690640243
15.476097219979284 9.473578475356474 0.035593792423496
7.43033409089427 8.47793046469866 5.2108e-11
8.43065135380296 8.477930464698852 3.5505e-11
9.431193984526262 8.477930464699186 6.193e-12
10.449602952147238 8.477930464699211 3.652e-12
11.46805225240964 8.477930464380886 89.99999996484522
12.469146304864411 8.477930464699028 89.99999999999301
13.471798608026594 8.482427522609205 0.117329265860306
14.474947576978735 8.471928050582845 0.019001394570395
15.476554655967881 8.47268476465212 0.027364488162704
8.39148415751946 7.477930464506871 89.99999999908664
9.392081241287983 7.477930464514957 6.48e-12
10.418419890002642 7.4779304645149836 4.007e-12
11.463353573190883 7.468698929967573 88.93213115352177
12.472585108019853 7.4779304645147775 89.99999999999208
13.47487890419493 7.480675384686184 0.187047577878886
14.476993758959079 7.471128267536979 0.012945213251059
15.477550142884787 7.471390667258529 0.015341072701389
11.405850180437168 6.46589343190899 88.47408963109002
12.477930465435849 6.477930464330526 89.99999999999109
13.477930465620148 6.470307479390603 89.99999999999334
14.477930465804452 6.470017326357801 89.99999999999557
15.477930465988752 6.46952112498522 89.99999999999781
13.471617545675551 5.468609715946931 0.014513776670941
14.474385010400088 5.469108945333777 89.99197475313102
15.476587119322373 5.467536708019246 89.99289558184972
14.474856478493642 4.46817717673979 0.001239629790106
15.476880148594557 4.333974786731509 89.99940889755845
15.477930465988791 2.502983702036257 89.99999999999982
6.436918616644981 10.477432885863285 89.94110789536496
7.390563168945214 7.472779534857991 89.96190663965449
4.8269296664737915 6.503482000031222 89.92830433441158
6.370196963371406 7.477499881185921 89.94110789526665
0.664049725593225 13.902123947660447 24.603423621731505
1.5862941528607992 14.29573489973079 24.656669407106385
2.523441069272925 14.671825253335829 25.38129138963693
0.6506620318050675 12.754072225071585 21.880925822520812
1.5587930534544165 13.178543517763536 21.887328220344845
2.4890026962022054 13.54812538302086 21.889608729384083
3.4082787393617258 13.955280891698639 22.37132558655371
0.500167638719577 11.509267688108347 89.99222155999122
1.5321004196300212 12.02925234707881 21.8992042905972
2.4415883300415944 12.450993476423992 21.883197759893612
3.3765483964175456 12.810009930501813 21.92404541445312
4.291539509508816 13.236414448211137 22.757312653950674
0.5019626909394859 10.508130421830884 0.009147771772988
1.6332542648807085 10.851249423549996 18.516532711141778
2.5308911314812006 11.320882277750627 18.524625482480516
3.443800818075089 11.74486426411617 18.528552767541754
4.382531260609842 12.092064527933683 18.51210697833678
5.448341148846319 12.477270172542902 0.030723539576006
1.6470630242351758 9.677793159620423 21.164239651703188
2.5523455378539373 10.109980841434897 21.166620623280423
3.444210887421237 10.576895139498834 21.160944668200845
4.3530996937845 11.000005791340929 21.149892481493037
5.310572150854119 11.340020557218883 19.31037465178801
2.5604666490479584 8.961006049578716 22.567065822006683
3.4643383627114925 9.392383473814577 22.56483964110656
4.354014156317936 9.85803195799954 22.554965635024864
5.293808104399215 10.274296196560918 19.31900193066056
3.4396356124773666 8.244419530582046 25.367986427380128
4.342352551051475 8.674913850389636 25.365459797379906
5.229193042188367 9.138970109847813 25.35935707883087
4.299490460186936 7.54502735385624 25.48926149674845
5.203084075723617 7.975502931381214 25.50118230369659
6.430702420840061 9.477438746889986 89.94110789530971
6.394810064602693 8.47747511074892 89.94110789527817
6.2871685305116705 4.4171314310126295 64.59018108198448
6.645077031067527 5.400893088959476 69.40851262551482
7.027222197393873 6.328896626682705 69.50651850529793
5.500513667362963 5.478392738302331 89.941107895371
14.324135930306129 0.5000000000921281 89.99999999999964
14.338543619159285 1.5000000002763842 89.99999999999928
14.477930465804565 2.5000000004606386 89.99999999999959
12.714046114455144 0.5017560995095991 89.93883284350557
13.19517285680002 1.5430799967715592 70.1134496959958
13.32112846896553 2.568463388655865 69.59762978946422
13.65402319296657 3.5543173412762483 69.14863745178624
11.608481638688533 0.5009459474087885 89.96089482879515
11.897158503383473 1.6094055934326628 70.25895431782386
12.242844256615669 2.550441975424249 70.13942749910417
12.566416212147388 3.508309368585728 69.14863745179498
12.92397492569663 4.4470534416047585 69.14863745178431
10.500000001934811 0.5000000000921316 89.99999999999832
10.803548362559873 1.6098680565358068 69.1486374518032
11.164488563465728 2.542472337884587 69.14863745179981
11.488965233685443 3.4889652322112994 69.14863745179488
11.84491007370651 4.423472199136011 69.14863745179373
12.200854913727223 5.357979166060882 69.14863745179717
9.619895478913756 1.61989547743985 73.75740423601907
10.043175237480906 2.5381533737175017 73.7574042360187
10.4024393324689 3.4750611592556764 73.75740423601857
10.73243235934526 4.4204965792556195 73.75740423601852
11.089531846415237 5.358034986983044 73.75740423601866
8.834947047066885 2.5584021391459713 75.6360938845345
9.25659648996844 3.482693160482693 75.6360938845344
9.619179795360042 4.422110132610427 75.63609388453446
9.950548045218836 5.369520811682063 75.63609388453456
8.500000001566004 1.5000000002763372 89.99999999999945
8.114649571002788 3.5747359160961922 64.63859643316594
8.527026112025009 4.4989958232962 66.04029392188752
8.85898901300941 5.445769976886656 66.04029392207693
7.413212739830831 4.45781479728661 66.04029392207697
7.745594812332459 5.404402676813093 66.04029392207802
7.697159553937839 2.665975276262979 64.63859643317244
6.995720202549389 3.5490488406498475 66.04029392207727
10.392712981807252 6.4779304643307585 4.309e-12
9.392712981622395 6.4779304643307345 6.58e-12
8.15228784133212 6.3179677867660455 66.04029392207862
5.827591010020336 6.47805707651162 89.9411078952679
