237 15.949328404598976
0.6131290926644821 9.613129092730556 15.122849720261327
4.369658895713331 6.51699811680824 18.06292126961982
5.322552248411603 6.827769277362428 18.062921269617437
6.286796509963153 7.121189112977984 17.327829246643066
4.876287730005 5.63038895578628 18.062921269618908
0.6362088101115724 13.888925419937724 18.90176611878543
1.562164826514655 14.285262174744219 19.308311479316327
2.539675000731645 14.617495505075828 20.52696915619063
0.6377224219524242 12.816079236789218 19.405725291030194
1.5810186854784298 13.148031435995769 19.405725291030315
2.5050117712310493 13.534780501860181 19.40572529103044
3.444314545238764 13.87806921339037 19.405725291030443
0.6154268384239598 11.737972932883364 15.498753353674248
1.567095745962325 12.04834689470071 15.498753353674305
2.5132250651705155 12.378697654574971 15.49875335367433
3.442480223642435 12.769899813747095 15.498753353674344
4.38473360636142 13.114227930045733 15.498753353674305
0.612789280393339 10.64914088525759 15.067621706075013
1.5648102142173466 10.959612464355704 15.067621706075018
2.516831148041364 11.270084043453778 15.067621706075018
3.4639180702207915 11.598883055568226 15.067621706075021
4.39367821660786 11.992042540580426 15.067621706075006
5.336539124132241 12.336539124183615 15.067621706074945
1.5785655227131068 9.873767860029982 15.122849720261868
2.530538227936443 10.184226405416723 15.12284972026189
3.482510933159788 10.494684950803421 15.122849720261884
4.429812005676514 10.82242992381521 15.122849720261868
5.359164200087845 11.21659107331038 15.122849720261836
2.529535134090608 9.0960520268291 15.422817467038167
3.4812619076206452 9.406442725959364 15.422817467038168
4.432988681150695 9.716833425089582 15.422817467038138
5.380412503712471 10.042821624698421 15.422817467038083
1.566822851007716 8.825482020933515 15.422817467038112
3.4709264362775905 8.327567032240692 18.06292126962112
4.42164302184756 8.637628274476478 18.06292126961991
5.3723596074175575 8.947689516712222 18.06292126961685
4.397958204566929 7.578065667520593 18.06292126961992
5.349433249201233 7.888374269235308 18.062921269616968
2.5167164166430087 8.028217434200858 18.06292126962093
3.4465509073769125 7.267779160569914 18.06292126962107
6.318939490629893 9.2704348065021 18.062921269614552
6.313483692351432 8.180628349604213 17.31415412151714
1.5000000000110223 15.449328404595304 1.79e-13
6.590454334723002 4.343154424894623 71.95899979369479
6.956640227506249 5.2908762089133745 70.16097778184995
7.292102386495545 6.249870272121607 71.95899979370697
13.953533649215379 0.6472341662853998 68.74774406030618
14.299489619509313 1.585652309213903 68.74774406030481
14.630358642899662 2.5397579838829127 67.68915823017866
12.861385080186935 0.6212060086572198 73.53590033776052
13.194766833608448 1.565436591532742 73.53590033776045
13.528297533983658 2.509623155807655 73.53590033776042
13.871146642920287 3.4510558315607227 73.5359003377604
11.729421227064439 0.6178165446502373 74.10561751605742
12.089451607931586 1.555048966970733 74.1056175160574
12.422994211660825 2.499823823470037 74.1056175160574
12.75668591901864 3.4445562224879653 74.1056175160574
13.099723981039041 4.386627233028661 74.10561751605744
10.619716283659386 0.619716283585964 73.78757001563754
10.959735051081099 1.5622654611435793 73.7875700156374
11.31963088392955 2.499035140877721 73.7875700156374
11.653081622819892 3.443494052381846 73.78757001563743
11.986680945446416 4.387909761362816 73.78757001563747
12.32961212099098 5.329612120939608 73.78757001563756
9.769034897309558 1.6010813905408128 71.95899979369491
10.200896422439133 2.512126359236948 71.95899979369472
10.560119479090119 3.4468304772764036 71.95899979369474
10.893169599955954 4.3900594088129985 71.95899979369497
11.226366499888556 5.333240532790709 71.95899979369541
9.337554628390002 3.0904464699074303 71.95899979369463
9.69599206984094 4.04380567496889 70.16097778185025
10.107752360542971 5.207623975127795 71.95899979369553
10.4025699132154 6.409079226654501 87.63134352578184
8.808247562521094 1.915084250849306 73.03085647990314
8.401882094515052 3.446696290195616 71.95899979369463
8.760289618988313 4.396896932284014 70.16097778185014
9.10328460939245 5.352658288508959 71.9589997936961
7.903471612811086 4.9686308244662225 70.16097778185
7.883244754339331 2.563915160351841 71.95899979369726
7.45183792269683 3.7588222176684365 71.95899979369463
8.249727881038995 5.9610205691572045 71.95899979370151
6.081287578213658 5.81123795512153 70.16097778185002
7.426159051810389 8.388631929992954 0.485974836659523
9.402524493049226 6.429425372458713 87.63512094077414
6.408602230502126 10.382182790797536 5.112814289330404
7.419191800814352 7.3617716750551505 87.46840832833229
8.419050565170638 7.306946384712358 87.50805042609075
5.500000060617146 4.6448166640042725 89.99999460037665
3.512308090809471 5.51182791609664 0.922200402953899
8.427546019756685 8.373165956034157 0.502726152896329
9.436547996755621 7.441234753036001 89.06858490255723
0.5000000000036744 15.24629902011619 8.8e-14
15.21729388759568 0.5000000000036797 89.99999999999955
15.4493284045953 1.5000000000110347 89.99999999999959
0.500000000003678 8.500000000062409 9.2e-13
0.5000000000036815 7.500000000055067 9.11e-13
1.5000000000114468 7.500000000055497 4.8587e-11
0.5000000000040048 6.500000000047725 8.67e-13
1.5010802769831715 6.50000000004815 4.8007e-11
2.5095827585658457 6.509529949734625 0.91040550755602
0.5004284940263144 5.500000000040384 8.1e-13
1.5018687099491235 5.500000000040804 4.7423e-11
2.5107434299039966 5.508644794929925 0.912325619323126
0.5000000000036708 4.500000000033037 89.99999999999999
1.5000000000110143 4.5000000000330465 89.99999999999973
2.50000000001837 4.500000000033825 89.99999999999785
3.5000000235838282 4.502042956526497 89.9999973004366
4.500000046962091 4.500000047153643 89.99999460037674
0.5000000000037561 3.500000000025695 89.99999999999996
1.500000000011692 3.500000000025704 89.99999999999957
2.50000000002965 3.500000000026435 89.99999999999689
3.5002170733017 3.5002170732876836 89.97511983371213
4.503215421971648 3.5000000229301778 89.99999735838966
5.50692715230498 3.5092075061009433 89.652627575392
0.5000000000036771 2.5000000000183524 89.99999999999991
1.5000000000113278 2.5000000000183604 89.99999999999945
2.5000000000191323 2.5000000000189937 89.99999999999098
3.5000000000267937 2.5000000000186366 89.99999999996733
4.500000000040036 2.500000000024376 89.9999999993102
5.502777019905638 2.5088924105412493 89.68088665338108
6.720539455471454 2.758729283885912 89.33831308144454
0.5000000000036726 1.5000000000110116 89.99999999999994
1.5000000000110214 1.5000000000110187 89.99999999999933
2.5000000000185576 1.5000000000114282 89.99999999997732
3.5000000000259286 1.5000000000112355 89.99999999997432
4.500000000037909 1.5000000000158717 89.99999999944323
5.500000000201388 1.5022172908769909 89.99999998210659
6.500052384152557 1.5276593436701331 89.99399691127208
7.500049497267437 1.5000523839936797 89.99399692326591
0.5000000000036726 0.5000000000036708 89.99999999999994
1.5000000000110187 0.5000000000036753 89.99999999999945
2.500000000018363 0.500000000003741 89.9999999999992
3.5000000000257065 0.5000000000036788 89.99999999999902
4.500000000033048 0.5000000000036806 89.99999999999893
5.500000000040391 0.5004167338183665 89.99999999999886
6.500000000047731 0.5000405442408127 89.99999999999885
7.500000000055072 0.5000000000037019 89.99999999999886
8.500000000062414 0.5004323232372982 89.99999999999888
9.500000000069756 0.5000000000036797 89.99999999999886
3.449328404502178 15.449328404595011 9.38e-12
4.4493284045097745 15.4493284045953 2.7e-14
5.4493284045173365 15.449328404595308 89.99999999999991
6.44932840452491 15.449328404595304 89.99999999999949
7.449328404532497 15.4493284045953 89.9999999999993
8.4493284045401 15.449328404595303 89.99999999999972
9.449328404547723 15.449328404595295 89.99999999999905
10.44932840455537 15.449328404595287 89.99999999999814
11.449328404563051 15.449328404595308 89.99999999999987
12.449328404570776 15.449328404595308 89.9999999999999
13.449328404578571 15.449328404595308 89.99999999999989
14.449328404586499 15.449328404595306 89.99999999999993
15.449328404594818 15.449328404595308 89.99999999999996
4.449328404514505 14.449328404587945 1.01e-13
5.449328404521848 14.449328404587966 89.9999999999999
6.449328404529196 14.449328404587959 89.9999999999993
7.44932840453654 14.449328404587952 89.99999999999922
8.449328404543882 14.449328404587948 89.99999999999919
9.449328404551226 14.449328404587938 89.99999999999916
10.449328404558567 14.449328404587899 89.99999999999923
11.449328404565918 14.449328404587966 89.99999999999979
12.44932840457326 14.449328404587966 89.99999999999982
13.449328404580625 13.449328404580626 89.99999999999976
14.449328404587952 14.449328404587966 89.99999999999974
15.449328404595303 14.449328404587966 89.99999999999991
5.449328404521902 13.449328404580625 89.99999999999991
6.449328404529242 13.449328404580605 89.99999999999984
7.449328404536582 13.449328404580601 89.99999999999979
8.449328404543923 13.449328404580594 89.99999999999977
9.449328404551263 13.449328404580537 89.99999999999976
10.449328404558603 13.44932840458017 89.99999999999976
11.449328404565943 13.449328404580626 89.99999999999976
12.449328404573285 13.449328404580626 89.99999999999976
13.449328404580626 12.449328404573285 89.99999999999989
14.449328404587966 13.449328404580623 89.99999999999972
15.449328404595306 13.449328404580623 89.99999999999986
6.449328404529247 12.449328404573253 2.36e-13
7.449328404536587 12.449328404573247 1.37e-13
8.449328404543929 12.449328404573185 6.9e-14
9.449328404551265 12.449328404572594 9e-15
10.449328404558607 12.44932840457249 89.99999999999994
11.449328404565946 12.449328404573285 89.99999999999983
12.449328404573286 12.449328404573286 89.99999999999983
13.449328404580628 11.449328404565943 0.0
14.44932840458797 12.449328404573274 1.6e-14
15.449328404595308 12.449328404573277 3.7e-14
6.449328404529246 11.449328404565904 89.99999999999994
7.449328404536585 11.449328404565836 89.9999999999999
8.449328404543927 11.44932840456492 89.99999999999987
9.449328404551267 11.449328404564838 89.99999999999984
10.449328404558605 11.44932840456475 89.99999999999982
11.449328404565946 11.449328404565946 89.99999999999982
12.449328404573286 11.449328404565946 89.9999999999999
13.449328404580625 10.449328404558603 4.5e-14
14.44932840458797 11.449328404565932 4.7e-14
15.449328404595308 11.449328404565925 6.3e-14
7.449328404536571 10.449328404558479 1.205e-12
8.449328404543914 10.449328404557155 9.54e-13
9.449328404551256 10.449328404557223 6.97e-13
10.449328404558598 10.449220515125255 4.02e-13
11.449328404565943 10.449328404558605 89.99999999999986
12.449328404573285 10.449328404558607 89.9999999999999
13.449328404580623 9.449328404551263 5.7e-14
14.449328404587966 10.44932840455859 1.32e-13
15.449328404595308 10.449328404558582 1.2e-13
7.4493284045329835 9.393867232759192 4.42128e-10
8.449328404541799 9.449225053185254 2.25171e-10
9.449328404551043 9.449328404549753 7.716e-12
10.44932840455842 9.44860215969291 4.732e-12
11.44932840456594 9.449328404551263 89.9999999999998
12.449328404573283 9.449328404551263 1.06e-13
13.449328404580605 14.449328404587966 89.99999999999977
14.449328404587966 9.449328404551247 1.99e-13
15.449328404595306 9.449328404551236 1.56e-13
9.442394924706448 8.44242981853429 89.20392435648192
10.443024156494259 8.438224414577272 89.27295406836848
11.449328404565808 8.449328404543925 89.99999999999979
12.449328404573164 8.449328404543921 7.1e-14
13.449328404580529 8.449328404543923 89.99999999999991
14.449328404587924 8.449328404543905 2.98e-13
15.449328404595299 8.449328404543897 2.27e-13
11.448481878463884 7.449328404536581 89.99999999999959
12.448812274617307 7.449328404536581 1.4e-14
13.449328404580573 7.449328404536582 89.99999999999983
14.449328404587934 7.449328404536563 2.98e-13
15.449328404595304 7.449328404536554 1.99e-13
11.449328404565875 6.449328404529238 89.99999999999939
12.449328404573219 6.44932840452924 89.99999999999986
13.449328404580573 6.449328404529242 89.99999999999979
14.449328404587959 6.449328404529221 2.98e-13
15.449328404595304 6.449328404529211 7.1e-14
13.44932840458062 5.449328404521902 89.99999999999973
14.449328404587963 5.449328404521873 89.99999999999953
15.449328404595306 5.449328404521864 89.99999999999993
14.449328404587952 4.449328404514532 89.99999999999936
15.449328404595304 4.449328404514521 89.99999999999982
15.449328404595303 3.4493284045071757 89.99999999999969
10.438271371896402 7.4191050298090415 88.84725087108858
