237 15.931725548124746
1.5000000006757306 15.431725547899504 1.874e-12
0.5000000002252607 15.015769232172131 3.093e-12
15.095462776696516 0.5000000002252234 89.99999999999923
15.431725547899529 1.5000000006756595 89.99999999999942
0.5000000002252252 9.500000004279602 1.42e-12
0.5000000002252154 8.500000003829097 1.71e-13
1.5000000006756444 8.500000003829024 3.78e-13
0.5000000002253069 7.500000003378568 89.99999999999493
1.5000000006760246 7.500000003378587 2.9e-14
2.5000000011265975 7.500000003380118 3.979e-12
0.500000000225274 6.5000000029281 89.99999999999588
1.500000000675974 6.500000002928149 89.99999999999966
2.5000000011267307 6.500000002929253 89.99999999998218
3.5011091147086537 6.5038696791237705 89.99347909710896
0.50000000022525 5.500000002477632 89.99999999999687
1.5000000006758336 5.500000002477712 89.99999999999936
2.5000000011264127 5.500000002478417 89.99999999998649
3.500000001576967 5.502644813525762 89.99999999998006
4.50000000202745 5.500000002477529 89.99999999998103
0.5000000002252278 4.500000002027159 89.99999999999896
1.5000000006756844 4.500000002027257 89.99999999999854
2.5000000011261356 4.500000002027251 89.99999999999933
3.5000000015766863 4.501385200765875 89.99999999998695
4.5000000020271465 4.5000000020270665 89.99999999998502
0.5000000002252296 3.5000000015766934 89.99999999999878
1.5000000006757377 3.5000000015767894 89.99999999999682
2.500000001126211 3.5000000015767734 89.99999999999645
3.5000000015766997 3.500000001576817 89.99999999999123
4.500000002027148 3.500000001576585 89.99999999999073
5.500000002477599 3.500000001576617 89.99999999999002
0.5000000002252278 2.500000001126228 7.6e-13
1.5000000006756782 2.500000001126301 9.52e-13
2.5000000011261205 2.500000001126258 1.265e-12
3.5000000015765584 2.500000001126251 8.95e-13
4.500000002027043 2.500000001126118 89.9999999999949
5.500000002477516 2.5000000011261756 89.99999999999037
6.500000002927959 2.500000001126165 89.99999999998967
0.5000000002252136 1.5000000006757421 89.99999999999993
1.500000000675639 1.5000000006757626 89.99999999999983
2.5000000011260672 1.5000000006757714 89.99999999999966
3.5000000015764963 1.5000000006757617 89.99999999999926
4.500000002026953 1.5000000006756808 89.99999999999571
5.500000002477404 1.5000000006757173 89.99999999999277
6.500000002927835 1.500000000675711 89.99999999999235
7.500000003378262 1.5000000006757048 89.9999999999922
0.5000000002252172 0.5000000002252358 89.9999999999996
1.5000000006756489 0.5000000002252305 89.99999999999933
2.5000000011260806 0.5000000002252332 89.9999999999991
3.5000000015765114 0.5000000002252323 89.9999999999989
4.500000002026942 0.5000000002252252 89.99999999999865
5.500000002477375 0.5000000002252305 89.99999999999835
6.500000002927805 0.5000000002252296 89.99999999999821
7.500000003378234 0.5000000002252287 89.99999999999817
8.500000003828662 0.5000000002252287 89.99999999999815
9.500000004279089 0.500000000225227 89.9999999999982
3.4317255424917104 15.431725547899418 3.311e-12
4.431725542942264 15.431725547899394 1.904e-12
5.431725543392826 15.431725547899529 89.99999999999993
6.4317255438433945 15.431725547899529 89.99999999999991
7.43172554429398 15.431725547899507 89.99999999999756
8.431725544744577 15.431725547899521 89.99999999999851
9.43172554519519 15.431725547899521 89.99999999999861
10.431725545645834 15.431725547899518 89.99999999999856
11.431725546096525 15.431725547899521 89.99999999999854
12.431725546547305 15.431725547899525 89.999999999999
13.431725546998443 15.431725547899529 89.99999999999957
14.431725547448975 15.431725547899521 89.99999999999885
15.431725547899504 15.431725547899529 89.99999999999983
4.431725542944152 14.431725547448695 4.979e-12
5.431725543394702 14.431725547449096 89.99999999999993
6.431725543845256 14.431725547449082 89.99999999999979
7.4317255442957215 14.431725547449057 89.99999999999645
8.431725544746163 14.431725547449075 89.99999999999623
9.431725545196608 14.43172554744907 89.99999999999623
10.431725545647051 14.431725547449062 89.99999999999623
11.431725546097496 14.43172554744908 89.99999999999645
12.431725546547948 14.431725547449092 89.99999999999771
13.431725546998418 14.431725547449087 89.99999999999825
14.431725547448938 14.431725547449082 89.99999999999753
15.4317255478995 14.431725547449096 89.99999999999957
11.431725546097752 11.431725546097793 89.99999999999433
5.431725543394839 13.431725546998647 2.521e-12
6.431725543845514 13.431725546998644 1.45e-13
7.431725544295987 13.431725546998575 89.9999999999969
8.431725544746428 13.431725546998646 89.99999999999564
9.431725545196864 13.431725546998631 89.99999999999541
11.431725546097734 13.43172554699865 89.99999999999554
12.431725546548176 13.43172554699866 89.9999999999968
13.431725546998617 13.431725546998642 89.99999999999666
14.431725547449057 13.43172554699864 89.99999999999669
15.431725547899521 13.431725546998663 89.9999999999993
6.431725543845531 12.431725546548208 5.43e-13
7.431725544295993 12.431725546548112 89.99999999999682
8.431725544746438 12.431725546548218 89.99999999999518
9.431725545196876 12.431725546548197 89.99999999999473
10.43172554564731 12.431725546548176 89.99999999999471
11.431725546097747 12.431725546548222 89.99999999999487
12.43172554654819 12.431725546548236 89.9999999999966
13.43172554699863 12.431725546548204 89.99999999999595
14.431725547449066 12.431725546548204 89.99999999999626
15.431725547899521 12.431725546548229 89.9999999999991
7.431725544296026 11.43172554609758 89.99999999999513
6.431725543845598 11.431725546097733 89.99999999999534
8.431725544746456 11.431725546097791 89.99999999999486
9.43172554519689 11.431725546097764 89.99999999999419
10.43172554564732 11.431725546097733 89.99999999999416
10.431725545647298 13.431725546998619 89.99999999999538
12.4317255465482 11.431725546097812 89.99999999999659
13.431725546998635 11.43172554609777 89.99999999999572
14.43172554744907 11.43172554609777 89.9999999999961
15.431725547899525 11.431725546097793 89.99999999999906
7.4312709077485595 10.431725545647073 89.99999999999034
8.431725544746378 10.431725545647364 89.9999999999947
9.431725545196832 10.431725545647325 89.99999999999312
10.431725545647273 10.431725545647282 89.99999999999311
11.431725546097715 10.431725545647362 89.9999999999936
12.431725546548172 10.431725545647387 89.9999999999966
13.431725546998617 10.431725545647323 89.99999999999469
14.431725547449062 10.431725545647335 89.99999999999585
15.431725547899525 10.431725545647353 89.99999999999932
7.431725544296042 9.43033034809146 89.99999999998816
8.431725544746525 9.431725545196938 89.99999999999471
9.431725545196976 9.431725545196892 89.99999999999284
10.431725545647417 9.431725545196832 89.99999999999206
11.431725546097864 9.431725545196933 89.99999999999295
12.43496331425073 9.431725545196963 89.99999999999666
14.431725547448986 9.431725545196903 89.99999999999581
15.43172554789951 9.431725545196912 89.99999999999932
7.431725544295555 8.429077956676267 89.99999999998163
8.43172554474634 8.431725544746511 89.99999999999507
9.431725545196855 8.431725544746458 89.99999999999274
10.431725545647303 8.431725544746376 89.99999999999159
11.431725546097747 8.43172554474651 89.99999999999277
12.43172554654819 8.431725544746516 89.99999999999424
13.431725546998631 8.431725544746472 89.99999999999551
14.431725547449064 8.431725544746469 89.99999999999591
15.431725547899529 8.431725544746465 89.9999999999998
8.431725544745934 7.431725544296082 89.99999999999562
9.431725545196723 7.431725544296026 89.99999999999328
10.431725545647213 7.431725544295912 89.99999999999154
11.431725546097677 7.431725544296085 89.9999999999926
12.43172554654813 7.431725544296083 89.99999999999325
13.431725546998592 7.431725544296047 89.99999999999531
14.431725547449041 7.431725544296035 89.99999999999608
15.431725547899529 7.431725544296021 1.65e-13
11.431725546097752 6.431725543845661 89.99999999999253
12.43172554654818 6.431725543845654 89.99999999999275
13.43172554699863 6.431725543845622 89.9999999999952
14.431725547449066 6.431725543845599 89.99999999999626
15.431725547899529 6.431725543845578 1.2e-13
13.431725546998635 5.431725543395197 89.99999999999517
14.431725547449078 5.431725543395153 89.9999999999972
15.431725547899529 5.43172554339513 89.99999999999962
14.431725547448787 4.431725542944658 89.99999999999751
15.431725547899426 4.431725542944686 89.99999999999982
15.431725547899518 3.4317255424942497 89.99999999999935
6.430977442887032 10.431725545647272 89.99999999999159
7.431293331317051 7.427876253592732 89.99434164359205
5.02360216320726 6.500000002927785 89.99999999998006
6.430943204225241 7.431725544295951 89.99999999998782
0.6765132479668345 13.829446682648726 28.084362848411057
1.5827835449028242 14.25521229970683 28.08436284841705
2.5174537668583623 14.64807894634352 29.191552835862577
0.6532072614008566 12.653207266807286 22.484289756335404
1.5472382216267775 13.108007550062716 22.48428975633916
2.4723752477487713 13.4876528677611 22.4842897563393
3.3819272699490917 13.936669675489975 24.063902224081282
0.5000000002252145 11.50000000518056 89.99999999999979
1.562498916029556 11.943482078329145 22.08001177679371
2.457063528819675 12.398503236320302 22.080011776794333
3.3888359376704775 12.761800859024548 22.080011776794272
4.2804451251036 13.22410764320497 22.080011776794
0.503247663874042 10.500000004730081 6.13e-13
1.6340691592539107 10.757727942688984 18.728822586206647
2.5310139978192012 11.226598546460874 18.72882258620676
3.431798888594056 11.684142969904807 18.728822586206647
4.367811920503883 12.03778247745759 18.728822586206444
5.4317255433950855 12.431725546548218 2.66e-12
1.6369157890547523 9.636915792658598 19.254841387434247
2.563009503691509 10.018123106200209 19.254841387434425
3.4586416836205007 10.486535184607455 19.254841387434297
4.358217569038546 10.943657289859706 19.25484138743394
5.294809755016027 11.294809757718689 19.2548413874332
2.5722628638312344 8.909622853555792 21.367154182003755
3.49711918962437 9.290346057827895 21.367154182003816
4.388343314657764 9.75703355285384 21.36715418200344
5.283921635759203 10.212591672823029 21.367154182002352
3.464145239524324 8.186002340723498 22.44080296854566
4.389482650305787 8.56684279780925 22.366937877594076
5.279074251402113 9.03285851683528 22.366937877589677
4.3527262894431775 7.470362826628939 22.366937877595273
5.278047365358059 7.850172255989715 22.36311064598813
6.431725543845613 9.431725545196809 89.99999999998782
6.431725543844984 8.43172554474638 89.99999999998779
6.274581064834292 4.418315376543398 58.959245698376925
6.732801703409458 5.309677361403689 58.95924569837762
7.182914817894292 6.276661057610059 67.11941673317891
5.500000002477904 5.431725543395343 89.99999999997729
13.9134414417619 0.6434019365964909 69.50739440081132
14.269662317360652 1.5778266663394653 69.50739440081101
14.593866327544339 2.5242173021746543 69.50739440081071
12.732678621342657 0.643401936596498 69.50739440081095
13.182095612997344 1.5429957746070677 69.5073944008095
13.512434004044643 2.487093761727423 69.50739440081122
13.846579653085332 3.42976883343142 69.50739440081168
11.625428396883198 0.6254283919284722 72.81125854735608
11.978876248233405 1.5628457527511443 72.8112585473557
12.431019118021215 2.4697331523734922 72.81125854735554
12.761514282666665 3.4142506145552076 72.81125854735552
13.07078331263835 4.365334092715054 72.81125854735566
10.500000004729516 0.5000000002252278 89.99999999999818
10.86063669852444 1.5664859657170656 72.81125854735045
11.222429445784687 2.5013219465282575 72.81125854735028
11.674572315572552 3.4082093461505734 72.81125854735014
12.005067480218012 4.352726808332286 72.81125854735018
12.306297154844929 5.306297151691995 72.81125854735086
9.625428395982388 1.6254283923789332 72.81125854734988
10.106172065773725 2.5234685236385532 72.81125854734972
10.471380492345693 3.4572479105175953 72.81125854734967
10.923523362133626 4.364135310139885 72.81125854734971
11.254018526779092 5.308652772321594 72.8112585473498
8.874348441935389 2.568762858390019 71.59546718895254
9.350184153604866 3.4643377840314526 71.59546718895245
9.718655200270591 4.395637614077195 71.59546718895251
10.16977087702277 5.299437972941098 71.59546718895263
8.50000000382869 1.5000000006757066 89.9999999999922
8.157591278474284 3.5443952689685227 67.88822551661696
8.624737426538822 4.433982606766266 67.88822551661723
8.998013465599652 5.361709116399272 67.88822551661748
7.445617228373204 4.443648484621188 65.9722602399229
7.904552167330006 5.344773731822995 67.11941673318236
7.698751737391423 2.6514329791826174 67.88822551661698
6.987761219110659 3.5528923682597275 65.97226023992278
10.423381788925772 6.431725543845432 89.99999999999486
9.42338178847534 6.43172554384558 89.99999999999541
8.268317301789581 6.276661057610351 67.11941673318431
6.02360216365769 6.431725543845588 89.99999999997813
