237 15.950371026482955
5.524363472238553 11.329509816384924 18.973520206309406
6.314970666490151 10.543876516509396 18.97352020644229
4.441163065145778 6.641804968933712 20.182453145356604
5.364263632597584 7.02897844122558 20.182453145336368
6.31278756871237 7.367034169137537 19.379612460362658
4.582421909940553 5.500000182733184 2.2418e-11
1.5814156503741605 14.28803403110971 16.33970646776613
2.5360116739709353 14.586470339595818 16.339706467773944
1.5768579220812917 13.164513063735725 19.091423561501212
2.5148260227808255 13.511900258962854 19.091423561500658
3.4646942379417283 13.824905301246627 19.091423561500108
1.558091561506033 12.07098039687602 17.407526271815417
2.49967536676459 12.410389764442055 17.4075262718155
3.4399489182053413 12.75397822344886 17.407526271813985
4.388511636934463 13.071128100127332 17.407526271812138
1.550040746814492 10.94665447103026 19.667024814219676
2.4793522737332037 11.317770825806113 19.66702481421733
3.4201024458891105 11.656882250614588 19.667024814212034
4.364579014602327 12.000476254130366 19.089121101235712
5.31497063327265 12.314970865796687 18.973520206306556
1.7030590533408452 9.93661696919016 19.611313731536548
2.6689958676908905 10.300194988648018 22.251803420537993
3.62212260723424 10.665450896339504 19.849072403551773
4.5632818242125746 11.004446033145765 19.809055014163803
2.5462000998716796 9.17069516140783 20.308961171430923
3.4784355622434306 9.532906924821761 20.308961171429893
4.417545607571315 9.889057291911026 19.809055014160656
5.3693016948484455 10.218745366093154 18.97352020644853
1.6424585533147669 8.731491347194032 20.308961171429342
3.4734263206598603 8.450773411914158 21.83327826047573
4.413248621634991 8.814082990735173 20.956084105243114
5.3693016948407735 9.161292815414601 18.97352020650771
4.417031011239864 7.744032084322791 21.027744531536605
5.365530918214418 8.096118082141986 19.674151745918724
2.548053948294597 8.007038663363787 24.918480700748383
3.4594548260093907 7.3286600872851615 26.176296864080815
6.314970666483081 9.486423965831225 18.973520206436735
6.314970666477105 8.428971415152589 18.973520206484874
2.6692878705793888 6.669288003524292 26.176296864077003
1.5000000498268022 7.5000002491404105 89.99999999997084
0.500000016609091 8.500000282349781 89.99999999999076
2.5000000830438616 1.5000000498451591 89.99999999995192
7.548735425103744 1.5412116473477102 84.6590484225711
9.477026636255053 0.5443703535017708 84.65904842257143
6.4805148949450375 4.428869489618748 67.35034082260621
6.858352613591286 5.370337872364361 68.8738872006499
7.219355241722697 6.304630013478787 68.87388720089058
5.646605853621439 5.06123718834026 68.87388720058136
14.29217999951767 1.5833587014098454 72.92897490793007
14.592317806278595 2.5372794302981454 72.92897490792905
12.744610709438977 0.6493124149616651 68.32605730059082
13.17142205224409 1.55576641827097 68.32605730058881
13.515419598150807 2.512873649660138 70.31449494607833
13.836695054249859 3.4600040575064943 70.31449494608027
11.651904053405076 0.637142869871334 70.7027695018554
12.012717491730182 1.5703349321276088 70.70276950185361
12.440795071900741 2.479975064451425 70.7027695018531
12.762041055635175 3.4270212993475297 70.70276950185827
13.087133200299128 4.372720838494733 70.70276950185998
10.58479597218976 0.6281200983221913 72.34011042431653
10.905953363918966 1.5753300057722184 72.34011042431396
11.267205496277484 2.5097749762021264 72.34011042431331
11.696394996620256 3.422590745700293 72.34011042431307
12.01660121093084 4.370103482505451 72.34011042431466
12.32225082850853 5.322250595986937 72.34011042431635
9.817301743746143 1.587261879649697 72.06398709202425
10.160472443600128 2.5272640268668543 72.0639870920214
10.521637992384203 3.4614415046014555 72.0639870920204
10.95063510080325 4.373662894634132 72.06398709202007
11.269992152110559 5.321373173934754 72.06398709211581
9.04570689641756 2.5384833586069515 74.60913410772334
9.394821812573108 3.4795772136503613 74.6091341077231
9.75705704490414 4.417059391522534 74.60913410772302
10.188099787558127 5.335600603035821 74.60913410772326
8.639739132933252 1.6130396266094706 74.60913410772406
8.29516955704232 3.522504134094155 68.87388720089656
8.64976406244652 4.457545227403484 68.87388720089692
9.010186041433714 5.390334623372819 68.87388720089757
7.570230494413134 4.43818624805242 68.87388720088828
7.930652473400246 5.370975644022 68.87388720089069
7.8994514722567475 2.6033528551931875 68.87388720089616
7.17706533363029 3.502301996075201 67.11474876007146
8.291074452387662 6.303765039991507 68.87388720090061
6.02465548861438 5.987215414215147 68.87388720060567
3.5289304736096545 5.577705240274155 2.813022675790027
2.5000000830436635 4.5000001495416395 89.99999999998899
3.500000116261086 4.502718934389097 89.99999999999018
4.500000149478495 4.500000149515451 89.9999999999917
2.500000083054015 3.5000001163106305 89.99999999904203
3.50000011633041 3.5000001163578194 89.99999999245179
4.500000149634502 3.50000011629776 89.99999999996811
5.500999184537909 3.5877603713838573 89.88540817736236
2.5000000830457108 2.500000083080778 89.99999999979555
3.5000001162635845 2.5000000830701925 89.99999999976433
4.500000149483336 2.500000083080101 89.99999999994863
5.500999184363183 2.5877583381460543 89.88540817740976
6.54438359899142 2.545571374852961 84.6590484225931
3.5000001162612726 1.5000000498419492 89.99999999994814
4.500000149478687 1.500000049862555 89.99999999994388
5.500999184359543 1.587756304907332 89.88540817723002
6.544374883549984 1.5412116473483541 84.65904842259972
7.450370744128832 7.446228735724524 1.48725e-10
1.5000000498264336 1.5000000498283734 89.99999999995767
0.500000016609981 15.290656420220142 3.262e-11
1.5000000498297075 15.450371009873479 6.5727e-11
15.289922049349272 0.500000016608805 89.9999999999969
15.450371009874196 1.5000000498263937 89.99999999999379
0.5000000166087855 9.50000031556742 89.99999999999078
0.5000000166088867 7.5000002491321425 89.99999999999145
0.50000001660948 6.500000215914501 89.99999999999261
1.5000000498311126 6.500000215921953 89.99999999991272
0.500000016608765 5.50000018269687 89.99999999999324
1.5000000498271824 5.500000182703754 89.99999999988262
2.5000000830533224 5.5000001827733085 89.99999999889093
0.5000000166087597 4.5000001494792485 89.99999999999372
1.5000000498262338 4.500000149484883 89.99999999998877
0.5000000166091327 3.5000001162616172 89.99999999998819
1.5000000498285546 3.5000001162657473 89.99999999985683
0.5000000166088583 2.500000083044011 89.99999999998658
1.5000000498276407 2.500000083047489 89.99999999984642
0.5000000166087917 1.500000049826415 89.99999999998792
0.501212706123777 0.5000000166088041 89.99999999999434
2.3863649821778896 0.5000000166110965 2.33689e-10
3.408725310557382 0.5000000166127485 1.88625e-10
5.45958447004095 0.5443703535047204 84.65904842256829
4.411634449597201 0.5000000166164407 5.51205e-10
6.46394501159429 0.5443703535018676 84.65904842257092
7.468305553147871 0.544370353501769 84.65904842257181
8.47266609470146 0.5443703535017628 84.65904842257167
3.450370611263419 15.450371009874015 1.9749e-11
4.450370644480898 15.450371009874065 1.6124e-11
5.450370677698378 15.450371009874152 1.221e-11
6.450370710915861 15.450371009874004 7.594e-12
7.450370744133356 15.450371009873852 5.78e-13
8.450370777350935 15.450371009874225 3.965e-12
9.450370810568508 15.450371009874209 6.778e-12
10.450370843786011 15.450371009874189 6.71e-12
11.450370877003603 15.450371009874246 2.203e-12
12.45037091022126 15.45037100987426 89.9999999999997
13.450370943438903 15.450371009874248 1.737e-12
14.450370976656544 15.45037100987423 4.014e-12
15.450371009874194 15.450371009874257 1.21e-13
4.450370644480056 14.450370976655963 7.3618e-11
5.45037067769786 14.450370976656515 3.8212e-11
6.450370710915434 14.450370976655638 3.4183e-11
7.450370744133199 14.450370976655648 1.648e-12
8.450370777350923 14.450370976656766 1.0556e-11
9.450370810568465 14.450370976656725 1.9839e-11
10.450370843785954 14.45037097665665 2.0169e-11
11.450370877003662 14.450370976656847 4.143e-12
12.450370910221297 14.450370976656874 89.99999999999949
13.450370943439015 13.450370943439443 4.988e-12
14.450370976656579 14.45037097665683 6.38e-12
15.450371009874221 14.45037097665686 3.6e-14
5.450370677698362 13.45037094343909 4.0206e-11
6.450370710915846 13.450370943436978 3.1748e-11
7.450370744133384 13.450370943437743 1.6988e-11
8.450370777350948 13.450370943439308 1.6406e-11
9.45037081056849 13.45037094343932 2.3434e-11
10.450370843785993 13.450370943439184 2.5821e-11
11.450370877003731 13.450370943439447 6.295e-12
12.450370910221373 13.45037094343949 89.99999999999942
13.45037094343915 12.45037091022204 6.793e-12
14.450370976656622 13.450370943439435 7.683e-12
15.45037100987423 13.450370943439463 1.95e-13
6.450370710912865 12.450370910216616 3.05844e-10
7.450370744132228 12.45037091021952 9.1236e-11
8.450370777351145 12.450370910221858 2.0788e-11
9.450370810568621 12.450370910221936 2.4954e-11
10.450370843786104 12.450370910221745 2.8592e-11
11.45037087700383 12.450370910222048 8.356e-12
12.450370910221514 12.450370910222102 89.99999999999946
13.4503709434391 11.45037087700463 8.62e-12
14.450370976656707 12.450370910222043 8.576e-12
15.450371009874239 12.450370910222064 4.54e-13
7.376348757479571 11.450370877001795 9.5794e-11
8.4503707773508 11.450370877004366 2.8958e-11
9.450370810568433 11.45037087700455 2.6844e-11
10.450370843786136 11.450370877004291 3.3921e-11
11.450370877003959 11.45037087700465 1.0346e-11
12.45037091022155 11.450370877004714 89.9999999999994
13.450370943438806 10.450370843787226 9.924e-12
14.450370976656616 11.450370877004652 9.054e-12
15.450371009874202 11.450370877004667 8.72e-13
7.450370744133058 10.45037084378438 9.6068e-11
8.450370777350598 10.450370843786455 8.3466e-11
9.450370810568515 10.45037084378717 2.8043e-11
10.450370843786018 10.450370843786839 3.4788e-11
11.45037087700365 10.450370843787237 1.3202e-11
12.450370910221233 10.450370843787322 89.99999999999888
13.450370943437102 9.450370810569822 9.953e-12
14.450370976656341 10.450370843787262 8.811e-12
15.45037100987412 10.450370843787276 7.83e-13
7.450370744126063 9.448770401262905 8.0192e-11
8.45037077734423 9.450370810568721 1.14204e-10
9.450370810563271 9.45037081056979 2.8536e-11
10.450370843781606 9.450370810568636 5.8348e-11
11.450370877000152 9.450370810569801 1.043e-11
12.45037091021865 9.450370810569925 89.99999999999689
13.450370943438939 14.450370976656846 3.319e-12
14.450370976655456 9.450370810569868 8.076e-12
15.450371009874157 9.450370810569893 5.34e-13
7.450370744119567 8.447557022104643 5.32107e-10
8.450370777345459 8.450370777351285 1.14199e-10
9.450370810564117 8.450370777352418 2.9016e-11
10.450370843782196 8.450370777350711 5.5544e-11
11.450370877000452 8.450370777352381 7.05e-12
12.450370910219057 8.450370777352536 89.99999999999504
13.45037094343742 8.450370777352424 9.345e-12
14.450370976656108 8.450370777352482 7.389e-12
15.450371009874145 8.450370777352507 4.46e-13
8.450370777346723 7.4503707441338465 1.15047e-10
9.45037081056508 7.450370744135043 2.9455e-11
10.450370843782913 7.450370744132735 2.9384e-11
11.450370877000939 7.45037074413495 2.548e-12
12.450370910219146 7.450370744135143 89.99999999999326
13.450370943438474 7.4503707441350215 8.361e-12
14.450370976656288 7.450370744135095 6.745e-12
15.450371009874173 7.450370744135119 3.89e-13
11.450370877003508 6.450370710917461 89.99999999999143
12.450370910220961 6.45037071091775 89.99999999999118
13.450370943438593 6.450370710917603 5.268e-12
14.450370976656325 6.4503707109177055 5.904e-12
15.450371009874235 6.450370710917733 3.76e-13
13.450370943439436 5.450370677700195 3.416e-12
14.450370976656831 5.4503706777003105 4.953e-12
15.45037100987426 5.450370677700346 3e-13
14.450370976656398 4.450370644482831 7.24e-12
15.450371009874111 4.450370644482957 89.99999999999966
15.45037100987425 3.4503706112655754 89.99999999999896
0.5000000166088121 13.993956557089167 1.2064e-11
0.6360371850300313 12.825367804911334 19.091423561494448
0.6266836100564728 11.69911477444425 17.40752627181419
0.5000000166087428 10.500000348785116 3.092e-12
13.988587534377704 0.5000000166086966 89.99999999999872
10.448048727905626 6.450370710915004 2.3869e-11
9.448048694688124 6.450370710917667 2.987e-11
