237 15.976981796157164
1.500000004394476 15.476981794692339 2.13e-13
0.5000000014648256 15.38318626910179 1.01e-13
15.394732937070373 0.5000000014648309 89.99999999999984
15.476981794692335 1.5000000043944937 89.9999999999997
0.5000000014648309 9.500000027831888 7.96e-13
0.5000000014648345 8.500000024902217 2.84e-13
1.5106008045512276 8.510600825117201 1.228015705872305
0.5000000014648318 7.500000021972549 89.99999999999949
1.5000000043945088 7.500000022027841 89.99999999999818
2.5000000073241813 7.5209768167844 89.99999999999866
0.5000000014648363 6.500000019042882 89.99999999999909
1.5000000043945079 6.500000019093918 89.99999999999783
2.500000007324169 6.520976813854666 89.9999999999979
3.500000010253837 6.904522309994984 89.9999999999986
0.5000000014648824 5.500000016113214 89.99999999999866
1.5000000043946802 5.500000016159609 89.99999999999196
2.500000007324412 5.520976810924898 89.9999999999918
3.5493855865481114 5.904522307065322 89.99999999999788
4.798090694591454 6.138398749724731 52.13489640631734
0.5026062303567862 4.500000013183548 89.99999999999848
1.5278013702603337 4.500000013224785 1.43e-13
4.515325375911665 5.091557367173593 52.134896406317395
5.499846701104101 4.485252290190173 69.36235312709096
6.206897260000273 3.525354917107557 69.36235312707979
0.500000001464838 3.5000000102538795 89.99999999999824
1.5079267036361168 3.500000010289968 89.99999999999183
3.3860338310933953 4.70289102247899 52.13489640630087
4.17549190667779 4.089086531820261 52.134896406293166
5.003673835906488 3.4871625242841287 54.91721417621896
5.754434337785456 2.626996336699295 69.3357243194559
0.5000000014648229 2.5000000073242044 89.99999999999996
1.5000000043944688 2.5000000073551556 89.99999999999986
2.7471013383632554 3.9329699951412014 52.13489640630107
3.5618417524095953 3.2995084595283517 52.13489640629329
4.389474909567906 2.696540935537149 54.917214176218195
4.50000001318374 1.5000000043944883 89.99999999999918
6.92301289711159 2.5895267624101503 69.36235312709692
0.5000000014648771 1.500000004394531 1.222e-12
1.5000000043946375 1.5000000044177595 89.9999999999981
2.701631288980799 2.7016312889807965 52.134896406301316
2.5000000073243562 1.500000004394468 89.99999999999987
3.500000010254049 1.6433611869150608 89.99999999999952
5.500000016113496 1.500000004394594 89.99999999998994
6.53931281025339 1.5393127956047357 85.29688757468686
7.656228030470086 1.6457384812509606 71.56025739231822
0.5000000014648469 0.5000000014648442 5.68e-13
1.5000000043945407 0.5000000014648522 9.95e-13
2.500000007324256 0.5000000014648229 89.99999999999993
3.500000010254018 0.5000000014648869 7.505e-12
4.500000013183829 0.5000000014648291 89.9999999999996
5.500000016113638 0.5000000014649038 89.99999999999173
6.5000000190434655 0.5000000014650103 89.99999999997873
7.5000000219731975 0.501167130890968 89.99999999997624
8.500000024902931 0.5018347420222629 89.99999999997375
9.500000027832662 0.5000000014676687 89.9999999999713
3.453487374469101 15.476197796837141 0.000431055149581
4.455055719276345 15.476981794692307 1.407e-12
5.47541942556844 15.476981794692332 3.45e-13
6.476981768324851 15.476981794692335 3.19e-13
7.476981771254588 15.476981794692339 89.99999999999983
8.476981774184287 15.476981794692325 89.99999999999837
9.476981777113956 15.47698179469231 89.99999999999828
10.476981780043634 15.476981794692318 89.99999999999841
11.476981782973322 15.476981794692332 89.9999999999995
12.476981785903018 15.476981794692339 89.9999999999999
13.476981788832731 15.476981794692332 89.9999999999991
14.47698179176248 15.476981794692314 89.9999999999969
15.47698179469231 15.476981794692325 1.17e-13
4.47698176246554 14.4769817917626 2.927e-12
5.4769817653952 14.476981791762658 2.624e-12
6.476981768324881 14.476981791762686 5.97e-13
7.476981771254575 14.47698179176269 89.99999999999972
8.476981774184342 14.476981791762622 89.99999999999264
9.476981777114048 14.476981791762551 89.99999999999253
10.476981780043769 14.476981791762626 89.99999999999673
11.476981782973475 14.476981791762675 89.9999999999992
12.476981785903165 14.476981791762686 89.99999999999974
13.476981788832855 14.476981791762682 89.99999999999882
14.476981791762558 14.476981791762647 89.99999999999605
15.476981794692303 14.47698179176264 89.99999999999882
11.476981782973521 11.476981782746083 2.245e-12
5.476981765395842 13.476981788832994 2.913e-12
6.4769817683254995 13.47698178883302 1.89e-12
7.476981771255152 13.476981788833019 1.421e-12
8.476981774184802 13.476981788832852 1.155e-12
9.476981777114451 13.476981788832749 9.61e-13
11.476981782973748 13.476981788833012 6.11e-13
12.476981785903396 13.47698178883303 4.26e-13
13.476981788833047 13.47698178883302 89.99999999999996
14.476981791762693 13.476981788832914 2.8e-14
15.476981794692342 13.476981788832939 1.5e-14
6.476981768325347 12.476981785903362 2.905e-12
7.476981771255007 12.476981785903364 2.148e-12
8.476981774184676 12.476981785903142 3.922e-12
9.476981777114334 12.476981785903012 4.59e-12
10.476981780043992 12.47698178573208 5.187e-12
11.476981782973649 12.476981785903314 5.542e-12
12.476981785903336 12.476981785903375 1.511e-12
13.476981788833006 12.47698178590337 89.99999999999955
14.476981791762672 12.476981785903197 89.99999999999946
15.476981794692332 12.476981785903178 89.99999999999974
7.476981771254845 11.476981782973713 1.833e-12
6.47698176832516 11.47698178297371 2.771e-12
8.476981774184527 11.476981782973443 3.467e-12
9.476981777114192 11.476981782973319 3.354e-12
10.476981780043857 11.476981782578822 2.984e-12
10.476981780044099 13.476981788832923 7.82e-13
12.476981785903197 11.476981782973724 1.192e-12
13.476981788832896 11.476981782973699 89.99999999999697
14.47698179176259 11.476981782973475 89.99999999999478
15.476981794692318 11.476981782973446 8.5e-14
7.476981771254832 10.476981780044062 1.163e-12
8.476981774184495 10.476981780043728 1.1e-12
9.476981777114165 10.476981780043614 89.9999999999998
10.47698178004386 10.476981779597802 89.99999999999669
11.47698178297357 10.47698177978278 89.99999999999405
12.476981785903314 10.476981780044074 7.11e-13
13.476981788832997 10.47698178004384 3.21e-13
14.476981791762668 10.476981780043674 89.99999999999994
15.476981794692332 10.476981780043726 89.99999999999982
7.474566776399326 9.476981777114306 89.99999999998863
8.475092989904043 9.476981777114009 2.458e-12
9.475730451870392 9.47698177711384 89.99999999998761
10.476291838238375 9.476981776644866 89.99999999962863
11.476981782880056 9.47698177674269 89.99999998928779
12.476981785903249 9.476981777114432 7.39e-13
13.476981788832981 9.476981777114142 3.851e-12
14.476981791762665 9.47698177711391 2.062e-12
15.476981794692328 9.476981777113938 9.24e-13
7.4738096313942375 8.476981774183832 89.99999999989343
8.474757290601069 8.476981774184303 2.331e-12
9.475730414666323 8.47698177418412 89.99999999998093
10.476981780044056 8.476981773697297 1.265e-12
11.476981782973706 8.476981773703233 1.091e-12
12.476981785903357 8.476981774184788 7.82e-13
13.47698178883302 8.476981774184459 2.357e-12
14.476981791762675 8.47698177418418 2.004e-12
15.476981794692335 8.47698177418413 6.09e-13
8.476981774184791 7.476981771254606 1.44e-12
9.476981777114434 7.476981771254048 1.478e-12
10.47698178004408 7.4769817707279715 1.293e-12
11.476981782973724 7.476981770721529 1.094e-12
12.476981785903378 7.476981771255144 7.39e-13
13.476981788833031 7.4769817712547795 1.458e-12
14.476981791762682 7.476981771254483 1.492e-12
15.476981794692335 7.4769817712544056 4.55e-13
11.476981782973152 6.468206963408299 89.99999999994166
12.476981785903385 6.4769817683254995 6.59e-13
13.476981788833033 6.476981768325102 8.53e-13
14.476981791762682 6.476981768324771 9.37e-13
15.476981794692335 6.476981768324709 5.54e-13
13.476981788832209 5.476981765395421 2.416e-12
14.476981791762196 5.47698176539484 2.4642e-11
15.476981794692222 5.476981765395022 1.535e-12
14.476981791759176 4.475458483809638 2.058e-12
15.476981794691167 4.47698176246535 1.009e-12
15.476981794692325 3.476981759535682 3.27e-13
6.476981768325167 10.47698178004406 2.487e-12
7.476981771255147 7.476010522837681 1.428e-12
5.275350483739208 7.034020475484873 52.134896406317196
6.476981768325505 7.476981771255098 1.397e-12
0.6589881769272754 13.89760349390544 23.04552840069371
1.575493093613157 14.304846246140901 22.970019672787206
2.5388070230049564 14.680319105768586 25.54383776655213
0.6667285925511477 12.786574543345404 25.543837766533414
1.6034947131025037 13.145565590591435 25.5438377665352
2.5137569487561215 13.56001395084806 25.54383776653743
3.416012581802362 13.991215502904229 25.543837766538644
0.5000000014648283 11.619845949329415 6.27e-13
1.5960752961232743 12.032155431371084 25.54383776653587
2.505741905287352 12.44785009363293 25.54383776653669
3.4079975383336425 12.879051645688987 25.54383776653772
4.310253171379875 13.310253197745148 25.543837766537575
0.5000000014648291 10.500000030761553 6.11e-13
1.6218714647709414 10.868481114596742 26.187300492110044
2.5098615884390334 11.341485604979002 25.543837766542346
3.41211722148532 11.772687157035094 25.543837766540086
4.314372854531598 12.20388870909117 25.543837766539465
5.476981765395687 12.47698178590333 3.87e-12
1.6750914017163039 9.721385809222856 27.69279739480188
2.5477786987758506 10.210437262032519 27.692797394801797
3.4501450622081835 10.682527887430588 25.543837766540072
4.352400695254479 11.113729439486665 25.543837766537727
5.476981765395477 11.466392808523873 1.252e-12
2.5525009555470595 9.051853375773629 28.590553542782278
3.4315128180461976 9.544899710539767 27.692797394801588
4.342434514203664 10.000633104243306 25.543837766538584
5.39080678266744 10.380217822865934 10.993754200379957
3.3819293811328333 8.365023156543486 28.590553542797345
4.275319154477373 8.848933551317831 26.723425240841742
5.468679642784169 9.24154871641452 0.126021319347627
4.374303514009398 7.764054533047352 28.293517188810334
5.468358996899662 8.238883431812743 0.220267424812945
6.47260993547562 9.476981777114407 2.117e-12
6.472302606334157 8.476981774184754 1.776e-12
6.559353882486185 4.4611830718049035 69.36235312708924
6.90929653263434 5.397958052324099 69.36235312709054
7.2642671274599335 6.332839381198726 69.36235312709182
5.848038396461158 5.422686724764854 69.36235312709171
13.850074424199347 0.6623327230147558 65.49873567036144
14.314649070205398 1.5495604045697107 65.49873567035712
14.734453373833885 2.537756508984301 56.32631290145852
12.823807984345352 0.8218324960022398 65.49873567036545
13.428404502549224 2.2502964816079585 78.10095930662362
13.917058579178557 3.384631639560978 78.10095931412727
11.596681833504395 0.5923501214399325 78.10095931412695
11.945843188113628 1.5407358089316423 78.10095931412675
12.449892062254072 2.456484284533196 78.10095931412681
12.895099159250034 3.3846316395614595 78.10095931412718
13.476981788828128 4.476981762465748 2.855e-12
10.592350150737282 0.6760066695831126 78.1009593141405
10.86970767210594 1.707507697018377 69.85741661570697
11.21965490690335 2.648877441913873 69.36235312691613
11.726818814933488 3.539601747564469 67.33606502539637
12.476981785897394 4.476981762466213 7.01e-13
12.476981785902405 5.476981765395856 6.86e-13
9.76980029592118 1.6135169040546424 70.29880265596447
10.118112605990824 2.5613367603257737 69.36235312704355
10.471143368291305 3.4986893470683036 69.36235312683631
10.99866273368304 4.3910399139544785 66.06972587212947
11.443381832704288 5.465393076733331 89.96773534377105
9.060670812255193 2.590889909948851 69.36235312708212
9.413127434750464 3.5267180646680565 69.36235312697524
9.765584057247766 4.462546219381578 69.36235312670351
10.292046474526733 5.332839377702685 69.36235312653186
8.715340689896781 1.639323994414962 70.77988930658744
8.350169346643334 3.541624579166089 69.36235312707497
8.702625969131443 4.477452733863462 69.36235312698942
9.055082591621236 5.413280888559488 69.36235312699624
7.627926142083354 4.461183071804663 69.36235312709712
7.980382764571294 5.397011226501146 69.36235312709807
7.99771272415729 2.605796424468629 69.36235312708504
7.275469519597474 3.525354917107406 69.36235312709637
10.476981780043458 6.4769817677706065 89.99999999994134
9.476981777113757 6.47698176832364 89.99999999994111
8.33283938705756 6.332839381198269 69.36235312710019
6.1997662407074 6.358789355888912 69.3623531270924
