237 15.973578687340748
1.500000000010031 15.473578687337426 1.2e-13
0.500000000003336 15.46117481414348 89.99999999999856
15.328884156973697 0.5006995966943206 89.96389548460621
15.472456690423922 1.5017212640629731 89.92891744802232
0.5000000000033271 9.50000000006332 6.35e-13
0.5000000000033271 8.500000000056643 6.69e-13
1.5000000000099822 8.500000000056653 1.976e-12
0.500000000003336 7.500000000049955 89.99999999999844
3.4840871995862637 7.514944265634592 1.797347739560248
1.5011841265009247 7.50000000005 2.385e-12
0.5000000000033253 6.50000000004328 2.81e-13
1.5000000000099893 6.500000000043337 2.273e-12
2.5000000000167963 6.500000000043542 2.1152e-11
3.5154516907953344 6.51543625230777 1.797347739559579
0.5003944245909118 5.500000000036614 89.9999999999996
1.5011363327440979 5.500000000036652 5.12e-13
2.5018803428678824 5.500000000036843 1.807e-11
3.5026407980281187 5.5000000000365485 3.771e-12
4.534163878783869 5.503629060564296 89.99900319635789
0.5004172865885455 4.500000000029958 89.99999999999964
1.5012295054428195 4.5000000000299885 4.69e-13
2.5020745652721184 4.5000000000301466 1.5058e-11
3.5027746095272647 4.500000000029903 3.143e-12
4.503184081080752 4.502937051682286 0.002643071630967
0.5004506607974948 3.5000000000233005 89.99999999999973
1.5013211876368322 3.5000000000233236 3.84e-13
2.5022525275134866 3.5000000000234497 1.2033e-11
3.5035972646873867 3.5000000000232587 2.499e-12
4.505688894398112 3.5023173572936654 0.004839036377561
5.518402865590838 3.5138944218542267 88.87544691449942
0.5004756032619326 2.5000000000166427 89.99999999999982
1.501377226941588 2.5000000000166605 2.7e-13
2.5024125141177205 2.500000000016753 9.01e-12
3.503459901109605 2.5000000000166143 1.89e-12
4.504563029121496 2.5017762371989773 0.003486610874305
5.514999036332548 2.5122299564746093 88.89050578166069
6.519505105758604 2.5151458049876707 88.55966618723286
0.5004836781373863 1.5000000000099858 89.99999999999987
1.5013869414734415 1.5000000000099956 1.56e-13
2.5023371323067787 1.500000000010055 6.011e-12
3.5032327388525495 1.5000000000099698 1.247e-12
4.504223134235454 1.5011311626892034 0.001308299531985
5.504899407355751 1.5012858931935567 89.99603616396789
6.505531811105727 1.5016191707194588 89.9887933760978
7.506013061095355 1.5005505957834302 89.97984751898845
0.5004652580332127 0.5000000000033289 89.99999999999994
1.5013674729944642 0.5000000000033324 5.7e-14
2.5022971136484644 0.5000000000033573 2.998e-12
3.503143823837603 0.5000000000033253 6.25e-13
4.503910915021874 0.5004068180334649 89.99694956441178
5.5045019774248285 0.500494226085765 89.99903047231712
6.505118271973542 0.5005037368498835 89.99550652141455
7.5057915276111284 0.5002355983435658 89.98605028838426
8.506471074004937 0.5001524901484524 89.98784143424596
9.507170906081772 0.5007624010393679 89.99468655484067
4.294014090762635 15.473578687337419 5.64e-13
5.322649448886217 15.473578687337422 89.99999999999982
6.367207927062102 15.473578687337397 89.99999999999741
7.369339839212414 15.473578687337373 89.9999999999972
8.371578950364988 15.47357868733707 89.99999999996328
9.469985485374702 15.473071306790978 89.99313289212513
10.470623366108398 15.472388602389968 89.99077466566601
12.473578687317506 14.468861697913537 3.28e-13
12.471922192029268 15.471525593013778 0.002103049823006
13.472409492985978 15.472439403939873 0.001225663370022
14.472854423961211 15.472695119817029 89.99814065847112
15.47333572133972 15.472852959456436 0.001134404643651
4.473578687264375 14.473578687330772 1.169e-12
5.473578687271017 14.47357868733075 9.95e-13
6.473578687277659 14.47357868733058 8.53e-13
7.4735786872842995 14.473578687330573 7.39e-13
8.473578687290942 14.47250297184145 6.54e-13
9.473578687297582 14.471839560785353 5.68e-13
11.473578687310866 13.465396179002814 8.28e-13
11.473578687310864 14.468473474267427 4.07e-13
11.471342867374386 15.471030182856513 0.001387007203204
13.473578687324142 14.471115567265539 2.56e-13
14.473578687330786 14.471539825263402 1.99e-13
15.473578687337426 14.47160411174912 9.4e-14
11.473578687310816 11.46022766043177 2.979e-12
5.473578687271024 13.473578687324096 1.62e-12
6.473578687277663 13.473578687323847 1.521e-12
7.473578687284303 13.472543993847143 1.45e-12
8.473578687290944 13.471301184394154 1.251e-12
9.473578687297584 13.467100287799063 1.108e-12
10.473578687304222 14.469108143717783 4.72e-13
12.473578687317506 13.46539779727882 6.68e-13
13.473578687324146 13.466193644278187 4.83e-13
14.473578687330786 13.470133572690571 3.13e-13
15.473578687337426 13.470353166673089 1.71e-13
6.473578687277628 12.473578687317168 3.126e-12
7.473578687284273 12.470494170243105 2.757e-12
8.47357868729092 12.463828186838631 2.487e-12
9.473578687297561 12.463966420431628 2.203e-12
10.473578687304204 12.462919792829288 1.847e-12
11.473578687310848 12.462374082418119 1.521e-12
12.473578687317492 12.462251983451555 1.222e-12
13.473578687324135 12.463038887914418 9.09e-13
14.473578687330779 12.462609050555987 6.25e-13
15.473578687337422 12.468139574511046 2.98e-13
7.47357868728421 11.461921835729422 5.329e-12
6.473578687277557 11.473578687310479 5.973e-12
8.473578687290862 11.4618805468608 4.734e-12
9.473578687297515 11.46116311751503 4.146e-12
10.473578687304164 11.460530530179518 3.562e-12
10.473578687304224 13.46580811243204 9.81e-13
12.473578687317467 11.460494819895587 2.395e-12
13.473578687324117 11.460705577952865 1.808e-12
14.473578687330768 11.460720085357526 1.222e-12
15.473578687337419 11.4608513951574 6.4e-13
7.47357868727963 10.460221841712462 4.938e-12
8.473578687286741 10.45987647010412 9.144e-12
9.473578687293902 10.459175603375355 1.1428e-11
10.473578687301087 10.45894226611685 1.2765e-11
11.473578687308292 10.45881017785225 1.275e-11
12.473578687315506 10.458814778213501 1.1833e-11
13.473578687322721 10.45893224176146 1.0147e-11
14.473578687329937 10.458982140476602 7.536e-12
15.473578687337149 10.458996110503158 3.696e-12
7.473578687283975 9.389039573036655 89.99999999998379
8.473578687290678 9.45802029356874 89.99999999998673
9.473578687297353 9.4575680357489 89.99999999998839
10.473578687304029 9.457390731039702 89.99999999999007
11.473578687310704 9.457279706654404 89.99999999999172
12.473578687317378 9.457343186137866 89.99999999999335
13.473578687324054 9.457297457143666 89.99999999999501
14.473578687330729 9.457247881670508 89.9999999999967
15.473578687337405 9.457176908779898 89.99999999999842
7.473578687284291 8.381157536700599 89.99999999999926
8.473578687290935 8.456220894431292 89.99999999999937
9.473578687297577 8.456192233814077 89.99999999999946
10.473578687304217 8.455498146743064 89.99999999999956
11.473578687310859 8.456039983709607 89.9999999999996
12.473578687317499 8.455950405846805 89.99999999999969
13.473578687324142 8.455830191806717 89.99999999999979
14.473578687330786 8.45557505961212 89.99999999999991
15.473578687337426 8.455428629695135 0.0
8.473578687290876 7.454763267726303 89.99999999999316
9.473578687297525 7.4551255578652516 89.99999999999403
10.473578687304173 7.45504928622105 89.99999999999488
11.473578687310823 7.454917983581456 89.99999999999574
12.47357868731747 7.45474587316318 89.9999999999966
13.473578687324121 7.454502410189714 89.99999999999747
14.473578687330768 7.454178597192399 89.99999999999834
15.473578687337419 7.453489849478225 89.9999999999992
11.472168609551938 6.454333468315406 89.96596906432734
12.472437401051131 6.452760634468127 89.96642932605785
13.472717840571011 6.453698180605667 89.97006062677382
14.473023505909953 6.452725737385679 89.97514750140182
15.473442631852025 6.445822985841934 89.99517340731461
13.4722803697196 5.453031038612137 89.94037385051728
14.472676344341185 5.446040634916114 89.95582371652576
15.473180748972045 5.443846264252691 89.96964775986794
14.462141993916934 4.440561570014852 89.53916598571035
15.469604934010512 4.442300665546959 89.93684621768682
15.46786675103149 3.4406531634745248 89.94440642456922
6.473578687272549 10.389039573026235 89.99999999999626
7.473250747095802 7.378837828881211 0.010891455321756
5.025750129148093 6.504365001357806 0.007563661560098
6.320434157157094 6.814367435939941 67.63987319523208
0.500000000003328 14.439589107577948 1.52e-13
1.500000000009984 14.473578687330782 3.1e-13
2.5000000000167226 15.473578687337415 1.319e-12
0.5000000000033289 13.188561281605875 1.012e-12
1.5845256896256235 13.374807916427727 12.864202321745715
2.5859591322395197 13.627623089492847 16.731573996880794
3.3508025386438574 14.55693145519514 16.73157399688113
0.5000000000033209 12.045688962965237 1.4e-13
1.5604685671307807 12.290006749187157 11.221063693459604
2.52835578385187 12.55011225585164 11.221063693459646
3.4964079512648008 12.809386305029754 11.221063693459657
4.473578687264386 13.473578687324128 1.677e-12
0.6275246445853826 10.777051451252479 17.555023844170726
1.5446088699722633 11.193555064652646 17.555023844170794
2.511714237815296 11.482899170715466 16.460961122946728
3.478884372714221 11.738654159956031 16.460961122946646
4.44404436634141 12.001212290767509 16.460961122946575
5.473578687270987 12.473578687317431 3.34e-12
1.5282649981857324 10.020863845898472 21.219661951511945
2.4840213473158608 10.431977981165913 16.460961122947094
3.4518048453753947 10.68565709819148 16.460961122945942
4.416351475842015 10.950291101217903 16.46096112294512
5.375364503963308 11.233653081566244 16.460961122944415
2.413642268945675 9.295282439513302 25.200086295630175
3.4292582233446245 9.634686287815033 16.460961122981878
4.393378154917848 9.900764414705547 16.460961122973018
5.352391183039186 10.18412639505392 16.460961122967934
3.4741818704671728 8.515125665959534 1.797347739560305
4.466285357777382 8.782453911179658 1.797347739560204
5.458142435006409 9.05763463036096 1.797347739558446
4.4849215899409485 7.504040433114605 1.79734773956279
5.475718755582992 7.812997887827393 1.797347739563133
6.473578687277301 9.389039573019355 89.99999999998211
6.4735786872776515 8.38903957301245 89.99999999999928
6.50298639290304 4.351355961073015 67.4901497776714
6.883118744870248 5.286133756736824 68.27853566440288
7.238432856011839 6.251553275547761 71.37281324331374
5.656013999163104 4.924012596896309 67.64874493174477
13.965876744121342 0.6367350914185339 70.88620735887113
14.314575184276332 1.5754880382427672 70.8554624013061
14.628157410068848 2.5294080477399135 70.52790481373133
12.784356477954805 0.6389532129238464 70.50526340129788
13.221679327767422 1.5463047837758745 70.50661396215804
13.553299761534639 2.491550954387245 70.54490100502002
13.88688616477405 3.4360392487723495 70.53385013033258
11.674452975762213 0.6379619683842881 70.56532452581506
12.049958769953985 1.5661846326500868 70.5627974815414
12.485516295889846 2.4732120537786244 70.56241515407224
12.818392398125797 3.4164809085530425 70.56443500881721
13.151109687214507 4.359844986341546 70.57298999602853
10.507866361928272 0.5000920031437746 0.004242838007599
10.937458049814342 1.5557662849667322 70.54573865589838
11.311989775985802 2.4846346731825415 70.55309884383473
11.748463778805966 3.391689530588023 70.55060015815704
12.080826117933888 4.335650731817394 70.56377517671231
12.364262522726158 5.340416332253218 75.70498452820394
9.79592643257587 1.6100372766279012 75.40756935744949
10.18210022819154 2.5430169726397107 75.40316568904939
10.557140841667655 3.4788867794545792 75.40462719686559
10.999500991007887 4.397256637635531 75.40942966318217
11.331255171298599 5.345112273150197 75.48951134181998
9.033965612534343 2.567897101104175 69.5033727998438
9.416836899007423 3.4925495854901083 69.5050633062439
9.786633410199375 4.422106537529999 69.50811701751655
10.226341576406988 5.32556645881472 69.51304242912197
8.650169360896715 1.643596598808462 69.50505570540815
8.31614419652833 3.494916469353643 67.71725679122827
8.69914628355459 4.422621008771504 68.11231063764501
9.068011231262526 5.352555347063161 68.13233951228055
7.603667874574984 4.393853551198191 67.52673699086792
7.980120421557365 5.333255554395448 68.73182082268579
7.932672143218065 2.5710750070930173 67.71428216024874
7.219515664255725 3.46772335167796 67.3889636637166
10.471867694217483 6.454427057740998 89.96641827474642
9.438082713277097 6.421247734959194 86.01376993774852
8.31255556917689 6.302441966666161 71.41503537590724
6.014251131888452 5.858482377138502 67.64436865950607
