237 15.922323764812438
0.6621926259767399 13.758924895597906 24.46886321752877
1.5597845841928617 14.20079976510374 24.468863217767062
2.5089327865621955 14.63819581551681 29.898813513445784
0.6567305757234454 12.656731320131293 23.241911149597527
1.5709357306023684 13.062153849797095 23.241911149614594
2.480547377542379 13.478272218501175 23.24191114962861
3.3784453617742116 13.921665493496349 23.24191114963978
1.5614582411948712 11.921308372336028 20.1469259492294
2.4753503615180854 12.333662903185743 20.146925949233584
3.387466935059229 12.75085705444598 20.14692594923604
4.289344607763128 13.195959473035941 20.146925949236607
1.6391048033163074 10.670705879824428 19.66623356430546
2.512869978787392 11.197247247816819 19.66623356430833
3.42626321551438 11.612906009483147 19.66623356430579
4.339023315187519 12.030336255611154 19.666233564300438
1.5000000930535737 9.500000589325662 3.08075e-10
2.561299705381666 9.942826271814802 21.783775101873672
3.4342000266988393 10.453282276578785 21.783775101847727
4.339920567286773 10.881614430504936 21.78377510179877
5.2981325703248 11.286815577453675 16.974520140059806
2.6566734669045884 8.656933819670284 23.229403809260056
3.494037631276057 9.241392591774556 23.22940380925822
4.366167566888634 9.744851562311984 23.22940380923457
5.2683356949752005 10.178325370231436 23.2294038091806
3.5858002145243715 7.97398694306695 28.95151503587416
4.409481565076615 8.550876337059794 28.951515035870333
5.279788041263551 9.043483650442143 28.951515035837286
4.412586502416109 7.284510586455774 30.67004030673957
5.240418016995713 7.866223100489587 29.65706689649036
6.282733949269264 4.415908588491104 61.9583621885681
6.904321220516804 5.217833348608517 61.95836218903498
7.2947686313145095 6.364536905889182 6.109635034199016
12.581431382174689 0.6708750834276467 63.567894536716146
14.248444267224652 1.5820936117207909 63.997992206865085
14.617153051422525 2.514867354959665 63.99799220684269
13.025596508186895 1.5685414768078658 63.56244096754665
11.907409929376655 1.565741366007618 63.56244096807713
13.473540644041758 2.4642753263273356 63.57194137832315
13.917349807986712 3.3620141311678253 63.562440968208485
11.462187653427254 0.6703212139877781 63.56244096807785
13.801302595636837 0.5000000310169908 89.99999999998923
12.352632205320212 2.461161518030641 63.56244096811878
12.797854391210205 3.3565817164205587 63.56244096820121
13.243076667149442 4.252001868445518 63.56244096821763
10.333742845352605 0.6705514381820059 63.55220245671279
10.788742601391785 1.5619743826483292 63.56244096722558
11.234388512610005 2.458246538944268 63.56244096791686
11.681002864418867 3.3564665587173375 63.56244707780769
12.126210774610538 4.251896594697491 63.56254501522915
9.680213610022689 1.604092931620209 63.171453903289766
10.138478862768507 2.5002492478688643 63.56244096754048
10.58939789662281 3.4071266968186817 63.562447077476946
11.023089870026515 4.318678426332664 64.5823851023906
8.996102748106114 2.5443317557325376 67.12299432679387
9.453675677509603 3.4366357024671155 67.12299432678844
9.899758965040647 4.333787630630325 67.12299432680693
10.273644632932786 5.273644322762083 68.45537969773032
8.299755889017499 3.468946746810081 66.72029481218541
8.758581872095593 4.360166951965521 66.72029481218692
9.199235940298749 5.2754369558178595 68.45537969771607
7.6026126098996425 4.378535991504613 61.958362188793856
8.063122169261423 5.266257487309655 61.95836218903066
7.656903767041714 2.6569034568613734 66.72029481219779
6.971421777956741 3.5817264872204495 61.95836218855706
12.42232354769186 5.418892561945282 89.99999999976122
11.422323485657955 5.422219163413807 89.99999999975722
8.412357429076593 6.4147611191729155 0.21452796340084
1.500000093051046 15.422323733795476 6.182e-12
0.5000000310170192 15.346231722224253 3.086e-12
15.22050701225587 0.5000000310176587 89.99999999996628
15.422323733795114 1.5000000930526474 89.99999999997004
0.5000000310176338 9.50000058932325 8.0135e-11
0.5000000310175929 8.500000527289384 8.312e-11
1.5000000930533002 8.50000052729144 3.05456e-10
0.5000000310176453 7.500000465255499 8.5464e-11
1.500000093053428 7.500000465257306 3.05224e-10
2.5000001550875455 7.500000465258143 3.34378e-10
0.500000031017712 6.5000004032216 8.6999e-11
1.5000000930536244 6.500000403223218 3.02904e-10
2.5000001550880047 6.50000040322403 3.41402e-10
3.500000217122291 6.500000403225165 3.72026e-10
0.5000000310179935 5.5000003411876826 8.7624e-11
1.5000000930547799 5.500000341189159 2.98371e-10
2.5000001550903823 5.500000341189935 3.40265e-10
3.500000217126283 5.500000341190885 3.6772e-10
4.706582545209873 5.820530496361062 47.20701959243651
0.5000000310178363 4.500000279153739 8.6999e-11
1.500000093054016 4.500000279155108 2.90441e-10
2.5000001550887916 4.500000279155805 3.29152e-10
3.5000002171233495 4.5000002791563665 3.24249e-10
4.500000279158504 4.500000279155422 2.22839e-10
0.5000000310178834 3.5000002171197666 8.4611e-11
1.500000093054222 3.500000217121058 2.79542e-10
2.5000001550892677 3.5000002171216407 3.12554e-10
3.500000217124251 3.5000002171220386 3.04681e-10
4.500000279160015 3.500000217120953 1.89699e-10
5.5000003411999465 3.500000217133498 89.99999999979647
0.500000031017783 2.500000155085746 7.9339e-11
1.5000000930537842 2.500000155086937 2.5706e-10
2.5000001550884807 2.5000001550873012 2.73516e-10
3.5000002171231275 2.50000015508755 2.63242e-10
4.500000279158342 2.500000155086619 1.69052e-10
6.500000403228233 1.5000000930537087 89.99999999994965
6.50000040323096 2.5000001550912314 89.99999999998305
0.5000000310177004 1.5000000930516428 6.7914e-11
1.5000000930534902 1.5000000930526625 2.14754e-10
2.5000001550882214 1.5000000930528312 2.18634e-10
3.50000021712309 1.500000093052738 1.83093e-10
5.5000003411952925 0.5000000310201695 3.24619e-10
5.500000341193971 1.5000000930605646 89.99999999995084
7.500000465262405 1.500000093051458 89.99999999993832
0.5000000310174073 0.5000000310173043 3.6977e-11
1.5000000930523516 0.5000000310177688 9.9519e-11
2.5000001550871467 0.5000000310179615 1.17666e-10
3.5000002171222944 0.500000031017894 1.0435e-10
4.500000279158144 0.5000000310180042 1.21005e-10
4.500000279157947 1.500000093052332 1.46798e-10
5.5000003411959195 2.500000155097281 89.99999999991383
7.101254529435514 0.5000000310171613 89.99999999998887
8.103988040035814 0.5000000310169614 2.87e-13
9.106577029899043 0.5000000310169828 5.456e-12
3.422322989380513 15.422323733795203 1.0134e-11
4.422323051414671 15.42232373379522 9.68e-13
5.422323113448842 15.42232373379548 89.99999999999547
6.422323175483225 15.422323733795178 89.99999999996179
7.422323237517471 15.42232373379488 89.99999999995356
8.422323299551705 15.422323733794354 89.9999999999493
9.42232336158605 15.422323733795164 89.99999999996811
10.4223234236204 15.422323733795285 89.99999999997623
11.422323485654802 15.422323733795206 89.99999999997755
12.422323547689306 15.422323733794975 89.99999999997638
13.422323609723962 15.422323733794958 89.99999999997412
14.422323671758894 15.422323733795157 89.99999999996828
15.422323733794606 15.422323733795466 89.99999999999449
4.422323051422175 14.42232367176079 7.24e-13
5.422323113456164 14.422323671761513 1.193e-12
6.422323175490252 14.422323671759795 89.99999999998167
7.42232323752418 14.422323671759361 89.99999999996493
8.422323299558023 14.421598020464845 89.99999999995812
9.422323361591872 14.422323671760916 89.99999999995316
10.422323423625755 14.422323671760966 89.9999999999453
11.422323485659632 14.422323671760335 89.9999999999374
12.422323547693473 14.422323671758612 89.99999999993517
13.422323609727323 14.422323671759559 89.99999999993727
14.422323671761227 14.422323671760719 89.99999999994549
15.42232373379544 14.422323671761509 89.99999999998879
11.422323485659325 11.422323485654847 89.99999999998779
5.422323113456603 13.42232360972733 4.4448e-11
6.42232317549044 13.42232360972488 3.6557e-11
7.422323237524334 13.421053680712898 2.2081e-11
8.422323299558208 13.42105321627944 9.376e-12
9.422323361592268 13.4223236097266 89.99999999999253
11.422323485660113 13.422323609723936 89.99999999998033
12.422323547693928 13.422323609718294 89.99999999997843
13.42232360972773 13.422323609724545 89.99999999997601
14.422323671761541 13.422323609726318 89.99999999997476
15.422323733795455 13.422323609727524 89.99999999998813
6.422323175489289 12.4223235476903 1.02819e-10
7.422323237523468 12.42036896663657 5.7046e-11
8.422323299557533 12.42036894381153 2.3789e-11
9.422323361591841 12.422323547692056 89.9999999999698
10.422323423625743 12.42232354769228 89.99999999998374
11.422323485659675 12.422323547689317 89.99999999999488
12.422323547693704 12.422323547682073 89.99999999997374
13.422323609727615 12.42232354768987 89.99999999996228
14.422323671761449 12.422323547692091 89.99999999996237
15.422323733795448 12.422323547693491 89.99999999998633
7.422323237522029 11.419682726579428 3.6315e-11
6.42232317548734 11.422323485656232 1.03783e-10
8.42232329955636 11.419683059550472 2.41e-13
9.422323361591094 11.422323485657675 89.99999999993348
10.422323423625155 11.422323485658064 89.99999999995224
10.422323423626237 13.422323609726531 89.99999999998144
12.42232354769336 11.422323485646807 89.99999999997134
13.422323609727407 11.422323485655337 89.9999999999474
14.422323671761276 11.422323485657886 89.99999999994677
15.422323733795391 11.422323485659398 89.99999999998094
7.422323237521957 10.418938295998466 4.3244e-11
8.422323299556206 10.41896571292178 89.9999999999932
9.422323361590616 10.42232342362359 89.9999999999257
10.422323423624473 10.422323423623777 89.99999999992434
11.422323485658364 10.42232342362007 89.99999999992384
12.422323547692503 10.422323423611596 89.99999999990553
13.422323609726677 10.42232342362059 89.99999999988991
14.42232367176071 10.422323423623423 89.99999999989495
15.422323733795292 10.42232342362524 89.99999999997218
7.422323237522108 9.418154983300402 89.99999999985353
8.422323299556192 9.418156210213933 89.99999999982231
9.42232336159038 9.42232336158847 89.99999999978841
10.422323423624404 9.422323361588449 89.99999999978218
11.422323485658573 9.422323361579387 89.99999999981175
12.42232354769245 9.422323361573534 89.9999999998166
13.422323609726362 9.422323361585823 89.99999999982454
14.422323671760497 9.42232336158911 89.99999999985916
15.422323733795224 9.422323361591028 89.99999999996261
7.422323237503023 8.414912704281479 89.99999999997203
8.422323299543978 8.4175764749 89.99999999952608
9.42232336158381 8.42232329955144 89.99999999943029
10.422323423618257 8.422323299551815 89.99999999947039
11.422323485653063 8.422323299542098 89.99999999949115
12.422323547687999 8.422323299532867 89.99999999953283
13.422323609724419 8.422323299550953 89.99999999974222
14.422323671759782 8.422323299555025 89.99999999985273
15.422323733795025 8.42232329955677 89.99999999995666
8.422323299551417 7.417123162544618 89.9999999994315
9.422323361585795 7.422323237517263 89.9999999993995
10.42232342361997 7.422323237517173 89.99999999938801
11.422323485654148 7.4223232375060295 89.99999999940245
12.422323547688798 7.422249053156114 89.99999999947592
13.422323609725074 7.42232323751669 89.9999999997355
14.42232367176014 7.422323237520971 89.99999999985373
15.422323733795071 7.422323237522428 89.9999999999535
11.422323485653298 6.4222250545849615 89.99999999939207
12.422323547688165 6.42222503930142 89.99999999947221
13.422323609724707 6.42232317548246 89.99999999974267
14.422323671759985 6.42232317548689 89.99999999986495
15.422323733795036 6.422323175487951 89.99999999995612
13.422323609725797 5.422323113448169 89.99999999976512
14.422323671760894 5.422323113452574 89.99999999990789
15.422323733795299 5.422323113453174 89.99999999997215
14.419653793428447 4.420585153055111 89.9987750104184
15.421462097815095 4.422323051418125 3.0432e-11
15.422323733795317 3.4223229893841003 1.2026e-11
6.422323175487682 10.422323423622144 9.5866e-11
7.422323237517072 7.41491264224274 89.99999999946586
5.320874246147678 6.61457482231047 47.2070195924029
6.422323175482108 7.327526877898732 89.99999999945763
0.5000000310174935 11.500000713390946 7.225e-11
0.5000000310175379 10.500000651357107 7.6303e-11
5.401903392747952 12.401903826985173 2.390481264796124
6.422323175488018 9.414912766317073 89.9999999998847
6.422323175463788 8.327526939935643 89.99999999966948
5.506440877890148 5.212518894423076 47.207019592401686
8.500000527296546 1.5000000930513506 89.99999999994209
10.422323423618431 6.4223231754826315 89.999999999312
9.422323361584018 6.422323175482762 89.9999999993301
6.120732578824864 6.006563220372421 47.20701959241051
