237 15.991541566443336
2.684565727822113 15.317624252015307 26.51468802554672
0.6695007336089516 12.87427472786652 25.817964509965016
1.5863956098307472 13.288751361457477 26.073171376037788
2.5133777032249043 13.68583776537756 26.519402774268038
3.2432701637186536 14.472508894106682 26.506690068492787
1.5545350898054595 12.141181799089534 26.344226448985815
2.470941867455106 12.546237612451012 26.3751265277952
3.3671723929815824 12.99181443218726 26.384260604543332
1.624701714651815 10.882430808654405 26.3665424527549
2.4715739036696602 11.427112396928443 26.367940968761836
3.367446640719214 11.872998217122454 26.361823617789383
4.26390657869747 12.317966289103984 26.336439925416865
1.6710278675488706 9.684899226215368 26.399948655488334
2.5265941626694515 10.212240264810093 26.431905803425018
3.3741372630845277 10.755410532160482 26.435504862105972
4.2693331477910945 11.202810001027427 26.42685588356457
2.5654235277962236 9.006033175762553 26.352909178423875
3.4193686586225303 9.537685098985373 26.380779126105775
4.268032236074065 10.079936304749308 26.381390210357587
5.436929945609643 10.47728710813453 0.373522939212952
3.457168247676126 8.281167416993545 46.50873210692091
4.352428561182205 8.875634739832716 38.60185730194583
5.4415314484625075 9.47648371427008 0.371467150809157
4.193909169963538 7.498454856454241 55.537173771705376
6.23710791427815 4.4639214603619095 67.15614581828866
6.6265794376874805 5.390213802141732 67.23837512553455
7.0145963513490015 6.318738873985414 66.98237128437175
14.124607721446957 0.500683318433647 89.94190764328788
14.362983591316661 1.6033820619405734 73.04018551744234
14.641568355221906 2.5649787105678836 72.98228977026714
12.84782508660846 0.5014413636695885 89.9254113490981
13.283368183963072 1.5529448478377539 71.23059376519562
13.5834039879121 2.524550932426566 72.98228977026865
13.876660314058203 3.4831793472554287 72.98109731960218
11.534162603271643 0.5031070438427312 89.79198261221045
11.987026859737115 1.5434091660539888 72.93236582055323
12.509857525312349 2.4338660962198464 72.98228977026822
12.8032585717053 3.394370370900158 72.94739676464978
13.094911999712496 4.357713072581421 73.15148845040815
10.590754505511649 1.5495176594229 83.54191239773756
10.975074244564702 2.5124009238029785 83.54191239773722
11.684576575134544 3.438475306132064 83.54191239773733
12.070206791968971 4.447040002859824 74.03854808766893
12.48904053814949 5.488869781280916 89.76475886846161
9.5146560368277 1.5018176705435158 89.93991933461533
9.82288290908646 2.625475390957228 67.17425834843029
10.198073334923498 3.554146383224327 67.08448971643243
10.949429984121942 4.491540767079821 89.9999999999998
11.205803517173077 5.4915408365896905 89.99999999999974
8.743653961327167 2.6521151101099543 67.30535977114805
9.122142522797782 3.578558037960029 67.23997922661806
9.51076652441625 4.500338766332171 67.21970745756967
10.035266339395488 5.3649745625795475 67.23053659272054
8.038360191576016 3.581633615143498 67.25651389537238
8.425564565717618 4.504251011229407 67.22202311422895
8.814391245742316 5.4259431055707665 67.2218380131873
7.336012097780898 4.494655673715078 67.21944934348443
7.723646559087679 5.417948425182893 67.21539192908008
7.659636420137483 2.6554686159164103 67.29114989916775
6.94819017502505 3.571394177121266 67.25259420791849
8.115475234171203 6.343722886158058 66.73310859637931
5.522000978970995 5.344170926261146 67.19166556760062
5.8669168275810035 6.370327212272038 57.517616111523836
4.6556714176592555 5.864393531978454 67.19443247956626
5.011894308930385 6.8941314890271554 57.33440731709053
8.433111348571058 7.445058090821577 85.83009116471906
7.344040460743727 7.480160907280219 0.060609162237355
6.34325275522741 7.478757422421002 0.081002063050734
5.129698656827262 8.078961462868286 51.51913016359328
5.4360199147039285 11.48316844953919 0.336186117176117
4.426711538600538 13.488423310812854 0.236303186520091
1.5087082982762183 15.490790467393218 0.052290802779638
0.5031518482512256 15.489566953466763 0.145575836058888
15.255990440361451 0.5000000347549491 89.9999999999993
15.491541531688394 1.5000001042648394 89.99999999999936
0.5003680480716026 9.513883594944069 0.016288780503132
0.5008531851020761 8.512804969770373 0.023136356979855
1.5030308070765281 8.513810861055822 0.087474926276727
0.5010399708462536 7.5117971478462175 0.031161049074418
1.5052972969495242 7.512966857180164 0.090859929307541
2.508101988468522 7.515542353093255 0.102532373089019
0.5016287007540905 6.510804398279422 0.050031845157363
1.5050793235252673 6.511823482017715 0.088591394770916
2.507869075489607 6.513279228210932 0.131808285670374
3.5118209496759274 6.514913903986817 89.99809352742919
0.5001363235846874 5.509200837206918 0.006807178593214
1.5003788354811594 5.5098463513617055 0.012149417968662
2.5006113335431435 5.510937605000917 0.016806273182842
3.500828534338594 5.512755045870751 0.019946960950463
0.5014851505110034 4.507811872353121 0.023932547073215
1.5044774799903324 4.508251115761103 0.05706502758963
2.50667290498314 4.509238998613748 0.070787915873862
3.508897965392946 4.511015251775209 0.066533143851458
4.511671687942847 4.513174830113922 0.025302735453309
0.5005867075483668 3.5065056509726737 0.031723140865695
1.5015829184235683 3.506806833590855 0.048891374599364
2.5026464096657923 3.507054907094072 0.020282097579184
3.5065378445475828 3.5086337565765184 0.057286415266375
4.510190144304104 3.509726286740614 0.04521082509234
5.5150938746018205 3.5113818423788254 89.93885785720013
0.5004698075210223 2.504454921096788 89.99418677313989
1.501405503184996 2.5047056891903967 89.98880496042982
2.5023435866080836 2.5053062663601677 89.98989601933569
3.503394519190472 2.5064930099812397 89.96775525439561
4.503947032383495 2.5067871100097667 89.97086539657103
5.50448387763618 2.507409037776423 89.9689969146059
6.505029224267634 2.504553137755673 89.9649445915872
0.5003481908075322 1.5025004177885286 0.018822499512572
1.5009319896116713 1.5026780450940462 0.032053877231746
2.5014862762125327 1.5030075813031232 0.038860921017965
3.5020307200084444 1.5034500200714227 0.041209451918153
4.502575811219955 1.50387674789663 0.039960555533183
5.503124095580099 1.5039902361374997 0.037938101261186
6.5038296787370795 1.5028151510510073 0.01524942042245
7.504560426546583 1.5009948629130276 89.98592875174356
0.5000000347549385 0.5005789774500267 89.99999999999999
1.5000001042648163 0.5004988472621221 89.99999999999997
2.5000001737746933 0.500584422183179 89.99999999999996
3.500000243284571 0.5006934976548143 89.99999999999994
4.500000312794448 0.5009621914134366 89.99999999999993
5.500000382304325 0.5010456594680068 89.99999999999991
6.500000451814203 0.5008183417095475 89.99999999999997
7.500000521324081 0.5002918519294699 89.99999999999989
8.500000590833958 0.5001576021368939 89.99999999999984
9.500000660343835 0.5001791749486086 89.99999999999983
4.337897093355615 15.49048685438958 0.098442655489805
5.41802044330081 15.489832309453277 0.133852801470157
6.422958613507349 15.491075484733798 0.021433035618344
7.428366354074023 15.490582643341323 0.065319622850942
8.433218895401684 15.49101400393867 0.021927003229663
9.43886125226886 15.491298624753348 89.99758325467769
10.45419665018229 15.491378813537384 89.9878794927106
11.474307705222861 15.491541531688402 5e-14
12.47889721601703 15.491494059424657 89.99972000467442
13.482820380154179 15.491235693415131 0.008983446154904
14.486443322128292 15.491035982828823 0.0145425562323
15.48988762895161 15.490963098015403 0.015236537413606
4.417212999953053 14.48928900977283 0.202846893484576
5.424739220183911 14.487407122438952 0.237382267729643
9.439088588764898 14.490806197512761 89.99460263230063
8.43442192552186 14.490017293036887 0.040268297215221
7.430393841666833 14.489024074536507 0.122485998502967
6.427385442401784 14.488727180148333 0.187462018814561
10.44356006103743 14.49111129238154 89.97354455268855
11.468261633009446 14.491541462178528 2.7e-14
12.474952285725784 14.49139367685816 89.99943570834381
13.479926052817035 14.490519471312211 0.021428775409239
14.484259570251854 14.489353400798674 0.040854771013116
15.489211166363727 14.489786421732402 0.03238592662026
11.464202467833669 11.491541253648915 89.99999999999997
5.428249763028084 13.486148832324552 0.263239956452367
10.442781355263268 13.490864524820177 89.96240392231434
9.43938551443438 13.490311354855002 89.99336230240263
8.43597458001777 13.489035013179123 0.05177172539678
7.432706307730708 13.487562419600822 0.162075351599427
11.446573191137212 13.491541392668658 89.99999999999997
12.471919107205409 13.491231422625606 89.98600256819047
13.478087284185921 13.489967359558214 0.012166099706068
14.483640058506026 13.488178280962627 0.029767033383592
15.489395059317086 13.488938873771378 0.013231190078255
10.442727463801326 12.490624234870063 89.95218168728871
9.439771985799204 12.489804448246563 89.98788472537888
8.437633341233807 12.48805882162756 0.049837748747375
7.435487158395721 12.486300344422386 0.176321101363058
6.433675601226171 12.48577734751229 0.274163298234212
11.4456473221057 12.491541323158787 89.99999999999999
12.470321037772482 12.491082114824692 89.97408627486746
13.477613588600349 12.489453079463598 89.9928295018213
14.483560141809015 12.487155389839039 0.002552189359747
15.489186767594678 12.48811541124524 89.99811983598303
9.443560363250162 11.489236426486602 89.97605858918364
10.44681981607428 11.490361261813698 89.94074569106279
8.441869261674634 11.486119960591974 0.052849695773276
7.439665669133232 11.48503977394648 0.156812738178331
6.4373139785499625 11.484431872217673 0.286707506545355
6.430289962864538 13.487158214016212 0.244699780614419
12.46979496641092 11.490915337558011 89.96021348041283
13.476991771144775 11.488955377424471 89.9751950059843
14.483249485362915 11.486213206382818 89.98331198713545
15.489128052017302 11.487302825613776 89.98418890909224
9.450603044839777 10.488673830950425 89.95694630687652
8.447659547943159 10.484505418864556 0.043974879418485
7.4418231021786 10.484279587089402 0.158988247355956
10.453922110322804 10.490125287351695 89.93277216884815
11.458086542868216 10.491541184139045 89.99999999999993
12.470081934395852 10.4907263646079 89.94388948860478
13.477124659765455 10.488468163418762 89.95835491554814
14.483575284086744 10.485321134363964 89.96600383336897
15.489126539858045 10.48649163119264 89.96917736793557
7.447154774665019 9.483051612810977 0.134201165274393
8.451742669219367 9.482941721793544 0.023319806093907
9.455308027293162 9.488111474920245 89.93340687812389
10.459220268347638 9.48984975529142 89.92016506051061
11.46451878712437 9.491541114629172 89.99999999999987
12.47154968554852 9.49052597952563 89.92639157044424
13.479173854904946 9.487960381129783 89.93810952374672
14.483717191152735 9.484391871058207 89.9362031937065
15.488647306828408 9.48566771367512 89.95039616009676
7.449776678629861 8.48165284922714 0.091068911792134
8.454745248078627 8.481181345632102 89.97168098574812
9.458952370366093 8.487606005868733 89.91384232891636
10.463028906213216 8.489574667648036 89.90712044867996
11.467614654046118 8.491541045119304 89.99999999999989
12.47576232460637 8.490256226323403 89.90141773244686
13.47871507730849 8.487196498290029 89.88590012140949
14.483465340895957 8.483322622825314 89.8831980556508
15.48844398793835 8.484818743817652 89.93320767430434
9.47107667037054 7.487106096129679 89.89519109950285
10.47193569006577 7.489270226782805 89.89127087239324
11.473767682835762 7.491540975609431 89.99999999999982
13.481657257186114 7.485761925649647 89.77147990468478
14.485001693943177 6.478355000624291 89.8656590969833
14.48609189832779 7.480734943874907 89.90025418676846
15.489383567893697 7.483982031019421 89.91864179970972
11.473370610844977 6.4915409060995595 89.99999999999977
12.478405986245178 7.489209734433947 89.7872681760837
13.480695167696869 6.485243536230403 89.76680549560255
13.489247281637468 5.475842132068125 89.77795898581614
15.489344150730759 6.48317663492821 89.90479155368756
12.47794950260391 6.489014863072735 89.77054703477941
14.489762355761219 5.475913588895235 89.82010163525206
15.490572409022246 5.482424090697835 89.89456468232478
14.487635598977091 4.4734271974328 89.82351883662749
15.490041697907039 4.481710392203175 89.88269041558367
15.489896079468632 3.4809757202017337 89.86665380209806
6.439354651331713 10.482865406287882 0.253261316790585
0.5008716076724893 14.243375644855064 0.050081105306593
1.5019696774082103 14.48956441271897 0.100566083519486
0.5005151425294576 11.632108893970685 0.031821026130643
0.5004347566018339 10.515056605732203 0.020186351327276
5.432343176280446 12.484619084529747 0.320338198410578
6.4449949392175565 9.480498230569745 0.119180897961755
6.337341671773629 8.479339699853478 0.104442032698871
10.500000729853713 0.5000000347549367 89.99999999999982
8.505131062870127 1.5007083096882585 89.98257154190597
10.307610656176747 6.335455758794025 67.24204360437598
9.214590388970077 6.343273057649601 67.27441596690183
