237 15.93174492953922
0.6764068435287562 13.829889944944235 28.054722249116907
1.5828168272953755 14.255337944167362 28.054722254022163
2.5175347000319857 14.647928236578005 29.157257461271982
0.6531433775224356 12.653145074615246 22.47075484443267
1.5470486698854709 13.108297931843719 22.470754847648106
2.4722760379076583 13.487723419691378 22.470754847775005
3.3820238694602915 13.936536169842867 24.061420909510847
1.5625045638438184 11.943298871964243 22.06602348267722
2.4569483288518583 12.398674440776933 22.066023483207587
3.3865336479977204 12.767359216488591 22.06602348315484
4.28053016169723 13.22383763247716 22.066023482921963
1.6349627723113906 10.755610567763181 18.892843189497835
2.5303830055513368 11.227569666609002 18.89284318959149
3.430668205301304 11.685313189902711 18.892843189498493
4.363767144644884 12.047176693205046 18.8928431892661
1.635780043714969 9.635781174685915 19.04374040651597
2.5622907927771355 10.016416826019768 19.04374040666329
3.4573244640754925 10.488242491256628 19.04374040647373
4.357260545797747 10.945865497416111 19.043740405827098
5.30109139079476 11.301092238875782 18.110023061551697
2.573531254828353 8.907763141769774 21.4647226688554
3.498612535153028 9.287836726857709 21.464722668931987
4.3884242903032025 9.757609137586241 21.4647226687627
5.283729191506728 10.213411166471326 21.464722668384756
3.4646589222818855 8.184771476674698 22.47490395822075
4.390941853862089 8.565172713282307 22.319821956935186
5.279316115797582 9.034354986084626 22.31982195294733
4.3488210987579325 7.466891075571365 22.319821957984846
5.27389962485045 7.846667349340983 22.319821901140465
6.291813253172211 4.411478755278318 62.27156689242389
6.757419122744723 5.301956153568107 61.71247841366759
7.1664203194540645 6.292637810343054 70.4840874426057
13.914112608880442 0.6428872387991289 69.6077595845179
14.268415853951216 1.5780388585064546 69.60775958442657
14.593171990686493 2.5241743954621336 69.60775958431933
12.722629908869852 0.6446882857237402 69.25491773124914
13.181393965226714 1.5402526197014312 69.25491772936444
13.512591318989362 2.487268546778508 69.60775958434321
13.84953841120872 3.4288721893845677 69.60775958456694
11.625446201818 0.6254446473468462 72.80845060759978
11.970004714162151 1.5656093197712382 72.80845060757541
12.431910382063013 2.469467944677686 72.80845060756128
12.761394586510526 3.414296458563351 72.8084506075581
13.067684097521726 4.366301180818632 72.8084506075665
10.863800815211166 1.5655231319820002 72.80845060755895
11.213587562965674 2.5040702401651984 72.80845060755027
11.675493230977825 3.4079288650370936 72.80845060754443
12.004977435426309 4.352757378922442 72.80845060754567
12.306299858243875 5.306298869037946 72.80845060757004
9.618252974980631 1.6182518444554432 74.03306042902365
10.095435389863402 2.5218475807277203 74.03306042901393
10.451535993157766 3.4600873696025696 74.03306042901191
10.914609305945284 4.367720015385344 74.03306042901096
11.244385353111845 5.313491813246312 74.03306042901357
8.850047697217796 2.5646882679367664 73.71829353903418
9.321962058550566 3.4686353106988452 73.7182935390352
9.682885617656801 4.404999871769256 73.71829353904022
10.14566199675577 5.311615878383831 73.71829353906107
8.12774839152901 3.5499939188640752 65.34301307260941
8.57886442273169 4.443239981001445 65.34301307268059
8.952258417597843 5.372163518967714 65.3430130727518
7.453287344322515 4.472299992498043 62.39714656945181
7.663004354760344 2.663003648147064 65.34301307266266
6.98515307186008 3.5780723108846892 61.315155585410544
8.229255787374166 6.293441337695443 70.31129057282875
15.431744858881405 1.500000211973858 89.99999999998464
15.43174485887188 3.4317431629568844 89.99999999947565
1.5000002120589508 15.431744858862103 1.049211e-09
0.5000000706895538 15.259847175898896 1.14854e-09
15.344498434781267 0.5000000706579648 89.99999999999233
0.5000000706685253 9.500001343289096 1.101248e-09
0.5000000706724625 8.500001201923311 1.527202e-09
1.5000002120082643 8.500001201580282 3.380122e-09
0.5000000706869248 7.500001060551188 1.481621e-09
1.5000002122771043 7.500001060253496 3.475568e-09
2.5000003538850333 7.500001061728032 2.5536287e-08
0.5000000707775438 6.5000009191789925 1.655525e-09
1.5000002213312769 6.500000918927111 3.434065e-09
2.500000365836777 6.500000919995967 4.7171698e-08
3.500000511588648 6.500000927927645 3.7167573e-07
0.500000070662141 5.500000777789936 8.9374e-11
1.500000211986241 5.500000777569184 1.55083e-10
2.500000353315775 5.500000777611559 89.99999999899876
3.5000004946756986 5.500000778696242 89.99999999435207
4.500000636039465 5.500000777503221 89.99999998926434
0.5000000706588654 4.500000636379786 3.277e-11
1.5000002119770004 4.50000063622225 7.239e-11
2.5000003532953015 4.500000636217887 1.31777e-10
3.5000004946137233 4.500000636218346 1.71411e-10
4.500000635932574 4.500000636085986 1.53079e-10
0.5000000706833827 3.5000004948846266 89.99999999746906
1.5000002120164266 3.5000004948495187 89.99999999669815
2.5000003533511155 3.5000004948379884 89.99999999571968
3.5000004946818413 3.500000494792009 89.99999999508302
4.50000063600835 3.5000004947151373 89.99999999501249
5.500000777418466 3.5000004950488224 89.99999998575112
0.5000000706635461 2.5000003534816964 89.99999999935315
1.500000211984596 2.500000353463129 89.99999999878446
2.500000353305296 2.5000003534410364 89.99999999825596
3.500000494626658 2.5000003534113873 89.99999999765144
4.500000635948373 2.500000353369659 89.9999999970063
5.500000777271142 2.500000353596578 89.99999999629215
6.500000918591935 2.500000362317693 89.99999999614167
0.5000000706581584 1.5000002120782527 89.99999999994482
1.5000002119740534 1.5000002120703932 89.99999999989014
2.500000353289936 1.5000002120566718 89.99999999983679
3.5000004946058025 1.5000002120389722 89.99999999978533
4.500000635921641 1.5000002120188105 89.99999999973724
5.500000777237426 1.5000002121930436 89.99999999969519
6.500000918553004 1.5000002187391939 89.99999999967568
7.500001059868487 1.5000002119775226 89.99999999966582
0.5000000706577881 0.500000070678075 89.99999999999544
1.5000002119733535 0.5000000706712884 89.99999999999083
2.500000353288921 0.5000000706692997 89.99999999998604
3.500000494604488 0.5000000706666654 89.99999999998107
4.500000635920056 0.5000000706675118 89.99999999997591
5.500000777235625 0.5000000706712475 89.99999999997044
6.500000918551198 0.5000000706605796 89.99999999996436
7.500001059866768 0.5000000706584444 89.99999999995889
8.500001201182329 0.5000000706581087 89.99999999995558
9.500001342497846 0.5000000706579941 89.9999999999575
3.4317431620884253 15.431744858799409 3.998581e-09
4.4317433035040485 15.431744858724066 3.05074e-09
5.431743444970655 15.431744858874954 6.9852e-10
6.431743586539591 15.431744858838801 4.349701e-09
7.431743727945284 15.431703488545509 3.079862e-09
8.431743869297414 15.431703462391688 1.924235e-09
9.431744010664964 15.4317448588811 89.99999999996153
10.431744152051097 15.431744858881519 9.37e-12
11.431744293438982 15.431033902036276 89.99999999908007
12.431744434788223 15.431744858879206 89.99999999972862
13.431744576162632 15.431744858881373 89.99999999997864
14.431744717519141 15.431744858881267 89.99999999998981
15.431744858870847 15.431744858872133 4.07956e-10
4.431743303719271 14.431744717087973 8.759421e-09
5.4317434451560995 14.431744717550233 1.598906e-09
6.431743586668254 14.431744717494926 5.975608e-09
7.431743728043272 14.43154055875721 3.340446e-09
8.43174386938712 14.431540550522993 2.072611e-09
9.431744010742932 14.431744717565083 89.99999999992363
10.431744152087763 14.431744717566147 2.2288e-11
11.431744293481508 14.429611090868452 89.99999999980018
12.43174443481324 14.431744717562113 89.99999999952743
13.43174457616984 14.431744717565815 89.99999999995599
14.431744717520749 14.431744717565383 89.99999999997908
15.43174485887376 14.43174471754063 4.37658e-10
11.431744293524046 11.427430949510327 89.99999999891288
5.431743445403418 13.431744576225832 2.462556e-09
6.431743586773457 13.431744576160884 5.727799e-09
7.4317437281115675 13.431422628682775 4.953378e-09
8.431743869451305 13.431422654096288 3.264702e-09
9.431744010810752 13.4317445762494 89.99999999991866
11.431744293497651 13.428777906343237 89.99999999965816
12.431744434826715 13.431744576245158 89.99999999934192
13.431744576167127 13.431744576250239 89.99999999993153
14.431744717532462 13.431744576249507 89.99999999996949
15.431744858874563 13.431744576209141 4.30023e-10
6.431743586833806 12.431744434804921 2.680309e-09
7.431743728161823 12.431321965183063 1.861821e-09
8.4317438694881 12.431321969370781 1.202167e-09
9.43174401082238 12.4317444349338 89.99999999992075
10.431744152166631 12.431744434935334 5.5996e-11
11.4317442935126 12.428080587715936 89.99999999908948
12.431744434845656 12.431744434928376 89.99999999917634
13.431744576181686 12.43174443493466 89.99999999990703
14.431744717536185 12.431744434933615 89.99999999995852
15.431744858873067 12.431744434877459 5.74977e-10
7.431743728152119 11.431231152366333 2.599123e-09
6.431743586809913 11.4317442934631 4.250538e-09
8.431743869485361 11.431231161189633 1.668994e-09
9.431744010829426 11.4317442936182 89.9999999999228
10.43174415216975 11.431744293619953 6.9897e-11
10.431744152153055 13.431744576250729 4.0549e-11
12.431744434857627 11.431744293612368 89.99999999909929
13.431744576196337 11.431744293619085 89.99999999988279
14.431744717539106 11.431744293617706 89.99999999994466
15.4317448588737 11.431744293549173 5.35072e-10
7.4317437281772305 10.431151541684462 3.184525e-09
8.431743869506992 10.431142858668856 2.104694e-09
9.431744010851054 10.431744152302594 89.99999999992514
10.431744152186509 10.431744152304514 9.0068e-11
11.431744293520415 10.426790818078777 89.99999999954557
12.431744434851216 10.431744152296574 89.99999999904662
13.431744576195698 10.431744152303514 89.99999999985941
14.431744717539535 10.431744152301775 89.99999999992802
15.431744858873998 10.431744152222755 4.9526e-10
7.431743728111548 9.431070456635945 89.99999998900307
8.431743869437577 9.43106977070039 89.99999998951445
9.431744010850757 9.431744010987028 89.99999999993166
10.43174415218453 9.431744010989092 1.08465e-10
11.431744293517971 9.426135033799453 89.99999999951473
12.431744434848591 9.43174401098075 89.99999999899069
13.4317445761879 9.431744010987952 89.9999999998367
14.431744717539232 9.431744010985813 89.99999999990686
15.431744858874797 9.431744010897592 4.51172e-10
7.431743727685483 8.430946805029253 89.99999998609088
8.431743869092143 8.431014522383345 89.99999998384193
9.431744010700344 8.431743869671445 89.99999999994156
10.431744152177588 8.431743869673674 1.26411e-10
11.43174429351491 8.425440778358798 89.9999999995616
12.431744434854105 8.431743869664928 89.999999998935
13.431744576191218 8.431743869672397 89.99999999981533
14.431744717547192 8.431743869669807 89.9999999998797
15.43174485887636 8.431743869573097 3.19131e-10
8.431720997833315 7.430969530428184 0.002620648939669
9.431744010381673 7.431743728355857 89.99999999995202
10.43174415209198 7.431743728358258 1.44146e-10
11.431744293564796 7.424681357406666 89.99999999965692
12.431744434891083 7.431743728349211 89.99999999889123
13.431744576218815 7.431743728356845 89.99999999979444
14.431744717545023 7.431743728353626 89.99999999983044
15.43174485887689 7.431743728249531 2.51907e-10
11.431744293571919 6.423818721132684 89.99999999950774
12.431744434899798 6.431743587033418 89.99999999883849
13.431744576229448 6.4317435870413036 89.9999999997751
14.43174471755879 6.43174358700451 8.0243e-10
15.431744858878695 6.4317435869265305 3.23396e-10
13.431744576248057 5.43174344572593 89.99999999977246
14.431744717564296 5.431743445662196 89.99999999985329
15.431744858880784 5.431743445602034 89.99999999993031
14.431744717400992 4.431743304307689 89.9999999973405
15.43174485882868 4.43174330427895 89.99999999966971
6.4317435868472606 10.431744152132698 4.284786e-09
7.426327239185619 7.430946656650206 89.99999991444898
5.028111320423836 6.5000009187255285 89.99999998826587
6.426327096107435 7.430946666642228 89.99999998739374
0.5000000706602687 11.500001626012205 89.99999999982286
0.5042811293162757 10.500001484650683 4.6203e-10
5.431743445512536 12.431744434907241 2.649074e-09
6.431743586785536 9.43094694928585 89.99999998849651
6.431743586281495 8.430946807962766 89.99999998786755
5.50000077736666 5.43094638421592 89.99999998650486
10.500001483813325 0.5000000706580021 89.99999999995926
8.500001201183967 1.5000002119762126 89.99999999965951
10.431744152244157 6.431743587042694 1.78703e-10
9.431744010924515 6.43174358704027 89.99999999996261
6.028111461759254 6.430946525409302 89.99999998579828
