237 15.952045115473219
0.669100670991404 13.800664939580663 25.986008986944245
1.5790267723017557 14.220833397697511 26.057314266410007
2.5114282700160917 14.664839320715814 29.75410653267117
0.6575841187351941 12.68014348879948 23.314018391029833
1.568226859311598 13.0978665181705 23.373236086229934
2.4960674730988677 13.476192724473165 23.448709234337482
3.382153937792518 13.950269456090847 23.505870054645477
1.5692715462529891 11.927011353942161 20.17795424867321
2.474382637823129 12.366992361420143 20.222355798933393
3.4058869452341156 12.735497761463726 20.27625575580699
4.292698784060413 13.22632117808454 20.438077951178446
1.6429863350110363 10.724595891694218 20.20060613575844
2.53262180176076 11.206201919689601 20.17298394682457
3.4362027377191557 11.650034817948457 20.148155269113538
4.368558433847867 12.01550733924131 20.131209343690657
2.553789897852237 9.99668325007403 22.345571893733972
3.4463451145631696 10.469433628467797 21.889057544444768
4.348941794015509 10.915228572224386 21.617170775179435
5.290199750158514 11.285656060818003 20.445230030125987
2.6564264836254656 8.670887044666966 22.37463657319388
3.482401232475934 9.296118320799204 22.43819917594684
4.3811693812205865 9.758466517540906 21.859804779267407
5.285146207924907 10.202619628057658 21.672244789368936
3.500000101680861 7.517981491370818 2.886e-12
4.279943409602517 8.497898219822472 38.7858879001122
5.273807720593897 9.031090129302578 23.658931511287577
5.42822070957123 7.94798185220646 17.7964693116495
6.500000188846505 2.5000000726314395 1.34875e-10
7.5000002179059075 1.5000000435798881 3.2455e-11
5.39805872845479 6.342543930311064 49.89569271270342
6.178762811844937 7.024682513200697 46.291847384800214
5.500000159788962 3.507807060586166 1.17794e-10
6.752784002587768 4.84636955217468 49.89569271270769
7.187866583954388 6.237270626727375 79.25298726192693
5.5125243809514615 4.51064032011754 89.94675115528217
13.978223565433094 0.6443645524734531 69.39132132488406
14.303518136012336 1.591873810186863 69.35902955280221
14.622545874905912 2.5421129967424454 69.27819121029194
12.882052409403318 0.6174745467858482 74.1625400451575
13.211512163068356 1.5634722380072796 74.16254004515463
13.532171046039592 2.5119665411953305 74.16254004515274
13.856794169801402 3.459336277071098 74.16254004515247
11.740768514297747 0.6180580130315647 74.06537108652408
12.108335249238394 1.553073563704599 74.06537108652151
12.436537025984443 2.4993282437006705 74.06537108652178
12.758404197463308 3.447391524881705 74.06537108652313
13.083002688116881 4.394674983523599 74.06537108652664
10.975802391329767 1.5449540127137569 70.63925394175837
11.342044981877205 2.4762012131515245 70.63925394176627
11.66886488847815 3.4228026011082164 70.80315583307126
11.991283223860144 4.3694241455923475 70.80315583411486
12.315440453331203 5.315440249969429 70.80315583418762
9.699416358051762 1.6264569278118852 71.6533070598852
10.242163940592421 2.5000223926931975 71.65330705987503
10.608674454725104 3.432032070328445 71.65330705987687
10.932843820710023 4.3780830340161465 71.65330705988774
11.257012667421497 5.324134169906815 71.65330705991015
8.968241442658453 2.5596493234911923 66.3712478682792
9.503828485273141 3.4168473530811383 66.37124786842467
9.874182954754414 4.386099332114528 70.80223215464088
10.198340209287652 5.332115512088895 70.80223215468708
8.500000246960811 1.5000000435798073 89.99999999991715
8.253240066812117 3.431665939730057 57.13003018797525
8.803727147910061 4.38184665473869 69.69967649706416
9.083952051099203 5.344413102287181 69.69967649746292
7.52531432106409 4.211280370751947 49.895692712712346
7.993333042644775 5.300589027816184 69.31879711185948
7.500000217901587 2.500000072632612 1.2278e-11
6.500000188841516 3.500000101683578 1.3867e-10
6.088288659766793 5.609734819808798 49.89569271270308
4.500000130732747 7.146085538834941 2.7042e-11
8.391815519855742 7.43844222849914 89.91964585245557
9.445162442095663 7.445255846771207 89.21665620849406
7.388944895256623 7.408042201828009 89.9478158783976
9.387150916323634 6.445955528494064 89.21665620833677
8.301262760706775 6.350329759691306 79.79826866229904
1.5029105006653714 15.451269337334093 0.022318015610111
0.5010137003168067 15.294632673090266 0.012954059083441
15.3198023627596 0.5000000145266918 89.99999999997958
15.45204510094686 1.5000000435799485 89.9999999999591
0.5010502688032279 9.518600755372514 0.052503935234964
0.5010162725429899 8.516997544612405 0.042682162569051
1.5026806970149167 8.517505775475874 0.065448255876902
0.5000000145258374 7.515095848804874 7.31e-13
1.5000000435775114 7.515463926437675 1.492e-12
2.500000072629186 7.516290369734969 2.199e-12
0.5000000145259271 6.512857664109569 8.981e-12
1.5000000435777316 6.513159780179079 1.7963e-11
2.5000000726295353 6.513805299133664 2.693e-11
3.500000101681339 6.514606874161625 3.5775e-11
0.5008495568936837 5.510934502825012 0.001192118735513
1.5027910447294293 5.511179115323658 0.012956828796119
2.504400350805521 5.511958469094217 0.005865529282523
3.506288075408796 5.5126845608832316 0.004698092099673
4.508518970021004 5.51387231321416 0.004447249861343
0.5009221635379166 4.5093737256681035 0.013156307191039
1.5031935447776839 4.509456810019188 0.008674181100929
2.5051693839196547 4.510046457294198 89.99619231127713
3.507157671650659 4.510669226895541 89.99723594690414
0.5000000145262975 3.507503479222861 1.9625e-11
1.500000043578832 3.507521621582719 3.9165e-11
2.500000072631366 3.507715993873062 5.8833e-11
6.500000188847841 1.5000000435792877 1.27841e-10
5.5000001597853 0.5009438918178848 6.949e-12
5.500000159790559 2.5054167860232397 1.07496e-10
0.5000000145264316 2.50527437061361 1.7872e-11
1.5000000435792558 2.505323238646806 3.584e-11
2.500000072632081 2.505427784739317 5.3859e-11
4.500000130739925 1.5032245482910982 8.1462e-11
4.500000130737732 2.5056311459880707 8.9573e-11
4.500000130736431 3.5082977755729683 9.8282e-11
4.509526315477651 4.511210906753243 89.97610147700853
0.5000000145266679 1.50306350852851 1.6242e-11
1.5000000435799823 1.5030865670117066 3.2486e-11
2.500000072633296 1.503134483600392 4.8757e-11
3.5000001016866102 1.5032005095099086 6.5068e-11
3.500000101684906 2.5055870884523905 7.1743e-11
3.5000001016838986 3.5080153703130934 7.8639e-11
0.500000014525936 0.5008842574246852 1.151e-12
1.500000043577809 0.5008112289855227 2.282e-12
2.500000072629682 0.5008318929649471 3.439e-12
3.500000101681554 0.5008542193902201 4.59e-12
4.500000130733428 0.5008637979916557 5.762e-12
5.500000159793242 1.5031832751960312 9.7957e-11
6.500000188837178 0.5000000145261403 8.094e-12
7.500000217889065 0.5000000145263774 4.917e-12
8.500000246940964 0.5000000145262709 89.9999999999999
9.500000275992855 0.5000000145258623 89.99999999999663
3.425562463482649 15.450829680270452 0.028115029094153
4.4275347912696255 15.4506645792201 0.02035151934605
5.429712928396026 15.450830359158946 0.007246715656235
6.432134428580448 15.452045100947238 1.3528e-11
7.4347396931785354 15.452045099392217 89.999999964034
8.437301518236113 15.45204509978924 3.5445982e-08
9.439550871284496 15.45204510094674 89.99999999999433
10.441696481040404 15.452045100946885 89.9999999999748
11.443762642864506 15.452045100947243 89.99999999998421
12.4457617228429 15.452045100947219 89.99999999998555
13.447704777576824 15.452045100947258 89.99999999998478
14.44959146563614 15.452045100947274 89.99999999998766
15.451398960271174 15.45204510094727 89.99999999999363
4.429380835880165 14.448146791813748 0.032563954223074
5.430941843839145 14.448229783204166 0.016314354932554
6.432737426103065 14.452045071895359 2.7078e-11
7.435188235850573 14.4520450667418 89.99999990864288
8.437567198325834 14.45204506774881 4.9854876e-08
9.43972041895763 14.452045071893789 89.99999999998853
10.441822476068634 14.452045071894304 89.99999999994967
11.443853877440414 14.452045071895402 89.99999999996835
12.4458420603172 14.452045071895295 89.99999999997102
13.447764338172263 14.45204507189544 89.99999999996942
14.449637053528278 14.45204507189547 89.99999999997523
15.451508506668185 14.452045071895398 89.99999999998724
11.44465814399546 11.45204498473987 89.99999999992005
5.431934913164418 13.445449677980413 0.027580645012912
6.433532999504036 13.45204504284348 4.0401e-11
7.435840186528215 13.45204503483967 89.99999986563921
8.438030179990836 13.452045035354228 2.0061113e-08
9.440057043257157 13.452045042840833 89.99999999998266
11.44408266863178 13.45204504284356 89.9999999999525
12.446012850337047 13.452045042843372 89.99999999995649
13.447899661130425 13.452045042843627 89.99999999995401
14.449737078759286 13.452045042843665 89.99999999996277
15.451539020106667 13.45204504284352 89.99999999998089
6.434409785954438 12.452045013791604 5.3589e-11
7.436508266782863 12.452045003314876 89.99999990619618
8.438597718332982 12.452045002446255 89.99999992686074
9.440273876967806 12.452045013787881 89.99999999997664
10.442508515626875 12.452045013789139 89.99999999989927
11.444381483799276 12.452045013791718 89.99999999993635
12.446236268701291 12.452045013791448 89.99999999994175
13.448057570837236 12.45204501379181 89.99999999993844
14.449841819407995 12.452045013791857 89.99999999995023
15.451575754989841 12.452045013791647 89.99999999997449
7.437101835946877 11.45204497099924 2.2537044e-08
6.434994279034775 11.452044984739729 6.6649e-11
8.440025578105264 11.45204497001982 89.99999976628425
9.441234159324353 11.452044984734924 89.99999999997036
10.442831561948061 11.452044984736554 89.99999999987388
10.44204348872925 13.452045042841723 89.99999999992455
12.446422284593343 11.452044984739524 89.99999999992691
13.448131960099579 11.452044984739993 89.99999999992285
14.44988506764555 11.45204498474005 89.99999999993763
15.451680952003798 11.45204498473977 89.99999999996803
7.438757636106646 10.452044939353277 1.26379007e-07
8.441828998020096 10.452044946036086 89.99999969746331
9.444635548543559 10.45204495568196 89.99999999996297
10.446513181899597 10.452044955683853 89.99999999986477
11.448061541850743 10.452044955687995 89.99999999990112
12.449341057287842 10.45204495568749 89.99999999990344
13.449979842363682 10.45204495568813 89.99999999990226
14.45058489029876 10.452044955688212 89.99999999992187
15.451641224824044 10.452044955687896 89.99999999996149
7.452044867650726 9.45204490796691 1.00806503e-07
8.45204489673626 9.452044910638437 9.6939814e-08
9.452044926634104 9.452044926629286 89.99999999996211
10.452044955686326 9.45204492663085 89.99999999991678
11.452044984738375 9.452044926636226 89.99999999989429
12.452045013790325 9.45204492663552 89.99999999989002
13.452045042842311 9.45204492663635 89.99999999989164
14.452045071894382 9.45204492663632 89.9999999999009
15.452045100946865 9.452044926635969 89.9999999999544
7.452044868531616 8.444046739981205 3.2845e-11
8.452044897583688 8.452044878540624 89.99999999998724
9.452044926636049 8.452044897576497 89.9999999999083
10.452044955687846 8.452044897577908 89.99999999989478
11.452044984739592 8.452044897584472 89.99999999988773
12.452045013791302 8.452044897583571 89.99999999988619
13.452045042843014 8.452044897584619 89.99999999988637
14.452045071894755 8.452044897584532 89.99999999989166
15.452045100946933 8.452044897583972 89.99999999994763
10.452044955605505 7.452044868444491 89.9999999906159
11.452044984737846 7.452044868532083 89.9999999998071
12.452045013789995 7.452044868531123 89.99999999981917
13.45204504284219 7.452044868532601 89.99999999984739
14.452045071894315 7.452044868532649 89.99999999987057
15.452045100946787 7.452044868531853 89.99999999993757
11.452044984738242 6.452044839480326 89.99999999979912
12.452045013790137 6.452044839479072 89.99999999980163
13.452045042842295 6.452044839480849 89.99999999983899
14.45204507189435 6.45204483948089 89.99999999986395
15.452045100946647 6.452044839479436 89.99999999991914
13.452045042842354 5.45204481042913 89.99999999983453
14.452045071894354 5.452044810429147 89.99999999985876
15.452045100947318 5.452044810401909 89.99999999999531
14.45204507189393 4.452044781377429 89.99999999985573
15.452045100946632 4.452044781337134 89.99999999992907
15.452045100935065 3.452044752273558 89.99999999946846
6.434498234785738 10.45204495568785 7.9623e-11
0.5009516692521538 11.521999972021996 0.069237290663959
0.500861916000364 10.520091556150824 0.056910309410626
5.432798680873505 12.430666554420172 0.072668003133195
1.5027990430163563 9.51929728605186 0.083846384019408
6.437391426527001 9.45204492663598 9.2654e-11
6.452044839479308 8.452044897584132 1.05434e-10
10.518445484712394 0.5000000145262051 89.99999999996355
10.43846563950219 6.452044839387033 89.99999998976297
