237 15.926590107973743
0.6777772496018422 13.803084219848063 28.439991355652722
1.5753216325856956 14.245666548535468 28.43999135597906
2.5118690228315232 14.644944128979283 30.028993824302415
0.6597177471803555 12.65971815587799 23.90449165781984
1.558540661021076 13.09967458976482 23.904491657925185
2.4825173674234557 13.482880275925467 23.904491657983318
3.377343823630504 13.931853320659387 23.904491658163955
1.560527007937499 11.93202982643936 20.769035832414474
2.461313731077781 12.376891561469488 20.7690358324295
3.3854555197437435 12.760170417510032 20.769035832433456
4.284049709996358 13.210813445539458 20.769035832430667
1.653403113940799 10.67194587327256 22.525756015511092
2.5115296094035555 11.213169917658105 22.525756015503134
3.4049404445617064 11.669318220848982 22.525756015486422
4.328647888546365 12.052416936640176 22.52575601544204
2.557376672432814 9.964622782217742 22.826625308745445
3.416804508958947 10.500473486228659 22.826625307757798
4.310272221619368 10.962201880908047 22.525756016797885
5.314709120309637 11.311903870254833 14.920394605616135
2.6546414032625982 8.687467181360667 22.78969658625161
3.4932211455522557 9.273206074113245 22.789696586255282
4.354524617145284 9.804860125961692 22.78969658621175
5.29823691170953 10.246942677219549 17.839505032383073
3.5725634035211744 7.994226785926611 28.587085958227707
4.396547800840958 8.572012305514734 28.587085958185508
5.251645634869311 9.092701117264054 28.58708595806852
5.329357495037723 7.94148958792175 28.587085958220285
6.500000221375074 2.503074978545394 89.99999999928542
7.500000255424266 1.5000000510867935 89.99999999983002
6.134401568277298 7.1153865774729415 27.96343070219067
5.144179159077737 6.574024711058891 43.551322502163195
5.501785763913276 3.5041918512239967 0.009985455180342
6.6749407993790815 5.1324487224391895 62.34823548635996
7.057488577584552 6.159892229752118 74.29081648731689
5.500000187323263 4.505397469662644 4.10356e-10
13.861364123187746 0.6366655064414672 71.20739333509862
14.261604491285311 1.5597238612318636 71.21232372240576
14.581384498485683 2.519111894301812 70.29861503350229
12.739707387260523 0.6330558615942916 71.45607694341163
13.115513837887402 1.5617555548318034 71.4560769434013
13.504931319732805 2.4858894554099367 71.45607694339442
13.834761649961319 3.4300117446788816 71.45607694339408
11.620155808816378 0.6201554341963931 73.71359462146444
11.974951715771724 1.5583029878652424 73.71359462145851
12.349395942003873 2.4907100312306287 73.71359462145693
12.742377700802187 3.4177010947805844 73.71359462145642
13.072611079914807 4.363024908362681 73.71359462145975
10.853979300510417 1.5635648590479763 73.71359462150022
11.208775207465782 2.501712412716885 73.71359462149718
11.581114571971408 3.434734418602556 73.71359462149691
11.976201192496468 4.361110519632393 73.71359462149798
12.306434571607701 5.30643433321506 73.71359462151241
9.620155740704504 1.6201554682524097 73.71359462148588
10.092744450086748 2.5238883325647725 73.71359462147917
10.447540357042067 3.462035886233605 73.71359462147859
10.817858080984571 4.395648540493836 73.71359462147943
11.214966342072843 5.32143399314893 73.71359462148351
8.862404306257194 2.5709044497984186 71.91752942856121
9.333198097692106 3.4691400609298837 71.91752942855639
9.68739289723215 4.405446616989748 71.91752942855864
10.054978165693935 5.3373810270508955 71.91752942857462
8.500000289480687 1.5000000510860794 89.99999999981792
8.12110481427909 3.491055347207988 67.48450916572541
8.588049716696615 4.3800060193592945 67.48450916575413
8.944748789138789 5.336102907218542 69.87867030996354
7.403943994981102 4.36911567035162 62.348235486361006
7.879886691664395 5.336482146563245 69.87867030998162
7.500000255431944 2.5000000851480424 89.99999999928826
6.5034067601342835 3.504892827537737 89.97998566423975
5.706880964305979 5.729195643221621 43.55132250236081
4.42926251745441 7.274147965118763 43.55132250212146
8.406960892462271 7.412653333205166 88.3625483000906
9.422756957055071 7.426589818484621 89.99999999985214
7.3390616219088844 7.224898776758626 87.56764735954789
9.261373674076827 6.285102018520845 69.87867031009783
8.196511576583637 6.285481257894976 69.87867031141145
1.5000000510860882 15.426590090945215 2.5522e-11
0.5000000170287198 15.307819240686559 1.2758e-11
15.337679097955778 0.5000000170286274 89.99999999998761
15.426590090945357 1.5000000510858227 89.99999999997523
0.5000000170350436 9.500000323554406 1.33523e-10
0.5000000170293788 8.500000289497203 1.45069e-10
1.50000005109424 8.500000289507645 1.127432e-09
0.5000000170290964 7.500000255439263 9.8495e-11
1.5000000510891924 7.500000255444283 4.93955e-10
2.500000085146386 7.500000255455617 5.52234e-10
0.5000000170398753 6.500000221381118 2.2212e-11
1.5000000511207343 6.500000221385936 4.57675e-10
2.500000085187847 6.500000221397302 6.56087e-10
3.5000001192533166 6.500000221420728 1.081176e-09
0.5000000170283139 5.500000187322352 1.1127e-11
1.500000051085003 5.500000187323648 3.1704e-11
2.5000000851416564 5.500000187331868 4.0387e-11
3.500000119198356 5.5000001873455355 5.069e-11
4.50000015325513 5.500000187366183 6.7317e-11
0.5000000170296142 4.500000153262898 89.99999999987486
1.5000000510883211 4.500000153263954 89.99999999974956
2.5000000851461213 4.500000153271691 89.99999999976372
3.500000119204074 4.500000153285765 89.99999999983103
0.5000000170298398 3.5000001192049286 89.99999999987197
1.5000000510905735 3.5000001192053123 89.99999999960937
2.500000085150159 3.5000001192118937 89.9999999995375
6.500000221367627 1.5017927369035693 89.99999999984229
5.500000187309944 0.5004651752092002 89.99999999999326
5.500000187318166 2.503063700056198 89.99999999928272
0.500000017029282 2.5000000851473523 89.99999999987715
1.500000051088314 2.5000000851472937 89.99999999959336
2.500000085145949 2.500000085153296 89.99999999947887
4.500000153254736 1.5000000510925195 89.99999999983845
4.500000153260577 2.5000000851571933 89.99999999934313
4.500000153271565 3.500000119231757 89.99999999934766
4.500000153263797 4.500000153302721 1.24392e-10
0.5000000170286016 1.5000000510886515 89.99999999994311
1.5000000510852614 1.500000051086861 89.99999999989751
2.5000000851419433 1.5000000510920453 89.99999999985715
3.500000119198371 1.5000000510986435 89.99999999984472
3.500000119203442 2.500000085164393 89.99999999939365
3.5000001192105668 3.500000119226052 89.9999999996193
0.5000000170282037 0.5000000170289001 89.99999999999666
1.5000000510846023 0.5000000170285697 89.99999999999434
2.5000000851410036 0.5000000170300529 89.9999999999911
3.500000119197317 0.5000000170294685 89.99999999999238
4.500000153253631 0.500000017030028 89.99999999999295
5.50000018731121 1.5017928620581396 89.99999999983926
6.500000221366212 0.5004651922016023 89.99999999999544
7.500000255422551 0.5000000170284666 89.99999999999325
8.500000289478885 0.5000000170281993 89.99999999999365
9.500000323535224 0.5000000170281016 89.99999999999572
3.4265896822432262 15.426590090942693 2.11948e-10
4.426589716302106 15.426590090943272 2.06342e-10
5.426589750361001 15.426590090943787 1.89104e-10
6.4265897844195825 15.4265900909439 1.5504e-10
7.42658981847793 15.426590090944213 1.12053e-10
8.426589852535939 15.426590090944647 9.9561e-11
9.426589886594023 15.426590090945364 3.115e-11
10.426589920651615 15.426590090945599 7.518e-12
11.426589954708948 15.426590090945606 89.99999999999574
12.426589988767475 15.426590090945602 89.99999999999231
13.426590022826343 15.426590090945371 89.99999999996791
14.426590056884542 15.426590090945105 89.99999999993919
15.42659009094406 15.42659009094552 89.99999999999983
4.426589716297076 14.426590056880745 7.16227e-10
5.4265897503548794 14.426590056882961 6.41549e-10
6.42658978441277 14.426590056882812 5.67226e-10
7.426589818471265 14.426590056883377 3.83423e-10
8.42658985253015 14.426590056886795 1.44396e-10
9.426589886588085 14.42659005688881 3.4689e-11
10.426589920645753 14.426590056889282 7.375e-12
11.426589954704237 14.426590056889339 89.99999999999123
12.426589988766619 14.426590056889374 89.99999999998485
13.426590022827853 14.426590056888887 89.99999999993805
14.426590056886859 14.426590056888646 89.99999999992427
15.426590090945187 14.42659005688897 4.405e-12
11.426589954714164 11.426589954720686 89.99999999999372
5.426589750365232 13.426590022825415 7.13015e-10
6.426589784421899 13.426590022824161 6.87734e-10
7.426589818481191 13.426590022824922 3.64523e-10
8.426589852539587 13.426590022827437 1.43004e-10
9.426589886597196 13.426590022832357 3.0283e-11
11.426589954711286 13.426590022833118 89.99999999998931
12.426589988768399 13.426590022833157 89.99999999998226
13.426590022826314 13.426590022832574 89.99999999992632
14.426590056885225 13.4265900228323 89.99999999992161
15.426590090945247 13.426590022832425 8.299e-12
6.426589784420312 12.426589988765986 7.3055e-10
7.426589818480077 12.426589988767706 3.70142e-10
8.426589852538502 12.426589988769432 1.68789e-10
9.426589886598142 12.42658998877603 3.0113e-11
10.426589920656411 12.426589988776698 1.9341e-11
11.42658995471455 12.42658998877689 89.99999999999162
12.426589988772598 12.426589988776907 89.99999999998286
13.426590022830258 12.426589988776225 89.99999999991762
14.426590056887129 12.426589988775909 89.99999999992237
15.426590090945371 12.426589988775884 7.347e-12
7.426589818379847 11.426589954709403 2.32419e-10
6.426589784305226 11.426589954706984 5.8742e-10
8.426589852462522 11.426589954712234 1.60298e-10
9.426589886597174 11.426589954719738 3.6849e-11
10.42658992065613 11.426589954720416 3.1704e-11
10.426589920654202 13.426590022833 8.299e-12
12.426589988772143 11.426589954720693 89.99999999998548
13.426590022830442 11.426589954719944 89.99999999991533
14.426590056887708 11.426589954719436 89.99999999992392
15.426590090945403 11.42658995471933 1.521e-12
7.426589818482276 10.426589920650084 2.92403e-10
8.426589852539436 10.42658992065465 1.97076e-10
9.426589886597865 10.4265899206633 6.0538e-11
10.426589920656465 10.426589920664153 4.195e-11
11.426589954714295 10.426589920664487 89.9999999999958
12.42658998877171 10.426589920664473 89.99999999998863
13.426590022829117 10.426589920663684 89.9999999999159
14.42659005688689 10.426589920662778 89.99999999989438
15.426590090945297 10.426589920662778 89.99999999999602
7.425325168564132 9.404007720841962 89.85489792343044
8.42658985246627 9.426589886597323 2.20723e-10
9.426589886598034 9.426589886606848 5.6161e-11
10.426589920654642 9.426589886607852 4.5759e-11
11.426589954711687 9.426589886608205 89.99999999999146
12.426589988768768 9.426589886607761 89.9999999999536
13.42659002282624 9.426589886607427 89.99999999991647
14.426590056885324 9.426589886606232 89.99999999987867
15.426590090944888 9.426589886606227 89.9999999999897
7.415507854302447 8.232478981592015 88.71559784144887
8.42658985254445 8.426589852540591 2.17653e-10
9.426589886601576 8.42658985254951 1.66878e-10
10.42658992065925 8.426589852551572 5.0008e-11
11.426589954716388 8.42658985255194 89.99999999998657
12.42658998877338 8.426589852551269 89.99999999993447
13.426590022830588 8.426589852551238 89.999999999914
14.426590056888013 8.426589852549021 89.99999999994442
15.426590090945261 8.42658985254955 89.99999999998735
10.423731567711954 7.426589818487103 89.99999999912964
11.424495121710237 7.4265898184953025 89.99999999994048
12.425255663845256 7.426589818494858 89.99999999992063
13.426590022829021 7.426589818495061 89.99999999991238
14.426590056889143 7.426589818492105 89.99999999999275
15.426590090945549 7.426589818492486 89.99999999999564
11.426589954719255 6.42658978443885 89.9999999999059
12.426589988775564 6.426589784438508 89.99999999990293
13.426590022831931 6.4265897844388835 89.99999999991148
14.426590056889204 6.426589784435623 89.99999999998803
15.426590090945606 6.426589784346856 89.99999999999996
13.426590022831888 5.426589750382702 89.99999999990963
14.426590056888738 5.426589750379161 89.99999999997111
15.4265900909455 5.426589750246102 89.99999999999916
14.426590056887687 4.426589716322781 89.9999999999625
15.426590090945044 4.426589716156537 89.99999999998086
15.426590090907524 3.426589682065446 89.99999999857658
6.426589784425718 10.426589920646997 3.17669e-10
0.5000000170289107 11.500000391668234 8.7081e-11
0.5000000170291905 10.500000357611327 1.09013e-10
5.421171775329492 12.421112658143626 0.624267362513236
1.5000000511139735 9.500000323581046 1.527527e-09
6.425142320616261 9.422427542030563 89.8281271083668
6.419300052942912 8.412826694618962 88.71559784101727
10.50000035759157 0.5000000170281576 89.99999999999162
10.389352391834612 6.389352255610557 85.55619778169509
