237 15.942691844312973
1.5000000048325344 15.44269184270258 5.8862e-11
0.5000000016108981 15.334521262698168 2.9426e-11
15.350387578387899 0.5000000016110215 89.99999999996703
15.44269184270258 1.5000000048329047 89.99999999993408
0.5000000016099229 9.500000030622214 4.6746e-11
0.5000000016102772 8.500000027400695 8.2288e-11
1.5000000048305493 8.500000027366656 2.04539e-10
0.500000001611367 7.500000024179249 8.2141e-11
1.5000000051344378 7.500000024147405 2.02448e-10
2.5000000085722123 7.500000024475885 1.6003412e-08
0.5000000016105437 6.5000000209575965 6.7193e-11
1.5000000048314277 6.5000000209275886 1.4866e-10
2.500000008054008 6.500000020933422 4.39217e-10
3.500000011274242 6.500000020936188 4.26739e-10
0.5000000016097292 5.500000017735462 89.99999999999211
1.5000000048292765 5.500000017706748 89.99999999997509
2.500000008059759 5.5000000177134005 3.93513e-10
3.504724924539379 5.500000017714637 2.09124e-10
4.6333359069621896 5.871549638858607 73.08374288857422
0.5000000016096129 4.5000000145132315 6.736e-12
1.5000000048289985 4.500000014487211 89.99999999999562
2.5000000080481755 4.500000014490205 89.99999999999181
3.5000000112672316 4.500000014493052 89.99999999999152
4.623852379864932 4.829208079659654 73.08374288876296
0.500000001611042 3.50000001128981 1.65542e-10
1.5000000048368038 3.500000011267753 89.99999999998684
2.500000008065543 3.500000011269867 2.956e-12
3.5000000113873693 3.500000011272329 89.99999999988067
4.500000014596926 2.507675486458119 89.99999999564491
4.504823131785836 3.5113665328190073 0.025087359028731
0.5000000016114319 2.500000008066417 1.29688e-10
1.5000000048348197 2.500000008048385 89.99999999999
2.5000000080610913 2.5000000080498834 8.037e-12
3.500000011286139 2.50000000805176 89.99999999978822
5.532511174193032 4.3801711925831395 73.08374288875483
5.5000000178454505 2.5077977395133697 89.99999999674505
6.500000021093985 2.5000000080993896 89.99999999790575
0.5000000016115678 1.500000004841839 1.50052e-10
1.5000000048354867 1.500000004829019 89.99999999999521
2.500000008058773 1.5000000048299 1.1596e-11
3.5000000112812772 1.5000000048317537 89.9999999997771
4.500000014502019 1.5041833182401136 89.99999999968992
5.500000017721711 1.5041823558606477 89.99999999969896
7.50000002416111 1.5000000048312891 89.99999999972314
0.5000000016112951 0.5000000016140502 1.02432e-10
1.5000000048352833 0.5000000016096697 89.9999999999982
2.502750373377361 0.5000000016099087 2.387e-12
3.5046960289185076 0.5000000016107959 89.9999999998908
4.506646165642977 0.5011273458486425 0.000132267999675
5.508877464929423 0.5000000016203421 89.99999999985393
6.511778720842496 0.5000000016118271 89.99999999988675
6.5000000209413855 1.5000000048558322 89.99999999970761
7.667012379498977 0.5000000016097914 89.99999999997605
9.409225312889227 0.643737866736009 69.44169203304317
3.442691803851228 15.442691842659364 5.91186e-10
4.442691807126112 15.442691842694533 7.13031e-10
5.442691810451288 15.44269184270182 1.88265e-10
6.442691813693414 15.442691842701045 2.62943e-10
7.442691816920677 15.4426918427006 2.95984e-10
8.442691820144065 15.442691842701922 1.36083e-10
9.442691823365482 15.442691842703162 4.18e-13
10.442691826586284 15.442691842703198 89.99999999998853
11.442691829807378 15.442691842703308 6.352e-12
12.442691833028867 15.442691842703322 89.99999999998394
13.442691836250923 15.442691842703343 89.99999999998587
14.442691839474008 15.44269184270318 89.99999999997084
15.442691842699986 15.44269184270329 89.99999999999044
4.442691807234777 14.44269183946151 1.481757e-09
5.44269181046805 14.442691839481043 3.83807e-10
6.4426918137062685 14.442691839478446 6.23572e-10
7.442691816929726 14.442691839478027 6.05112e-10
8.442691820156401 14.442691839481068 2.27857e-10
9.442691823378308 14.442691839482244 1.11761e-10
10.44269182659928 14.442691839483292 7.944e-12
11.442691829819589 14.442691839483636 3.1363e-11
12.442691833039968 14.44269183948412 89.99999999997345
13.442691836260344 14.442691839483938 89.99999999994992
14.442691839481103 14.442691839483409 89.99999999990602
15.442691842702562 14.442691839483867 89.99999999997985
11.442691829825836 11.442691829825508 1.14369e-10
5.442691810494614 13.442691836261272 4.63615e-10
6.442691813719145 13.442691836258735 6.38025e-10
7.442691816939551 13.442691836257808 6.02697e-10
8.442691820160476 13.4426918362595 4.61668e-10
9.442691823380493 13.442691836260092 4.16762e-10
11.442691829822733 13.44269183626412 6.8866e-11
12.442691833043014 13.442691836264968 89.9999999999781
13.442691836262815 13.442691836264776 89.99999999995
14.442691839482787 13.442691836264034 89.9999999999049
15.442691842703006 13.442691836264329 89.99999999997071
6.442691813728301 12.442691833038024 5.02652e-10
7.44269181694734 12.442691833036891 4.95817e-10
8.442691820166475 12.442691833039726 4.77982e-10
9.442691823385754 12.442691833040291 4.43536e-10
10.442691826605266 12.442691833041488 3.82577e-10
11.442691829826758 12.442691833044778 9.5312e-11
12.442691833046327 12.442691833045448 2.7725e-11
13.442691836265457 12.442691833045123 1.0075e-11
14.442691839484478 12.442691833043753 4.714e-12
15.442691842703475 12.442691833044428 1.644e-12
7.442691816945917 11.44269182981638 5.26299e-10
6.442691813726605 11.442691829818026 5.52589e-10
8.44269182016539 11.442691829819985 4.81478e-10
9.442691823384804 11.442691829820584 4.43361e-10
10.4426918266043 11.442691829821989 3.95701e-10
10.442691826600665 13.442691836261067 3.4639e-10
12.442691833045581 11.442691829826266 3.9279e-11
13.442691836264887 11.442691829825941 1.7963e-11
14.44269183948413 11.442691829824176 1.451e-11
15.44269184270333 11.442691829822946 1.2567e-11
7.442691816943125 10.442691826595748 5.13623e-10
8.442691820162782 10.442691826600207 4.61924e-10
9.442691823382308 10.442691826600818 4.27372e-10
10.44269182660177 10.442691826602317 4.02082e-10
11.442691829823515 10.442691826606318 1.14426e-10
12.442691833043476 10.442691826607142 3.52e-11
13.442691836263103 10.442691826606744 4.576e-12
14.442691839482755 10.442691826604754 89.99999999999552
15.442691842702896 10.442691826602879 1.5747e-11
7.442691813486817 9.44269182337322 2.83976e-10
8.442691816956478 9.44269182337914 2.82824e-10
9.442691820444685 9.442691823379963 2.76407e-10
10.442691823957386 9.442691823380274 2.33442e-10
11.442691827501314 9.44269182338628 1.4509e-11
12.442691831087988 9.44269182338737 89.99999999995383
13.442691834736815 9.442691823387012 89.99999999992716
14.442691838491974 9.442691823384983 89.99999999993354
15.442691842519714 9.44269182338314 4.285e-12
7.442691813491631 8.442691820151515 1.27969e-10
8.442691816960386 8.44269182015868 1.65301e-10
9.442691820448177 8.442691820159537 1.68814e-10
10.442691823959205 8.442691820159054 1.23194e-10
11.442691827500994 8.442691820166486 89.99999999993496
12.442691831086563 8.442691820167857 89.99999999989839
13.4426918347353 8.442691820167562 89.99999999987975
14.442691838491054 8.442691820165457 89.99999999989475
15.442691842519626 8.44269182016341 89.9999999999679
8.442691820164242 7.442691816937751 89.99999999999835
9.442691823384148 7.442691816937504 89.99999999992335
10.442691826603774 7.442691816934623 89.99999999988152
11.442691829823435 7.442691816946557 89.9999999998404
12.442691833043002 7.4426918169481215 89.99999999981799
13.442691836262576 7.442691816947887 89.99999999980696
14.442691839482343 7.442691816945635 89.99999999983169
15.442691842703304 7.442691816941576 89.99999999999991
11.442691829823447 6.44269181372686 89.9999999997713
12.442691833042916 6.442691813728624 89.99999999976457
13.442691836262453 6.442691813728662 89.99999999978519
14.442691839482137 6.442691813726334 89.99999999982592
15.442691842703343 6.442691813719791 9.461e-12
13.442691836263245 5.442691810509578 89.99999999977898
14.442691839482539 5.442691810506798 89.99999999980575
15.442691842702722 5.442691810498463 89.99999999991977
14.44269183947798 4.442691807283801 89.99999999938646
15.44269184270194 4.442691807275536 89.99999999985849
15.442691842700086 3.442691804053548 89.99999999978425
6.44269181372362 10.442691826598296 5.48269e-10
7.442691816944869 7.44269181692996 89.99999999999035
5.3188394451247305 6.708291076620647 73.08374288838546
6.4426918137255065 7.42396539189481 89.99999999998711
0.6751095199327048 13.862197070793743 25.236003305900937
1.5955718412905595 14.269333273629872 25.24539362370617
2.5322580701678366 14.64063272712246 25.210435375722877
0.6546609892408188 12.732756721172054 22.79391425772889
1.5689336798859443 13.138334693742312 22.793914258094706
2.494274808554221 13.517574061915308 22.79391425842538
3.407867614531047 13.924769897213917 22.79391425859489
0.5000000016095028 11.500000037064883 89.99999999999727
1.5348241943796186 12.017921979157599 22.7939142574831
2.4525337038820005 12.415321651212999 22.793914257493295
3.3744380136802494 12.80273931990546 22.793914257501942
4.288030819655416 13.209935155200476 22.793914257446634
0.5023574954999948 10.50000003384355 2.2353e-11
1.6111126622198784 10.850624386540975 14.796469831688292
2.5314999799059734 11.281867495075591 14.796469831691601
3.4596661610846517 11.683661440281794 14.796469831692251
4.390624717490061 12.07488403220432 14.796469831689521
5.442691810509293 12.442691833041819 5.05665e-10
1.6458817247221207 9.645881750478974 20.981585417158193
2.548657230971939 10.08457656925848 20.981585417178223
3.4561820969056454 10.510886987641106 20.981585417170603
4.3745499437136335 10.90892331739325 20.981585417162165
5.296810090618278 11.296810109930064 20.98158541715025
2.571778221975584 8.929985674647071 22.7939142597048
3.4712832080468274 9.37070507619606 22.793914259720477
4.3771382590081265 9.796313777682915 22.793914259642616
5.294719190025708 10.194019416836396 22.793914259453512
3.452588899061933 8.212557141721677 24.681370499847933
4.349398481762089 8.65588071465149 24.681370499245663
5.259939883590095 9.08333076669826 24.00714199293111
4.312313828638081 7.400933259133004 41.76376462019865
5.276285781653642 7.982160688646518 25.4655207452635
6.442691810144901 9.42396539840495 1.994763e-09
6.433524877843535 8.42396539514984 9.95271e-10
6.6126515870463285 4.4095943247356 70.16121246791943
6.982233862738248 5.3393470965222285 70.16121246792338
7.298948413447799 6.328238541488678 74.66104755113692
5.835756058458962 5.3563074573802005 74.68409933617258
13.947843867674848 0.6471656016031169 68.76153644522364
14.286518641993531 1.5884090161936184 68.76153644509854
14.613822944148875 2.5340715301298022 68.76153644493303
12.831738053699759 0.6214697311583981 73.49113622598927
13.187018233599293 1.559167883254907 73.49113622596558
13.520491222795147 2.503329289319441 73.49113622595398
13.853590970466108 3.447601317370946 73.49113622595154
11.697528972408403 0.6183880317873731 74.0102764611739
12.060599204943536 1.5545957441670666 74.01027646116988
12.41608203314883 2.4929776370475727 74.01027646117046
12.749699107408809 3.4376251899347565 74.01027646117224
13.082941937796374 4.382379982886496 74.01027646117774
10.55535732760505 0.6276138560221627 72.42928845192408
10.931662078311826 1.5573927355435533 72.42928845192041
11.294088206400083 2.4915663663813605 72.4292884519231
11.648992668410928 3.4281217791008656 72.42928845192922
11.982220824212469 4.371541127663808 72.42928845193745
12.31507797863238 5.315077956098982 72.42928845195861
9.8104062804493 1.561293221411436 69.44169203303912
10.185759551213003 2.488535125837414 69.44169203304361
10.547500642323676 3.420882210817208 69.44169203310145
10.901875014289683 4.356103128644756 69.45360088207994
11.235005259448949 5.299503439910486 69.49008846272456
9.082304846022147 2.4581058860905074 66.80211737236783
9.460737891100857 3.398027409832121 68.33931740677204
9.82371806626878 4.3370934841355675 69.12010783077517
10.165290261861635 5.294059286105674 69.49008846656821
8.671166887020194 1.5145356984302056 63.3459649853328
8.410091338902149 3.461812680975319 68.33931740673434
8.775936587566694 4.398763011568901 69.01080873521677
9.11615159741722 5.343620025966205 69.49008846649284
7.6840393248638 4.35170577167012 68.71299024521052
8.03203689883127 5.302510306950422 70.16121246784417
8.023774738944152 2.5314076485119106 67.48268822017332
7.307117525277271 3.4139429131352204 67.48268822018665
10.441771143363408 6.442691813711841 89.99999999975091
9.441771140143693 6.442691813716454 89.9999999997733
8.34416693109233 6.315032772550599 77.31306413914602
6.2429427377461515 6.310036211639 73.0837428882986
