237 16.03395076341744
5.622320093371835 11.440206623902537 12.26925534085593
6.439117207503056 10.594463932769209 12.269255340846902
4.334249834513049 6.500000436460345 4.7307e-11
5.33424990166386 6.790872232776941 89.99999999965823
6.5072087845575775 7.494950294985031 89.4208737569025
4.500000302176151 5.50000036931281 4.8746e-11
1.6054955677695188 14.382642637812253 22.08575373321564
2.589465366877187 14.803115709251419 30.78384888758434
1.6054955677700695 13.303454035204744 22.08575373320402
2.571215029731003 13.583094291787434 22.085753733256762
3.4581680704908617 14.094426695073622 24.27697990162995
1.510063311618195 12.128975306874409 4.84473195887508
2.48676391784256 12.446170697629146 4.844731958873224
3.466176700923965 12.73136726960195 4.844731958868238
4.449276026990922 13.347037763690334 12.902726687706595
1.5687533004392256 10.932882070810008 22.45371276157926
2.492941749710499 11.314819034253528 22.453712761546107
3.5506325062053286 11.734939976204101 4.844731958855409
4.50776324603445 12.283024764572588 4.844731958870632
5.49350854260693 12.493509012639738 4.844731958866932
1.6593026929573966 9.888272634521849 22.453712761534135
2.587400329655601 10.271825141839809 22.453712761547358
3.7003230945726022 10.715355249083789 8.457493772633377
4.665947271678094 11.132116478608776 12.269255340825106
2.57725122277776 9.185600294594177 22.453712761543176
3.5014396720486616 9.567537258038847 22.45371276153847
4.474484389181315 9.838334534290736 22.046440497363392
5.382721485096999 10.259727818761245 22.046440497245513
1.653062773507024 8.803663331149075 22.453712761554673
3.440564702263848 8.460349065382072 22.453712761549617
4.437617777747452 8.74009249855796 18.622817287209575
5.381754896344347 9.085266677936595 18.94975633909346
4.390587380451185 7.66899247525431 18.62281728814081
5.344672380972972 7.989767382912766 19.080327686744308
2.514929747010342 8.077814310295116 22.453712761623702
3.4012649564097552 7.362077217371169 22.453712761600425
6.528921922330797 9.494833087494472 89.42087375694287
6.5180280335248995 8.494892072503863 89.42087375692245
2.504781415627545 6.5047634632377385 89.99817778005935
1.502538455410396 7.505576321330681 0.013049834497624
0.5008341687201074 8.500000570852592 89.99999999986025
2.500000167885209 1.500000100754331 1.435199e-09
6.500000438357626 1.5000001008159805 89.99999999774786
9.138854346022663 0.6704432024810618 63.53136697692963
6.666465482071271 4.507297504522069 64.52017522858142
7.105906945289263 5.40562722680483 64.52017522891745
7.463857547235205 6.402307277032033 71.71192266436698
5.500000369328092 5.500000369312184 89.9999999999004
14.275612225196275 1.493070790212438 78.61772846631666
14.613525430022639 2.445106698087277 78.61772846631769
12.691363081209172 0.5000000335741 89.99999999998731
13.088331151084835 1.6648415321234848 64.91015979775133
13.512370017505708 2.5704855956422064 64.91015979772615
14.496546111424077 3.5339499240719325 1.009e-11
11.630392145308162 0.5596590292288655 82.83735348709888
11.969113839834797 1.6682020821390502 63.16000350853861
12.413147643636092 2.581088227406653 64.91015979756637
12.837186510104555 3.486732291017531 64.9101597972895
13.46660880314703 4.453223934444689 85.12955552605517
10.523388313682409 0.5012506679650963 89.99264427523487
10.841046727645072 1.653414041827114 63.531366975534034
11.289379451288234 2.556813116355154 64.05109551236679
11.72331151566471 3.466040454404652 64.91015979732161
12.14735038218182 4.371684518109392 64.91015979729619
12.512602611848255 5.476420154370047 87.79517264335988
9.661232603800064 1.5274476975639626 63.53136697586749
10.106940443722921 2.4226262627236173 63.53136697549116
10.549234989794666 3.32768879533642 64.37724861220347
10.979564961210668 4.235853070795516 64.91015979730288
11.424839180210183 5.427840508551565 78.26600103199293
9.034084583054799 2.511479467914114 63.53136697602104
9.502067151947665 3.4624015229937495 64.09628216454041
9.9362904333798 4.369428366278813 64.74073049935457
10.39223420503549 5.460311913543265 81.23661480194231
8.436681348456004 1.540865996539952 52.27741006017178
8.197765509904993 3.0762135955472365 63.5727729958015
8.640475067005717 3.9785053531608865 64.15275625124553
9.074586179449488 4.886604164288863 64.7407304993462
7.733991804027432 4.401137990574583 64.14647545417255
8.167664369677782 5.3079451806179 64.74073049934185
7.636001123863155 2.140167700357938 52.277410056846804
7.291174800240481 3.4989597542547175 63.5727729957978
8.491745860834573 6.325729989171245 71.71192266450223
6.336355278976222 6.496626076635666 89.42087375688365
3.5000002350217283 5.500000369312863 89.99999999990467
2.5000001678710353 4.5015307250973455 2.7451e-11
3.500000235020246 4.50000030216488 89.99999999994553
4.500000302169534 4.500000302165082 4.2334e-11
2.5000001678710593 3.500000235091119 5.7298e-11
3.500000235020562 3.5000002350171124 89.99999999996095
4.500000302170211 3.500000235017379 4.3215e-11
5.500000369318105 4.500000302164175 89.99999999995698
2.500000167871778 2.500000167923324 1.04251e-10
3.5000002350220143 2.5000001678694144 89.99999999996734
4.5000003032503155 2.5000001678696266 3.3303e-11
5.502631327545213 3.500000235016585 89.99999999996564
6.668647977214064 2.6866621559336874 64.0782454180645
3.5000002354337107 1.5000001007217394 89.99999999996956
4.500000303003725 1.5000001007218753 2.3292e-11
5.500000370967548 2.5000001678689996 89.99999999997424
5.500000371027866 1.5000001007214125 89.99999999998289
7.5171658610486825 7.533950192612513 89.99999999630377
1.5000001007332742 1.5000001007404178 1.106917e-09
0.5000000335738362 15.287420186646838 2.367e-12
1.50000010072148 15.533950729843623 4.828e-12
15.348242088864463 0.5000000335740751 89.99999999999085
15.533950729843498 1.5000001007221426 89.9999999999817
0.5000000335750157 9.50000063800317 89.99999999989693
0.5007310730368966 7.500000503702013 89.99999999982359
0.5000000335766508 6.500000436551439 89.99999999978692
1.502715005314041 6.504240975550229 0.015200512695586
0.5000000335749295 5.500000369400173 89.99999999993678
1.500000100724347 5.502807666727923 89.99999999990578
2.50000016787304 5.502806171393456 89.99999999990503
0.5000000335742261 4.500000302244713 1.4268e-11
1.5000001007226489 4.500000302248045 2.9573e-11
0.5000000335742261 3.5000002350778336 1.7308e-11
1.5000001007226569 3.500000235084708 3.997e-11
0.5000000335744454 2.500000167907392 3.9847e-11
1.5000001007231392 2.5000001679126402 7.6454e-11
0.5000000335774981 1.5000001007388395 3.58253e-10
0.5000000335829942 0.5000000335800925 2.56159e-10
1.5000001013512376 0.5000000335769066 5.228e-11
2.5000001688104128 0.5000000335782424 89.99999999950623
4.5000003035340415 0.5000000335739747 1.1672e-11
3.500000236191924 0.5000000335739596 89.99999999998062
5.500000370984452 0.5000000335738264 89.9999999999915
6.723345548385442 0.5000000336021646 89.99999999985404
7.725963245774528 0.5012957147145185 89.9994955095264
3.5339499240722327 15.53395072984349 1.6456e-11
4.533949991219864 15.533950729843493 1.6556e-11
5.533950058367496 15.533950729843546 1.5831e-11
6.533950125515121 15.53395072984275 1.4026e-11
7.533950192662738 15.533950729842916 1.2243e-11
8.533950259810355 15.533950729842687 1.0957e-11
9.533950326957969 15.533939898432319 1.0362e-11
10.533950394105585 15.533943565426942 9.749e-12
11.5339504612532 15.533950729843248 9.159e-12
12.533950528400815 15.53395072984351 8.342e-12
13.53395059554843 15.533950729843573 7.233e-12
14.533950662696036 15.533950729843578 5.77e-12
15.533950729843639 15.533546759212104 2.743e-12
4.533949991219018 14.533950662695357 7.2717e-11
5.5339500583666 14.533950662695545 7.037e-11
6.533950125514204 14.533950662691037 6.5291e-11
7.533950192661812 14.53395066269286 5.9543e-11
8.53395025980944 14.532952533043769 5.1311e-11
9.533950326957063 14.533064791895857 4.34e-11
10.533950394104684 14.533919468015236 3.5499e-11
11.533950461252305 14.533920021805317 2.7526e-11
12.53395052840003 14.533950662695375 3.1609e-11
13.53395059554807 13.533950595547886 3.7303e-11
14.533950662695641 14.533950662695766 2.6048e-11
15.533950729843538 14.53273555077424 9.285e-12
5.5339500583644385 13.53395059554715 1.70249e-10
6.533950125512206 13.533950595538318 1.70857e-10
7.5339501926599945 13.533950595543772 1.68162e-10
8.533950259807927 13.532143394499363 1.46779e-10
9.533950326955837 13.532296474154915 1.2632e-10
10.53395039410375 13.53230206127773 1.05885e-10
11.533950461251827 13.53391523581408 7.914e-11
12.53395052840046 13.533950595547196 3.6406e-11
13.533950595548308 12.53395052839986 9.68e-12
14.533950662695755 13.533950595548127 2.818e-11
15.533950729843458 13.532133388614291 2.1771e-11
6.533950125501004 12.53395052837346 1.681581e-09
7.533950192656684 12.533950528390765 7.46708e-10
8.533950259806256 12.53132597173217 5.15485e-10
9.533950326955042 12.531371383627851 3.7133e-10
10.53395039410383 12.531732047147695 2.26532e-10
11.533950461253136 12.533913755545768 2.1757e-11
12.533950528400755 12.53391860799618 1.096e-11
13.533950595548543 11.533950461252228 1.3415e-11
14.533950662695933 12.533950528400396 1.36e-11
15.533950729843568 12.531581863735099 1.2619e-11
7.453768875357513 11.533950461241348 7.86756e-10
8.533950255914501 11.530949368389033 4.58984378e-07
9.53395032299011 11.529942281433113 4.55775493e-07
10.533950390234669 11.530945508574835 4.52861596e-07
11.53395045740318 11.531640160479219 4.49232938e-07
12.533950524608546 11.533912504679463 4.3364463e-07
13.533950595545825 10.533950394102321 2.75023e-10
14.533950662696107 11.533950461252743 1.1113e-11
15.533950729843657 11.531036801897597 5.002e-12
7.5339501926553565 10.53395039409435 8.04434e-10
8.53395025980381 10.528272968068698 7.20275e-10
9.53395032695219 10.52838768585828 6.34647e-10
10.533950394100568 10.528668375030621 5.49228e-10
11.533950461248962 10.529340232868236 4.61693e-10
12.533950528397352 10.530554745852886 3.74158e-10
13.533950595524665 9.529880264063928 89.99999999800146
14.533950662695602 10.53395039410496 3.2573e-11
15.533950729843472 10.530473259189897 1.5078e-11
7.5339501926191135 9.533950326908165 89.999999996414
8.533950259767636 9.5265069965336 89.99999999644201
9.53395032691171 9.445454800848806 89.99999999649175
10.533950394071208 9.526775797168975 89.999999997261
11.53395046122195 9.527427212707428 89.99999999746383
12.533950528372678 9.527985494777308 89.99999999766538
13.533950595547804 14.533950662695752 2.6276e-11
14.53395066269141 9.533950326957367 3.0553e-11
15.533950729842363 9.529869482860361 1.1354e-11
7.526420167071371 8.533950259760255 89.99999999635682
8.528328721782003 8.463741416715214 89.90828766304912
9.529971111557849 8.380165744172666 89.86111625514393
10.53395039381628 8.524807118125803 89.99999997047902
11.533950460977536 8.525307573692054 89.99999997150582
12.533950528138977 8.52626079039634 89.99999997252733
13.533950595318174 8.529164169456044 89.999999975478
14.533950662684017 8.533950259809798 2.7214e-11
15.53395072983973 8.52919992226607 1.1006e-11
8.522516776197147 7.4599258146388205 89.77072932213152
9.525448632367295 7.353649528761751 89.75750053866544
10.530547678855415 7.523221733454731 89.98785188448562
11.53317930411671 7.522794213694834 0.088380686265268
12.533293586717996 7.524888553749856 0.075173045261025
13.533950594970044 7.528431835318194 89.99999997584968
14.533950662472085 7.533950192662226 2.386e-11
15.533950729840875 7.528427589280251 9.884e-12
11.53395046123744 6.520452646296059 3.83003e-10
12.533950528387045 6.496239515123616 2.956e-10
13.533950595536396 6.527016409808725 2.04111e-10
14.533950662687957 6.5339501255146555 2.052e-11
15.533950729842038 6.527489965735909 5.386e-12
13.514445555378053 5.47562043576486 87.80811684881337
14.533950662688191 5.533950058367082 1.6733e-11
15.533950729841022 5.526263414324834 6.012e-12
14.508843956325968 4.533949991219504 1.3131e-11
15.521793917123468 4.522035949441486 89.66698249192847
15.514767083408874 3.4607300051126186 88.1681648090821
0.651308058456217 14.07458234902444 22.085753733199414
0.6513080584561948 12.99539374641861 22.08575373319627
0.5404415493348775 11.728262236160464 4.844731958867196
0.5000000335744659 10.50000070515431 2.9857e-11
13.691363148357002 0.5000000335738122 89.9999999999943
10.53395039408794 6.521784490957889 4.71829e-10
9.402307478486364 5.8941417694761915 71.71192266455577
