237 15.949967959312293
0.6136423452537088 9.613642345288806 15.206442275796814
4.355325989493397 6.517452575177154 18.3253947192106
5.3046122056951015 6.831865806040528 18.325394719202468
6.268618217056385 7.110333238182132 17.994587720572977
4.862014017522506 5.63184972355087 18.32539471920237
0.6380629655496834 13.897562433290496 19.25756273684901
1.5655370188878086 14.280772478711702 19.22349613881261
2.5403922429811496 14.623510194768505 21.232173811889908
0.6348127269038377 12.827541170084611 18.865273581354444
1.577568933623816 13.161202079068207 18.865273581356053
2.506968852602748 13.533950802385824 18.865273581357567
3.445298264024693 13.880566939356996 18.86527358135752
0.6148422804015796 11.74297383698296 15.402710053031669
1.565365404105422 12.05779471074006 15.402710053032385
2.511138720355758 12.389856466449299 15.402710053032663
3.444596343867217 12.766621803673456 15.402710053032816
4.386064502345232 13.114310449034829 15.402710053032234
0.6133004732870404 10.65006323615437 15.150738547247302
1.5640493738412236 10.964946310706768 15.150738547247423
2.5147982743954502 11.279829385259 15.150738547247435
3.461482800215368 11.609722838761915 15.150738547247412
4.394829006062216 11.988876818286519 15.150738547247254
5.336667485986439 12.336667486013532 15.150738547246446
1.578698469724647 9.875685750210662 15.206442275799326
2.529395803610755 10.19055480818312 15.206442275799434
3.4800931374969144 10.505423866155379 15.206442275799427
4.427504218115459 10.832382972654084 15.206442275799224
5.3599436778346705 11.214422320525621 15.206442275798754
2.5289544681344296 9.09861125821471 15.445021038868951
3.479441502189556 9.413422212140693 15.445021038868951
4.429928536244744 9.728233166066456 15.445021038868706
5.377631148983029 10.053121960833042 15.445021038867853
1.5684657471884407 8.820000073345351 15.445021038868408
3.470433395903081 8.331213305414822 18.32539471922099
4.419719612102586 8.645626536277652 18.325394719215115
5.369005828302264 8.960039767140241 18.32539471919905
4.387738840507659 7.581611110272067 18.32539471921244
5.337061772817451 7.89603650188304 18.325394719196943
2.517271497546245 8.028501654794676 18.325394719219023
3.4384138806881674 7.267185047129067 18.325394719221595
6.318118235742805 9.274977766820411 18.32539471917797
6.296834120041505 8.19509823666326 17.722760739007498
1.5000000000059774 15.449967959310317 2.769e-12
6.591951053023335 4.317764760347969 70.13406789167098
6.9343891264568045 5.2710143055756316 70.13675356796281
7.272106902692439 6.239281044151478 71.36378304349499
13.954654634039859 0.6513642379235893 67.90254220144985
14.298603721382428 1.5909967915924348 67.90254220143116
14.634361605440663 2.5401557369517764 67.24034469731149
12.856361257885581 0.624413208710445 72.98705635540912
13.200559548255722 1.5648602106563194 72.98705635540799
13.529622881889944 2.5099381722134133 72.98705635540729
13.879497334049631 3.448648395095238 72.987056355407
11.743005219139173 0.6148333082768769 74.59876186435416
12.081970602430363 1.5587067254335656 74.59876186435393
12.426729019641307 2.500984340518033 74.59876186435396
12.756222178855424 3.4474670630956945 74.59876186435405
13.106705625590468 4.388167609220335 74.5987618643543
10.628106465906987 0.6184632125945839 73.99771239387097
10.968647718476173 1.5611112119827846 73.99771239387077
11.307408135547739 2.504269934681931 73.99771239387084
11.65194420985857 3.44577226475411 73.99771239387104
11.981260815566046 4.391639364849263 73.99771239387135
12.331504746705996 5.331504746678876 73.9977123938722
9.867961455619893 1.5692647074637947 71.88601885036265
10.207940776508996 2.51019489430543 71.8860188503626
10.546160486009875 3.4517006860846724 71.88601885036297
10.890087018103536 4.391339659267256 71.88601885036394
11.218975468178336 5.335897897192091 71.88601885036529
9.154562146846128 2.581880154784768 70.13406789166599
9.49438335254841 3.522372740445694 70.13406789167624
9.832463732378793 4.463492922027378 70.13406789161397
10.175983875268418 5.4050921484533 70.39817107687544
8.816042983820076 1.6392558937445028 70.31075628308808
8.404508358763682 3.448754694346775 70.13406789167702
8.7425883792253 4.3898738813377545 70.13406789170342
9.082408776917486 5.330364230740774 70.13406789170838
7.870521422884244 4.919063549657128 70.13406789248093
8.064687961071748 2.5082643449436803 70.1340678916739
7.332365868049211 3.424213302038498 70.1340678916701
8.203965523362955 5.873144793405941 71.36378304348672
6.066174575325775 5.818216024808557 70.42250438913567
7.424701382307534 8.43200412503562 89.06145112227516
9.343824373357878 6.440251247825513 88.60833340969434
6.401529320216706 10.384999163539 5.995450017535107
7.388089020130062 7.400480218631108 85.2679037173487
8.376097734500362 7.214302305800231 85.2679037169502
5.500000000021409 4.650840546715661 2.8e-12
3.5000000000444036 5.500000000054097 7.38037e-10
8.43476214273332 8.352800111691819 89.96045686080465
9.449950256260914 7.449950256764393 89.99797140534382
0.5000000000019957 15.307558333686954 1.383e-12
15.358877101378535 0.5000000000020179 89.99999999999835
15.449967959310307 1.500000000006044 89.9999999999967
0.5000000000019647 8.500000000033156 2.96e-12
0.5000000000020464 7.500000000029269 3.074e-12
1.5000000000064135 7.500000000032191 4.1453e-11
0.5000000000055653 6.500000000025382 3.22e-12
1.5000000000234435 6.500000000027796 6.559e-11
2.5000697003310437 6.500283426180925 0.00051732671441
0.5000000000056897 5.500000000021494 3.367e-12
1.500000000024551 5.500000000023363 9.4826e-11
2.50000000003649 5.500148553594809 5.17673e-10
0.5000000000019611 4.500000000017586 2.302e-12
1.5000000000058673 4.500000000017671 4.832e-12
2.5000000000097558 4.500000000019927 4.349e-12
3.500000000013644 4.500000000036582 3.823e-12
4.500000000017531 4.500000000017893 3.254e-12
0.5000000000019771 3.5000000000136753 1.108e-12
1.5000167612983368 3.5000000000137703 5.713e-12
2.5000231174986984 3.500000000015147 3.9208e-11
3.5000276504270893 3.500000000013916 4.434e-12
4.5000313577068205 3.5000000000139497 6.978e-12
5.500034526231344 3.500000000016442 89.99999999988705
0.5000000000019744 2.5000000000097646 89.99999999999987
1.5000000000065707 2.5000000000098597 6.253e-12
2.500000000010833 2.5000000000101323 2.8606e-11
3.500000000015069 2.500000000009977 6.068e-12
4.50000000001913 2.5000000000099893 8.583e-12
5.500000000023247 2.5000000000099964 89.99999999999562
6.504938436853251 2.504593976569157 89.92024523319509
0.5000000000019664 1.5000000000058584 8.5e-14
1.5000000000059401 1.50000000000591 2.558e-12
2.5000000000098517 1.5000000000059606 2.331e-12
3.500000000013774 1.5000000000060014 1.677e-12
4.50000000001771 1.5000000000059766 3.98e-13
5.500000000021716 1.5000000000059908 89.9999999999924
6.500000000026407 1.5020681998504006 89.99999999990939
7.500000000030345 1.500000000006649 89.99999999990919
0.5000000000019744 0.5000000000019531 9.9e-14
1.5000000000060352 0.5000000000019602 89.99999999999882
2.500000000010009 0.500000000001978 89.99999999999743
3.5000000000139515 0.5000000000019877 89.99999999999666
4.500000000017879 0.5000000000019877 89.99999999999677
5.500000000021798 0.5000000000020028 89.99999999999626
6.500000000025707 0.5000000000025766 89.9999999999965
7.5000000000296145 0.500000000001978 89.99999999999679
8.500000000033523 0.5006837382192852 89.99999999999764
9.500000000037426 0.5000000000019504 89.99999999999862
3.4499679592328647 15.449967959308589 5.8585e-11
4.4499679592382915 15.449967959310237 5.335e-12
5.449967959243541 15.449967959310337 1.152e-12
6.449967959248859 15.449967959310344 89.9999999999991
7.4499679592542805 15.449967959310195 89.99999999998292
8.449967959259792 15.449967959310273 89.9999999999967
9.449967959265406 15.44996795931031 89.99999999999923
10.44996795927117 15.449967959310342 89.99999999999892
11.449967959277132 15.449967959310346 89.99999999999902
12.44996795928337 15.449967959310346 89.9999999999992
13.44996795929004 15.449967959310346 89.99999999999912
14.44996795929751 15.449967959310346 89.99999999999908
15.449967959307365 15.449967959310346 89.99999999999937
4.449967959267179 14.449967959306157 9.527e-12
5.4499679592711345 14.449967959306402 4.862e-12
6.449967959275103 14.449967959306445 89.99999999999878
7.44996795927903 14.449967959305791 89.99999999999939
8.449967959282928 14.44996795930621 89.99999999999828
9.449967959286823 14.449967959306296 89.99999999999761
10.449967959290722 14.449967959306434 89.99999999999747
11.449967959294622 14.449967959306452 89.99999999999763
12.449967959298526 14.449967959306452 89.99999999999768
13.44996795930254 13.449967959302558 89.99999999999751
14.44996795930636 14.449967959306445 89.99999999999764
15.449967959310314 14.449967959306452 89.99999999999844
5.449967959271326 13.449967959302478 8.817e-12
6.4499679592752095 13.449967959302455 8.821e-12
7.449967959279139 13.449967959301636 4.151e-12
8.449967959283072 13.449967959302208 89.99999999999876
9.449967959286967 13.449967959302295 89.9999999999975
10.449967959290861 13.449967959302542 89.99999999999723
11.449967959294751 13.449967959302569 89.99999999999731
12.449967959298643 13.44996795930257 89.99999999999731
13.44996795930258 12.449967959298665 89.99999999999739
14.449967959306445 13.449967959302555 89.9999999999984
15.44996795931034 13.449967959302546 89.99999999999886
6.4499679592753285 12.44996795929854 1.054e-11
7.449967959279254 12.449967959297599 4.582e-12
8.44996795928318 12.449967959298242 89.99999999999899
9.449967959287065 12.44996795929827 89.9999999999978
10.449967959290946 12.449967959298654 89.99999999999746
11.449967959294824 12.449967959298686 89.9999999999973
12.4499679592987 12.44996795929869 89.9999999999973
13.449967959302597 11.449967959294739 89.99999999999993
14.44996795930646 12.44996795929865 89.99999999999768
15.44996795931034 12.449967959298615 89.99999999999835
6.4499679592753125 11.44996795929464 9.961e-12
7.449967959279213 11.449967959293598 7.396e-12
8.449967959283121 11.449465823687582 4.048e-12
9.44996795928704 11.449967959294284 89.99999999999937
10.449967959290936 11.449967959294764 89.99999999999808
11.449967959294819 11.449967959294801 89.99999999999788
12.449967959298704 11.4499679592948 89.99999999999815
13.449967959302583 10.449967959290838 89.99999999999893
14.449967959306477 11.449967959294721 89.99999999999993
15.449967959310353 11.449967959294687 89.99999999999996
7.449967959279183 10.44996795928961 1.1545e-11
8.44996795928312 10.449218239913057 5.141e-12
9.449967959287058 10.44996795929037 89.99999999999892
10.449967959290943 10.449967959290877 89.99999999999879
11.44996795929482 10.449967959290916 89.9999999999988
12.4499679592987 10.44996795929091 89.99999999999886
13.449967959302334 9.44996795928695 89.99999999999875
14.449967959306463 10.44996795929079 89.99999999999889
15.449967959310351 10.44996795929071 89.99999999999962
7.44996795927627 9.439848408682431 89.99999999993304
8.449967959280777 9.388580579945579 89.99999999985484
9.449967959285361 9.449967959284784 89.99999999980582
10.449967959289578 9.342135214880324 89.9999999998853
11.44996795929446 9.449967959286974 89.99999999999906
12.449967959298391 9.44996795928702 89.99999999999932
13.449967959302436 14.449967959306445 89.99999999999761
14.449967959306306 9.449967959286878 89.99999999999629
15.449967959310321 9.449967959286777 89.99999999999974
9.44996795927617 8.449967959274108 89.99999999902923
10.449967959280572 8.341906754827074 89.99999999916716
11.449967959292923 8.449967959283077 89.99999999999675
12.449967959298306 8.449967959283105 89.99999999999464
13.44996795930225 8.44996795928306 89.99999999999744
14.449967959306264 8.449967959282972 89.99999999999324
15.449967959310262 8.449967959282805 89.99999999999176
11.44996795928978 7.449967959279181 89.99999999999491
12.449967959297194 7.449967959279219 89.99999999999379
13.44996795930249 7.4499679592791725 89.99999999999673
14.449967959306438 7.449967959278968 89.99999999999993
15.449967959310344 7.449967959278487 2.02e-13
11.449967959294572 6.449967959275286 89.99999999999308
12.449967959298473 6.449967959275334 89.9999999999929
13.449967959302423 6.449967959275295 89.99999999999662
14.449967959306424 6.449967959275051 2.231e-12
15.449967959310344 6.4499679592743675 5.3e-13
13.449967959302512 5.449967959271415 89.9999999999964
14.449967959306434 5.449967959271143 7.53e-13
15.44996795931034 5.4499679592703085 5.26e-13
14.44996795930627 4.449967959267239 89.99999999999956
15.449967959310284 4.44996795926628 89.99999999999851
15.449967959310195 3.4499679592622536 89.99999999999375
10.44989416854828 6.689824085671841 89.9915435803923
