237 15.931613141399744
0.6477346088433587 12.82259621090126 21.28580861817629
1.5648575126827113 13.226826866537056 21.301290227558525
2.499222904063198 13.586990215729863 21.31568596963457
3.293432644802129 14.465631517205912 14.195655256013914
1.5182160274136045 12.08678912616758 21.37793157171777
2.438512402002056 12.489504039920963 21.300484160572744
3.387578453575311 12.829543301952135 20.73030513676282
4.391167105672615 13.421322364440883 0.179622531923678
1.6104824197725298 10.798223746564048 14.694989518870242
2.5027687834292003 11.337896684074703 14.694989518867558
3.4300095662764445 11.744284599588605 14.69498951885377
4.376706595251026 12.076483330339489 14.694989518830262
1.6368055410414897 9.636809373174698 19.23413704493751
2.558830894775996 10.0297384714619 19.234137044955396
3.43245785087929 10.561382667181757 19.234137044896734
4.350486848002996 10.965765760165477 19.234137044754647
5.294803289300629 11.29480616334881 19.234137044612673
2.5724702494895997 8.909524409263694 21.39738222338627
3.492795511711207 9.3017873385857 21.39738222339214
4.360128536721138 9.82928870551255 21.39738222315917
5.2948032892741645 10.235685867570908 19.23413704493078
3.463861195857098 8.187892918173258 24.52796556573155
4.398133712817571 8.58470128957404 22.9690652625514
5.26386744061505 9.109710141949385 22.986765103577437
4.346223180734137 7.476587505451957 22.969065262839873
5.266939299041557 7.866821769991858 22.96906526011569
5.0030568485414015 6.500003113531656 89.99999999989366
6.2758400322109695 4.417677425762346 59.216645366161636
6.740683688588655 5.323913572240766 61.33582220210496
7.164707599452719 6.270472571263319 65.773887921083
13.912909770202862 0.6434840958072563 69.4914008029622
14.267324761639546 1.5785829202616277 69.49140080296114
14.593828325443527 2.524122189752357 69.49140080295986
12.73040192328198 0.6437303511994852 69.44322361895709
13.18160909371762 1.542527181871499 69.44322361893627
13.512259310895551 2.4869640501696155 69.49140080296375
13.849970126094732 3.4283111609303925 69.4914008029695
11.625320492173591 0.6253152231443497 72.83095834253778
11.97666467968381 1.5634049142200919 72.83095834253517
12.430708065758742 2.469764691643415 72.83095834253392
12.761265081459275 3.4142767815945056 72.83095834253392
13.070878630009581 4.36525955834564 72.83095834253484
10.860836138548471 1.5663185777788637 72.8309583425404
11.220008651034545 2.501989631595994 72.83095834253932
11.67405203711065 3.4083494090189683 72.83095834253865
12.004609052811215 4.352861498970055 72.83095834253884
12.306296481247365 5.306293128229079 72.83095834254185
9.625319534168403 1.6253157021469837 72.83095834253623
10.10305203643221 2.524356496878414 72.83095834253545
10.468740856621768 3.458014274281906 72.83095834253524
10.922784242699029 4.3643740517045 72.83095834253541
11.253341258399619 5.308886141655567 72.83095834253602
8.87358891852438 2.5683551258687283 71.7160882761384
9.343408498416967 3.466294787398783 71.71608827613858
9.715512404600581 4.396520389482853 71.71608827613899
10.16860030441476 5.2999883195000255 71.71608827614033
8.155871810264166 3.5448663778001164 67.96889676137292
8.616985024409669 4.437045332524478 67.96889676137413
8.993861843153969 5.3633111971442755 67.96889676137536
7.443805287055975 4.445163883391636 65.77388791851665
7.886433054444236 5.342568628455297 65.77388792106358
7.698813988632907 2.651046382678503 67.96889676137326
6.987835747487434 3.553762477074735 65.77388791849917
8.261279668981224 6.270472571262958 65.77388792107739
7.422415228350934 8.428851396210064 89.99999779149941
8.431609548825703 8.431609548879473 4.2817e-11
8.422415688377864 7.43160906987662 2.5139e-11
7.42241520918547 7.428178216008046 2.84366e-10
6.422414729998138 7.431609069876979 89.9999999999851
6.4316085908140765 9.431610027882332 89.99999999998882
6.420895126036988 8.431609548879656 89.99999999998688
2.556950920754491 15.383592147897936 5.692874101602201
5.500002634516472 5.4316081118730795 89.99999999981874
6.003057327546699 6.431608590874183 89.99999999981941
1.507906913954888 15.429957775622515 0.173115723318293
0.5038358128113796 15.426267009132017 0.318709510432658
15.303071903103506 0.5000002395013636 89.99999999999874
15.4316129018984 1.500000718504082 89.99999999999747
0.5000002395025307 9.516607629242305 1.19227e-10
0.5000002395048933 8.51088142095022 3.75325e-10
1.500000718512669 8.500004071624742 8.50946e-10
0.5000002397358374 7.507902985323869 2.6743545e-08
1.5000007203316832 7.5000035926199375 8.47848e-10
2.5000012009178487 7.50000359942684 1.45804989e-07
0.5000002794727365 6.506539984340984 4.56550119e-06
1.501788036984915 6.500003113615148 8.43045e-10
2.5029071202266184 6.500003118843529 2.42197129e-07
3.503978814600936 6.501992192463898 0.04769017821211
0.500000239501591 5.5053798206981135 89.99999999997705
1.5000007185046114 5.500002634601855 89.99999999995407
2.500001197507574 5.500002634615297 89.99999999992743
3.500001676510588 5.500002640882231 89.99999999989494
4.5000021555136005 5.500002634529024 89.99999999986242
0.5000002395019205 4.504300064552221 6.849e-11
1.5000007185050803 4.500002155590065 1.2365e-10
2.5000011975078973 4.500002155594197 1.4066e-10
3.5000016765106876 4.500002155604458 1.54444e-10
4.500002155513469 4.50000215552291 1.65912e-10
0.5000002395016105 3.5031997788259446 1.8561e-11
1.50000071850486 3.50000167657461 4.1728e-11
2.500001197507861 3.5000016765765816 4.1559e-11
3.5000016765108617 3.5000016765796795 4.1048e-11
4.500002155513962 3.500001676518207 3.6167e-11
5.500002634517141 3.500001676510734 7.972e-12
0.5000002395013627 2.5019636984981446 8.01e-13
1.5000007185040953 2.5000011975596754 1.535e-12
2.500001197506829 2.5000011975557745 2.26e-12
3.5000016765095614 2.5000011975579914 2.969e-12
4.500002155512299 2.50000119751408 3.638e-12
5.500002634515023 2.50000119750786 8.83e-13
6.500003113517815 2.500001197506875 89.99999999998795
0.5000002395013317 1.5000007185413144 89.99999999999903
1.5000007185039914 1.5000007185366684 89.99999999999811
2.500001197506651 1.5000007185312993 89.99999999999721
3.50000167650931 1.5000007185349764 89.99999999999635
4.500002155511975 1.5000007185097397 89.99999999999515
5.500002634514647 1.5000007185049373 89.99999999999359
6.500003113517346 1.500000718504177 89.99999999998917
7.500003592520152 1.5000007185042081 89.99999999997056
0.5000002395013246 0.5000002395082843 2.13e-13
1.5000007185039754 0.5000002395058649 4.55e-13
2.5000011975066245 0.5000002395056224 6.81e-13
3.5000016765092745 0.5000002395029375 9.09e-13
4.5000021555119245 0.5000002395016372 1.094e-12
5.5000026345145745 0.5000002395016132 1.311e-12
6.500003113517251 0.5000002395013601 89.9999999999994
7.500003592519922 0.5000002395013299 89.99999999999822
8.500004071522604 0.5000002395013547 89.9999999999957
9.500004550525258 0.5000002395013494 89.99999999999558
4.315468162583525 15.429781378399177 0.029325918797302
5.320403768052767 15.431612901897871 2.5054e-11
6.407858092497868 15.431612901898404 89.99999999999883
7.412652386776537 15.431612901898262 1.1042e-11
8.417493751027521 15.431612901898411 89.99999999999997
9.42288401183994 15.431612901898422 7.53e-13
10.427661358155143 15.431612901898355 89.99999999999967
11.43161098586192 15.431612901898418 89.99999999999825
12.431611464871757 15.431612901898415 89.99999999999818
13.431611943880533 15.431612901898426 89.99999999999926
14.431612422888922 15.431612901898337 6.949e-12
15.431612901897047 15.431612901898369 89.9999999999998
4.4015903446746645 14.426124763399962 0.068627562087729
5.40401381046526 14.431612422894293 5.0177e-11
6.408791560777343 14.431612422895732 89.99999999999771
7.413517716872859 14.431612422895348 2.21e-11
8.418675038275747 14.43161242289575 2.8e-14
9.424204063927045 14.431612422895782 1.546e-12
10.43161050685551 14.43161242289558 89.99999999999926
11.431610985863543 14.431612422895778 89.99999999999645
12.431611464872343 14.431612422895764 89.99999999999625
13.431611943880768 14.431612422895789 89.99999999999854
14.431612422889064 14.431612422895569 1.3199e-11
15.431612901897456 14.431612422895618 89.99999999999957
11.431610985865358 11.43161098588785 89.99999999999055
5.4048136502199124 13.43161194389069 6.3373e-11
6.409830074381208 13.43161194389306 89.99999999999656
7.431609069841156 13.431611943892438 3.3182e-11
8.431609548846618 13.431611943893078 4.26e-13
9.431610027851264 13.431611943893127 3.861e-12
11.431610985865216 13.431611943893135 89.9999999999945
12.431611464872997 13.431611943893117 89.99999999999426
13.431611943881094 13.431611943893152 89.99999999999775
14.431612422889248 13.431611943892811 1.8247e-11
15.431612901897473 13.431611943892872 89.99999999999964
6.431608590837523 12.431611464890377 89.99999999999568
7.431609069842278 12.431611464889642 3.7516e-11
8.43160954884698 12.431611464890405 3.965e-12
9.431610027852564 12.431611464890477 5.725e-12
10.431610506858675 12.431611464890029 89.99999999999787
11.431610985865621 12.431611464890494 89.9999999999925
12.431611464873292 12.431611464890466 89.99999999999228
13.43161194388124 12.431611464890516 89.99999999999697
14.431612422889309 12.43161146489006 2.2227e-11
15.43161290189748 12.431611464890121 89.99999999999996
7.431609069843073 11.43161098588686 3.9031e-11
6.431608590838939 11.431610985887701 89.99999999999403
8.431609548847558 11.431610985887737 7.248e-12
9.431610027851935 11.431610985887826 7.443e-12
10.43161050685804 11.431610985887254 89.99999999999768
10.431610506857549 13.431611943892804 89.99999999999866
12.431611464873075 11.431610985887819 89.99999999999048
13.43161194388112 11.431610985887879 89.9999999999962
14.431612422889252 11.431610985887314 2.5478e-11
15.431612901897473 11.431610985887371 5.83e-13
7.431609068806743 10.43014123729813 1.16982108e-07
8.431609548823635 10.431610506884788 4.1181e-11
9.431610027838726 10.431610506885178 9.064e-12
10.431610506856387 10.431610506884475 89.99999999999748
11.431610985864122 10.43161050688521 89.99999999998865
12.431611464872393 10.431610506885171 89.99999999998872
13.431611943880753 10.431610506885242 89.99999999999547
14.43161242288907 10.43161050688457 2.8109e-11
15.431612901897456 10.43161050688462 1.479e-12
7.431609069820574 9.429327601688458 89.99999999980172
8.431609548831153 9.43161002788213 4.195e-11
9.43161002783847 9.431610027882542 9.237e-12
10.43161050684942 9.4316100278817 89.9999999999987
11.431610985862065 9.43161002788257 89.99999999998683
12.431611464871231 9.431610027882524 89.99999999998701
13.431611943880146 9.431610027882606 89.99999999999467
14.431612422888985 9.431610027881831 3.0269e-11
15.431612901897438 9.43161002788187 2.728e-12
9.431610027836733 8.431609548879905 9.459e-12
10.43161050684645 8.431609548878921 89.99999999999993
11.431610985858114 8.431609548879928 89.99999999998514
12.431611464869555 8.431609548879878 89.9999999999854
13.43161194388 8.431609548879969 89.9999999999939
14.431612422888826 8.431609548879091 3.1986e-11
15.431612901898184 8.431609548879118 4.31e-12
9.422416167487405 7.4316090698772665 9.692e-12
10.431610506843963 7.431609069876144 1.521e-12
11.431610985856103 7.4316090698772905 89.99999999998349
12.431611464867387 7.431609069877234 89.99999999998388
13.431611943878664 7.431609069877332 89.99999999999314
14.431612422895416 7.431609069876356 3.3297e-11
15.431612901898355 7.4316090698763695 5.471e-12
11.431610985887556 6.431608590874651 89.99999999998185
12.431611464890214 6.431608590874583 89.99999999998195
13.431611943892953 6.431608590874694 89.99999999999233
14.431612422895736 6.431608590873375 4.252e-12
15.431612901898404 6.431608590873509 1.996e-12
13.431611943893017 5.431608111872055 89.99999999999143
14.431612422895679 5.431608111869391 89.99999999999203
15.431612901898376 5.43160811187067 89.99999999999523
14.431612422893256 4.4316076328652025 89.99999999986221
15.431612901898287 4.431607632867939 89.99999999998839
15.431612901898266 3.4316071538652473 89.99999999998671
6.430791540864178 10.431610506885018 89.99999999999157
0.5012686017902936 14.329082061452812 0.108943086657391
1.502655721014924 14.42917975537216 0.209656441061173
0.5000002395018726 11.530627304090281 89.99999999995077
0.5041762496951545 10.525180340734336 89.95954045403218
5.431608111833688 12.431611464887101 7.6469e-11
10.500005029527909 0.5000002395013521 89.9999999999957
8.500004071522799 1.500000718504218 89.99999999997013
10.42241664659746 6.431608590873363 3.965e-12
9.422416167594754 6.431608590874636 9.635e-12
