237 16.00163906611202
0.5000002536565136 15.341156241629365 2.117e-12
1.5000007609695265 15.501638812455534 4.249e-12
15.361999812826777 0.5000002536568005 89.99999999999112
15.501638812455361 1.5000007609703427 89.99999999998224
0.5000002536644894 9.709924069025618 2.82422e-10
0.5000002536564558 8.500004312160161 3.206e-12
0.5000002536596169 7.500003804847213 4.204e-12
1.5000007609788897 7.500003804896364 89.99999999996618
0.5000002536568768 6.5000032975342545 4.837e-12
1.5000007609851327 6.500003297548163 1.690485e-09
2.500001268299501 6.500003297569231 1.783712e-09
0.500000253662833 5.500002790221297 4.84e-12
1.500000761007379 5.500002790233397 1.584112e-09
2.502084193729635 5.500002790253699 1.702716e-09
3.504062215494173 5.503310769528722 0.013078673902058
0.5000002536756281 4.500002282908339 4.789e-12
1.501136025713322 4.500002282918562 1.465864e-09
2.5020393821382427 4.500002282938114 1.622709e-09
3.502943747605907 4.501762669905124 89.98978729493233
4.503636165863725 4.500002282909067 89.99999999992937
0.5000002536568546 3.5000017755953783 4.577e-12
1.5000007609734034 3.500001775594958 3.54647e-10
2.5000012682874315 3.500001775611314 2.97575e-10
3.5000017756023185 3.5000017756325166 1.38875e-10
4.500002282917654 3.5000017755960817 89.99999999992842
5.50000279023193 3.500001775595612 1.4274e-11
0.5000002536579737 2.5000012682824133 3.453e-12
1.5000007609794812 2.500001268280081 4.91383e-10
2.5000012682978996 2.5000012682946204 2.30443e-10
3.5000017756151447 2.5000012682839463 89.99999999996322
4.500002282930669 2.500001268282941 89.99999999993537
5.500002790288082 2.5000012682825767 9.635e-12
6.500003297646005 2.5000012683454527 89.99999999723302
0.5000002536579293 1.5000007609694483 2.117e-12
1.5000007609731476 0.5000002536577082 89.99999999990197
2.4963858936537937 1.5000007609756834 5.61087e-10
3.4975097324605233 1.5000007609705204 89.99999999995455
4.498471228389294 1.5000007609698294 89.99999999995244
5.500002790245417 1.5000007609695434 5.116e-12
6.500003298858675 1.500000761019531 89.99999999782858
7.652773702041537 1.652770656708359 67.60809247333076
0.5000002536575607 0.5000002536564825 9.03e-13
2.500001268287937 0.5000002536568031 89.99999999999442
3.5000017756022093 0.5000002536567081 89.99999999998504
5.500002790230925 0.5000002536565145 1.705e-12
4.500002282916476 0.500000253656645 89.99999999997898
6.500003297552549 0.500000253673277 89.99999999913109
7.50000380486635 0.5000002536680466 89.99999999912283
8.500004312180177 0.5000002536665527 89.99999999910706
9.64173377345098 0.6417292076163834 69.83218859586455
3.5016327246983385 15.50163881245532 1.7e-11
4.501633232011412 15.50163881245533 1.3383e-11
5.501633739324493 15.501638812455466 8.072e-12
6.501634246637553 15.501638812455486 3.681e-12
7.5016347539506185 15.501638812443424 89.99999999999578
8.50163526126364 15.501638812443431 89.99999999999001
9.501635768576753 15.501638812454903 89.99999999999046
10.501636275889867 15.501638812455116 89.99999999998943
11.501636783202981 15.50163881245508 89.99999999998879
12.501637290516097 15.50163881245507 89.99999999998909
13.501637797829211 15.501638812455145 89.9999999999909
14.501638305142324 15.501638812455173 89.99999999999152
15.501638812455441 15.501638812454955 89.99999999999352
4.501633232010328 14.501638305141409 7.6722e-11
5.501633739323612 14.501638305142007 4.9951e-11
6.5016342466370265 14.501638305142398 1.1568e-11
7.501634753950463 14.501638305095454 3.7289e-11
8.501635261263907 14.501638305052708 6.4063e-11
9.501635768577101 14.501638305139306 4.9567e-11
10.501636275890103 14.501638305139746 4.9553e-11
11.501636783203105 14.501638305139805 4.8416e-11
12.501637290516108 14.501638305136497 4.6981e-11
13.501637797829641 13.501637797825953 1.2534e-11
14.501638305142238 14.501638305140444 3.5598e-11
15.501638812455319 14.501638305136352 2.7981e-11
5.501633739326069 13.50163779782891 5.0179e-11
6.501634246638979 12.50163729040171 9.4262e-11
7.501634753951862 13.501637797755834 4.701e-11
8.501635261264813 13.501637797712473 4.0075e-11
9.501635768577811 13.501637797823818 3.0894e-11
10.501636275890732 13.501637797824312 2.9701e-11
11.501636783203654 13.501637797825094 2.8592e-11
12.501637290516612 13.501637797821616 2.4556e-11
13.501637797829805 12.501637290511823 4.405e-12
14.501638305142558 13.50163779782621 1.1852e-11
15.501638812455504 13.501637797820454 9.379e-12
6.501634246638965 13.50163779774357 4.8601e-11
7.501634753952052 12.501637290359536 6.9335e-11
8.501635261265138 12.501637290370216 4.303e-11
9.50163576857824 12.50163729050832 1.566e-11
10.501636275891114 12.501637290508942 1.4396e-11
11.501636783203987 12.501637290509741 1.3145e-11
12.501637290516893 12.501637290507553 8.313e-12
13.501637797828973 11.501636783197306 89.99999999989925
14.501638305142679 12.501637290511244 3.965e-12
15.501638812455571 12.501637290505418 2.288e-12
5.7376880152773095 11.363178866164384 19.54401583696004
7.380229213450213 11.5000880710149 0.01384581216675
8.49943598789538 11.501636783036481 6.7098e-10
9.501635768546445 11.501636783152318 89.9999999963404
10.50163627588997 11.501636783193133 89.9999999998534
11.501636783203 11.501636783193781 89.99999999987209
12.501637290515959 11.501636783192641 89.99999999988249
13.501637797826255 10.501636275882563 89.99999999975758
14.501638305142066 11.501636783195595 89.99999999992563
15.501638812455218 11.501636783190694 89.9999999999576
6.363176329642151 10.524078583759723 19.544015840472504
7.501634753886919 10.49870266892248 5.63617e-10
8.501635261206289 10.501636275712466 2.91037e-10
9.501635768526842 10.501636275797939 89.99999999992178
10.501636275845938 10.501636275877663 89.99999999992171
11.501636783165333 10.501636275878365 2.4698e-11
12.501637290487558 10.501636275878461 89.99999999995904
13.501637797829837 9.501635768566983 89.99999999999994
14.501638305139844 10.501636275878635 89.99999999975628
15.501638812453937 10.501636275873336 89.9999999998327
7.5016347539526445 9.455082462783517 2.828e-12
8.501635261265507 9.501635768389464 2.274e-12
9.501635768578371 9.501635768471742 1.675e-12
10.501636275891235 9.501635768562068 1.123e-12
11.5016367832041 9.501635768564624 6.25e-13
12.501637290516964 9.501635768564654 4.3e-14
13.501637797829165 14.501638305140277 4.2945e-11
14.501638305142711 9.50163576855838 4.3e-14
15.501638812455584 9.501635768552847 1.28e-13
7.49753796547262 8.307726159308734 5.391442e-09
8.498277984714315 8.397865044962773 0.004170318057855
9.498887982206554 8.501635261064443 89.99999999935606
10.499416152144871 8.501635261169834 2.44437e-09
11.499927806748769 8.501635261248463 5.1713e-11
12.500502784405542 8.501635261245799 89.99999999936911
13.501637797821612 8.50163526124553 89.99999999905708
14.501638305135906 8.501635261236274 89.99999999921977
15.501638812452743 8.50163526123151 89.99999999967409
7.496692207774335 7.302788616945692 89.43142830138594
8.50159752096516 7.370924468848863 89.99567511990776
9.501635768564215 7.501634753740648 89.9999999988021
10.501636275877873 7.5016347538160595 89.99999999882878
11.501636783191602 7.501634753924421 89.9999999988557
12.501637290505485 7.501634753928638 89.99999999890503
13.501637797819924 7.5016347539319375 89.9999999990162
14.501638305134605 7.5016347539202615 89.99999999915494
15.501638812451528 7.5016347539105634 89.99999999955531
11.501636783186026 6.501634246607883 89.99999999851724
12.501637290500966 6.501634246612884 89.99999999860057
13.50163779781851 6.501634246618526 89.99999999899602
14.501638305133262 6.501634246603332 89.99999999907406
15.501638812451214 6.500022333444367 89.99999999953971
13.501637797820479 5.50163373930522 89.99999999898742
14.50163830513606 5.498949950233145 89.99999999927324
15.501638812452311 5.496676742306901 89.99999999963462
14.499053743656482 4.497435507593391 89.91020245523758
15.500508155992383 4.486552868610589 89.92460430703572
15.499414729058678 3.4833542591910716 89.86836460181314
4.401181622995134 6.4754258783212535 16.446975675282168
5.375463186534567 6.770535607858719 18.54498689278742
6.34407159017613 7.027375994268168 18.544986892539193
5.0489563493700995 5.615421638199976 15.497427705537316
0.5000002536566397 14.061794175761166 1.797e-11
1.625622316177239 14.35022446145052 22.107776748270922
2.580910536508018 14.720741664008383 24.98851561342874
0.5000002536564407 12.909796673459226 89.9999999999994
1.596175278739147 13.257975392678524 21.348155197257004
2.5373233966770314 13.597033455731045 21.34815519726082
3.4608795328722373 14.002386388263488 22.307270218942175
0.5000002536564319 11.909796166145771 89.99999999999959
1.5000007609693018 12.057399783422554 89.99999999999827
2.53655807070846 12.513088868237917 17.044979124031727
3.4784598814334533 12.852441517310439 17.04497912403189
4.399646754488539 13.259359885438906 17.044979124030345
0.5000002536565038 10.70992457634282 89.99999999999994
1.5402179998783145 10.987109300258782 8.756508419145714
2.5535223877543363 11.35461365820791 6.517387581175778
3.5225470002854777 11.68269039774814 6.517387581177601
4.489409162468987 12.029695618856573 6.517387581177449
5.448112619854758 12.448116171044038 6.517387581174641
1.592027886233609 9.956722618986955 11.851141042256808
2.635723453313431 10.24168815648275 21.95630375370552
3.5826824102398884 10.567244049107744 21.95630375369281
4.77808587050843 10.965093662835988 19.544112701417273
2.5028093189912175 9.102496467684825 9.143183723009923
3.468885929390865 9.393232127061514 9.143183723010127
4.428534922408966 9.72390387716572 9.143183723008592
5.438899290769651 10.138533808532085 19.54411270178677
1.540166308273597 8.79042713512455 9.143183723009114
3.4913842442510052 8.29539625357563 17.5710934601578
4.452640702763842 8.582741723958309 17.19889597472549
5.501633739326939 9.000074870484202 2.376e-12
4.417856891700455 7.523012604079408 16.446975675288733
5.388683021273703 7.829740736318238 18.544986892776375
2.531021685997123 7.9888052630136075 18.508221874571873
3.4505265360279296 7.233517258593161 17.571093460162132
6.501634246639789 9.307726657209841 3.194e-12
6.362913073470494 8.097878610605994 19.576821631392715
6.670901885609354 4.214427899893929 62.49820190434213
7.100750647523619 5.189183779208049 70.28033842025486
7.392159969291101 6.222396614271915 79.12688228271158
5.559128358520132 4.559896405934394 83.31144936182817
14.048590180365792 0.6293616999726277 72.28001590842157
14.362135501409465 1.5812195971332992 72.26706727467042
14.673133745157891 2.555839979075766 69.8321885951104
12.958567813163986 0.6320212739016045 71.69091950753995
13.299987592848606 1.573431225393242 71.65949444134274
13.603346033539099 2.543672006022585 69.83218859562001
13.948414057788504 3.4831678250276292 69.83218859514659
11.819932781310902 0.6417292076165824 69.8321885957785
12.216095705740377 1.5615408012240044 69.83218859576924
12.526682518522037 2.512783699913207 69.83218859576111
12.871453595420636 3.4514710382491733 69.83218859575881
13.216224672323122 4.390158376584068 69.83218859580644
10.707052302623215 0.6417292076168035 69.83218859573365
11.093731783985064 1.565023981102942 69.83218859571578
11.455710444297404 2.4973911350635456 69.83218859571511
11.80048152119638 3.4360784733993244 69.83218859571596
12.145252598095148 4.374765811735223 69.83218859572622
12.409934501013268 5.409930949812356 78.19688893146791
9.989887803827003 1.585174171005347 69.18308835145179
10.37641034576587 2.508056165604013 69.1830883514283
10.738851053966489 3.44611973637028 69.83218859552446
11.083622130866726 4.384807074707058 69.83218859562997
11.388352661931481 5.41002239494793 78.19688893097472
9.276408187052743 2.5117508383930574 67.0730926900185
9.665289930881777 3.4492648931032424 68.81217826069243
10.021383124330322 4.3931915045492875 69.83218859552268
10.338664053291517 5.3912853013689155 75.417010666765
8.866728343548942 1.5992592928182736 67.07309269063713
8.576260009547491 3.43538866272082 67.6080924592041
8.958549230557532 4.408860029871764 69.4793318027434
9.290286135559969 5.395294180404248 73.59883490249449
7.835284478548675 4.283454703775522 68.551828085953
8.185855030390341 5.247331432958601 71.53163272244913
8.159658973693022 2.5254808803351914 67.60809246245266
7.417420553629964 3.373214805026196 68.55182808545733
10.501347699241364 6.501345669862928 89.96692201937331
9.501347025277981 6.501345669791149 89.96692201937722
8.4412804914067 6.307747929664556 82.60400171527549
6.235947007918831 5.794949558191453 72.43952696816744
