237 15.975995536618404
1.5008975315825577 15.475788662624014 0.013540274768559
0.5003139129339118 15.339124512540012 0.006792717499236
15.37347693736305 0.5000001407665975 1.0633e-11
15.47345048720822 1.5000004223080312 9.72026e-10
0.501356254506697 9.581523000481349 0.153363933878822
0.5006809841459869 8.523123327559524 0.074006583036024
1.5092835171873977 8.593221804171343 1.202164405226242
0.5002314788099458 7.519959193504625 0.020403953167872
1.5005732169369033 7.514564832277944 0.042453878959122
2.6283655128882666 7.822059863259275 23.37089133319138
0.5000001407670167 6.5166979336277935 89.99999999996139
1.5000004223008343 6.513725620563896 89.99999999992274
2.500000703834653 6.51407933709995 89.99999999988458
3.5538369714223883 7.122035245608949 22.254053082620025
0.50000014076653 5.512185297584779 89.99999999999957
1.500000422299589 5.51213326399456 89.99999999999913
2.500000703832648 5.512229033131877 89.9999999999987
3.5000009853670226 5.969890019778717 89.99999999984645
4.537468719051543 5.59487085288751 78.06440415337075
0.5012996124749094 4.510482918214527 89.9730522866113
1.503831741185369 4.510429188925942 89.97350700226879
2.505880163103198 4.510764385052795 89.99680860300745
3.5081303167314717 4.512065836123613 0.000995014153876
4.511493007380219 4.502365763637908 89.96191352929694
0.5000001407703891 3.5086307222134216 89.99999999996945
1.5000004223111487 3.5083840219786975 89.99999999993894
2.5000007038519074 3.508373157792513 89.99999999990857
3.500000985392667 3.5083108785141617 89.9999999998783
4.500001266933411 3.501843462617887 89.99999999984831
5.50000154847272 3.5000009853889447 89.99999999982981
0.5000001407665513 2.5059101828264687 89.99999999999437
1.5000004222996175 2.5058322730788607 89.99999999998873
2.5000007038326846 2.505529090953793 89.99999999998309
3.5000009853657508 2.5053395115622887 89.9999999999775
4.500001266898816 2.5015581120407955 89.99999999997195
5.500001548431881 2.5000007038524146 89.99999999996632
6.500001829964941 2.500000703832926 89.99999999996169
0.5000001407665104 1.5033117906003737 89.9999999999985
1.5000004222995242 1.5031842348906865 89.99999999999702
2.500000703832539 1.5029568224889225 89.99999999999547
3.5000009853655527 1.5011594274640032 89.99999999999396
4.500001266898566 1.5000004223159031 89.99999999999248
5.50000154843158 1.5000004223000198 89.99999999999102
6.500001829964575 1.5000004222996601 89.99999999998963
7.500002111497567 1.500000422300265 89.9999999999889
0.500000140766538 0.5008025443289865 4.894e-12
1.500000422299581 0.5006221558380792 9.801e-12
2.500000703832624 0.5003265759773567 1.4727e-11
3.5000009853656673 0.5000001407720083 1.9668e-11
4.500001266898711 0.5000001407719656 2.4612e-11
5.500001548432218 0.5000001407666215 89.99999999998948
6.500001829965499 0.5000001407665593 89.99999999999478
7.500002111498701 0.5000001407665735 89.99999999999521
8.500002393031867 0.5000001407665282 89.99999999999486
9.50000267456501 0.5000001407665176 89.9999999999961
3.456438087902921 15.473265377931593 0.029292599655842
4.460772562009836 15.475017230808898 0.021120535525213
5.464507772809377 15.47599539585141 89.99999999999062
6.468167184467438 15.475995395851742 6.782e-12
7.471916865453532 15.475995395851752 1.6541e-11
8.473862168774255 15.475995395851898 1.872e-12
9.474317872260588 15.475995395851912 8.53e-13
10.474716942369627 15.475995395851916 5.83e-13
11.475101046741328 15.475995395845999 1.74992e-10
12.475463427776475 15.475995395851882 89.99999999999783
13.475681553092365 15.475307956472435 0.007514219011526
14.475804400418003 15.475469265176446 0.00526327494853
15.47592936589491 15.475364643443221 0.002598666778952
4.467468577775062 14.473085524250184 0.047041812333475
5.4689971355109 14.475995114317438 89.99999999998118
6.4705811622170595 14.475995114318316 2.1316e-11
7.473589687881484 14.475995114318582 3.2685e-11
8.47394973072847 14.475995114318899 3.638e-12
9.474354786000845 14.475995114318934 1.71e-12
10.4747341576192 14.475995114318941 1.086e-12
11.475105372299563 14.475995114301824 3.27404e-10
12.475486601523198 14.475995114318852 89.99999999999572
13.475702152483656 14.473089662774882 89.99896709874204
14.475819130990953 14.473312428585984 89.99869941845215
15.475936254081962 14.473359880556588 89.99916600545615
11.475294902007949 11.475994269669334 7.54014e-10
5.468959506421971 13.475994832783716 1.0502e-11
6.473465119614666 13.475994832784892 3.5371e-11
7.473706322696909 13.475994832785414 4.8544e-11
8.474052617080797 13.475994832785902 5.378e-12
9.474403706803704 13.475994832785958 2.557e-12
11.475134576660182 13.475994832757612 4.78693e-10
12.475457741712498 13.47599483278582 89.99999999999362
13.475684654171603 13.471126646203071 0.008858319734472
14.475801669692732 13.471222426243859 0.00684106310247
15.475924458353989 13.471287011876846 0.003755403930924
6.473511821748109 12.475994551251471 4.8871e-11
7.47377638882036 12.475994551252246 6.4389e-11
8.474079178696414 12.475994551252903 7.182e-12
9.474455895750285 12.475994551252981 3.453e-12
10.474824814363515 12.475994551252995 2.106e-12
11.475182896392697 12.475994551213446 6.21853e-10
12.47552991593189 12.47599455125279 89.9999999999915
13.47572205498527 12.469122759778394 0.005881508873763
14.475830637846475 12.469132496370799 0.003881065654589
15.475938894713728 12.469170462217608 0.001941257743329
7.4736089172283355 11.475994269719077 8.0163e-11
6.473423352593539 11.475994269717456 6.7857e-11
8.474106705127369 11.475994269719907 8.978e-12
9.474513214946864 11.475994269720003 4.286e-12
10.474932595535073 11.47599426972002 2.62e-12
10.474769740725035 13.475994832785968 1.595e-12
12.475550993420683 11.475994269719758 89.99999999998937
13.475994832341897 11.467077267805472 4.7598504e-08
14.47599511405246 11.466999204385905 2.8659902e-08
15.475995395727274 11.46699451822973 1.381369e-08
7.473660988060634 10.475993988186016 8.4128e-11
8.474119884593627 10.47599398818691 1.0747e-11
9.474640780283085 10.475993988187028 5.168e-12
10.475091563303947 10.475993988187046 3.12e-12
11.475994269657425 10.475993988125111 8.5069e-10
12.475994551204835 10.475993988186726 89.99999999998724
13.475994832760197 10.46486552550154 8.37683e-10
14.475995114303267 10.464758705945941 5.58486e-10
15.475995395846335 10.464777614676947 2.79339e-10
7.473568193734049 9.475993706652956 8.8178e-11
8.474248065448364 9.475993706653911 1.2555e-11
9.47481139465095 9.47599370665405 6.022e-12
10.47599398812677 9.475993706654075 3.614e-12
11.47599426967389 9.475993706581491 4.98619e-10
12.475994551219554 9.475993706653695 89.99999999998505
14.475995114307427 9.462386865151458 3.22315e-10
15.47599539584791 9.462630654225162 1.61178e-10
7.473660379387372 8.475993425119896 9.22e-11
8.47430594099239 8.475993425120915 1.4293e-11
9.47599370658967 8.475993425121075 6.858e-12
10.47599398813514 8.475993425121102 4.117e-12
11.475994269679099 8.475993425039793 3.07466e-10
12.475994551223735 8.475993425120663 89.9999999999828
13.47599483276781 7.4780522351614245 3.57527e-10
14.475995114304329 8.460308845661016 2.38539e-10
15.47599539584697 8.46056764255549 1.19261e-10
8.475993425054543 7.475993143587841 2.4643e-11
9.475993706592597 7.475993143588097 7.711e-12
10.475993988136231 7.475993143588128 4.62e-12
11.475994269679436 7.4759931434990765 7.6225e-11
12.475994551226115 7.475993143587631 89.99999999998066
13.475994832766936 9.462364099457686 4.83308e-10
14.475995114308091 7.459060892107107 2.25239e-10
15.475995395848214 7.457693706988912 1.12673e-10
11.392845250122718 6.4759928619597575 89.99999999991401
12.475994551252395 6.475992862054599 89.99999999997857
13.475994832785531 6.458203956447124 89.9999999999838
14.475995114318675 6.45538071727612 89.99999999998914
15.475995395851818 6.453997652202919 89.99999999999454
13.469689993897873 5.456975781031496 89.97098455108613
14.471976092214302 5.4524555939335215 89.98161313202755
15.474617818868158 5.449862409466865 89.98614325216076
14.468790599987452 4.448998455103393 89.95220414964277
15.473569461454762 4.365599811776923 89.9791530083668
15.475995395851912 2.505166865036025 89.99999999999952
6.471583484397537 10.47599398818381 2.3917e-11
7.475993143519541 7.475993143586834 9.6549e-11
4.857452833210559 6.634147023281874 88.57159814141957
6.475992861983443 7.475993143582852 89.9999999998897
0.6589100227319129 13.934323101825846 23.11189947989819
1.5939185983490836 14.310572527620486 22.860975659302987
2.5395791480757843 14.661451544988118 23.046161544446047
0.643726502496822 12.814051890817007 20.525213841064303
1.5649850957439337 13.207301899368009 20.53642333113082
2.502687135928581 13.556590476848708 20.53341551121687
3.438137325260553 13.947236539601871 22.065822267660366
0.5000240483825493 11.62395220821491 89.99883021648115
1.5490849422344386 12.083540666528835 20.488413284538087
2.4701730435234692 12.476158128196722 20.49301128656532
3.4078852367044803 12.824267236543058 20.49178308220933
4.329849847314122 13.21453426049862 20.488507864378075
0.5005887664867856 10.623309771583504 0.020995055226075
1.6233707651903817 10.961771144056822 16.824527886521693
2.5490754015393167 11.355531906658154 16.8256169730425
3.474391072981809 11.7505702831794 16.825144083632033
4.414558084870273 12.096528924356592 16.82311682716675
5.473397374653839 12.47599455124999 4.0515e-11
1.6276989218250613 9.818553425297571 19.922616996519995
2.550937018741923 10.20624489876218 19.926564989730206
3.472824958476294 10.597620980565697 19.924916759273234
4.393694697660777 10.991836388085293 19.92191114367218
5.332950893948405 11.335433290898484 19.914472645746844
2.545756083344566 9.092858304773516 22.802482489845975
3.4678740115442324 9.480319130742336 22.79965304303476
4.389058374094676 9.870435532751719 22.774627291809942
5.331175513241758 10.26817052037108 20.1380148882641
3.474414598501494 8.39811377558343 22.79867600436493
4.396639552407285 8.785521475852741 22.78748010258736
5.318564373340214 9.17421062698097 22.74996810690172
4.399748245862815 7.700630685729709 22.63117967185134
5.3219739342045855 8.087764666088864 22.629735596230425
6.472937368575881 9.475993706650156 89.9999999999789
6.473185471610375 8.475993425116512 89.99999999993513
6.248335999539413 4.435864984390362 64.96803541414923
6.652887298231952 5.38263292801283 67.80747010568618
7.026718709820729 6.3165984991787 67.75616958439402
5.546616338989384 5.5336094483789005 78.06440415336122
14.283451544398524 0.5000001407665273 89.99999999999896
14.368283770126794 1.5000004222995775 89.99999999999794
14.47599511431893 2.500000703832626 89.99999999999895
12.711227855544735 0.5034191277965716 0.056341358753142
13.222027541369652 1.53965124421455 69.95595776677303
13.311428731918104 2.578530251500421 69.99911981137278
13.642708027951794 3.532830107550173 69.31698920873836
11.606022816452624 0.5009305038218717 89.93642813289347
11.886454068805794 1.6094445037182137 70.54638366037236
12.231548045734835 2.5503004366291426 70.42005974992011
12.563259600751358 3.5048672768347195 69.31698920875206
12.916899236444435 4.441587331875981 69.31698920874422
10.500002956098134 0.5000001407665318 89.9999999999963
10.799700713400453 1.6100661931956548 69.3169892087721
11.154611543821662 2.544968444352648 69.31698920876468
11.487998753675226 3.4879965014106213 69.31698920875499
11.841196305709346 4.423545566027531 69.31698920875367
12.194393857741877 5.3590946306450995 69.31698920876156
9.615824583489372 1.615822331225317 74.43618021474391
10.03260799788637 2.5378017713858005 74.43618021474293
10.389670771143098 3.476414870208271 74.43618021474263
10.725740745467427 4.420874976959727 74.43618021474246
11.080352761588099 5.36017067159634 74.4361802147428
8.813451787235229 2.5543164568996657 77.348742933161
9.227406099531256 3.4862809935853685 77.34874293316074
9.58882392787936 4.430038181072142 77.34874293316071
9.92873086346089 5.378623835665776 77.34874293316102
8.50000239303055 1.500000422299549 89.99999999998886
8.083326258600527 3.5805221987407148 65.01162002428464
8.481004506905446 4.523982560887325 67.80580900455485
8.843387269198294 5.4561599262623215 67.80580900504201
7.368268573710796 4.469787849886486 67.80580900504457
7.739542409690508 5.3983378818814955 67.80580900504627
7.6817339342071715 2.6644147131115457 65.01162002430507
6.966647507580815 3.5536186947768895 67.8058090050451
10.392844968587212 6.4759928620551435 5.59e-12
9.392844687052136 6.475992862055109 8.38e-12
8.117490712312359 6.324164917355634 67.80580900504788
5.930609679589816 6.4745375762895305 78.06440415336544
