237 16.008343206176274
5.7023248719528326 11.140383931264273 10.32870946654242
6.454084870758882 10.259533720634597 10.368244865063458
4.5000001277941415 6.500000184593567 6.4072e-11
5.507500894183231 6.8933417934840975 3.517834890682973
6.4975180535377755 7.086439248037709 3.51783489068352
4.650037970463387 5.500000156194427 8.204e-11
1.5857011257178062 14.419185184779657 11.428375186169202
2.5857920508246988 14.641574365694519 14.288617856816481
1.5802487984504436 13.394244685194678 10.740097644395073
2.561221194530611 13.588561161669436 10.7400976443955
3.5350629408716046 13.820471306632037 10.740097644395812
1.4415623878123336 12.347216527607568 11.066715438438457
2.4234150834797497 12.53687621200645 11.066715438623259
3.4324639108884405 12.748937366357953 14.738049605979413
4.495032535296884 12.992654616292427 13.246617284312652
1.5594760457924206 11.3221194572633 7.299533053719351
2.5434005919892897 11.5114030869312 7.299533053719507
3.5346372459038236 11.643603094788116 7.299533053719556
4.505531510771057 11.934610561842682 7.299533053719617
5.4866646888805715 12.145685637528164 7.299533053719584
1.5594760457926968 10.313948686782004 7.299533053722548
2.7601455346383554 10.507977150977496 10.368244865064412
4.6325880392854 10.942715055568913 7.299533053725511
2.5358886950663653 9.449512695402312 10.368244865063922
3.5194123778931807 9.63029404322705 10.36824486506396
4.492164050434104 9.869951220685524 10.36824486506391
5.475129123916842 10.053785721662402 10.368244865063856
1.5818227250600083 9.10772636825388 10.368244865063467
3.505764735583716 8.605302142742934 11.036668182731287
4.487724695472972 8.79440619998987 11.036668182732368
5.461046079329462 9.02780052952206 11.036668182731002
4.487790180372943 7.775575296117207 11.036668182728665
5.4692950765812824 7.96701248007852 11.036668182729127
2.41885960201296 8.275672037060604 29.01335901570194
3.5058302204830625 7.586471238873583 11.036668182728192
6.442835359835497 9.217779665501327 11.036668182729644
6.442900844734771 8.198948761632005 11.036668182729189
2.5000000709967436 6.502687624730694 3.1348e-11
1.5000000425978168 7.500000212989568 5.16e-13
0.5006183217724613 8.500000241398608 2.11e-13
2.5000000709972783 1.500596479873419 2.4332e-11
7.500000213059936 1.5000000426122222 1.6257e-11
9.404077789952172 0.5006182522333633 5.7318962494e-05
6.536474276474875 4.284820453403692 62.55900631233995
6.970500855399498 5.186226828246783 62.55900631234078
7.334182573311557 6.124160390572237 62.559006312341424
5.643707562265919 4.8577866701556776 69.44765689233759
14.41065114734085 1.0372105490011698 0.015415234847411
13.640626661725086 2.625535817082717 61.31222109642582
12.407361253598626 0.5003894018695911 0.003780190227842
13.22777028793687 1.658804438361079 67.05728799266784
14.572856559692557 2.2459155972909715 61.312601501269114
14.505885611171212 3.500338540457938 89.95222576736406
11.406156456149029 0.5000234396147283 0.001658846565174
12.011289160309918 1.6692666227988715 64.09200188023992
12.476213853586438 2.580199620982384 61.532962618460154
12.957181009129968 3.459808421793129 61.3104222917554
13.505886205955061 4.503611053431884 89.93227172717145
10.405082496039562 0.5000000142478216 4.133035e-09
10.873036152783353 1.6728797760404932 62.90929065128719
11.308359267779398 2.5737964425806634 62.87531764031684
11.810978977995852 3.4518247704375282 61.55239777874913
12.290650048698062 4.329322106396655 61.551394328780965
12.507720507311614 5.506629343785277 89.92853373146232
9.745692637418236 1.6639542197791952 65.12020645663418
10.184301859958234 2.576505300126885 63.73531434859177
10.640217922665922 3.4716803081117673 63.27151303751071
11.159547800333742 4.349290688297216 61.09561889049155
11.507503174431493 5.505336733821144 89.9267801901629
9.090633754402042 2.6243724309721337 64.06855883922957
9.530643671324192 3.5234690410343266 64.12310017503799
9.98633357734018 4.4146005137792 64.13621510246863
10.452640959209372 5.451818914560613 83.26521761515815
8.660870532516377 1.7042961508329055 65.8463469591357
8.391844377331047 3.4766589047130756 64.19873563802498
8.830891114897147 4.375397893749097 64.18459198153775
9.286734548185482 5.2659591535351105 64.17566632036979
7.686177530592318 4.335388828578608 65.24906535704851
8.123804720523168 5.234787548319446 65.24906535715792
7.954753876838319 2.577239021363261 64.19873563829171
7.2486238903442 3.4359562066335156 65.24906535703866
8.50834299318722 6.338596568573499 1.933e-12
6.071496925942701 5.7653718087901735 69.44765689276123
3.50120375656709 5.500000156192303 4.3087e-11
2.500000071001554 4.501685027960818 89.99999999990625
3.500000099403425 4.500000127793745 4.0359e-11
4.500000127804231 4.500000127794859 1.00053e-10
2.5000000709967134 3.501330352678816 1.998e-11
3.5000000993953257 3.5000000993950913 2.6176e-11
4.500000127793891 3.500000099395547 2.5592e-11
5.500000156192646 3.5000000993949048 1.909e-12
2.500000070996922 2.5009901854964225 1.9966e-11
3.5000000993956117 2.5000000709965473 2.477e-11
4.500000127794385 2.5000000709968244 3.811e-11
5.500000156206347 2.500000070996367 1.86e-12
6.5000001846091475 2.5000000710032344 89.99999999981671
3.500000099396118 1.5000000425979891 2.1795e-11
4.500000127803164 1.5000000425981845 3.3044e-11
5.5000001562329 1.5000000425978275 1.862e-12
6.500000184648911 1.5000000426014992 3.6849e-11
7.493283625890314 7.315736844786602 2.598407865431439
1.5000000425984696 1.5000000425976587 3.1175e-11
0.5000000141993013 15.352092258084106 9.66e-13
1.5000000425978923 15.508343191976989 1.927e-12
15.41340381186007 0.5000301403374303 89.99946649505146
15.50832251429804 1.500087910634857 89.99892472443386
0.5000000141992658 9.50000026979983 0.0
0.5000000141992729 7.500000212996493 2.51e-13
0.5000000141993031 6.500000184591009 89.99999999999801
1.5000000425979776 6.500000184590894 8.916e-12
0.5000000141993466 5.500000156192417 2.25e-13
1.5000000425985265 5.500000156192271 8.689e-12
2.5000000710561734 5.502100498643185 6.790259e-09
0.500000014199312 4.500000127793816 2.139e-12
1.5000000425979323 4.500000127793626 4.033e-12
0.5000000141993279 3.5000000993951987 5.132e-12
1.5000000425979918 3.5000000993949776 1.1428e-11
0.5000000141993439 2.500000070996582 4.786e-12
1.5000000425981348 2.500000070996342 1.8265e-11
0.5000000141993848 1.5000000425979527 3.921e-12
0.5000000141996299 0.5000000141993217 2.196e-12
2.3435715310182097 0.5000000141994141 1.5542e-11
3.398128718385827 0.5000000141992746 9.28e-13
5.400257104149623 0.5000000141992755 6.05e-13
4.399235495974857 0.5000000141993342 5.392e-12
6.401228172083426 0.5000000141992871 9.13e-13
7.40217430561879 0.5000000142005012 1.1587e-11
8.403115388285974 0.5000000142235113 2.471565e-09
3.5083428511946257 15.508343191976987 2.122e-12
4.50834287959316 15.508343191976984 1.864e-12
5.508342907991693 15.508343191976964 1.605e-12
6.508342936390225 15.508343191976987 1.371e-12
7.508342964788757 15.50834319197699 1.177e-12
8.50834299318729 15.508343191976982 1.03e-12
9.508343021585821 15.508343191976877 9.01e-13
10.50834304998435 15.508343191916861 7.81e-13
11.508343078382882 15.508343191934847 6.7e-13
12.508343106781414 15.508343191933823 5.59e-13
13.508343135179945 15.508343191924185 4.48e-13
14.508343163578477 15.508343191906517 3.38e-13
15.508343191977009 15.508343191846638 2.28e-13
4.508342879593058 14.508343163578413 3.818e-12
5.508342907991597 14.507304064064385 2.712e-12
6.508342936390135 14.508343163578406 2.674e-12
7.508342964788675 14.50834316357843 2.21e-12
8.508342993187215 14.508343163578395 2.117e-12
9.508343021585757 14.508343163578086 2.137e-12
10.508343049984305 14.508343163243165 1.777e-12
11.508343078382843 14.50834316328644 1.489e-12
12.508343106781384 14.508343163267742 1.2e-12
13.508343135179931 13.508343134468983 1.307e-12
14.508343163578463 14.508343162988158 6.2e-13
15.508343191977003 14.508343162751707 3.27e-13
5.5069833173786495 13.506514800567034 0.004373856312982
6.508342936390181 13.508343135179835 3.053e-12
7.508342964788715 13.508343135179786 3.167e-12
8.508342993187249 13.50834313517916 3.102e-12
9.508343021585784 13.508343135179267 3.015e-12
10.508343049984322 13.508343134646399 2.553e-12
11.508343078382858 13.50834313465689 2.133e-12
12.508343106781394 13.508343134627928 1.717e-12
13.508343135179928 12.508343105869569 2.917e-12
14.508343163578466 13.508343134297832 9.09e-13
15.508343191977005 13.508248138041347 5.12e-13
6.508342936390191 12.508343106781252 8.106e-12
7.508342964788721 12.508343106781199 7.809e-12
8.508342993187252 12.508343106780321 7.389e-12
9.508343021585786 12.508343106780274 6.915e-12
10.508343049984319 12.5083431060736 5.905e-12
11.508343078382856 12.508343106071313 4.909e-12
12.508343106781393 12.508343105979158 3.918e-12
13.5083431351797 11.508080404337512 1.8474e-11
14.508343163578466 12.50816532491747 1.927e-12
15.508343191977001 12.508136830366036 9.36e-13
7.358793113593441 11.508343078382525 2.0242e-11
8.508342993186572 11.508343078381351 4.3983e-11
9.50834302158523 11.508343078381285 3.9043e-11
10.508343049983843 11.508343077536386 3.569e-11
11.50834307838246 11.508343077497138 3.0103e-11
12.508343106781078 11.508343077437594 2.4372e-11
13.50834313517987 10.50789357574097 8.949e-12
14.50834316357832 11.50801079166855 1.2431e-11
15.508343191976941 11.50796821697037 6.21e-12
7.508342964788562 10.508343049984013 2.3841e-11
8.5083429931871 10.508343049982507 2.3162e-11
9.508343021585638 10.508343049982457 2.1897e-11
10.508343049984202 10.508343049023974 1.8228e-11
11.508343078382758 10.508343049002242 1.506e-11
12.508343106781316 10.507983830711279 1.1998e-11
13.508343135179782 9.507676349394142 1.239e-11
14.508343163578427 10.50780509573508 5.937e-12
15.508343191976984 10.5077536999162 2.941e-12
7.421871938904122 9.421871995701052 11.036668182716907
8.508342993186803 9.508343021583682 3.5837e-11
9.508343021585421 9.508343021583741 2.8336e-11
10.50834304998401 9.5083430205846 2.4409e-11
11.5083430783826 9.507860793108973 2.048e-11
12.508343106781192 9.50777262270218 1.648e-11
13.50834313517992 14.508343163216477 9.11e-13
14.508343163578374 9.507584798436355 8.301e-12
15.508343191976964 9.507294623651187 4.208e-12
7.424405740944169 8.390385945588411 11.036668182717285
8.508342993187142 8.508342993184769 1.0743e-11
9.508343021585693 8.508342992174565 9.342e-12
10.508343049984244 8.50765137825723 7.971e-12
11.508343078382794 8.507612762828145 6.612e-12
12.508343106781343 8.507561966594354 5.249e-12
13.508343135179892 8.50748763355964 3.892e-12
14.508343163578445 8.506785276849953 2.557e-12
15.508343191976994 8.506805642164213 1.226e-12
8.505650220693301 7.496555328442782 0.315128721980027
9.508343021564679 7.508342963747154 2.384177e-09
10.5083430499655 7.507307720845812 2.13144e-09
11.508343078365817 7.507388735161746 1.931584e-09
12.508343106766137 7.507351237615879 1.732109e-09
13.508343135166978 7.507383332368585 1.472121e-09
14.50834316357409 7.506377059643611 4.9562e-10
15.508343191975069 7.505713563312164 2.20454e-10
11.508343078382836 6.506627961748066 1.364e-12
12.508343106781377 6.507277013932163 1.089e-12
13.50834313517992 6.506156287612355 8.18e-13
14.50834316357846 6.504832211348195 5.51e-13
15.508343191977003 6.5042410541713 2.89e-13
13.507841851167694 5.504558325119017 89.94256799305697
14.507962959614622 5.503332582242517 89.9564515036583
15.508127988945965 5.502105858251403 89.97535978609201
14.506823202614594 4.501864767240145 89.94527428270204
15.507742031145842 4.500930101600403 89.96261069931347
15.507424196335272 3.2711573143504706 89.97417481475763
0.5000000141992844 14.293099792779252 2.186e-12
0.5000000141992818 13.27032582936614 1.866e-12
0.5000000141992658 11.500000326602308 9.2e-14
0.5000000141993972 10.500000298201066 7.432e-12
13.408795160175131 0.5009193375324061 89.99884115537782
10.508343049984298 6.507105687235651 1.656e-12
9.508343021585755 6.495011958095418 1.961e-12
3.50000009939542 6.500000184590846 4.4628e-11
