237 15.997673871104121
0.500000116869284 15.310535379078502 9.24e-13
1.500000350607844 15.497673754234848 1.876e-12
15.465001100689753 0.5000001168692592 89.9999999999998
15.497673754234865 1.5000003506077766 89.99999999999959
0.5000001168692512 9.500002220517962 89.99999999999996
0.5000001168692503 8.5000019867794 89.99999999999993
0.5000001168693426 7.500001753040825 2.718e-12
1.5000003506083672 7.500001753044976 4.1496e-11
0.5000001168695132 6.500001519302247 5.883e-12
1.5000003506085706 6.500001519305361 2.0382e-11
2.500000584347351 6.500001519303232 2.3555e-11
0.5000001168692743 5.500001285563544 89.99999999999825
1.500000350607821 5.50000128556368 89.99999999999558
2.5000005843465125 5.500001285564048 89.99999999997623
3.513923770066591 5.52063992600757 1.142418061521383
0.50000011686926 4.500001051824654 89.99999999999996
1.5000003506077801 4.500001051824771 89.99999999999987
2.5000005843463002 4.50000105182499 89.99999999999966
3.500000818084822 4.507371646700015 89.9999999999991
4.500001051823332 4.513251535772954 89.99999999999925
0.5011102681173121 3.500000818085889 7.844e-12
1.5033327796266098 3.5000008180859945 1.0033e-11
2.5049130544899345 3.500000818086259 1.0928e-11
3.506537353006107 3.504426902641148 0.015627345957526
4.508484347337072 3.5000008180865665 89.9999999998019
5.5114754343285455 3.500000818084856 89.99999999999993
0.5000001168693089 2.500000584347119 3.55e-13
1.5000003506079267 2.5000005843471493 89.99999999999898
2.5000005843465445 2.500000584347295 89.99999999999774
3.500000818085163 2.5000005843475854 89.99999999999598
4.500001051823796 2.5000005843464077 89.99999999999174
5.500001285562439 2.5000005843463127 8.5e-14
6.500001519301008 2.5000005843463544 2.274e-12
0.5000001168692911 1.500000350608123 1.052e-12
1.500000350607876 1.5000003506081923 2.954e-12
2.500000584346461 1.5000003506082509 4.332e-12
3.500000818085046 1.5000003506083832 5.173e-12
4.50000105182375 1.50000035060786 89.99999999999326
5.500001285563004 1.5000003506077855 89.99999999999844
6.500001519301937 1.5000003506078103 89.99999999999918
7.500001753040955 1.5000003506081647 89.9999999999686
0.5000001168700727 0.500000116869348 89.99999999999504
1.500000350610212 0.5000001168693666 89.99999999999342
2.5000005843497064 0.5000001168693791 89.99999999999363
3.500000818088978 0.5000001168693151 89.99999999999746
4.500001051828123 0.5000001168692663 89.99999999999906
5.500001285567189 0.5000001168692592 89.99999999999949
6.500001519306198 0.5000001168692698 89.99999999999953
7.500001753045195 0.5000001168693959 89.99999999998765
8.500001986784115 0.5050599963148761 89.99999999998914
9.500002220523003 0.5000001168693782 89.99999999999076
3.4976709493563947 15.497673754231704 1.14454e-10
4.497671183098372 15.497673754234773 7.838e-12
5.497671416840925 15.49767375423486 1.236e-12
6.497671650587418 15.49767375423461 2.5295e-11
7.497671884326103 15.497673754234674 1.8314e-11
8.497672118064763 15.497673754234748 8.2e-12
9.497672351803349 15.49767375423476 4.507e-12
10.497672585541919 15.497673754234796 1.634e-12
11.49767281928048 15.49767375423483 89.9999999999988
12.497673053019135 15.497673754234851 1.364e-12
13.497673286757735 15.497673754234857 5.9e-13
14.4976735204963 15.497673754234842 6.39e-13
15.49767375423485 15.497173479929575 8.53e-13
4.497671183110622 14.497673520496129 1.5702e-11
5.497671416849149 14.497673520496235 1.5447e-11
6.4976716505876855 14.497673520495862 1.6001e-11
7.497671884326214 14.49767352049598 1.6016e-11
8.497672118064747 14.497673520495987 1.5497e-11
9.497672351803287 14.49767352049594 1.4538e-11
10.497672585541853 14.497673520495791 1.0743e-11
11.497672819280428 14.497673520496189 6.395e-12
12.497673053019039 14.497673520496306 1.043e-12
13.497673286757784 13.49767328675778 89.9999999999985
14.497673520496175 14.497673520496285 89.99999999999925
15.497673754234805 14.49617401548909 89.99999999999967
5.497671416849375 13.497673286757719 1.6868e-11
6.497671650588011 13.497673286756989 7.162e-12
7.497671884326571 13.49767328675707 2.203e-12
8.497672118065102 13.497673286756914 5.26e-13
9.497672351803628 13.49767328675686 89.99999999999955
10.497672585542153 13.497673286756907 89.99999999999883
11.497672819280703 13.497673286757582 1.8e-14
12.497673053019245 13.497673286757742 89.9999999999999
13.497673286757797 12.497673053019192 7.532e-12
14.497673520496313 13.494429143359229 89.99999999999824
15.497673754234851 13.49525864542273 89.99999999999908
6.497671650588205 12.49767305301826 1.657e-11
7.497671884326714 12.497673053017987 1.5859e-11
8.497672118065225 12.497673053017472 1.4885e-11
9.497672351803734 12.497673053017863 1.3846e-11
10.497672585542249 12.497673053018069 1.2535e-11
11.497672819280767 12.497673053018822 1.0529e-11
12.497673053019273 12.497673053019113 1.0047e-11
13.497673286757532 11.497672819280679 7.85e-12
14.497673520496324 12.49313900411207 4.376e-12
15.497673754234862 12.494289554618657 7.82e-13
6.497671650586788 11.497672819279178 7.6085e-11
7.497671884325426 11.497672819278865 7.2092e-11
8.497672118064047 11.497672819278133 6.94e-11
9.49767235180266 11.49767281927874 6.6712e-11
10.497672585541274 11.497672819278975 6.3596e-11
11.497672819279881 11.49767281927976 6.0719e-11
12.497673053018566 11.497672819280261 4.7762e-11
13.497673286757724 10.497672585542169 7.944e-12
14.497673520496257 11.492189426909038 1.309e-12
15.497673754234853 11.492968415745533 89.99999999999802
6.497671650587342 10.497672585540569 8.0234e-11
7.4976718843258885 10.497672585540165 7.8886e-11
8.497672118064434 10.497672585538957 7.8201e-11
9.49767235180299 10.497672585539993 7.5929e-11
10.49767258554155 10.497672585540196 7.3573e-11
11.49767281928013 10.497672585541062 6.8206e-11
12.497673053018794 10.49767258554169 5.3384e-11
13.497673286757806 9.497672351803658 7.865e-12
14.4976735204963 10.490874141094718 3.994e-12
15.497673754234842 10.490854427486097 1.975e-12
7.497671884326293 9.497672351801445 6.7843e-11
8.4976721180648 9.497672345185386 6.6876e-11
9.497672351803306 9.497672351801251 6.591e-11
10.497672585541821 9.497672351801349 6.4205e-11
11.497672819280345 9.497672351802368 6.1178e-11
12.497673053018886 9.497672351803129 5.6245e-11
13.4976732867576 14.497673520496313 89.99999999999909
14.497673520496338 9.489197388325014 4.033e-12
15.497673754234853 9.489128691288496 1.995e-12
7.493153574442007 8.49315380818156 0.520128026330767
8.497672113253877 8.493963228872195 5.55191463e-07
9.49767234734125 8.49767211360294 5.11110769e-07
10.497672585454964 8.497672117901907 9.763403e-09
11.49767281927857 8.497672118063448 2.7072e-11
12.497673053017483 8.497672118063983 2.984e-12
13.497673286756452 8.497672118065145 7.297e-12
14.49767352049571 8.487411249335915 2.8389e-11
15.49767375423463 8.487316494950575 1.4168e-11
7.502148619303102 7.493194027224056 0.520128026329417
8.502239898969325 7.487703962258564 0.520128026348061
9.502231865947017 7.493153574442445 0.520128026367189
11.497672819199192 7.4976718842447365 89.99999999084382
12.497673053012203 7.497671884319515 89.99999999933321
13.497673286756871 7.4976718843266354 6.622e-12
14.497673520495784 7.485498292923261 4.263e-12
15.497673754234674 7.485371428899564 2.174e-12
11.445791079291283 6.496144359833678 89.80509342557113
12.49767305288566 6.497671650580592 89.99999999929905
13.497673286748276 6.497671650588126 5.983e-12
14.497673520494889 6.483415394631603 1.61663e-10
15.497673754234151 6.48325122152879 8.0311e-11
13.497673286757752 5.497671416849617 5.392e-12
14.4976735204963 5.4813876885220525 3.581e-12
15.497673754234844 5.48045956721498 1.777e-12
14.492230934539652 4.479535226605293 89.98473781502119
15.495866096562557 4.478299661481071 0.00548231784212
15.49619742076105 3.4763823191362553 89.97355552200456
4.533569698514872 6.376848641050751 24.99181438702496
5.4399380658839895 6.7993375167513115 24.99181438702802
6.349298989599908 7.22292244273464 24.6267720562457
5.372139841276281 5.66442979022699 24.9918143870196
0.6412094638962023 14.015701282290673 18.73193305445902
1.590686123133695 14.350963645930428 18.62205101613669
2.5788961866501907 14.709827507171001 24.220565346440726
0.6563547853841571 12.909547315534203 23.159888829432802
1.5968467013841625 13.253565336008897 23.15988882943643
2.538481254030313 13.594912184361107 23.159888829445187
3.454142259323155 13.996977233739837 23.15988882944537
0.5000001168692512 11.75319241328075 1.7e-14
1.5000003506077526 11.901875354016907 89.99999999999991
2.5071508859332496 12.488798966271542 23.38162041088447
3.424669420558268 12.886493638628085 23.38162041088514
4.34030342054707 13.28854701325929 23.381620410883087
0.5706388399323084 10.570641177320457 8.804335286062337
1.5422132324915747 10.831224679694667 8.805943074402217
2.589850026836647 11.293407218583269 11.529828688456929
3.5207343563374804 11.7331774559809 11.52982868845735
4.457650138335417 12.143380956123261 11.529828688457258
5.497671416849698 12.497673053019213 1.7212e-11
1.5907252436214634 9.764244342511127 16.418441203545505
2.606007463419293 10.089272743784253 24.557426119562145
3.5146848189081066 10.50677757551494 24.557426119562255
4.421345688994194 10.928695513892613 24.557426119559405
5.3350962558605 11.33509765829249 24.557426119556563
2.5000005843462514 8.833631532517941 89.99999999999966
3.5171377317562618 9.406336988683282 24.777823463633734
4.4258145109534315 9.823841554427329 24.777823463633194
5.338496767638187 10.237200615264324 24.55742611959646
1.5000003506077517 8.643307397701006 89.99999999999972
3.6064623694209628 8.245941246850604 14.055535937922269
4.528877517437229 8.67911464956046 14.055535937922418
5.453385915714978 9.103927014535765 14.055535937922356
4.517191489807982 7.472518891919563 24.991814387026206
5.422332725689575 7.897640341320026 24.991814387034587
2.5607114393235726 7.745401626895053 11.292578994772331
3.5696255739832576 7.0222015510892675 30.93676148159376
6.497671650587801 9.488676563941343 6.8393e-11
6.334102002992149 8.316016173936454 24.626772056243666
6.707100817375371 4.205357125535951 44.73555846235107
7.06643529614349 5.263476781843525 44.73555846234872
7.490896823597569 6.342626404862346 68.61893319857467
5.500001285561842 4.5000010518233715 89.99999999999935
14.044041629548094 0.5011114249824882 89.96388800164308
14.327519916776481 1.6233808040679687 68.77872608367662
14.679488765995798 2.5615651287635313 68.76166398304105
12.869323103484582 0.6489377089054909 68.71767564997839
13.232321353085712 1.5841034058641412 68.7321087955336
13.590816151742755 2.5208982304618353 68.7616639830663
13.954093887110627 3.455628655392549 68.76166398304144
11.769305373270912 0.647165116573234 68.7616639830688
12.151328432917119 1.5715616502013239 68.76166398306867
12.511548857450775 2.5044316555762043 68.76166398306857
12.873797239478463 3.436513506695019 68.76166398306846
13.236045621506463 4.368595357813723 68.76166398306982
10.682669742865487 0.6516952145099237 67.83356258059963
11.059968198871164 1.5777871875243648 67.83356258059374
11.441212890573986 2.5109457996329434 68.76166398306756
11.803461272601712 3.443027650751932 68.76166398306515
12.165709654629557 4.375109501870979 68.76166398304906
12.444098513954273 5.497671416842367 89.99999999926617
9.969748791976865 1.5522292399367394 67.83356258058967
10.34704724798289 2.4783212129509913 67.83356258059341
10.71969332470336 3.41498068596691 68.76166398306219
11.081941706731062 4.34706253708593 68.76166398307119
11.371776751373144 5.496390120092736 89.80509342554397
9.289133939697525 2.532059690516893 67.83356258059162
9.663586281233892 3.4654674832177843 68.45528498853274
10.029285994725356 4.399068795236101 68.76166398307036
10.37176830665377 5.495677290836344 89.80509342554477
8.797818329078167 1.6518751420533713 67.85322613748772
8.556961393695598 3.392767043509558 68.15557813941173
8.926770238947773 4.326216985691033 68.61893319856158
9.224135079970454 5.283705020438964 68.61893319857639
7.77027115859388 4.553113814405323 44.73555846234911
8.064961188750702 2.5126386695027483 68.15557813941348
7.311267865632956 3.396241140304996 44.7355584623522
10.44358144526292 6.497647747052674 0.058755883992163
9.40198565463642 6.451657487617187 85.66445834439784
8.301582592344298 5.670301655371153 68.61893319857542
6.278508208644859 6.08691866592722 24.99181438701904
