237 15.981716127094504
5.645801818361262 11.396021471795164 17.941492544761616
6.354172861228518 10.570768516183367 17.558294266975423
4.3903886558235135 6.641704970650803 16.92712042089173
5.360510593395631 6.888679034301797 16.927120420893026
6.293553751001914 7.257486369098048 16.927120420894326
4.816279313384683 5.550938288535013 81.19219529385411
1.6133395439377054 14.338417192085725 17.941492544691393
2.5668960128757776 14.639715004838134 17.941492544694643
1.5834449179378103 13.272882976491047 17.941492544804444
2.535612085455262 13.578471522725224 17.941492544803612
3.4869836598088604 13.886517187589225 17.941492544803747
1.5932882231562466 12.101077281025834 15.934894077587245
2.51759250710683 12.506157750591438 15.93489407758774
3.470257324737535 12.811907431510658 15.934894077587721
4.42221263694239 13.120142105502506 15.934894077587554
1.5729493538642645 11.009951361661704 16.975083471752328
2.52101516844575 11.329313734624998 16.97508347175203
3.448468744972084 11.738373290194836 17.941492544753636
4.400635912489653 12.043961836429064 17.941492544762255
5.35200748684336 12.352007501293 17.94149254476056
1.6241938105730531 9.980041153327246 16.97508347183883
2.8129709726808683 10.372881921841 16.97508347194115
3.742263076490139 10.782387260697089 17.941492544752958
4.6944302440076315 11.087975806931258 17.941492544759473
2.5811805948279494 9.227712804527126 17.28512890858985
3.5317820765433146 9.546149436765763 17.558294266970552
4.450607997033899 9.9571258469089 17.55829426697579
5.402780008903238 10.262715961701435 17.558294266975825
1.625982506959505 8.93174306570221 17.285128908565977
3.5363653015680487 8.476427412339419 17.285128908592807
4.4841742298908365 8.796142716134138 17.285128908596437
5.403532094655221 9.207287442871731 17.28512890859727
4.490402953488742 7.7203716619837 16.92712042088879
5.437711694261781 8.04230521530538 16.927120420888816
2.5811805948280098 8.180414672749654 17.28512890858917
3.534546599083508 7.426523816858118 16.927120420888734
6.355733603620974 9.51288689106823 17.28512890859685
6.357800639510236 8.453677440112083 16.927120420888553
2.5793371025008947 7.130550527862492 16.927120420886517
1.625982506959394 7.88444493392474 17.285128908546525
0.5000000010321131 8.674315223946294 89.99999999999848
2.545762127923905 1.7013524322025448 52.314561681578546
7.843619928697087 1.6022720225603537 76.59843372201126
9.745305183230613 0.6163433423856661 74.350089025987
6.632868095418142 4.408562183931956 74.7995223195208
6.874299022049869 5.4152654880050655 70.66033841434066
7.244011319500488 6.345309315938936 70.66033841434731
5.685531359080628 4.7358215467006834 74.79952231952227
14.338722300506653 1.6154959442419061 71.38320582133942
14.645261630390692 2.567448239817372 71.38320582132754
12.957593254673345 0.6334559900220729 71.38320582132748
13.268702676392337 1.5838687883164067 71.38320582132499
13.578970304305173 2.534565156300194 71.38320582132492
13.898207404464586 3.4822400361836996 71.3832058213244
11.850907229251366 0.6227397571580999 73.27465178621904
12.198228320824814 1.5625444039487126 73.27465178621514
12.509421355316503 2.5132054118530487 73.27465178621428
12.819763231370658 3.4641221899829056 73.27465178621411
13.1391743612066 4.412313687587719 73.27465178621492
10.79840714385136 0.61342109725007 74.82961828604043
11.078485224442304 1.5735873538474898 74.8296182860402
11.426397988989923 2.5153609840760494 74.82961828604006
11.737887990215748 3.4670102449754863 74.82961828604014
12.048519889878136 4.4188921705953685 74.82961828604041
12.3682950236517 5.36829500920228 74.82961828604154
10.02535038332033 1.5763895941111468 74.3500890259862
10.305394898945147 2.536436037561396 74.3500890259862
10.653115419672941 3.47752343629113 74.35008902598635
10.964498377180606 4.428790595059416 74.35008902598672
11.275025240400566 5.380297583700765 74.35008902598757
9.256342561179158 2.5268281060478763 73.4759305365851
9.536373828625397 3.4868298932943045 73.47593053658557
9.883776136960357 4.426844679839926 73.4759305365864
10.195004627805256 5.377591171208296 73.47593053658807
8.976310612354618 1.5668265209236152 73.47593053658575
8.476551919482269 3.5074534965509025 76.59843372200828
8.756935078550377 4.468641420001829 76.59843372200856
9.105779608932568 5.413517566332253 76.59843372200935
7.668039617743879 4.404577888175765 74.79952231952099
7.97020432328355 5.394779645926624 70.66033841432971
8.19616806799275 2.546265738008713 76.59843372200855
7.388046167621102 3.419666068502618 71.99475145257979
8.315591905978154 6.357987943810086 73.38916248118394
5.947015563228748 5.815152573629229 71.51335721978947
3.7364269862196524 5.561592291381517 81.19219529384469
2.5314948277724296 4.909665997359221 2.876662564120285
3.5833065367227173 4.573384756452123 81.1921952938587
4.595220042921554 4.573257715238993 81.19219529385353
2.5244630172206026 3.9080509422750573 2.876662564119484
3.553810571159387 3.5074821889562475 89.3860860472961
4.557384262292326 3.50744451168047 89.38608604726188
5.560973741518925 3.5185405786625896 89.47325951879417
2.5244630172241456 2.906789231904468 2.87666256411916
3.5497579070853087 2.5074682061803113 89.38608604730368
4.549815317365975 2.50746820618056 89.38608604728859
5.54994143931548 2.5138808700261093 89.38608604728529
6.549930137927271 2.507468206181164 89.38608604728181
3.744078168987034 1.5053286080240795 89.38608604731054
4.744135579266553 1.5053286080241604 89.3860860473101
5.744234484875835 1.5092012858322272 89.38608604730871
6.744250399825603 1.5053286080245245 89.3860860473073
7.4340446864591705 7.462142210503106 87.5786445628086
1.6170203985246232 1.1551714735316452 52.31456168157725
0.5000000010321441 15.321235263701578 1.227e-12
1.5000000030964236 15.481716126062377 2.45e-12
15.360503883056678 0.5000000010321788 89.99999999999808
15.481716126062357 1.5000000030965266 89.99999999999615
0.5000000010321104 9.674315226010538 89.99999999999875
0.5032246724443219 7.67431522188204 6.21e-13
0.500000001032121 6.674315219817786 2.655e-12
1.6239154710706076 6.835274271273381 16.927120420883266
0.5000000010321353 5.674315217753543 2.793e-12
1.6239154710706476 5.78998816393724 16.9271204208825
2.788361747373023 5.973782770073112 81.19219529384782
0.5000000010321601 4.674315215689297 1.909e-12
1.5000000030965044 4.661528784686048 89.99999999999554
0.5000000010321708 3.6743152136250528 2.201e-12
1.5000000030997143 3.656858658436297 89.99999999989443
0.5000000010330572 2.6743152115608053 1.225e-12
1.5041765573008803 2.6351005565686902 89.96172706155595
0.5000000010321157 1.6743152094965579 7.3e-14
0.500000001032121 0.5000000010321157 89.99999999999967
2.628961827427391 0.5000000010321051 2.8e-14
3.628961829491625 0.500423145624417 8.05e-13
5.6289618336200915 0.5000000010321477 1.669e-12
4.628961831555859 0.5000000010321193 1.578e-12
6.628961835684324 0.5005205368669836 1.248e-12
7.628961837748556 0.5000000010322792 8.25e-13
8.62896183981279 0.5000000010320997 1.79e-13
3.4817161012919673 15.481716126062363 3.992e-12
4.48171610335617 15.481716126062352 3.66e-12
5.481716105420375 15.481716126062373 3.288e-12
6.48171610748458 15.481716126062365 2.841e-12
7.481716109548785 15.481716126062361 2.321e-12
8.481716111612988 15.481716126062382 1.785e-12
9.481716113677194 15.481716126062391 1.33e-12
10.481716115741396 15.481716126062393 1.095e-12
11.481716117805599 15.481716126062397 7.81e-13
12.481716119869802 15.481716126062398 6.23e-13
13.481716121934 15.481716126062397 4.94e-13
14.481716123998202 15.481716126062395 3.53e-13
15.481716126062402 15.481716126062386 1.68e-13
4.48171610335562 14.481716123997934 2.1654e-11
5.48171610541985 14.48171612399802 2.0145e-11
6.481716107484087 14.481716123997996 1.8053e-11
7.481716109548319 14.481716123997945 1.5439e-11
8.481716111612602 14.481716123998112 6.641e-12
9.481716113676844 14.481716123998162 2.656e-12
10.481716115741065 14.481716123998172 1.523e-12
11.48171611780529 14.48171612399818 1.28e-13
12.481716119869514 14.481716123998176 89.99999999999952
13.48171612193401 13.481716121933943 89.99999999999996
14.481716123998007 14.481716123998156 89.99999999999854
15.481716126062336 14.481716123998146 89.99999999999861
5.481716105420215 13.481716121933772 2.4449e-11
6.481716107484418 13.481716121933708 2.3772e-11
7.48171610954865 13.481716121933626 1.9897e-11
8.481716111612936 13.48171612193384 9.574e-12
9.48171611367718 13.481716121933903 4.422e-12
10.481716115741403 13.481716121933946 1.651e-12
11.48171611780561 13.481716121933957 5.1e-13
12.481716119869812 13.481716121933953 89.99999999999996
13.481716121933747 12.481716119869688 89.9999999999956
14.481716123998208 13.481716121933918 89.99999999999994
15.481716126062404 13.481716121933903 89.99999999999997
6.481716107484022 12.48171611986946 2.3923e-11
7.481716109548246 12.481716119869372 2.1737e-11
8.481716111612515 12.481716119869589 1.4166e-11
9.481716113676802 12.481716119869667 5.026e-12
10.481716115741047 12.481716119869716 2.93e-13
11.481716117805279 12.481716119869727 89.99999999999825
12.481716119869507 12.481716119869716 89.99999999999692
13.481716121933857 11.481716117805458 89.99999999999363
14.481716123998 12.481716119869663 89.99999999999591
15.481716126062338 12.481716119869663 89.99999999999866
7.478391365167908 11.481716117805103 2.3088e-11
8.481716111612364 11.481716117805366 1.5069e-11
9.481716113676809 11.48171611780544 4.38e-12
10.48171611574111 11.481716117805489 89.99999999999861
11.481716117805362 11.48171611780551 89.9999999999971
12.481716119869606 11.481716117805506 89.99999999999599
13.481716121933935 10.481716115741236 89.99999999999439
14.481716123998101 11.481716117805426 89.99999999999378
15.481716126062375 11.481716117805437 89.99999999999801
7.481716109548438 10.481716115740843 2.4066e-11
8.481716111612718 10.48171611574115 1.532e-11
9.481716113677024 10.481716115741232 4.306e-12
10.481716115741271 10.481716115741264 89.9999999999994
11.481716117805497 10.481716115741301 89.99999999999703
12.481716119869713 10.481716115741298 89.99999999999604
13.481716121934 9.481716113676967 89.99999999999923
14.481716123998147 10.4817161157412 89.99999999999466
15.481716126062379 10.481716115741202 89.99999999999733
7.4817161095484925 9.481716113676235 1.2294e-11
8.48171611161271 9.481716113676901 1.1359e-11
9.481716113676988 9.48171611367702 3.979e-12
10.48171611574125 9.481716113677047 7.1e-14
11.481716117805524 9.481716113677093 89.99999999999739
12.481716119869791 9.481716113677068 89.99999999999929
13.481716121933747 14.481716123998174 4.7e-14
14.481716123998199 9.481716113676946 89.99999999999916
15.4817161260624 9.481716113676933 89.9999999999995
7.481716109548713 8.481716111611826 1.0152e-11
8.481716111612915 8.481716111612675 9.55e-12
9.481716113677173 8.481716111612792 2.856e-12
10.48171611574138 8.481716111612826 1.606e-12
11.48171611780558 8.481716111612855 1.208e-12
12.481716119869787 8.481716111612855 4.41e-13
13.481716121933992 8.481716111612725 2.42e-13
14.481716123998195 8.481716111612634 4.12e-13
15.481716126062402 8.481716111612563 2.84e-13
8.44589171502029 7.466556923032041 88.27650717883489
9.468669165098051 7.481716109548409 89.9999999999833
10.47335164634539 7.481716109547921 89.999999999923
11.475749701976506 7.48171610954857 89.99999999999288
12.477800503762829 7.4817161095485964 89.99999999999389
13.479700875306287 7.4817161095485085 89.99999999999909
14.48171612399806 7.481716109548338 7.93e-12
15.48171612606237 7.481716109548274 2.387e-12
11.481716117805362 6.481716107484328 89.99999999998816
12.481716119869578 6.481716107484351 89.99999999998852
13.481716121933871 6.481716107484292 89.99999999999818
14.481716123998142 6.481716107484071 4.15e-12
15.481716126062384 6.481716107484018 1.72e-12
13.481716121933875 5.4817161054200705 89.99999999999687
14.481716123998098 5.481716105419757 89.99999999999714
15.481716126062372 5.4817161054197605 89.99999999999878
14.481716123997707 4.481716103355444 89.99999999998856
15.481716126062334 4.481716103355504 89.99999999999507
15.481716126062324 3.481716101291271 89.99999999999389
0.5000000010321104 14.109525708581769 1.414e-12
0.5000000010321424 12.951664605520858 4.452e-12
0.5000000010321068 11.857832004916776 1.066e-12
0.5000000010321068 10.67431522807479 7.03e-13
14.099625687538593 0.5000000010321433 89.99999999999561
10.443957275577388 6.443957267320531 85.49118761785847
9.39675301231886 6.4065740550694255 80.57312795370876
