237 15.931666560843546
1.500000101049217 15.431666527179647 2.8306e-09
0.5000000336856463 15.316735599012445 1.41529e-09
15.348476519172188 0.5000000336111734 89.99999999999648
15.431666527232442 1.5000001008335042 89.99999999999297
0.5000000336125154 9.500000653764172 1.23184e-10
0.5000000336214567 8.500000585883516 89.99999999943869
1.5000001008557495 8.176908214214526 89.9999999988756
0.5000000336158656 7.5000005180028175 2.45348e-10
1.5000001008899098 7.174931415107896 3.785753e-09
2.5000001681100716 7.500000504400371 3.522936e-09
0.5000000336151746 6.500000450122221 89.99999999978142
1.5000001008428665 6.173057703768294 89.99999999944814
2.501302383533347 6.500000437167908 3.706951e-09
3.502490262266578 6.539101676787711 0.024074567952269
0.5000000336111672 5.500000382241664 89.99999999999098
2.5000001680610575 5.500000369889467 89.99999999937297
3.5000002352835846 5.500000369959061 89.99999999932628
4.500000302511651 5.538426654205493 89.99999999869611
0.5000000336112089 4.5000003143611185 8.113e-12
1.5000001008335007 4.863448229735411 1.6226e-11
2.5000001680656876 4.500000302642123 89.99999999981752
3.5000002353269304 4.500000302712525 89.9999999988139
4.500000302572083 4.5000003025226984 89.99999999901694
0.5000000336123991 3.500000245762454 5.9714e-11
1.500000100837 3.5000002458787414 1.19059e-10
2.5000001680626154 3.5000002353998827 8.3801e-11
3.500000235289102 3.5000002354527036 89.99999999979248
4.500000302512833 3.5000002352926627 89.99999999980388
5.500000369736592 3.500000235283875 89.9999999998638
0.5000000336112311 2.5000001756427928 89.99999999999741
1.5000001008336916 2.5000001759187924 89.99999999999483
2.5000001680561796 2.5000001681414137 89.99999999999163
3.500000235278745 2.5000001681484214 89.99999999995276
4.500000302501526 2.500000168068328 89.99999999988972
5.500000369723999 2.500000168060869 89.99999999986328
6.500000436946413 2.5000001680569133 89.99999999984415
0.5000000336111201 1.5000001051514404 89.99999999999191
1.500000100833316 1.5000001057254826 89.99999999998381
2.5000001680556982 1.5000001008792818 89.99999999995725
3.500000235277933 1.500000100844595 89.99999999994047
4.500000302500144 1.5000001008387933 89.9999999999263
5.500000369722329 1.5000001008359218 89.99999999991525
6.5000004369444975 1.5000001008341401 89.9999999999062
7.500000504166661 1.5000001008339758 89.9999999998995
0.5000000336110526 0.5000000345276447 1.261e-12
1.5000001008331543 0.5000000345276261 2.522e-12
2.500000168055318 0.5000000336146764 89.99999999999935
3.5000002352774837 0.5000000336126122 89.99999999999622
4.500000302499648 0.500000033611836 89.99999999999308
5.500000369721814 0.5000000336114461 89.99999999998978
6.50000043694398 0.5000000336111974 89.99999999998633
7.500000504166148 0.500000033611177 89.99999999998268
8.50000057138828 0.5000000336111885 89.99999999998211
9.500000638610398 0.500000033611161 89.99999999998317
3.4316657056503264 15.431666526593975 4.795567e-09
4.431665773835869 15.431666525174474 89.99999998015743
5.4316658424632145 15.43166652723153 89.99999999996326
6.431665911987843 15.431666527231272 89.99999999986031
7.431665980668278 15.431666527229915 89.99999999978917
8.431666048264841 15.431666527230988 89.9999999998318
9.431666115920283 15.431666527232418 89.99999999998776
10.43166618365527 15.43166652723236 89.99999999998359
11.431666251506016 15.431666527232457 89.99999999999159
12.431666319547336 15.431666527232428 89.99999999998903
13.431666387997115 15.43166652723238 89.99999999998356
14.431666457831843 15.431666527232382 89.9999999999879
15.431666526769481 15.431666527232432 89.99999999999929
4.431665774310867 14.431666453470537 9.2609297e-08
5.431665843180813 14.431666460007602 89.99999999992652
6.4316659130269285 14.431666460007895 89.99999999972059
7.431665981833528 14.431666460003848 89.99999999956657
8.431666050254577 14.431666460006511 89.99999999957868
9.431666118241349 14.431666460010248 89.99999999997513
10.431666185933043 14.431666460008204 89.99999999975302
11.431666253663165 14.431666460010343 89.99999999998283
12.431666321429685 14.431666460009724 89.99999999991613
13.431666389231463 14.43166646001014 89.99999999996363
14.431666457534948 14.431666460010124 89.99999999997594
15.431666526956695 14.4316664600102 89.9999999999986
11.43166625831858 11.431666258344203 89.99999999997858
5.431665845477889 13.431666392783669 89.9999999998893
6.431665913355579 13.431666392784521 89.99999999958119
7.43166598163132 13.431666392779565 89.99999999952907
8.431666050069424 13.431666392783626 89.99999999950748
9.431666118972052 13.431666392788168 89.99999999997236
11.431666255078225 13.431666392788289 89.99999999998072
12.431666322922133 13.431666392787541 89.99999999990438
13.431666390726521 13.43166639278785 89.99999999993821
14.43166645853348 13.4316663927878 89.99999999995941
15.431666527226302 13.431666392787971 89.99999999999794
6.431665922184455 12.431666325561439 89.99999999947559
7.431665989407903 12.431666325553527 89.99999999944416
8.431666056631588 12.431666325560636 89.99999999942445
9.431666123859944 12.431666325566102 89.99999999997084
10.43166619108653 12.431666325562977 89.999999999709
11.431666258312877 12.431666325566242 89.99999999997938
12.431666325538336 12.431666325565391 89.99999999989898
13.431666392764406 12.431666325565708 89.99999999992947
14.431666459991554 12.431666325565352 89.99999999993203
15.431666527230297 12.43166632556574 89.99999999999682
7.4316659893998915 11.431665595372163 89.99999999929783
6.431665922175973 11.431666258338689 89.99999999940738
8.431666056624298 11.431666258336449 89.99999999920328
9.431666123854685 11.431666258344046 89.9999999999702
10.431666191085036 11.43166625834031 89.99999999969518
10.4316661871408 13.431666392785676 89.99999999971641
12.431666325545416 11.43166625834322 89.99999999989785
13.431666392773764 11.431666258343595 89.99999999992474
14.431666460001114 11.431666258341687 89.99999999977176
15.431666527230245 11.431666258343508 89.999999999995
7.430020042105671 10.431316475644174 89.95991147420845
8.431665065132186 10.431665199634669 89.99988638400791
9.431666123842861 10.431666191121991 89.99999999996966
10.431666191076278 10.431666191117728 89.99999999969609
11.431666258307441 10.43166619112201 89.99999999996133
12.431666325535444 10.431666191121058 89.99999999989858
13.431666392770541 10.431666191121508 89.99999999992228
14.431666460001704 10.431666191117403 89.99999999954052
15.431666527230997 10.431666191121273 89.99999999999348
7.426140400216988 9.431231299851923 89.94981237444432
8.43166490876335 9.431664981607634 89.9998690554889
9.431666118705916 9.431666123899936 89.99999999996925
10.431666191064249 9.431666123895093 89.99999999971101
11.431666258298566 9.431666123899827 89.99999999994472
12.43166632553346 9.431666123898983 89.99999999989579
13.431666392765848 9.431666123899419 89.9999999999197
14.431666459999757 9.431666123894361 89.99999999945092
15.431666527230652 9.431666123899033 89.99999999999268
7.424223509295945 8.431232220458858 89.94977578556474
8.426923134834265 8.43123123267659 89.94971879044613
9.431664470542584 8.43166605667788 89.99999999996878
10.431666186661968 8.431666056671943 89.99999999979065
11.431666258286699 8.431666056677647 89.99999999992876
12.431666325524573 8.43166605667691 89.9999999998933
13.431666392761601 8.431666056677328 89.99999999991694
14.431666459997585 8.431666056671613 89.9999999993945
15.43166652723061 8.431666056676791 89.99999999999251
8.423346887219942 7.431233925543891 89.94971878932411
9.427747401784677 7.431665989455827 89.99999999996827
10.429483699827397 7.4316659894487715 89.99999999987408
11.431666254988453 7.431665989455474 89.99999999991336
12.431666325514996 7.431665989454837 89.99999999989102
13.431666392753542 7.4316659894552375 89.9999999999141
14.431666459989188 7.431665989449027 89.99999999935626
15.431666527228627 7.4316659894545465 89.99999999999248
11.43166625834302 6.431665922233299 89.99999999989797
12.431666325565214 6.4316659222327655 89.99999999988916
13.43166639278753 6.431665922233143 89.99999999991114
14.431666460010314 6.431665922219581 89.99999999998734
15.431666527232448 6.431665922232299 89.99999999999261
13.431666392787298 5.431665855011071 89.99999999990993
14.431666460009566 5.4316658549951775 89.99999999991779
15.431666527232407 5.431665855010042 89.99999999998941
14.431666460002544 4.43166578776947 89.99999999964079
15.431666527231915 4.43166578778775 89.99999999998056
15.431666527232103 3.43166572056547 89.99999999997323
6.384058536229566 10.431666191116937 89.99999999939538
7.422908299947119 7.429827323308954 89.99999149302936
4.988801152452613 6.538426721418204 89.99999999870242
6.422908158805529 7.431665989449785 89.99999999936479
0.6696938223686466 13.803499051574617 26.27848613372501
1.576439310979966 14.229367883357904 26.34484221025064
2.516558139497376 14.650139600035509 29.61186492828895
0.6585895044202976 12.667067603177308 23.651931074404807
1.5595267197011715 13.102638564629657 23.6519249587119
2.483025289725597 13.49017969069481 23.486882055687268
3.382352495069054 13.937375706648952 23.874506424271374
0.5000000336122854 11.500000789525275 89.99999999987864
1.558163464234931 11.953436516726649 22.017436517158824
2.4607567497390033 12.388854012362199 22.017436526755905
3.387341085464617 12.765483361488956 21.99423869956786
4.2808570775448915 13.223728870800002 21.982061579355292
0.5008128651042352 10.500000721644723 9.23e-13
1.6304706781345875 10.765839346530806 18.07753018514251
2.530336503559118 11.231685829974836 18.077530185142507
3.4391713898306016 11.670055017163834 18.07753018512483
4.370084305333222 12.040786530900274 18.077530185090087
5.43166585495816 12.431666325559723 89.99999999984942
1.6514897938165962 9.579798533606963 22.123590880769537
2.550522012567443 10.023658796255374 22.123590880794602
3.4421540171995595 10.485722150671782 22.123590880458067
4.352035500099767 10.923208588178218 21.24010999200318
5.2844920585654 11.28449246195233 21.240109986406654
2.486164057208631 8.835470132753318 28.467077903380687
3.4030555054634606 9.290443219652026 26.20991538787182
4.29793597776864 9.752659134991791 25.7097268734659
5.24556529077311 10.196295282352375 21.097868148468695
3.4575357388651495 8.202661360282413 26.209915387826648
4.354717749892824 8.64432251269403 26.209915387286532
5.259029915226904 9.093809492925347 25.06937105298094
4.326494826010213 7.515827834096922 26.209915387643697
5.257215687090408 7.912833928282522 25.02442300738139
6.418707994988508 9.431666123894322 89.99999999938449
6.423785345153312 8.43166605667201 89.99999999937316
6.276269621278784 4.41739156561202 59.160924356099166
6.742886353625929 5.322969489290987 61.31135307976126
7.164956837526495 6.27043701778951 65.75264241957939
5.5357145509999555 5.458160987810551 85.3594870116916
13.91313295365293 0.6434766185597915 69.49281046425806
14.279313815126654 1.5741743632361516 69.49281046425426
14.593891894671128 2.5241729792775143 69.49281046424973
12.732238623891048 0.6434766185619436 69.49281046389812
13.18190132818195 1.5429498414416623 69.49281046383219
13.51233533252092 2.4870179017245277 69.49281046424933
13.849081646138954 3.4287249839799845 69.49281046426763
11.625372455898571 0.6253717164549855 72.82110713540641
11.978389217778094 1.5629333424963825 72.82110713539744
12.430804585143868 2.4697660818264042 72.82110713539292
12.76139783249786 3.4142598940313 72.8211071353924
13.066827107162931 4.3665330993585325 72.82110713539545
10.500000705832502 0.5000000336111565 89.99999999998415
10.8610943009948 1.5662907618786939 72.82110713538727
11.221837966357583 2.5014636306136033 72.82110713538444
11.674253333727021 3.4082963699424296 72.82110713538275
12.004846581081136 4.352790182147274 72.82110713538356
12.30629464272143 5.306294172167547 72.82110713539141
9.625372321454847 1.6253717836772994 72.82110713535945
10.103643008123187 2.524211401193556 72.82110713535688
10.470679758448696 3.457438774750676 72.82110713535623
10.923095125821675 4.364271514078311 72.82110713535683
11.253688373175883 5.308765326283102 72.8211071353587
8.873944573664822 2.568537996787528 71.66089201860306
9.34367740240221 3.4663396308764867 71.66089201860184
9.71768328202646 4.395872428885575 71.66089201860329
10.1691158226688 5.299740164965545 71.66089201860785
8.500000571388787 1.5000001008340043 89.99999999989845
8.156652484075574 3.5447351395555398 67.94788689145932
8.616760556106382 4.4372841794379045 67.94788689146344
8.996474115658415 5.362399797816403 67.94788689146772
7.444708258329703 4.444830649756453 65.75264241974759
7.88882767836139 5.341548762663102 65.75264241980018
7.699110965131686 2.651146429969729 67.94788689146044
6.988258652725866 3.55366619645251 65.75264241971742
10.422908806383724 6.43166592222592 89.99999999992482
9.422908739161224 6.4316659222337735 89.99999999996781
8.261679767507788 6.270366513622561 65.75264241983452
6.0215812074093655 6.422012218848664 85.35948701168213
