237 15.929780844673795
0.5000000173162409 13.823579610916788 3.98e-13
1.6252195205186926 14.18293028220571 26.041029193576986
2.520847605564925 14.627781494066813 26.041029193577483
0.6617895890054113 12.66179000459513 24.37595205607452
1.5878311754120231 13.041000565853395 24.37595205607672
2.4892731379369346 13.47450125425528 24.375952056077054
3.384821154978538 13.921009582466777 24.37595205607733
1.5637663472680714 11.929253092000549 21.2061070865857
2.484776149957309 12.320037783979227 21.206107086585792
3.389376567488921 12.7531150253593 21.20610708658583
4.287579445198515 13.202680896085841 21.206107086585853
1.6330430304675438 10.73129291063358 18.54158308922758
2.5287826414254733 11.205377418712004 18.54158308922766
3.4517640519954584 11.598240714750373 18.541583089227647
4.361221098493056 12.031426796322553 18.541583089227505
1.6330430304675403 9.633043307527398 18.541583089226744
2.5680212485320197 9.990138216041272 18.5415830892271
3.464198479696811 10.4629179623849 18.541583089227135
4.386742270059939 10.85708602015806 18.541583089227117
5.296737502513981 11.288667504090446 18.541583089226734
2.576764527559938 8.89575235926395 21.206107086567943
3.508782494000516 9.258165280978169 21.20610708656824
4.39931941480258 9.727488921897839 21.20610708656809
5.318961458663249 10.121798792082998 21.20610708656793
3.487915881735524 8.13701826947502 25.07525064616434
4.404670668177246 8.537311586890096 25.07525064616447
5.2907148148225875 9.00323889322383 25.07525064616206
4.3592484094779405 7.4120030963158205 25.07525064616446
5.265000391867597 7.835811326893088 25.07525064616434
6.306118786287325 4.401319300159734 60.525267897882685
6.970183611403139 5.210934659921088 64.2684191446641
7.336475701575383 6.260075408701756 77.95903471118349
13.73033948977017 0.6702680591821952 63.644057849470464
14.17816787856852 1.5655723473142444 63.62988708360949
14.605348261864137 2.47126622965546 63.62876127680686
12.612385829918116 0.6700816128305727 63.64561576609551
13.056923905085217 1.5662697479655536 63.63795219753946
13.488114911387672 2.4690863882445164 63.62876127719465
13.93246192281617 3.3653470169756217 63.62876127669866
11.494920509117456 0.6700601930042982 63.62876127730827
11.939493881212375 1.5658027751702965 63.62876127729639
12.37134956222136 2.46785051885212 63.6287612772834
12.81553507230944 3.363785394774969 63.62876127718536
13.259720582402107 4.259720270694686 63.628761277191636
10.378767877782689 0.6700601930045282 63.628761277362905
10.822953387868957 1.5659950689296265 63.628761277378324
11.256336333672543 2.470249644330778 63.94055516878037
11.701767301589124 3.3685957268457907 63.628761276872076
12.14595281168296 4.264530602767916 63.62876127673964
9.717671460987926 1.5879215906797803 63.628761277300285
10.154184575013074 2.4927725797693316 63.94055516888872
10.594195140885162 3.39630994982224 63.63569904595661
11.043850257241246 4.292870009668131 63.62876127669676
9.040244906252372 2.527736187285888 66.49564175848647
9.474718280067808 3.429259701483252 66.49564175849083
9.91073728496414 4.330111016175211 66.49564175851653
10.326948612340317 5.331890862919581 77.26977481714249
8.351889117069803 3.4491188805673936 65.3646440057144
8.786123800868186 4.350121899421164 65.36464400573541
9.215802087359753 5.279971394186324 68.22421429764208
7.675904189160691 4.370390176882426 63.53895689151861
8.115272908469048 5.2862339243995144 65.36464400576867
7.6673294000111625 2.6629105123854986 65.36464400571556
6.990438319765654 3.5797389757489206 60.52526789785835
12.429780723455645 5.429780481008314 89.99999999965814
11.418072891864867 5.418072684054033 88.64216965204683
8.429780584929885 6.425617441136682 89.99999999997173
1.5000000519487244 15.429780827357554 2.27e-13
0.5000000173162409 15.334992952813517 1.07e-13
15.222665516551894 0.5000000173164798 89.99999999998991
15.429780827357416 1.500000051949339 89.99999999999118
0.5000000173162373 9.500000329008525 4.2e-14
0.5000000173162391 8.500000294376049 89.99999999999994
1.5000000519487218 8.50000029437609 89.99999999999959
0.5000000173162409 7.5000002597435715 89.9999999999999
1.5000000519487307 7.500000259743609 89.99999999999928
2.5000000865812204 7.50000025974374 89.99999999999945
0.50000001731624 6.500000225111094 89.99999999999987
1.5000000519487253 6.500000225111128 89.99999999999912
2.5000000865812053 6.500000225111225 89.99999999999898
3.5000001212136835 6.500000225111175 89.999999999999
0.5000000173164283 5.500000190478619 89.9999999999999
1.500000051949681 5.500000190478646 89.99999999999923
2.5000000865826957 5.500000190478691 89.99999999999932
3.5000001212156446 5.500000190478689 89.99999999999876
4.663554506714245 5.663554541347498 65.21417666366231
0.5000000173163786 4.500000155846143 89.9999999999999
1.5000000519496473 4.500000155846164 89.99999999999937
2.5000000865827445 4.500000155846198 89.99999999999952
3.5000001212156047 4.5000001558462035 89.99999999999855
4.500000155848483 4.500000155846857 89.9999999999725
0.500000017316399 3.5000001212136667 89.99999999999994
1.5000000519497965 3.5000001212136835 89.99999999999952
2.5000000865841647 3.500000121213705 89.99999999999957
3.5000001212175773 3.5000001212137137 89.9999999999988
4.500000155850728 3.5000001212142413 89.99999999997769
5.500000190483908 3.50000012121419 1.3502e-11
0.5000000173164345 2.50000008658119 89.99999999999999
1.5000000519502974 2.5000000865812027 89.99999999999962
2.5000000865840315 2.5000000865812186 89.99999999999972
3.5000001212181227 2.500000086581224 89.99999999999908
4.500000155851222 2.5000000865815792 89.99999999998681
6.50000022511986 1.5000000519494279 3.9842e-11
6.5000002258182565 2.500000086650844 3.00928e-09
0.5000000173164727 1.5000000519487138 8e-15
1.5000000519503578 1.5000000519487218 89.99999999999973
2.5000000865843157 1.5000000519487307 89.99999999999983
3.500000121218057 1.5000000519487342 89.99999999999939
5.501983861918016 0.5000000173162933 7.82e-13
5.500000190486791 1.500000051948983 1.1632e-11
7.500000259753372 1.5000000519492698 89.99999999995907
0.500000017316574 0.5000000173162373 0.0
1.5000000519504333 0.50000001731624 89.99999999999989
2.5000000865843726 0.5000000173162436 89.99999999999994
3.500000121218841 0.5000000173162444 89.99999999999972
4.500000155853307 0.5000000173163279 89.99999999999481
4.500000155853389 1.5000000519489545 89.99999999999066
5.500000191073871 2.5000000865816183 1.4238e-11
6.927425613515494 0.5000000173163883 89.99999999999933
8.017298895682186 0.5000000173163066 89.99999999999999
9.02761082642216 0.5000000173163688 3.125e-12
3.429780411767827 15.42978082735755 6.39e-13
4.429780446400304 15.42978082735755 5.98e-13
5.4297804810327825 15.42978082735755 5.4e-13
6.429780515665261 15.429780827357533 4.48e-13
7.429780550297738 15.429780827357536 3.58e-13
8.429780584930215 15.42978082735753 2.89e-13
9.429780619562694 15.429780827357408 2.46e-13
10.42978065419517 15.429780827357394 2.04e-13
11.429780688827648 15.429780827357366 1.64e-13
12.429780723460125 15.429780827357344 1.28e-13
13.429780758092601 15.429780827357309 9.1e-14
14.42978079272508 15.429780827357263 5.3e-14
15.429780827357558 15.429780827357103 2e-14
4.42978044640029 14.429780792725055 2.421e-12
5.4297804810327674 14.42978079272506 2.286e-12
6.429780515665248 14.429780792724952 1.961e-12
7.429780550297728 14.429780792724971 1.662e-12
8.429780584930208 14.429780792724065 1.454e-12
9.429780619562687 14.42978079272414 1.268e-12
10.429780654195163 14.429780792723857 1.088e-12
11.429780688827643 14.429780792723752 9.12e-13
12.429780723460121 14.429780792723584 7.33e-13
13.429780758092598 14.429780792723317 5.59e-13
14.429780792725078 14.42978079272294 3.87e-13
15.429780827357558 14.429780792722635 2.13e-13
11.429780688827659 11.429780688823644 89.99999999999996
5.429780481032779 13.429780758092576 2.751e-12
6.429780515665256 13.429780758092416 2.634e-12
7.429780550297734 13.42978075809242 2.51e-12
8.42978058493021 13.429780758091152 2.26e-12
9.429780619562688 13.429780758090441 2e-12
11.429780688827645 13.42978075809014 1.455e-12
12.429780723460121 13.429780758089798 1.174e-12
13.429780758092601 13.42978075808924 8.88e-13
14.429780792725078 13.429780758088274 5.91e-13
15.429780827357554 13.429780758087862 2.97e-13
6.429747488136316 12.429780723459901 1.638e-12
7.429748830804308 12.429780723459896 1.378e-12
8.429750334711736 12.429780723458439 4.107e-12
9.429751955629623 12.429780723457393 5.49e-13
10.429753794776227 12.429780723457263 1.4467e-11
11.429755912249856 12.42978072345708 1.512e-11
12.4297584044963 12.429780723456718 1.2464e-11
13.429761542356797 12.42978072345608 1.5283e-11
14.429765980838738 12.429780723454599 1.7963e-11
15.429776037127505 12.429780723454096 2.3088e-11
7.42978055029776 11.429780688825726 89.99999999999993
6.429780515665285 11.429780688827387 89.99999999999993
8.429780584930235 11.429780688824124 89.99999999999994
9.42978061956271 11.429780688824106 89.99999999999994
10.429780654195184 11.429780688823982 89.99999999999996
10.429780654195167 13.429780758090338 1.735e-12
12.429780723460134 11.429780688823016 89.99999999999997
13.429780758092608 11.429780688820797 89.99999999999997
14.429780792725083 11.429780688820102 89.99999999999999
15.429780827357558 11.429780688819955 89.99999999999999
7.429780550297699 10.429780654193028 3.118e-12
8.429780584930182 10.429780654190306 2.842e-12
9.429780619562662 10.429780654190715 2.557e-12
10.429780654195145 10.429780654190587 2.253e-12
11.429780688827627 10.429780654190097 1.917e-12
12.429780723460107 10.429780654186128 1.542e-12
13.42978075809259 10.429780654185954 1.163e-12
14.429780792725072 10.429780654184725 7.98e-13
15.429780827357554 10.429780654183599 4.33e-13
7.429780550297165 9.429780619559878 6.2652e-11
8.429780584929679 9.429780619556475 5.8844e-11
9.429780619562205 9.429780619557402 5.3555e-11
10.42978065419475 9.429780619557478 4.6125e-11
11.429780688827297 9.429780619557095 3.8595e-11
12.429780723459823 9.429780619551869 3.3304e-11
13.429780758092356 9.429780619550657 2.7292e-11
14.429780792724907 9.429780619549087 1.9466e-11
15.429780827357462 9.428964752032588 1.0982e-11
7.429780550295102 8.353380326689154 1.1532e-11
8.42978058492773 8.42817836373559 1.4031e-11
9.429780619560377 8.429780584924208 1.5214e-11
10.42978065419306 8.429780584924499 1.6855e-11
11.42978068882576 8.429780584924238 1.6172e-11
12.429780723458487 8.4297805849184 1.4751e-11
13.429780758091276 8.429780584917113 8.102e-12
14.429780792724186 8.429780584915537 89.99999999999213
15.429780827357256 8.428469072004155 89.99999999999592
8.429780584930159 7.427075114521365 89.99999999999346
9.429780619562644 7.429780550291345 89.99999999999399
10.429780654195131 7.429780550291493 89.99999999999544
11.429780688827636 7.42978055028401 89.99999999999835
12.429780723460116 7.429780550283507 89.99999999999879
13.429780758092598 7.429780550282447 89.99999999999918
14.429780792725078 7.427755104574604 89.99999999999963
15.429780827357558 7.427756966649645 89.9999999999998
11.429780688827414 6.42978051564843 89.99999999997851
12.429780723459928 6.429780515649225 89.99999999998212
13.429780758092441 6.429780515649028 89.9999999999855
14.429780792724987 6.426759584345953 89.99999999999147
15.429780827357515 6.4267281765849535 89.9999999999958
13.429780758089798 5.429780481014553 89.99999999981362
14.429780792723312 5.425762525940492 89.99999999987448
15.429780827356822 5.425716524494852 89.99999999993618
14.429780792723697 4.425078636564095 89.99999999997708
15.429780827357089 4.384818830698931 89.99999999998852
15.406622786942828 3.378783832848515 89.44695847338568
6.429780515665219 10.429780654194872 3.273e-12
7.42978055029767 7.353380292056407 89.99999999999292
5.281949394420135 6.511278805216608 68.62735018428184
6.42978051566518 7.250234991806565 89.99999999999255
0.5000000173162373 11.500000398273478 0.0
0.5015430066335878 10.500000363641004 3.2e-14
5.4198537847145225 12.41796118080212 1.149115388395586
6.410774434773744 9.329953451536248 2.643126703845761
6.429780515662429 8.250235026439178 2.089e-12
5.613633978242642 5.2154457920169826 59.09897763597517
8.50000029438628 1.5000000519494074 89.99999999995782
10.4297806541949 6.429780515658708 89.9999999999753
9.429780619562399 6.429780515658542 89.99999999997314
6.232584579158443 6.123854480322642 71.74458620142663
