237 16.00199521659663
1.5000000012379644 15.50199521618398 6.34e-13
0.5000000004126566 15.28750584609961 7.42e-13
15.397425847228547 0.5000000004126726 89.99999999999929
15.50199521618397 1.500000001238015 89.99999999999856
0.5013345723585889 9.500000007846431 89.99999999999983
0.5012679106646276 8.500000007020912 4.34e-13
1.5034093599150564 8.502530036796381 89.99748718036946
0.5000000004126584 7.500000006195153 1.114e-12
1.5000000012379733 7.50000000619519 2.225e-12
2.5000000020632935 7.403971173294055 3.645e-12
0.5000000004126663 6.500000005368854 1.195e-12
1.500000001238 6.500000005369015 2.643e-12
2.5000000020637705 6.403971172466114 4.4876e-11
3.5000000028888776 6.8691065393637185 3.2738e-11
0.5000000004129816 5.500000004542707 2.1298e-11
1.500000001238825 5.500000004542699 3.9406e-11
2.5620504018888353 5.403971171638023 1.37858e-10
3.5895255941892357 5.86910653853845 3.3597e-11
4.989926726147898 6.16278887559762 61.203117565632496
0.5000000004126495 4.500000003716634 89.99999999999937
1.5000000012379475 4.500000003716634 89.99999999999869
4.607797425935334 5.076417975616687 42.10068375026598
5.718248784793218 4.509386192294681 78.76644434727204
6.512542435107438 3.491090996674992 74.81919903491988
0.501163543051308 3.500000002890646 3.98e-13
1.5330951637434538 3.5000000028906353 5.68e-13
3.6336768319494936 4.662904880703307 42.10068375026147
4.304112305925601 3.9209370398342944 42.100683750262455
5.452065119506926 3.5427210038041794 78.76644434727218
6.23839930808837 2.5190343891780875 73.67031508382414
0.5000000004126575 2.5000000020646906 1.13e-12
1.5000000012379715 2.5000000020646365 2.376e-12
2.7062016590731144 4.197769513801368 42.10068375026164
3.3766371330491856 3.455801672932364 42.10068375026202
5.117987459279263 2.500000002063323 89.99999999999072
4.502809234148259 1.5000000012379902 2.004e-12
7.284975943522375 2.5236790141249665 74.52312262733695
0.5000000004145697 1.500000001238627 89.99999999997593
1.500000001247928 1.5000000012387824 6.018e-12
2.7062016590731446 2.70620165907315 42.100683750262164
2.500000002079216 1.5000000012379697 89.99999999999858
3.501451851429068 1.500000001238159 89.99999999998776
5.504331352369826 1.500000001237951 1.381e-12
6.98056453215281 1.536676379942656 70.67309194168674
8.06102180577091 1.5657959042037852 74.92741684794169
0.5000000004145191 0.5000000004128884 89.99999999998816
1.5000000012466899 0.5000000004129319 5.412e-12
2.50000000207877 0.5000000004126566 89.99999999999929
3.5000000029071154 0.5000000004127356 89.99999999999308
4.500000003733849 0.5000000004126619 1.285e-12
5.500000004560574 0.5000000004126486 5.63e-13
6.5000000053872995 0.5000000004126566 5.66e-13
7.7541142777539385 0.6128198314412261 74.92741684794292
8.842568128188335 0.6106608519127743 75.27622192677667
9.887179406714296 0.6128198314415103 74.92741684789831
3.5019952062670523 15.501995216183039 3.5919e-11
4.501995207093252 15.501995216183682 1.1164e-11
5.501995207919441 15.501995216183953 3.169e-12
6.501995208745717 15.501995216183968 89.99999999999763
7.501995209572107 15.501995216183964 89.99999999999822
8.501995210398672 15.50199521618397 89.99999999999957
9.501995211225513 15.50199521618396 89.99999999999757
10.501995212052883 15.501995216183976 8.95e-13
11.501995212882315 15.501995216183921 6.21e-12
12.501995213707795 15.501995216183929 6.257e-12
13.501995214533206 15.501995216183932 5.434e-12
14.501995215358583 15.501995216183937 3.956e-12
15.501995216183952 15.501995216183904 2.185e-12
4.5019952071035085 14.50199521535784 1.522e-11
5.501995207928976 14.501995215358583 9.294e-12
6.501995208754514 14.50199521535865 89.99999999999577
7.50199520958 14.501995215358598 89.9999999999933
8.501995210405534 14.501995215358637 89.99999999999946
9.501995211231126 14.501995215358644 89.99999999999666
10.501995212056958 14.501995215358605 7.915e-12
11.501995212882383 14.501995215358516 1.4501e-11
12.501995213707758 14.501995215358534 1.5793e-11
13.501995214533128 14.501995215358512 1.6698e-11
14.501995215358495 14.501995215358498 1.5234e-11
15.50199521618391 14.501995215358434 7.049e-12
11.501995212882028 11.501995212882306 2.1359e-11
5.501995207930273 13.501995214533242 1.4381e-11
6.50199520875573 13.50199521453333 89.99999999999692
7.501995209581046 13.501995214533224 89.99999999999766
8.501995210406372 13.501995214533316 5.7e-14
9.501995211231682 13.50199521453331 89.99999999999969
11.501995212882463 13.501995214533142 1.6655e-11
12.501995213707797 13.501995214533203 1.7437e-11
13.501995214533139 13.501995214533174 1.8474e-11
14.501995215358495 13.501995214533139 1.657e-11
15.501995216183923 13.501995214533043 5.613e-12
6.501995208754196 12.501995213708012 89.99999999999535
7.501995209579587 12.501995213707854 89.99999999999721
8.501995210405076 12.501995213707913 9.1e-12
9.501995211230604 12.501995213707971 89.99999999999697
10.501995212056126 12.501995213707946 4.789e-12
11.501995212881752 12.501995213707737 2.2013e-11
12.501995213707357 12.501995213707882 1.7565e-11
13.501995214532865 12.50199521370784 1.9099e-11
14.501995215358352 12.501995213707781 1.6868e-11
15.501995216183904 12.50199521370767 3.951e-12
7.501995209580172 11.501995212880205 89.99999999999825
6.501995208754721 11.501995212882658 89.9999999999879
8.501995210405635 11.501995212882589 1.0384e-11
9.501995211231113 11.50199521288264 89.99999999999541
10.501995212056563 11.501995212881582 7.574e-12
10.501995212057057 13.50199521453328 6.864e-12
12.501995213707431 11.501995212882559 1.6243e-11
13.50199521453284 11.5019952128825 1.6954e-11
14.501995215358285 11.501995212882424 1.5675e-11
15.501995216183873 11.501995212882308 1.918e-12
7.50136069288889 10.501995212053771 89.99999999997382
8.501422434662441 10.501995066783145 89.9999833561525
9.501499388722591 10.501995212057338 89.99999999999557
11.501590123479918 10.501995212055462 89.99999999998745
10.501555632474275 10.501995212055714 89.99999999998629
12.501647079768873 10.501995212057174 7.29e-12
13.5017570465616 10.501995212057118 9.564e-12
14.501852057430836 10.501995212057032 1.0374e-11
15.501966192134628 10.50199521205695 89.99999999999918
7.5013280819954735 9.501995211227646 89.9999999999596
8.501457015737572 9.501995031619154 89.99997942536635
9.501494427219354 9.501995211232046 89.99999999999561
13.501768013770976 9.50199521123176 4.807e-12
12.501681567309383 9.501995211231822 1.82e-12
11.501637571637655 9.500341628033452 89.99909311878231
10.501595288710636 9.501995211230021 89.99999999997485
14.501866861521737 9.501995211231668 6.771e-12
15.501973374860878 9.501995211231607 89.99999999999673
7.501327866429437 8.50199521040152 89.99999999994537
8.501328077307027 8.501995000373755 89.99997592981637
9.501497623990101 8.501995210406752 89.99999999999565
13.501769595613762 8.501995210406402 6.9e-14
12.501695233083513 8.501995210406474 89.99999999999626
11.501629706023369 8.498789546495914 5.0051626501e-05
10.501564158335814 8.501995210404498 89.99999999998074
14.501855470873547 8.501995210406301 3.162e-12
15.50196654100339 8.501995210406262 89.99999999999432
8.50132786725367 7.499429793461895 89.99999999999137
9.501327868078867 7.50199520958146 89.99999999999567
10.50132786890423 7.5019952095789755 89.99999999998668
12.501995213695897 7.501995209581123 89.99999999999078
13.501995214523415 7.5019952095809765 89.9999999999905
14.50199521535156 7.5019952095808655 89.99999999999875
15.501995216181607 7.501995209580909 89.99999999999366
11.4840711192757 6.520586200466042 87.90737451445207
12.501995213708051 6.50199520875581 89.99999999999054
13.50199521453337 6.501995208754794 89.9999999999944
14.50199521535869 6.501995208755494 89.9999999999981
15.50199521618398 6.5019952087554955 89.99999999999882
13.501995214530588 5.4994296163985075 89.99999999999147
14.501995215356693 5.501995207929372 2.9814e-11
15.50199521618363 5.501995207930106 89.99999999999724
14.50199521535735 4.501995207103798 2.305e-11
15.501995216183683 4.501995207104781 89.99999999999659
15.501995216183932 3.5019952062794575 89.99999999999605
6.499040081372947 10.50199521205736 89.99999999998671
7.501327866428473 7.501995209575216 89.99999999998704
5.322308422729239 7.121202914087859 61.203117565632766
6.501327865603275 7.501995209581475 89.99999999998262
0.6612847571122513 13.984821454647545 23.564391462318298
1.6142677371870287 14.310651642963617 23.342196889121446
2.5822955356056356 14.716673767455514 24.346343199680216
0.6563871745442826 12.886351159243194 23.16697893986113
1.6052549064076818 13.210812057454586 23.166978939882636
2.528603383048524 13.594908739070465 23.166978939907622
3.4490057800693306 14.011242357827648 24.346343199680717
0.500000000412669 11.729963984286057 2.398e-12
1.5933855951365663 12.114216916030252 23.166978939903018
2.515357672365554 12.501530094634326 23.166978939905952
3.434719898739199 12.894942217355114 23.16697893990868
4.345608032973257 13.308157390919307 23.166978939908326
0.5000000004126655 10.500000008671952 89.99999999999918
1.579106664117103 10.961918576742328 26.74798985398001
2.5068835802242706 11.41019331415582 23.16697893991142
3.426245806597956 11.803605436876646 23.166978939910738
4.345608032971644 12.197017559597466 23.166978939910422
5.496786189519172 12.501995213707891 2.0293e-11
1.6664767840273491 9.855903742464047 25.48267379227336
2.552774269931809 10.320589619215085 25.482673792273708
3.4825473792533144 10.739987362954318 23.16697893991283
4.4019096056270435 11.133399485675113 23.166978939905754
5.5019952079290295 11.501995212882546 2.629e-11
2.4995452732723837 9.14246598850712 27.659722348060523
3.420349688766583 9.615005279720508 24.300892736470832
4.34486449346664 10.021278266270352 23.166978939905242
5.491324613917321 10.320584864812748 89.98828828779236
3.290001562852023 8.427731498087422 27.659722348062214
4.221329342067852 8.874707104902521 23.802371533002862
5.500429168438075 9.300658337908171 89.89692421374201
4.340135462321522 7.82317731753778 24.964498506428093
5.439917435470648 8.297025807554583 89.41368906914715
6.501327865598008 9.501995211232064 89.99999999998536
6.500347484156699 8.501995210406768 89.999999999984
6.7675674123977805 4.459016526648119 74.92741684615517
7.0314549524886205 5.4235782014655936 74.9274168478829
7.291497439108778 6.389175377727029 74.92741684790367
5.95931287879981 5.48104047983256 78.76644434727234
14.36488438465101 0.5000000004126584 89.99999999999932
14.30420004797173 1.674163931518308 62.55805453236646
14.737641321044798 2.575874777025188 62.55805453236416
13.312813164673317 0.6262030008791069 83.2277989332262
13.577962444992226 2.5024453223508134 65.64901517642791
14.046774717269075 3.41534801599615 62.558054532359606
11.958436502812415 0.6128198314416622 74.92741684787184
12.443313701900482 1.5178673508386158 74.927416847863
12.476930731722081 2.5444425832191717 74.92741684785376
12.842204302240898 3.4817002475167813 74.9274168478517
13.318067233693334 4.389175376076009 74.92741684785281
10.922807954763215 0.6128198314415094 74.92741684789993
11.182850441385522 1.5784170077020923 74.92741684789276
11.441302183672814 2.5444425832191433 74.92741684788626
11.70313211821406 3.512168839227951 74.63783911051934
12.076681806409454 4.457066474101176 73.17896651953326
12.501995213704872 5.501995207930504 89.9999999999918
10.147221893335693 1.5784170077022663 74.92741684789584
10.405673635623781 2.544442583219033 74.92741684789402
10.664861536667972 3.510934915776234 74.85378662919
10.937736630995575 4.484620300265863 73.56030848305785
11.320602832129694 5.416009375169515 73.32018552229661
9.367573750089543 2.5406004330203613 75.27622192677612
9.625984274535085 3.506645630248862 75.27622192677649
9.885335712927155 4.472443565919734 75.27622192677697
10.15993734335646 5.4342339233633945 75.27622192677794
9.107526444641284 1.5749853633528215 75.2762219267761
8.586009751549089 3.4956698498274488 74.92741684794522
8.84424075598764 4.461754871685255 74.92741684794859
9.10376589487024 5.427491373532756 74.92741684795192
7.807290484446435 4.457913840932141 74.92741684794431
8.0670835005363 5.423578201459347 74.92741684794602
8.325967264928092 2.5300726735666146 74.92741684794218
7.54932735721496 3.4917566777527913 74.92741684794244
10.482069534040146 6.484071115149014 87.90737451445436
9.378338883579751 6.3891753777277 74.92741684795747
8.327125987157583 6.389175377720758 74.92741684794315
6.237482832369507 6.445325023416172 78.76644434727288
4.117987458453948 2.500000002063392 89.9999999999914
