237 16.02191641057379
1.605425213825991 15.431211323894987 0.202204163860956
0.5024086624701392 15.435135153954608 89.99996025483549
15.453945341750702 0.5024086690320848 89.9999105407936
14.413896667928661 1.2915815217367053 44.202748021833
0.500000159060729 9.50000302215649 89.99999999999909
0.5023448904316119 8.50000270403457 3.189e-12
1.5070365258330982 8.500002704034577 2.852e-12
0.5000001590608063 7.5000023859128735 7.812e-12
1.5000004771823363 7.500002385912866 1.2079e-11
2.500000795303852 7.50000238591253 1.4268e-11
0.5000001590607654 6.500002067790942 3.83e-13
1.5000004771823168 6.500002067791048 5.177e-12
2.500000795303894 6.500002067790946 7.745e-12
3.5000011134255713 6.525219767974507 89.99999999999143
0.5024086130804006 5.500001749669239 89.99999999999154
2.204517676407174 5.500001749669236 89.99999999999316
3.2106185192202625 5.500001749669705 7.0813e-11
4.383836823966538 5.663196162522052 65.29842818197092
0.5000001590621697 4.500001431547601 89.99999999999211
1.500000477189598 4.500001431547429 2.4421e-11
2.5000007953152448 4.500001431547388 89.99999999999005
3.500001113439203 4.500001431548071 3.8241e-11
4.500001431563918 4.500001431547203 89.99999999996996
0.5000001590618259 3.5000011134259603 89.99999999999362
1.5000004771902082 3.50000111342582 2.6163e-11
2.50000079532406 3.5000011134257614 89.9999999999921
3.5000011134537745 3.5000011134258147 2.436e-12
4.500001431580521 3.5000011134256415 89.9999999999777
5.500001749705547 3.50000111342832 1.77778e-10
0.5000001590620142 2.5000007953043193 89.99999999999574
1.5000004771928568 2.5000007953042145 2.6453e-11
2.500000795322655 2.5000007953041443 89.99999999999893
3.5000011134516438 2.5000007953041825 7.582e-12
4.50000143158329 2.500000795304085 89.9999999999848
5.504099946632188 2.500000795306266 1.95598e-10
6.5072771747766875 2.5066297780534983 0.031140541382015
0.5000001590628926 1.5000004771826756 89.9999999999985
1.5000004771949529 1.5000004771826072 2.5853e-11
2.500000795324028 1.5000004771825113 7.83e-12
3.5000011134520133 1.5000004771825548 1.2108e-11
4.500001431577612 1.5000004771824935 89.99999999999176
5.50000174970207 1.5000004771838817 1.76898e-10
6.500002067825147 1.500000477186549 1.79454e-10
7.500002385948314 1.5046300758525808 1.21432e-10
0.5000001590607956 0.5000001590608916 2.181e-12
1.5000004771823923 0.5000001590608214 5.969e-12
2.500000795303981 0.5000001590608232 4.436e-12
3.5000011134255695 0.5000001590608099 3.581e-12
4.50000143154716 0.5000001590607974 2.632e-12
5.500001749668784 0.5000001590608383 9.893e-12
6.500002067790375 0.5000001590614431 1.0004e-11
7.500002385911967 0.5000001590629628 9.542e-12
8.500002704033557 0.5014600182026561 8.882e-12
9.50000302215515 0.5000001590608418 8.2e-12
3.521912434051945 15.521916251513005 89.99999999999383
4.521912752173559 15.521916251512955 89.99999999998995
5.521913070295178 15.521916251512895 89.99999999998818
6.52191338841681 15.521916251512884 89.99999999998595
7.521913706538457 15.521916251512788 89.99999999998415
8.52191402466012 15.521916251512618 89.99999999998266
9.521914342781807 15.521916251512774 89.99999999998134
10.52191466090352 15.521916251512813 89.99999999998109
11.521914979025276 15.521916251512813 89.99999999998211
12.521915297147107 15.521916251512906 89.9999999999846
13.521915615269126 15.521916251513005 89.99999999999726
14.521915933391227 15.521218019860369 2.2169e-11
15.521916251512916 15.521218079486477 1.1056e-11
4.521912752175306 14.521915933391277 89.99999999997108
5.52191307029684 14.521915933390979 89.99999999996624
6.521913388418477 14.521915933390925 89.99999999995092
7.5219137065400306 14.521915933390463 89.99999999994647
8.521914024661571 14.521915933389373 89.99999999994378
9.521914342783107 14.521915933390623 89.99999999994348
10.521914660904656 14.521915933390762 89.99999999994469
11.521914979026224 14.521915933390755 89.99999999994895
12.521915297147974 14.521915933391266 89.99999999997385
13.521915615269688 14.521915933391412 89.99999999999329
14.521915933391416 14.518965618437903 4.537e-12
15.521916251512998 14.519107517714023 2.316e-12
11.521914979026818 11.521914979024153 89.99999999997483
5.51583559262796 13.521915615268988 7.203e-12
6.521913388417521 13.521915615269041 89.99999999991937
7.521913706539321 13.521915615267918 89.9999999999083
8.52191402466103 13.521915615255285 89.99999999991847
9.521914342782889 13.521915615268796 89.99999999994544
11.521914979026185 13.52191561526886 89.99999999995516
12.521915297147938 13.521915615269705 89.99999999997614
13.521915615269634 13.521915615269783 89.99999999999038
14.521915933391455 13.517395382432266 1.4325e-11
15.521916251512973 13.51629236724709 1.0487e-11
6.521913388419893 12.521915297146645 8.825e-12
7.521913706541346 12.521915297124426 7.661e-12
8.5219140246628 12.521915297126956 6.378e-12
9.521914342784257 12.521915297146599 5.045e-12
10.521914660905711 12.521915297146759 3.6e-12
11.521914979027162 12.521915297146624 2.53e-12
12.521915297148627 12.521915297147967 2.094e-12
13.521915615270093 12.521915297147991 2.63e-12
14.521915933391572 12.516281476306494 3.18e-12
15.521916251513055 12.51433457668305 8.53e-13
7.5219137065405315 11.518056383362476 89.99999999999669
6.5219133884189855 11.52191497902502 4.368e-12
8.5219140246621 11.52191497899926 89.99999999998957
9.521914342783667 11.52191497899792 89.99999999998282
10.521914660905257 11.521914979024785 89.99999999997691
10.521914660904546 13.521915615268938 89.99999999995032
12.521915297148446 11.521914979026235 89.99999999997777
13.521915615269958 11.521914979025873 89.9999999999846
14.521915933391558 11.515005309664573 1.052e-12
15.521916251513048 11.512714365886108 5.68e-13
7.520542105161563 10.515094727640026 0.054896224506752
8.521914024655409 10.521914660869129 89.99999999923124
9.521914342778931 10.521914660867541 89.99999999945551
10.521914660904514 10.521914660902702 89.99999999991553
11.521914979026121 10.521914660901729 89.99999999992363
12.521915297147732 10.521914660904304 89.99999999993065
13.521915615269531 10.521914660903896 89.99999999996328
14.521915933391494 10.513467904289168 1.1241e-11
15.521916251513055 10.511235476104476 1.009e-12
7.521913706540449 9.392789255930996 89.99999999990926
8.521914024662122 9.521914342740144 89.99999999991262
9.521914342783578 9.521914342739633 89.99999999991371
10.521914660905033 9.521914342781132 89.99999999991492
11.521914979026505 9.521914342779441 89.99999999991782
12.52191529714798 9.521914342782704 89.99999999992129
13.521915615269734 9.521914342782145 89.99999999995661
14.521915933391579 9.511380327696386 1.137e-12
15.521916251513051 9.509846019190054 4.97e-13
7.521913706539441 8.390262108037744 89.99999999984188
8.52191402466132 8.521914024615405 89.99999999984765
9.521914342782827 8.52191402461141 89.99999999985042
10.521914660904336 8.521914024659075 89.99999999985367
11.521914979025869 8.521914024655787 89.99999999985968
12.521915297147423 8.521914024660735 89.99999999986835
13.521915615269602 8.521914024660328 89.9999999999486
14.521915933391494 8.507925434430627 89.9999999999938
15.52191625151302 8.507680107803981 89.99999999999692
8.521914024659477 7.521913706491709 89.99999999973487
9.521914342781065 7.518688290592395 89.99999999973744
10.521914660902958 7.521913706536832 89.99999999976988
11.521914979024835 7.519102963040316 89.99999999980467
12.521915297146506 7.521913706538755 89.99999999981381
13.52191561526924 7.521913706538471 89.99999999994681
14.521915933391135 7.505075146601531 89.99999999997358
15.52191625151288 7.504715048642336 89.99999999998667
11.521914979021382 6.517553769570966 89.99999999976468
12.521915297144098 6.521913388416837 89.99999999976589
13.521915615267947 6.521913388416427 89.99999999997061
14.521915933390979 6.501841352217607 4.313e-11
15.521916251512806 6.501376359578304 2.1544e-11
13.521915615269442 5.521913070294487 89.99999999997657
14.521915933391167 5.498780131472024 89.99999999998366
15.521916251512902 5.496244527771543 89.9999999999917
14.51562214084933 4.495836938283627 89.94900124062117
15.51952481553414 4.4262941741533615 89.88828748035019
15.413935480983817 3.416784725434648 89.21294462853876
6.5196092070206255 10.356848178879126 0.153643263228074
7.446726554763165 7.31301204202746 80.56684907143506
5.070492868295555 6.448066584083454 65.29842818196906
6.399781013046635 7.236207394246627 78.2026769324678
0.5000001590607557 14.284728010006926 3.7e-14
1.5000004771822644 14.341155658050491 8.5e-14
2.6228607025141537 14.619842642055575 73.2540991458842
0.6008876205095897 12.600891437970592 13.188091635835248
1.484319227916851 13.213948380490892 13.188091635847268
2.45991658922682 13.433686972267811 13.188091635847528
3.5563411585982543 13.812589370836847 35.83081453991302
0.5000001590607583 11.500003658400146 4.235e-12
1.5000004771822253 11.500003658399386 6.745e-12
2.4291291065615734 12.393071187066543 11.715148098704827
3.408213158783153 12.596529296806786 11.71514809869876
4.476286201678276 13.01637996680896 5.500708388777302
0.5000001590607495 10.500003340278411 1.814e-12
1.5000004771822626 10.500003340277804 3.155e-12
2.591108483248254 11.216610650435946 11.715148098927113
3.5327463831754367 11.600649305754544 11.71514809892921
4.520171219783926 12.015979551355358 5.500708388777957
5.521913070298433 12.521915297147345 1.0701e-11
1.5000004771821898 9.500003022156218 89.99999999999719
2.643834519900426 10.06181642886586 20.577072606958843
3.569986025591306 10.440051135264643 20.5770726069605
4.4961408650201795 10.818277172787132 20.57707260696021
5.432341457931255 11.169744345714287 20.577072606957337
2.64383451990033 8.82876037754192 20.577072606964173
3.5257730005817924 9.324764736665585 20.57707260696462
4.451924506272626 9.702999443064382 20.577072606964336
5.378079345701462 10.081225480586877 20.57707260696338
3.5210421025346736 8.093974496569974 29.42280497485923
4.438388026058762 8.603931954145876 23.420684246025967
5.3643678526424186 8.982092295520285 23.42068424602026
4.351971391007535 7.411306856194194 30.791958040004246
5.309168075298458 7.8683950318899685 23.42068424601895
6.521913388418892 9.355161513791222 89.99999999990446
6.52191338841779 8.35455489058625 89.99999999983623
6.308965418104028 4.405258169441851 63.81700410229908
6.750205108988507 5.302647815641562 63.81700410240704
7.176288326466489 6.244516052624398 67.76351724070545
5.612847179554658 5.255841970524848 63.81700410221725
15.37020428577836 1.9699010714079694 67.83004363917983
13.500004294641538 0.500000159060801 1.231e-12
14.517623498459676 2.5276037382347623 67.8300436391778
12.500003976519945 0.500000159060968 2.042e-12
13.101829261223905 1.6550057701284642 67.90370879301048
13.463947583709224 2.5917982944811584 67.83004363918714
13.842891437456128 3.5217654853869895 67.83004363914795
11.500003658398352 0.500000159060753 1.744e-12
12.017651312547084 1.6517124429171908 67.83004363923791
12.380766430402687 2.5835839484507312 67.83004363919402
12.758121798031969 3.509652830627476 67.83004363917796
13.135477165661392 4.435721712804158 67.83004363919365
10.500003340276749 0.5000001590610061 5.556e-12
10.86593902869681 1.5000004772090199 89.99999999692945
11.051153541717069 2.5000007953208163 89.99999999688447
11.670760664144368 3.491180392666931 67.83004363918481
12.04811603177349 4.417249274843269 67.83004363918779
12.38472071191926 5.38471848506847 70.69311125009547
9.500003022194544 1.5000004771825894 2.9346e-11
9.961324295825179 2.518180859778192 78.4731863976871
10.509493319201958 3.510736833173561 88.75617946142823
10.846266151160192 4.503660763178907 88.75617945933901
11.256809895872655 5.511177350546427 88.75617945937137
8.798447037601463 2.669315304253697 63.81700410243789
9.239686728482983 3.566704950453727 63.81700410242729
9.680926419364882 4.464094596653577 63.81700410243924
10.256693754118462 5.516697660954087 88.75617945937553
8.500002704071406 1.5057298171273397 7.6639e-11
8.132188371384691 3.5806273004981346 63.81700410238964
8.57342806227059 4.478016946665821 63.81700410241631
9.014667753155827 5.375406592835579 63.81700410242461
7.4529552863160875 4.46555198007929 63.817004102394634
7.895942049256163 5.366494811396793 63.81700410243158
7.690948680498916 2.6832376543342376 63.81700410246237
7.010262005254638 3.5652060338390505 63.81700410225719
10.521914660898698 6.521913388415249 89.99999999976127
9.35368988970703 6.406939352187753 74.57567302371706
8.320188398122642 6.420937037416968 74.57567302372378
6.047077990879082 6.173800068798042 65.60595526027264
