237 15.931417830380951
1.5000000155084017 15.431417825211618 1.8442e-11
0.5000000051695332 15.235765101317003 2.1231e-11
15.337370490985162 0.5000000051690154 89.99999999999943
15.431417825211945 1.500000015507041 89.99999999999885
0.5000000051691229 9.500000098221397 8.785e-12
0.500000005169734 8.500000087882976 1.407e-12
1.5000000155091753 8.121301061010064 89.99999999987011
0.5000000051692286 7.500000077544575 89.99999999999972
1.5000000155079958 7.1175159301962525 89.99999999997388
2.5000000258469086 7.500000077548036 89.99999999994785
0.5000000051691185 6.500000067206173 89.99999999999852
1.500000015507446 6.113577806018988 89.9999999999753
2.500000025846484 6.500000067209173 89.99999999990375
3.5059882405558467 6.5086316472679835 0.022202619198387
0.5000000051690092 5.500000056867769 89.99999999999976
2.5000000258454005 5.500000056870224 89.99999999995843
3.500000036183441 5.505791343550818 89.99999999995374
4.540979316009262 5.583591697967666 85.08765031488497
0.5000000051690199 4.500000046529369 9.95e-13
2.5011695367016307 4.500000046531621 89.99999999996119
2.5000000258454307 3.500000036192403 89.9999999999703
3.502113441410155 4.503318931053102 0.016217763863995
4.502979084126119 4.502349252701345 0.008344769584824
0.5000000051691069 3.5000000361903876 89.9999999999907
1.500000015507271 3.5000000361905936 89.9999999999803
1.5000000155070383 5.1100237917316775 1.455e-12
3.5000000361835726 3.5000000361917323 89.99999999996267
4.50000004652178 3.501347922790848 89.99999999994705
5.500000056859985 3.5000000361842547 89.99999999993143
0.5000000051690474 2.500000025850298 89.99999999999535
1.5000000155071103 2.500000025850392 89.99999999999075
2.5000000258451767 2.500000025850449 89.99999999998572
3.5000000361832475 2.500000025851122 89.99999999998018
4.50000004652132 2.5000000258469015 89.99999999997435
5.500000056859374 2.5000000258458 89.99999999997102
6.500000067197403 2.5000000258452912 89.99999999996881
0.5000000051690039 1.5000000155099649 89.99999999999888
1.5000000155070028 1.5000000155099373 89.99999999999777
2.5000000258450017 1.5000000155099906 89.99999999999663
3.5000000361830006 1.5000000155086175 89.99999999999551
4.500000046520999 1.5000000155083555 89.99999999999444
5.500000056859026 1.5000000155074256 89.99999999999022
6.500000067197037 1.5000000155071165 89.99999999998788
7.500000077535041 1.500000015507097 89.99999999998661
0.5000000051690003 0.5000000051695901 89.99999999999973
1.5000000155069984 0.5000000051694196 89.99999999999947
2.5000000258449973 0.5000000051693254 89.9999999999992
3.5000000361829953 0.5000000051692499 89.99999999999886
4.500000046520995 0.5000000051691282 89.99999999999851
5.500000056858992 0.500000005169059 89.9999999999981
6.500000067196993 0.5000000051690199 89.99999999999771
7.500000077534992 0.5000000051690172 89.99999999999723
8.500000087872987 0.500000005169019 89.99999999999707
9.50000009821098 0.5000000051690154 89.99999999999714
3.4314177011401306 15.431417825211177 1.1866e-11
4.431417711479314 15.431417825211277 89.99999999998136
5.431417721818901 15.431417825211923 1.037e-12
6.431417732159979 15.431417825211927 89.99999999999824
7.4314177424997965 15.431417825211934 7.39e-13
8.431417752839522 15.431417825211891 7.589e-12
9.431417763178889 15.431417825211952 6.58e-13
10.431417773518177 15.431417825211838 1.0369e-11
11.43141778385699 15.431417825211959 89.9999999999997
12.431417794195754 15.431417825211945 89.9999999999984
13.431417804534455 15.431417825211948 89.99999999999851
14.431417814873132 15.431417825211941 1.251e-12
15.431417825211788 15.431417825211948 89.99999999999957
4.431417711481847 14.431417814871983 89.99999999996525
5.431417721820605 14.43141781487387 2.274e-12
6.431417732160021 14.43141781487389 89.99999999999677
7.43141774250002 14.431417814873907 1.523e-12
8.43141775283971 14.431417814873852 1.3372e-11
9.43141776317973 14.431417814873958 1.435e-12
10.431417773518408 14.431417814873729 1.4532e-11
11.43141778385706 14.431417814873972 89.99999999999946
12.431417794195754 14.431417814873944 89.99999999999677
13.431417804534451 14.43141781487395 89.99999999999704
14.431417814873134 14.43141781487393 2.106e-12
15.431417825211835 14.431417814873946 89.99999999999906
11.431417783856773 11.431417783860017 89.99999999999865
5.431417721820232 13.431417804535815 3.465e-12
6.431417732160055 13.431417804535855 89.99999999999557
7.431417742499956 13.43141780453588 2.188e-12
8.431417752841671 13.43141780453583 1.7291e-11
9.431417763180168 13.431417804535968 2.231e-12
11.43141778385711 13.431417804535986 89.9999999999992
12.431417794195742 13.431417804535943 89.9999999999953
13.431417804534433 13.43141780453595 89.99999999999571
14.431417814873125 13.431417804535922 2.579e-12
15.431417825211835 13.431417804535943 89.99999999999858
6.431417732165688 12.431417794197774 89.99999999999906
7.431417742503788 12.431417794197799 6.496e-12
8.431417752841986 12.431417794197829 1.8531e-11
9.431417763180248 12.431417794197973 2.854e-12
10.431417773518454 12.431417794197543 1.4083e-11
11.431417783857025 12.431417794198001 89.99999999999895
12.431417794195664 12.431417794197944 89.99999999999406
13.43141780453437 12.431417794197957 89.99999999999449
14.431417814873091 12.431417794197916 2.871e-12
15.431417825211827 12.431417794197941 89.99999999999821
7.431417742501738 11.431417783859692 1.1309e-11
6.431417732163402 11.431417783859727 89.9999999999981
8.431417752840082 11.431417783859821 2.0346e-11
9.431417763178526 11.431417783859985 3.344e-12
10.431417773517008 11.431417783859464 1.5376e-11
10.431417773518566 13.431417804535634 1.4824e-11
12.431417794195465 11.431417783859949 89.99999999999288
13.43141780453426 11.431417783859963 89.99999999999339
14.431417814873033 11.431417783859908 2.963e-12
15.43141782521182 11.43141778385994 89.99999999999785
7.367141905691917 10.431417773521591 9.692e-12
8.370005123369095 10.43141777352179 2.1871e-11
9.431417763174606 10.431417773521995 3.572e-12
10.431417773515067 10.431417773521396 1.5973e-11
11.431417783855748 10.431417773522032 89.99999999999838
12.431417794195168 10.431417773521952 89.99999999999184
13.431417804534089 10.43141777352197 89.99999999999241
14.43141781487298 10.4314177735219 2.927e-12
15.431417825211813 10.431417773521936 89.99999999999758
7.431417742496535 9.43141776318265 1.05878e-10
8.431417752835968 9.431417763183783 2.6503e-11
9.431417763175867 9.431417763184008 3.663e-12
10.431417773515665 9.431417763183337 1.4742e-11
11.431417783855235 9.431417763184047 89.99999999999815
12.431417794194724 9.431417763183958 89.99999999999102
13.431417804534021 9.431417763183978 89.99999999999147
14.431417814872917 9.431417763183893 2.686e-12
15.431417825211899 9.431417763183937 89.99999999999737
7.431417742498329 8.431417752844483 1.20664e-10
8.431417752837437 8.43141775284577 2.81e-11
9.43141776317654 8.431417752846022 3.809e-12
10.43141777351596 8.43141775284527 1.2534e-11
11.43141778385549 8.431417752846059 89.99999999999788
12.43141779419477 8.431417752845963 89.99999999999024
13.431417804533773 8.431417752845983 89.99999999999056
14.4314178148738 8.431417752845885 2.32e-12
15.431417825211906 8.431417752845931 89.99999999999697
8.43141775283756 7.43141774250776 2.9573e-11
9.431417763176867 7.431417742508035 3.92e-12
10.431417773516074 7.431417742507193 8.489e-12
11.431417783855538 7.431417742508076 89.99999999999763
12.431417794197706 7.431417742507968 89.99999999998944
13.431417804535712 7.431417742507989 89.99999999998951
14.431417814873779 7.431417742507774 89.99999999998961
15.431417825211906 7.431417742507927 89.99999999999604
11.431417783859594 6.43141773217009 89.9999999999974
12.431417794197712 6.431417732169953 89.99999999998622
13.431417804535759 6.4314177321699635 89.9999999999848
14.4314178148738 6.431417732169729 89.99999999998604
15.431417825211906 6.431417732169919 89.99999999999535
13.431417804535844 5.4314177218319735 89.9999999999842
14.431417814873845 5.431417721831448 89.99999999998566
15.431417825211913 5.431417721831913 89.99999999999474
14.43141781487312 4.431417711493012 89.99999999995214
15.431417825211852 4.4314177114939035 89.99999999999407
15.431417825211884 3.4314177011558957 89.99999999999343
6.364655338854789 10.431417773521655 89.99999999998948
7.431417742498809 7.427875571339461 5.883e-12
5.023847466794287 6.545777139505946 85.08765031487889
6.431417732160055 7.431417742507561 89.9999999999821
0.6723941022252093 13.816282507534527 26.972640623458503
1.576577597057824 14.244381476760903 26.972640623554234
2.5166451645959755 14.649107542748126 29.47813338566933
0.6567356953355299 12.686983309081317 23.24303768199553
1.562548729559559 13.111944857162012 23.24303768202173
2.488307581346711 13.490465697773576 23.243037682035997
3.386517534094141 13.93312982730512 23.243037682050254
0.5000000051692401 11.53024760857628 2.4728e-11
1.5540282272004138 11.92787970039 16.97581132645166
2.4686964940653313 12.356644482095573 16.975811326456405
3.398749972553568 12.735010408815363 16.975811326457016
4.307219681920861 13.184080413978695 16.975811326452448
0.5000000051691202 10.500000108559798 9.038e-12
1.6377925164556935 10.743376257575902 21.422387764480103
2.5336410806009404 11.197988369551943 21.422387764477616
3.4407884851880075 11.623802367005538 21.422387764472653
4.367773346468733 11.99905530434027 21.422387764465885
5.4314177218276 12.431417794197761 4.588e-12
1.6531637878613763 9.573358385157736 22.475089005449128
2.5474204629673256 10.02764603696394 22.475089005451927
3.4417951615127835 10.481648404576042 22.475089005415306
4.348712226076184 10.907248690373427 22.39113199643071
5.281327367980021 11.281327430014363 21.833656800122352
2.466222560411115 8.819965648852632 28.711091607473225
3.3754023774585056 9.284781326781298 26.906706608140045
4.2729107259287895 9.740642079749207 26.647897911374557
5.224390689401206 10.1812399136302 21.833656800090864
3.4568181323271148 8.204700509797396 26.906706608186227
4.348562707053569 8.657239608056958 26.906706608148628
5.260319962767908 9.075154150387668 26.636254163088154
4.317029551493762 7.519839914712557 26.906706608178006
5.245779835000988 7.917601085614112 26.388596664538042
6.408661269003516 9.431417763183585 89.9999999999834
6.431417732158826 8.43141775284557 89.99999999998279
6.274039342904429 4.418796898225097 59.33193083570262
6.738414325360587 5.324816309815864 61.405584391442815
7.164338018392676 6.270653420400558 65.8586238794452
5.534047121510385 5.460040661827095 85.08765031488042
13.911856035185739 0.6437839993195933 69.43265716602201
14.267409501120497 1.5784509531733697 69.43265716602153
14.593991678663407 2.5239886564906406 69.43265716602096
12.730419607221283 0.6437839993197079 69.432657166005
13.181094407905075 1.5427590573721996 69.43265716599888
13.511921987069886 2.4867037802172645 69.4326571660226
13.847912826045828 3.4287111193150315 69.4326571660244
11.625136654173817 0.6251365404558502 72.86190361180057
11.976374570465957 1.5632918817938792 72.86190361179956
12.429913772424184 2.469900764461375 72.86190361179912
12.76091102614557 3.4142976815637045 72.8619036117991
13.074336125910627 4.364113291353329 72.86190361179946
10.50000010854897 0.5000000051690172 89.99999999999716
10.853223707595912 1.5684941445029947 72.86190361180077
11.21939048537613 2.5020459003985964 72.86190361180022
11.672929687334696 3.408654783065993 72.86190361179992
12.003926941056095 4.353051700168322 72.86190361180007
12.306281258911042 5.306281186545223 72.86190361180158
9.625136633497835 1.6251365507938225 72.86190361180266
10.094405468031933 2.526894915705868 72.8619036118023
10.467779489675687 3.458224187073191 72.8619036118022
10.92131869163458 4.364833069740488 72.86190361180228
11.252315945355988 5.309229986842811 72.8619036118025
8.87223511849362 2.567577867044789 71.93887011232749
9.336050386254996 3.468155328400983 71.93887011232755
9.713634620926385 4.396852700390332 71.93887011232772
10.166383761359418 5.301038822103763 71.9388701123283
8.500000087873033 1.5000000155070996 89.9999999999865
8.152992892339729 3.54532650993242 67.99198250605242
8.609668296933673 4.439339074792496 67.99198250605293
8.990164946315135 5.364142255164415 67.99198250605347
7.440879414035993 4.446168224456599 65.85862387944834
7.883566239631467 5.343604569367885 65.85862387947996
7.697257737318298 2.6509339065526722 67.99198250605261
6.986190903133772 3.5541108974401174 65.85862387944456
10.420945860714104 6.431417732169104 3.183e-12
9.4209458503761 6.431417732170049 4.064e-12
8.26018152826944 6.270653420400906 65.85862387948418
6.016915272295667 6.422226103365152 85.08765031487819
