237 15.948829816284736
0.5000000763785337 15.364348709421973 2.597e-12
1.5000002291355878 15.448829739906255 5.196e-12
15.30945445353511 0.5000000763784929 89.9999999999981
15.448829739906273 1.5000002291354644 89.99999999999618
0.5025274697863464 9.500001451190219 1.981e-12
0.5000000763785017 8.500001298433366 2.843e-12
0.5014805311565516 7.500001145676519 3.573e-12
1.5054650004819825 7.500001145682469 6.01979e-10
0.5014693309265796 6.50000099291967 4.23e-12
1.504907284814732 6.500000992925265 5.96997e-10
2.543779938604599 6.539488196382441 3.894037162730265
0.5000000763785861 5.50000084016281 4.556e-12
1.5000002291407855 5.5000008401679885 5.91964e-10
2.508476390997785 5.508476849288606 0.979702467714093
3.508634823597938 5.508488915010725 0.981109377685575
0.5000000763784165 4.500000687405905 89.99999999999999
1.5000002291352477 4.50000068740596 89.99999999999997
2.500000381892079 4.500000687415479 89.99999999999994
3.500000534648911 4.500000687413827 89.9999999999999
4.500000687405743 4.500000687417215 89.99999999999987
0.5000000763785968 3.500000534649022 89.99999999999862
1.5000002291383892 3.5000005346490832 89.99999999999771
2.5000003819191683 3.500000534656798 89.99999999989252
3.5000005346848466 3.500000534654246 89.9999999998171
4.50000068745465 3.5000005346590966 89.9999999999836
5.505155614205931 3.5073496352659523 0.016189169020624
0.5000000763785017 2.500000381892157 89.99999999999913
1.5000002291357717 2.5000003818922103 89.99999999999592
2.500000381894383 2.5000003818983405 89.99999999981269
3.5000005346515346 2.500000381896088 89.99999999979357
4.500000687449484 2.5000003819009997 89.99999999997529
5.500000840215032 2.5041903099433496 89.99999999963934
6.500000992975953 2.5000003819000938 89.99999999973612
0.5000000763784929 1.500000229135293 89.99999999999959
1.5000002291355727 1.5000002291353454 89.99999999999547
2.5000003818926597 1.5000002291382506 89.99999999997797
3.500000534649586 1.5000002291370267 89.99999999997733
4.500000687406512 1.500000229141567 89.99999999997704
5.500000840163407 1.5000002291413468 89.99999999997823
6.500000992920304 1.5000002291396397 89.99999999997908
7.500001145677199 1.5000002291354662 89.99999999998012
0.5025140691347731 0.5000000763784289 89.99999999999974
1.9975641335271783 0.5000000763784396 6.78e-13
3.0021699279687786 0.5000000763788792 5.404e-12
5.010706755946217 0.5000000763798109 89.99999999994412
4.006503424445816 0.5000000763790036 2.6173e-11
6.014910198747802 0.5000000763796262 89.99999999994432
7.019243266877081 0.5000000763785479 89.99999999999153
9.36979438393541 0.6525315822113917 67.65827559800086
8.023848864916651 0.5000000763784342 2.49e-13
3.4488279068241035 15.448829739906298 1.015e-12
4.448828059580947 15.448829739906309 2.55e-13
5.4488282123377925 15.448829739906312 89.99999999999949
6.448828365094635 15.448829739906301 89.99999999999899
7.448828517851476 15.448829739905342 89.99999999999899
8.448828670608318 15.448829739905335 89.99999999999899
9.448828823365162 15.448829739906284 89.999999999999
10.448828976122003 15.448829739906309 89.99999999999903
11.44882912887885 15.448829739906301 89.99999999999906
12.448829281635698 15.448829739906312 89.99999999999905
13.44882943439255 15.448829739906312 89.99999999999915
14.448829587149412 15.448829739906312 89.99999999999903
15.448829739906294 15.448829739906316 89.9999999999998
4.4488280595811 14.448829587149453 2.48e-13
5.448828212337936 14.448829587149454 89.99999999999989
6.448828365094772 14.349045826158454 89.99999999999939
7.448828517851609 14.448829587144589 89.99999999999892
8.448828670608444 14.448829587144562 89.99999999999844
9.448828823365284 14.448829587149389 89.99999999999788
10.448828976122119 14.448829587149454 89.99999999999764
11.448829128878955 14.448829587149415 89.99999999999756
12.44882928163579 14.448829587149474 89.99999999999777
13.448829434392636 13.44882943439264 89.999999999998
14.448829587149467 14.448829587149469 89.9999999999982
15.448829739906316 14.44882958714948 89.99999999999956
5.448828212337897 13.4488294343926 1.605e-12
6.448828365094752 13.344038287584631 89.9999999999989
7.448828517851608 13.448829434385107 89.99999999999669
8.448828670608444 13.448829434384777 89.99999999999635
9.448828823365282 13.448829434392508 89.999999999996
10.448828976122117 13.448829434392596 89.99999999999599
11.448829128878954 13.44882943439248 89.99999999999623
12.448829281635797 13.448829434392643 89.99999999999758
13.448829434392646 12.448829281635795 89.99999999999909
14.44882958714947 13.448829434392628 89.99999999999814
15.448829739906316 13.44882943439264 89.99999999999945
6.448828365094655 12.339037050549074 89.99999999998862
7.448828517851523 12.448829281625947 89.99999999998819
8.448828670608362 12.448829281625091 89.99999999998819
9.448828823365204 12.448829281635584 89.99999999998826
10.448828976122046 12.448829281635692 89.99999999998866
11.448829128878891 12.44882928163554 89.99999999998977
12.448829281635797 12.448829281635813 89.99999999999756
13.448829434392582 11.448829128878954 89.99999999999983
14.44882958714948 12.448829281635783 89.99999999999909
15.448829739906316 12.448829281635792 89.99999999999963
5.383890786008589 11.264684128920287 20.707607412672747
7.44882851785079 11.44882912886708 89.99999999991167
8.448828670607638 11.448829128865164 89.99999999991306
9.448828823364499 11.448829128878101 89.99999999991589
10.448828976121952 11.448829128878838 89.99999999998668
11.44882912887879 11.448829128878627 89.99999999998667
12.448829281635723 11.448829128878982 89.99999999999748
13.448829434392351 10.448828976122087 89.99999999999605
14.448829587149437 11.448829128878936 89.9999999999985
15.448829739906309 11.448829128878929 6.96e-13
6.297901401858215 10.543418682309685 22.00657809474631
7.448828517848755 10.44882897610905 89.99999999986697
8.448828670605709 10.445480165995008 89.9999999998665
9.448828823362891 10.448828976121 89.99999999988738
10.448828976120684 10.448828976121984 89.99999999998775
11.448829128877746 10.448828976121725 89.99999999998417
12.44882928163542 10.448828976122073 89.99999999998835
13.448829434392174 9.448828823365252 89.99999999999555
14.448829587149278 10.448828976122101 89.99999999999832
15.448829739906301 10.448828976122085 6.54e-13
7.448828472378981 9.448828822828094 89.99999993985642
8.448828669634262 9.443448322774461 89.99999998318887
9.448828823360655 9.448828823364094 89.999999999881
10.448828976119485 9.448828823365105 89.99999999999208
11.448829128877378 9.44882882336487 89.99999999998322
12.448829281634623 9.44882882336523 89.99999999998681
13.448829434392628 14.448829587149472 89.99999999999802
14.44882958714924 9.44882882336527 89.99999999999814
15.44882973990628 9.448828823365245 6.96e-13
7.446408438429094 8.446408592373695 89.72200400583787
8.446385925273484 8.439311124184345 89.72200399714245
9.448828822338168 8.448828670607215 89.99999999987791
10.4488289761168 8.448828670608227 89.99999999999467
11.448829128874271 8.44882867060802 89.99999999998317
12.448829281634126 8.448828670608387 89.99999999998565
13.448829434391566 8.448828670608417 89.9999999999952
14.448829587149097 8.448828670608439 89.99999999999798
15.448829739906262 8.448828670608401 7.67e-13
7.4386216089049615 7.446434450376701 89.72200400523613
8.441333233170893 7.4354018572044405 89.87132143354366
9.44401215022793 7.448828517850347 89.99999999987486
10.448828975239133 7.4488285178507105 89.99999999993253
11.448829128215515 7.448828517851175 89.99999999998289
12.44882928163181 7.448828517851548 89.99999999998468
13.44882943439113 7.448828517851584 89.99999999999494
14.448829587148705 7.448828517851607 89.99999999999781
15.448829739906287 7.448828517851559 8.24e-13
11.448829128878685 6.448828365094336 89.99999999998249
12.448829281635545 6.448828365094709 89.99999999998371
13.448829434392493 6.448828365094749 89.99999999999467
14.448829587149374 6.4488283650947755 89.99999999999763
15.448829739906312 6.448828365094717 6.68e-13
13.4488294343926 5.448828212337917 89.99999999999449
14.448829587149456 5.4488282123379435 89.99999999999744
15.44882973990632 5.448828212337871 89.99999999999993
14.44882958714944 4.4488280595811105 89.9999999999973
15.448829739906309 4.448828059581027 89.9999999999995
15.448829739906301 3.448827906824185 89.99999999999915
4.315371800903385 6.528529063733977 24.652138685059732
5.387079238575194 6.928487924268098 15.078645231087945
6.3305645176697265 7.270602965660508 15.078645231180174
4.826853013353166 5.662983333240009 24.65213868506463
0.5000000763784316 13.983540932619322 1.737e-12
1.5764767051801618 14.305383859703984 16.86436434849066
2.53552888565284 14.588702648422453 16.864364348491545
0.5000000763784245 12.835299624171796 1.009e-12
1.582394565228432 13.137620936385058 16.864364348494416
2.508160627852293 13.530742721161449 16.864364348494586
3.4638432179803393 13.825176988281164 16.864364348494643
0.5000000763784227 11.67037726165983 7.97e-13
1.5799776768852283 11.994058600756254 17.51910493469747
2.5082749051929607 12.375292514345414 17.51910493469753
3.435151281470448 12.761027560820295 17.519104934697328
4.3886258040983055 13.062502043307692 17.51910493469713
0.5000000763784254 10.500001603947068 1.108e-12
1.5848569944599085 10.847726759585573 19.58106941812658
2.5055743341394825 11.243171664487317 19.581069418126624
3.431630281338811 11.623608328092011 19.5810694181264
4.363827504128055 11.986780237570194 19.58106941812578
5.310173926339817 12.310174995637817 19.581069418125157
1.6567373941136134 9.756619040635815 23.2433552211627
2.5755745180833465 10.151256399372887 23.243355221440623
3.494411642044432 10.545893758127214 23.24335522143033
4.4306988246027466 10.926466755563887 22.006578094762556
2.5713871013025598 9.061125417109093 23.243355221435717
3.4902242252563456 9.455762775860377 23.24335522143124
4.423083471750841 9.844803990181738 22.00657809476383
5.3672649900366105 10.177354207798476 22.00657809475283
1.656737394109399 8.656738463412381 23.243355221424626
3.4876859135345537 8.366340087691466 23.243355221436527
4.415891336707773 8.75833846577955 22.537473791880654
5.3689102365358385 9.098816789127907 21.674739202559294
4.416304240801178 7.6730008090152975 22.837054932314285
5.364838448907825 8.021114312651383 21.674739202488837
2.570878870962484 7.958784101613107 23.361513680251104
3.4811099040155495 7.259879594160595 23.868036274062952
6.299512018133085 9.464867491724242 21.67473920158306
6.295440205493575 8.387165005376641 21.674739201395415
6.602690696372091 4.397382711281544 67.81627497109235
6.95588334182695 5.348808721444639 69.54622293503417
7.281506174471164 6.322588332571648 72.67764934158171
5.6517786884322465 4.7138120167217945 67.81627497109251
13.979870485227401 0.5000000763784298 89.99999999999845
14.278301494773624 1.5868229639458056 72.64791905682176
14.592565584720369 2.536307105427843 72.64791905682078
12.841633290515306 0.5000000763784218 89.99999999999923
13.130988650553837 1.5836397711277428 73.53448259603141
13.50882749098064 2.514729478397941 73.53448259603124
13.826580676092796 3.463578039983041 73.53448259603117
11.683607513557766 0.50000007637842 89.99999999999945
11.996173073439977 1.5801605702839083 72.99843307359579
12.36464154419659 2.5131980946032213 72.99843307359573
12.735567526558611 3.4454842088037028 72.99843307359586
13.059891994148671 4.3920192293260545 72.99843307359599
10.479380120411914 0.6464666932485708 68.90171534054741
10.867112050733288 1.5687192532832235 68.90171534054734
11.240900398494698 2.4963517144462006 68.90171534054745
11.608242979879886 3.426471168147735 68.90171534054787
11.968211911746357 4.359435622778692 68.9017153405485
12.302362664765628 5.302361595467854 68.90171534054906
9.766448608336043 1.5706736768593315 67.65827559800074
10.154024580665798 2.4925467593925816 67.65827559800181
10.52859474956624 3.4243573298383563 68.1505265697873
10.896983520637159 4.361053245206671 68.90171534050376
11.231134273656934 5.303979217896025 68.90171534054485
9.060352007959079 2.480669450401364 66.84356133835168
9.451301898481715 3.424612143253391 68.15052656978412
9.821242839313319 4.357989089339505 68.61169243963481
10.15865761672659 5.302361595463078 68.90171534060188
8.661066034973079 1.553913544139287 65.79015477032407
8.389116658868536 3.473076631242116 67.69956981140194
8.764921791819486 4.406838700474265 68.45251624056205
9.100755917381878 5.349366262777713 68.45251624056603
7.666116251033923 4.354989138608992 68.11106533827164
8.007945275711535 5.3079846639171215 69.54622293543237
7.999774798552755 2.543909709164563 66.8435613383493
7.283977585299963 3.4231779779606697 67.29161061383174
10.444012302988538 6.448828365093205 89.99999999987064
9.444012150231632 6.44882836509347 89.99999999987206
8.317815968365263 6.286677259125868 72.67764934259685
6.06670056437754 5.863491915795095 70.28560327207785
