237 15.95057325639308
5.618467233391932 11.367583041801161 18.50904954348865
6.312472945349704 10.543448969397636 19.47666810070945
4.4373377706975266 6.6429087810077 20.396429813176628
5.364913114901351 7.017586240922716 20.39642981314761
6.312472945343238 7.361361424764677 19.47666810097822
4.585492558999894 5.500000087394719 2.32105e-10
1.5831917197568117 14.29423471427124 17.119481814003354
2.5375411690626626 14.592962001466475 17.119481814018695
1.5780075839763867 13.16161425314013 19.288062933926444
2.5122668776396004 13.519393665975661 19.288062933925456
3.4606295577644124 13.836873215300287 19.288062933925048
1.5618274787672926 12.064893399140718 16.8438862061034
2.5039612964985194 12.40408477879869 16.843886206103768
3.4402522576384813 12.762575196310298 16.84388620610186
4.388926412506973 13.080163749696574 16.843886206099366
1.542468824194045 10.95044272514049 18.160717652045015
2.479706493433709 11.301599977127717 18.160717652043875
3.420963587721311 11.640503770697915 18.160717652040905
4.3582732861577504 12.000254777988888 18.50904954335369
5.30654682813599 12.317709217818786 18.509049543467203
1.6387408629348554 9.904463197336245 19.59741694629299
2.5882124495740504 10.254784480612809 20.986284769065144
3.531183413174687 10.604855841363385 20.311422264569476
4.672273692500529 11.043915395440573 18.50904954320546
2.5490277572852147 9.167735105355474 20.31142226451796
3.484476068199829 9.521264682960703 20.311422264516843
4.422295835328062 9.868387307061578 20.31142226451252
5.3662492797115195 10.219770669090302 19.47666810075967
1.6424712115024596 8.736148764611189 20.311422264516057
3.482970643661912 8.448568947141947 20.942026576792806
4.424023099132697 8.802723632155733 20.31142226497172
5.361842866265272 9.149846256257014 20.31142226450439
4.414499140019704 7.730684050769575 20.54956896686163
5.355726436942358 8.081279333377188 20.311422264700443
2.5463827465666045 8.010975520394606 24.95569965908246
3.456694960569501 7.3316239047268 24.955699659080434
6.312472945338955 9.482753121184706 19.47666810068668
6.306511815802567 8.419949057786726 19.476668100633507
2.6642758769688344 6.66427594065112 24.95569965867612
1.500000023838254 7.5000001191792744 4.32673e-10
0.5032300443891575 8.500000135065903 1.3786e-11
2.5000000397236137 1.5000000238361713 89.99999999999896
7.544138354459533 1.5390779582918457 84.98506706580483
9.477084377891467 0.5417936715274685 84.98506706580739
6.486562333030361 4.435583360423779 67.33757754930163
6.865051517158211 5.373895554464763 68.6950674842771
7.228382960086747 6.305555521607552 68.695067485186
5.64749578448051 5.051781912983186 68.69506748408577
14.321074973994381 1.5746052594745885 72.968950155482
14.592258946197713 2.537400482962286 72.96895015547902
12.749357763231718 0.648691302678408 68.45283273091638
13.17209405581383 1.5569041758513489 68.45283273091023
13.515352747390935 2.513178112057407 70.31864145080654
13.836370631011958 3.460399362782053 70.31864145081268
11.653100491384421 0.6370568052428185 70.7188422651925
12.01687109347294 1.5692239484930202 70.71884226518532
12.440761491867754 2.480359631557863 70.71884226518337
12.761748799276084 3.427493478189815 70.71884226520113
13.086683905926275 4.373246282508353 70.71884226520666
10.586087974809193 0.6280281935805911 72.35631876917338
10.90698728676012 1.5753257526035256 72.35631876916496
11.271228470199791 2.508838083240792 72.35631876916244
11.696190679242108 3.4230376067248853 72.35631876916159
12.0163305717408 4.370576705169585 72.3563187691667
12.322545015144007 5.322544903917746 72.35631876917205
9.837572479945987 1.58071202824698 72.01556149693921
10.161418030151806 2.5269549623895475 72.01556149693162
10.525546852967928 3.4601211627390374 72.01556149692799
10.950279696608693 4.3736141191892965 72.01556149692681
11.269676174404147 5.3213013087725525 72.01556149718895
9.055834416987722 2.536198437625921 74.44951193939289
9.397306363955773 3.4791720576782463 74.4495119393922
9.762478000364801 4.415550676733233 74.44951193939224
10.18908988891246 5.33483208765682 74.44951193939302
8.637911991991835 1.6144989772865639 74.44951193939487
8.299413748857601 3.520231550945983 68.69506748503184
8.653584903358796 4.455463873797048 68.69506748503612
9.016916346274506 5.387123840935278 68.69506748504163
7.574106664380589 4.4397574740791965 68.69506748504575
7.937438107296486 5.371417441217954 68.69506748507385
7.898969447933193 2.6030449632872275 68.69506748502732
7.178378922344861 3.5006980186808683 66.47834631080458
8.3007695502134 6.303077408356705 68.69506748514657
6.0269578831852275 5.977151200421167 68.69506748416181
3.5156628738821105 5.525229340674628 0.565071337337258
2.5000000397250774 4.500000071514348 1.62828e-10
3.500000055614711 4.500000071769234 1.79824e-10
4.50000007150434 4.500000071504618 1.96252e-10
2.5000000397302706 3.5000000556210367 4.79255e-10
3.500000055622726 3.5000000558212614 7.30731e-10
4.500000071523585 3.500000055614576 1.33396e-10
5.541793750998984 3.6076281551441314 84.98506706600975
2.5000000397311952 2.500000039729784 3.85641e-10
3.500000055622615 2.5000000397357374 3.49473e-10
4.500000071515891 2.5000000397245756 7.5232e-11
5.541793750987778 2.603785377862157 84.98506706606082
6.540295577194036 2.5429207355731958 84.98506706582798
3.5000000556130475 1.500000023839699 89.9999999999967
4.500000071502483 1.5000000238343763 89.99999999999427
5.541793750972826 1.599942600580384 84.98506706605107
6.54029557717779 1.5390779582926744 84.98506706584315
7.450573121325079 7.450573121321792 1.89472e-10
1.5000000238341826 1.5000000238347422 7.53e-13
0.5000000079466087 15.374221067110685 4.1382e-11
1.5000000238396547 15.450573248447311 8.3134e-11
15.365578276241187 0.5000000079450615 89.99999999999186
15.45057324844818 1.500000023835148 89.99999999998366
0.5000000079447648 9.500000150955705 89.9999999999945
0.5000000079450819 7.500000119176027 3.2102e-11
0.5000000079472837 6.5000001032862125 4.1041e-11
1.5000000238561082 6.500000103289383 4.33843e-10
0.5000000079542275 5.500000087396403 4.8989e-11
1.5039916983275647 5.500000087399522 4.31899e-10
2.507089024567432 5.500000087552415 1.5185009e-08
0.500000007945208 4.500000071506503 5.6048e-11
1.5000000238355584 4.500000071507074 1.57442e-10
0.5000000079455313 3.500000055616531 5.7938e-11
1.500000023837596 3.5000000556165523 2.15697e-10
0.5000000079457667 2.500000039726447 5.5493e-11
1.5000000238384654 2.5000000397264754 2.09637e-10
0.5000000079447302 1.5000000238358604 7.82e-13
0.500000007945105 0.5000000079453617 4.4117e-11
2.336846749566954 0.5000000079450979 3.2628e-11
3.3436372876940466 0.5000000079458431 8.8974e-11
5.461931205906132 0.5442772491007162 84.98506706579717
4.349638035826366 0.5000000079447942 89.99999999999773
6.4655560460472286 0.5417936715276079 84.98506706580565
7.469398823328632 0.5417936715274729 84.98506706580791
8.473241600610038 0.5417936715274436 84.98506706580821
3.4505730577736164 15.450573248447894 3.9276e-11
4.450573073663211 15.450573248447895 3.2884e-11
5.450573089552805 15.450573248448112 2.6394e-11
6.450573105442475 15.450573248448256 9.805e-12
7.450573121332041 15.45057324844817 1.3139e-11
8.450573137221598 15.450573248448201 1.6399e-11
9.450573153111147 15.450573248448228 1.8005e-11
10.450573169000693 15.450573248448217 1.4896e-11
11.450573184890285 15.450573248448329 4.321e-12
12.450573200779822 15.450573248448352 2.76e-13
13.450573216669333 15.450573248448359 6.11e-13
14.450573232558837 15.450573248448356 9.2e-13
15.450573248448332 15.450573248448334 1.91e-12
4.450573073658212 14.450573232556971 1.16113e-10
5.450573089548134 14.450573232557996 8.2923e-11
6.4505731054385045 14.45057323255865 3.666e-12
7.450573121328471 14.450573232558378 2.1034e-11
8.450573137219074 14.450573232558131 8.0234e-11
9.450573153108806 14.450573232558392 6.8582e-11
10.450573168998584 14.450573232558257 4.1307e-11
11.450573184888455 14.450573232558785 89.99999999999977
12.450573200778063 14.450573232558824 89.99999999999515
13.45057321666875 13.450573216669166 89.9999999999793
14.450573232557561 14.45057323255889 9.65e-13
15.4505732484482 14.450573232558837 6.395e-12
5.450573089551987 13.450573216668278 9.6733e-11
6.4505731054414355 13.450573216667578 9.5965e-11
7.450573121330884 13.45057321666792 9.5306e-11
8.45057313722035 13.450573216668495 9.2959e-11
9.450573153109886 13.450573216668879 8.2411e-11
10.450573168999552 13.450573216668506 5.772e-11
11.450573184889633 13.450573216669227 89.99999999998877
12.45057320077921 13.450573216669241 89.9999999999789
13.450573216668797 12.450573200779651 89.99999999997368
14.450573232558401 13.450573216669405 89.99999999999294
15.450573248448277 13.450573216669387 5.159e-12
6.4505731054405775 12.450573200777452 1.46187e-10
7.450573121330124 12.450573200777509 1.3985e-10
8.450573137219795 12.450573200778717 1.19021e-10
9.450573153109566 12.450573200779441 8.7462e-11
10.450573168999215 12.45057320077888 7.158e-11
11.450573184889569 12.450573200779758 89.99999999998678
12.450573200779221 12.450573200779758 89.99999999997402
13.450573216668744 11.450573184890148 89.99999999997183
14.450573232558476 12.45057320077996 89.99999999999054
15.450573248448297 12.450573200779935 4.037e-12
7.356704462742915 11.450573184886725 1.60298e-10
8.445719597182087 11.450573184889095 1.21236e-10
9.45057315310822 11.450573184890022 9.0539e-11
10.450573168998611 11.450573184889295 8.1144e-11
11.450573184889402 11.450573184890308 89.99999999998714
12.450573200779125 11.450573184890295 89.9999999999735
13.450573216668964 10.450573169000585 89.99999999998018
14.45057323255845 11.45057318489052 89.9999999999895
15.450573248448308 11.450573184890487 3.34e-12
7.450573121330717 10.450573168996673 1.40266e-10
8.450573137220209 10.450573168999389 1.36325e-10
9.45057315311005 10.450573169000608 9.3038e-11
10.450573168999563 10.450573168999721 9.0623e-11
11.450573184889933 10.450573169000862 89.9999999999889
12.450573200779473 10.450573169000783 89.99999999998192
13.450573216666129 9.450573153111023 89.99999999999045
14.450573232558552 10.450573169001078 89.99999999998961
15.450573248448306 10.45057316900104 2.544e-12
7.450573121319919 9.45057315310508 1.30171e-10
8.450573137210272 9.450573153109492 1.63823e-10
9.450573153101669 9.450573153111204 9.4175e-11
10.450573168992289 9.45057315310769 1.23009e-10
11.450573184883543 9.450573153110987 89.9999999999957
12.450573200775178 9.450573153111243 89.9999999999902
13.450573216667738 14.450573232558815 9.22e-13
14.450573232558298 9.450573153111634 89.99999999999073
15.450573248448274 9.450573153111591 2.191e-12
7.44682581169723 8.450573137213427 1.59218e-10
8.450573137212318 8.4505731372199 1.64874e-10
9.450573153103438 8.4505731372218 9.5142e-11
10.450573168993701 8.45057313721647 1.01863e-10
11.450573184884517 8.450573137221406 89.9999999999824
12.450573200774866 8.45057313722168 89.99999999997223
13.450573216666463 8.450573137221568 89.99999999998923
14.450573232557256 8.450573137222186 89.9999999999924
15.450573248448203 8.450573137222143 2.075e-12
8.450573137214848 7.450573121330262 1.74012e-10
9.450573153105196 7.450573121332397 9.6122e-11
10.450573168995177 7.450573121325837 6.9889e-11
11.450573184885924 7.450573121331724 89.99999999995731
12.450573200775786 7.450573121332158 89.99999999995914
13.450573216666093 7.4505731213321145 89.9999999999878
14.450573232556904 7.450573121332739 89.99999999999379
15.450573248448189 7.450573121332697 1.863e-12
11.450573184888695 6.450573105442098 89.99999999993804
12.450573200778347 6.450573105442574 89.99999999993913
13.45057321666836 6.450573105442658 89.99999999998724
14.450573232558089 6.450573105443283 89.99999999999608
15.45057324844833 6.450573105443249 1.023e-12
13.450573216669309 5.450573089553207 89.99999999998847
14.45057323255886 5.450573089553785 3.126e-12
15.450573248448347 5.450573089553801 1.28e-13
14.450573232557446 4.450573073663778 2.7015e-11
15.450573248447904 4.4505730736643425 89.99999999999761
15.450573248448313 3.4505730577749176 89.99999999999568
0.5000000079449318 13.989068163965733 2.2411e-11
0.637093782053106 12.82284983160974 19.28806293391474
0.6234314147354745 11.713356166180828 16.843886206101402
0.5000000079447604 10.500000166845439 4.334e-12
13.989761547232092 0.5000000079447329 89.99999999999596
10.448265279076 6.450573105435565 7.627e-11
9.44826526318623 6.45057310544299 9.7323e-11
