237 16.039251750372202
0.5000000006119416 14.242470099814717 1.205e-12
1.5693340689777937 14.450000572874576 11.442034219723634
2.6164835184050412 14.75326016962665 22.482594927097615
0.500000000611946 13.172986479954766 1.532e-12
1.6007908990760402 13.39592370910902 16.152105392470123
2.5831249254366266 13.651233938892718 17.848465088946423
3.522735061151124 14.008373875199393 18.338550069249653
1.5540940276879773 12.326122204456455 17.84846508894473
2.5225350973611445 12.581161015618797 17.848465088946377
3.4744055705417214 12.887661594304216 17.848465088946615
4.410066210976554 13.24450354993047 17.848465088946533
1.5310139852518958 11.156752658911374 31.83359833476526
2.569410918821143 11.545691838020018 17.84846508894638
3.522030894552141 11.852433755174793 17.84846508894657
4.474553088022459 12.159144186617613 17.84846508894724
2.554454792658489 10.490312884606016 17.848465088946458
3.5063252658390818 10.79681346329144 17.848465088946362
4.458195739019677 11.103314041976866 17.848465088947062
5.410066212200294 11.409814620662242 17.84846508894594
2.4807917629238645 9.196878894941879 35.47270123896517
3.4811657412515755 9.738149033968202 17.848465088946217
4.4346491282384415 10.045168967974972 17.84846508894715
5.405403768160015 10.328974843220973 16.78759295277973
3.2713297061422724 8.503076181552034 32.677462872196664
4.357166700878911 8.969656658150015 17.84846508894729
5.47160049924471 9.192784788090814 89.99999999999987
5.170423765750101 8.00289207902008 57.66840583519219
6.500000007955117 2.500000003059701 89.99999999999866
7.500000009178994 1.5000000018358097 89.99999999999883
4.605192059566999 6.982581890182295 32.677462872196834
5.935746467521389 7.342242485666446 57.668405835192594
5.500000006731273 3.50000000428352 89.99999999999902
6.2528609878071055 5.434730159004763 65.99320933468977
6.7114721722693 6.465921330802248 65.86848477504199
5.500000006731264 4.500000005507383 89.99999999999886
13.671353451956895 0.6713534360466236 63.29787302496454
14.254742886969922 1.4972881856754077 63.297873024964424
14.681716552864426 2.401899147086774 63.29787302496437
12.500000015298339 0.5000000006119354 89.99999999999943
12.500000015298307 1.500000001835799 89.99999999999896
13.51213542865505 2.3020870043418125 63.297873024964396
12.758227803479869 3.1794788571957016 40.05475558107231
11.500000014074477 0.5000000006119407 89.99999999999943
11.500000014074445 1.5026757783634856 89.99999999999893
11.663526470789316 2.625576986587535 73.46316301639564
12.176736599918321 3.9970575939296964 40.05475558107229
13.370036421946125 4.448159858058757 76.97998446700345
10.500000012850581 1.5013914392961318 89.9999999999989
10.59366189531221 2.5955366922923035 78.16937294451989
10.948203517529805 3.6335371267723318 66.42621780987089
11.555319076834078 4.781069096957011 40.05475558107228
12.39625593857545 5.334777136416166 40.05475558107227
9.50000001162672 1.500000001835799 89.99999999999883
9.500000011626698 2.50000000305966 89.99999999999868
9.844124627142431 3.617130636384827 65.94517761938715
10.233006462880994 4.538646548412677 65.94517761938711
10.839207935247924 5.527398034119937 44.134581089668195
8.500000010402838 2.501105437265659 89.99999999999864
8.774973478154351 3.6918663383479373 66.59924203852441
9.172141728108784 4.6156340387241785 65.9932093346904
9.580538245379246 5.529760530403719 65.85996991945814
8.500000010402857 1.5000000018358133 89.99999999999882
7.500000009179005 3.500000004283545 89.99999999999805
8.03924933942767 4.529866529567151 65.99320933469124
8.446094253064805 5.443363775698076 65.99320933468921
7.002589118556374 4.660171084779334 65.99320933469002
7.409434032193412 5.573668330910003 65.99320933468991
7.500000009178977 2.500000003059678 89.99999999999864
6.5000000079551405 3.501336365027119 89.99999999999828
5.399145139452545 6.303810818634215 32.67746287219684
3.8571725087012796 7.690816255247453 32.677462872196756
8.230537797024262 7.402343119955952 65.46900152532355
9.383367328970852 7.3132571717275585 68.67986094576062
7.120304670717975 7.378530771172068 65.86848477504202
8.855775864408606 6.357942463674501 65.74722649436843
7.817114652136598 6.487983574818409 65.86848477504176
1.5000000018357902 15.539251749760272 89.99999999999997
0.500000000611931 15.406741987473623 1.4e-14
15.348266291108796 0.500000000611931 89.99999999999999
15.539251749760275 1.5000000018357902 89.99999999999996
0.5000000006121077 9.510405385797005 1.6442e-11
0.5004403776797082 8.50869905230436 89.98467610447389
1.5011118278685558 8.506852944392845 89.9773849232745
0.5000000006119318 7.5067818718178145 89.99999999999987
1.5000000018357946 7.506010824207136 89.99999999999977
2.5000000030596583 7.500000009179056 89.99999999999964
0.5000000006119336 6.5054054030402435 89.99999999999983
1.500000001835799 6.500000007955198 89.99999999999966
2.5000000030596627 6.500000007955171 89.99999999999946
3.5000000042835255 6.500000007955106 89.99999999999925
0.500000000611931 5.504566934904281 89.99999999999997
1.500000001835791 5.50000000673133 89.99999999999986
2.5000000030596565 5.500000006731257 89.99999999999925
3.5000000042835158 5.500000006731245 89.99999999999928
4.500000005507376 5.500000006731243 89.99999999999925
0.5000000006119389 4.500000005507471 89.9999999999992
1.5000000018358053 4.500000005507405 89.99999999999909
2.500000003059669 4.500000005507393 89.99999999999913
3.5000000042835344 4.500000005507385 89.99999999999928
0.5000000006119336 3.500000004283593 2.13e-13
1.5000000018358115 3.5000000042835344 89.99999999999969
2.5000000030596814 3.5000000042835273 89.99999999999957
6.500000007955131 1.500000001835816 89.99999999999898
5.500000006731275 0.500000000611931 89.99999999999991
5.500000006731247 2.500000003059653 89.9999999999998
0.5000000006119318 2.5000000030597187 5.7e-14
1.5000000018357955 2.500000003059667 5e-15
2.5000000030596583 2.5000000030596627 89.99999999999993
4.500000005507381 1.5000000018357929 1.14e-13
4.500000005507384 2.5000000030596548 1.5e-14
4.500000005507409 3.500000004283521 89.99999999999936
4.500000005507399 4.500000005507382 89.99999999999928
0.5000000006119327 1.500000001835839 1.9e-13
1.5000000018357946 1.5000000018357955 1.99e-13
2.5000000030596565 1.5000000018357937 1.85e-13
3.5000000042835184 1.5000000018357946 1.42e-13
3.5000000042835193 2.5000000030596583 89.99999999999991
3.500000004283545 3.500000004283522 89.99999999999949
0.5000000006119318 0.5000000006119469 4.3e-14
1.5000000018357946 0.5000000006119327 8.5e-14
2.500000003059668 0.500000000611931 89.99999999999996
3.5000000042835326 0.500000000611931 89.99999999999994
4.500000005507398 0.5000000006119318 7.1e-14
5.500000006731261 1.500000001835792 89.99999999999986
6.500000007955148 0.5000000006119381 89.9999999999995
7.500000009179015 0.5000000006119372 89.99999999999949
8.500000010402882 0.5000000006119372 89.99999999999947
9.500000011626746 0.5000000006119354 89.99999999999945
3.5392517350738757 15.539251749760268 2.98e-13
4.539251736297738 15.539251749760249 1.99e-13
5.5392517375216 15.53925174976027 7.3e-14
6.539251738745463 15.539251749760272 7.1e-14
7.539251739969325 15.539251749760272 5.9e-14
8.539251741193187 15.539251749760268 89.99999999999989
9.53925174241705 15.539103532186918 89.99999999999976
10.539251743640916 15.539251749760268 89.99999999999964
11.539251744864787 15.539251749760272 5.7e-14
12.53925174608866 15.539251749760274 8.5e-14
13.539251747312537 15.539251749760272 3e-15
14.539251748536406 15.539068854725887 3.41e-13
15.53925174976027 15.539084889450692 2.49e-13
4.539251736297521 14.539251748536334 2.046e-12
5.539251737521407 14.539130836035955 89.99999999999997
6.539251738745289 14.539251748536413 1.56e-13
7.539251739969192 14.539251748536397 9.52e-13
8.539251741193105 14.539251748536401 89.9999999999998
9.539251742416997 14.538840249825075 5.68e-13
10.539251743640907 14.539251748536403 89.99999999999922
11.539251744864783 14.53925174853641 2.42e-13
12.53925174608866 14.539251748536412 7.1e-14
13.539251747312534 14.53925174853641 89.99999999999984
14.539251748536406 14.538725706489167 2.6e-13
15.53925174976027 14.538764576411081 1.89e-13
11.539251744864725 11.53925174486482 2.56e-13
5.538759546736515 13.53907814314522 0.00025469062705
6.539251738745287 13.539251747312552 1.85e-13
7.539251739969222 13.53925174731253 9.24e-13
8.539251741193112 13.539251747312534 89.99999999999955
9.53925174241699 13.538609862758378 89.99999999999987
11.53925174486478 13.539251747312548 4.06e-13
12.53925174608866 13.539251747312552 9.3e-14
13.539251747312534 13.539251747312548 89.99999999999967
14.539251748536403 13.538403283233729 0.0
15.539251749760268 13.53844322749573 89.99999999999997
6.539251738745362 12.539251746088691 1.85e-13
7.5392517399692265 12.53925174608866 1.03e-13
8.539251741193105 12.539251746088667 89.9999999999989
9.53925174241698 12.538371212580294 89.9999999999987
10.539251743640856 12.53925174608868 89.99999999999916
11.539251744864742 12.539251746088684 2.98e-13
12.53925174608862 12.539251746088691 5.7e-14
13.539251747312505 12.539251746088688 89.99999999999947
14.539251748536396 12.538075210246866 5.97e-13
15.539251749760266 12.538101003618145 3.27e-13
7.539251739969104 11.53925174486479 4.3e-14
6.5392517387452305 11.539251744864833 1.88e-13
8.539251741193054 11.539251744864774 89.99999999999572
9.53925174241693 11.53806867764831 89.99999999999599
10.539251743640833 11.539251744864819 89.9999999999992
10.539251743640873 13.53925174731254 89.99999999999918
12.53925174608862 11.539251744864833 89.99999999999996
13.539251747312509 11.539251744864824 89.9999999999992
14.539251748536396 11.537709991424684 3.27e-13
15.539251749760266 11.53769734482742 1.54e-13
7.538472269777905 10.539251743640925 5.7e-14
8.539251741192935 10.539251743640907 89.99999999999515
9.539251742416823 10.537771324443312 89.99999999999469
10.53925174364077 10.539251743640953 89.99999999999947
11.539251744864702 10.539251743640957 2.08e-13
12.539251746088606 10.539251743640973 89.9999999999999
13.539251747312502 10.53925174364096 89.99999999999889
14.539251748536392 10.537281333483387 1.71e-13
15.539251749760266 10.537186890492249 1.4e-14
7.53752241522134 9.539251742417061 8.5e-14
8.538765944603496 9.539251742417044 89.999999999995
9.539250927853349 9.537379421967799 9.3622655363e-05
10.539251743640714 9.539251742417054 4.007e-12
11.539251744864655 9.539251742417093 1.85e-13
12.539251746088588 9.539251742417111 89.99999999999987
13.539251747312491 9.539251742417097 89.99999999999847
14.539251748536389 9.53671221227775 2.98e-13
15.539251749760263 9.536697267104431 1.89e-13
7.471600501692434 8.539251741193196 1.28e-13
8.539251741192986 8.539251741193176 89.99999999999484
9.539251742416859 8.536718406471858 89.99999999999508
10.53925174364073 8.537003694510522 89.99999999999531
11.539251744864643 8.539251741193228 1.28e-13
12.53925174608856 8.539251741193253 89.99999999999986
13.539251747312477 8.53925174119323 89.99999999999777
14.539251748536383 8.536084340094968 7.3e-14
15.539251749760263 8.447233692901275 89.99999999999984
10.532440532262985 7.530646473950474 89.38937314888545
11.53925174486458 7.539251739969368 3.1e-14
12.539251746088535 7.539251739969393 89.99999999999983
13.539251747312456 7.539251739969357 89.99999999999615
14.539251748536405 7.442680965280648 1.009e-12
15.539251749760268 7.443377863035448 4.77e-13
11.539251744864826 6.539251738745506 89.9999999999999
12.539251746088688 6.5392517387455324 89.9999999999998
13.539251747312548 6.534021096428579 89.99999999999984
14.53925174853641 6.431760105494379 89.99999999999984
15.539251749760272 6.399999998299345 89.99999999999986
13.654358212197149 5.422447205137758 75.74827268060996
14.436544142737729 4.439895591674549 75.74827268061038
15.48329958927301 5.383336723691204 89.5503095249924
14.003843069564926 3.3248706986763024 45.56101900688382
15.539251749760272 4.281749150239404 89.99999999999982
15.53925174976027 3.2817491490155417 89.99999999999976
6.536607193062313 10.539251743640973 1.93e-13
0.5000000006119327 11.915602432716659 2.13e-13
0.5000000006119434 10.512256203870226 89.9999999999998
5.539251737521423 12.539032141007594 89.99999999999126
1.500000001835959 9.968233846232577 1.5703e-11
6.53471555086841 9.539251742417115 2.22e-13
6.471600500468572 8.539251741193253 2.27e-13
10.500000012850613 0.5008655780469837 89.99999999999943
10.110306138258483 6.431943788397454 63.100992214275095
