237 15.99493793665059
0.50225910103957 15.37962771380867 0.003535346137388
1.5068334332193745 15.494937718961394 2.7884e-11
15.363903444894339 0.5000002176898342 89.99999999997233
15.494937718961205 1.5000006530693266 89.99999999994466
0.5000002176888234 9.50000413609021 1.9252e-11
0.5000002176888829 8.500003700712412 2.8492e-11
0.5000002176912979 7.500003265334609 3.8561e-11
1.5000006530777394 7.500003265338085 6.21086e-10
0.5000002176891929 6.5000028299567285 4.2924e-11
1.500000653071747 6.500002829960016 5.89259e-10
2.5000010884511434 6.500002829966101 7.75728e-10
0.500000217691011 5.500002394578852 4.1537e-11
1.500000653081199 5.500002394581971 5.48563e-10
2.500001088490386 5.500002394587668 7.71124e-10
3.5000015238793925 5.500002394695521 1.277982e-09
0.5000002176932616 4.500001959200976 3.9486e-11
1.5000006531067633 4.500001959203864 5.00143e-10
2.500001088557518 4.500001959209202 7.53723e-10
3.5000015240638627 4.500001959298094 1.313173e-09
4.500001959494568 4.500001959200814 1.23375e-10
0.5000002176951117 3.5000015238230997 3.8148e-11
1.5000006531103303 3.5000015238257403 4.49535e-10
2.5000010885671404 3.500001523830753 7.36858e-10
3.5000015239782343 3.5000015238933084 4.97664e-10
4.500001959372751 3.500001523823043 1.19276e-10
5.50000239476561 3.5000015238246043 1.09383e-10
0.5000002176956357 2.5000010884452237 3.7851e-11
1.5000006531106687 2.5000010884476715 4.05697e-10
2.5000010885156136 2.5000010884518247 6.80478e-10
3.5000015239184643 2.5000010884733426 2.107447e-09
4.500001959323615 2.5000010884452735 1.1478e-10
5.500002394889441 2.500001088446435 1.04131e-10
6.8983160702484865 2.7046764214294754 87.51883514161236
0.5000002176990188 1.5000006530673486 3.8513e-11
1.5000006531186267 1.5000006530696144 3.63384e-10
2.5000010885277986 1.5000006530728296 6.14991e-10
3.500001523928069 1.5000006530850678 1.384033e-09
4.500001959326061 1.5000006530675014 1.08523e-10
5.500002394715085 1.5000006530682688 1.00414e-10
6.500002830204727 1.5050834110576732 89.9999999877152
7.500003265590512 1.5000006531935481 89.99999998707155
0.5000002176907126 0.5000002176891511 2.2431e-11
1.5000006530732017 0.5000002176904621 1.97508e-10
2.5000010884551642 0.5000002176905838 1.83208e-10
3.5000015238373186 0.500000217691694 1.7541e-10
4.50000195922005 0.500000217689303 5.7504e-11
5.500002394602664 0.5000002176892417 3.5182e-11
6.500002829985283 0.500000217689875 9.082e-12
7.500003265399627 0.5000002177254474 89.9999999962205
8.50000370080411 0.502540851344432 89.9999999935825
9.500004136183922 0.5000002177463321 89.99999999357527
4.248733533668732 15.494937718958278 3.8504e-10
2.5116092504549865 15.494937718961701 2.5894e-11
5.494933365155507 15.494937718954333 5.54124e-10
6.494933800536055 15.494937718956784 3.84802e-10
7.494934235915991 15.494937718956873 2.9469e-10
8.494934671295768 15.494937718956237 2.29264e-10
9.494935106675516 15.494937718955056 1.68143e-10
10.494935542055295 15.494937718953404 1.01991e-10
11.494935977435127 15.494937718948242 2.7626e-11
12.494936412815399 15.494937718959799 89.99999999994075
13.494936848195978 15.494937718960113 89.99999999991516
14.494937283577872 15.494937718960387 89.99999999997388
15.49493771895966 15.494937718959047 89.99999999996676
4.494932929788012 14.494937283580015 7.6999e-10
5.494933365170628 14.49493728356152 2.46871e-10
6.494933800550298 14.494937283561121 6.2798e-11
7.494934235929367 14.494937283556634 89.9999999999493
8.49493467130818 14.494937283547806 89.99999999986704
9.494935106686892 14.494937283538217 89.99999999979663
10.494935542065557 14.494937283527175 89.99999999973252
11.494935977444182 14.494937283507223 89.9999999996734
12.494936412822959 14.494937283576299 89.99999999961757
13.494936848195644 13.494936848192252 89.99999999908141
14.49493728358068 14.494937283575624 89.99999999969404
15.494937718960111 14.49493728356883 89.99999999982812
5.494933365150235 13.494936848167448 89.99999999940331
6.494933800530877 13.494936848166397 89.99999999930294
7.494934235912987 13.494936848156133 89.99999999901512
8.494934671293512 13.49493684813683 89.99999999893349
9.494935106673863 13.494936848122583 89.99999999888507
10.494935542054113 13.494936848103608 89.99999999887025
11.494935977434384 13.494936848077192 89.99999999889481
12.494936412815775 13.494936848191573 89.99999999904801
13.494936848196744 12.494936412811334 89.99999999913705
14.494937283575382 13.49493684818761 89.9999999991573
15.494937718957859 13.494936848179469 89.99999999958774
6.4949338005436426 12.494936412781467 89.99999999957237
7.4949342359224325 12.494936412735086 89.9999999995272
8.494934671301321 12.49493641272765 89.99999999946789
9.494935106680334 12.494936412711933 89.99999999938969
10.494935542059524 12.494936412667109 89.999999999287
11.494935977438653 12.494936412654809 89.99999999918928
12.49493641281763 12.494936412810908 89.99999999916484
13.494936848191127 11.494935977430524 89.99999999906377
14.494937283576228 12.49493641280226 89.99999999921987
15.494937718957889 12.49493641278971 89.9999999995786
6.4949338004491635 11.452790659144563 2.68595e-10
7.494934235834556 11.494935977328526 3.25102e-10
8.494934671221785 11.494935977328405 2.99522e-10
9.494935106612303 11.494935977315862 8.1258e-11
10.494935542014499 11.494935977267733 89.999999998628
11.494935977407305 11.493480272748297 89.9999999985839
12.49493641280774 11.4949359774307 89.99999999926352
13.494936848206931 10.494935542043207 89.99999999996399
14.494937283572483 11.494935977415027 89.99999999895346
15.4949377189566 11.493666645464128 89.99999999947784
6.494933800564932 10.452790223761905 89.99999999990776
7.494934235942398 10.494935541930307 89.99999999991444
8.494934671319793 10.494935541925301 89.99999999991967
9.49493510669719 10.49493554189672 89.99999999992531
10.49493554207459 10.492567041935175 89.99999999993156
11.49493597745199 10.492208278032457 89.99999999993777
12.494936412829443 10.49493554204579 89.99999999994877
13.494936848206601 9.49493510665298 89.99999999993311
14.494937283584562 10.491679672960746 89.99999999999642
15.494937718961912 10.492730796039517 89.99999999999824
7.494934235941663 9.494935106538414 89.99999999980446
8.494934671319013 9.494935106515616 89.99999999980959
9.494935106696355 9.491501661651307 89.99999999981586
10.494935542073714 9.491276271956357 89.99999999982212
11.494935977451066 9.488921973690292 89.99999999982842
12.494936412828594 9.494935106665793 89.9999999998519
13.494936848201576 14.49493728357692 89.9999999996171
14.494937283584068 9.490287853629514 89.99999999994225
15.494937718961598 9.491826514289748 89.9999999999599
7.494934235930132 8.494934671146929 89.99999999877853
8.494934671307718 8.48443147039948 89.99999999881808
9.494935106685727 8.490748409670111 89.99999999886435
10.49493554206351 8.4851999038755 89.99999999890946
11.494935977441395 8.48571575055037 89.99999999895466
12.494936412826544 8.4949346712873 89.99999999982813
13.4949368482051 8.494934671268856 89.99999999994587
14.494937283583091 8.489225997932232 89.99999999993597
15.494937718961609 8.490727070429484 89.99999999997979
7.527816039204656 7.451277437076658 84.74955641252038
8.514143605989217 7.256639032322365 84.74955641250841
9.535838335656349 7.44686456651505 84.74955641246687
11.489938804749146 7.481476907393693 0.029964559730772
12.494936412808645 7.494934235906471 89.99999999952693
13.494936848193484 7.494934235886571 89.99999999992224
14.494937283581791 7.488316402827681 2.27899e-10
15.494937718961582 7.48925784237618 1.8971e-11
11.458257665602552 6.426979196680747 85.62583949632057
12.494936412813502 6.494933800517782 89.99999999832946
13.494936848197996 6.494933800496322 89.99999999911557
14.494937283581912 6.4869669351703685 89.99999999979904
15.49493771896081 6.4869149949541995 89.9999999998995
13.494936848184913 5.494933365112788 89.99999999896063
14.494937283570714 5.485443030763759 89.9999999993033
15.494937718956708 5.4846609900990755 89.99999999965138
14.490350805920809 4.48410023144109 89.9724477242162
15.493404385980007 4.483093038032115 89.97695387983609
15.493790804419419 3.481876532977636 89.9539909559462
4.341379435698199 6.459888258700486 24.221536578181134
5.348524481136762 6.810784955563843 16.179627293289318
6.483805619924079 7.018211991855996 84.749556412532
5.041041511408169 5.643118766250016 20.43687326149189
0.5000002176889353 14.117196366855836 2.7888e-11
1.5000006530664338 14.310356735474855 5.5776e-11
2.5000010884437582 14.494937283584068 5.5712e-11
0.6229774063432618 12.781188204856075 16.765638566719034
1.5468977381935023 13.181365748409942 16.776967698456478
2.5387309765649944 13.356133446631976 16.78350878670068
3.5664728173304123 13.736496281928684 28.896722586700406
0.6226227557139792 11.736448998122025 16.705294516734394
1.580403092194799 12.023951870130858 16.705294516835963
2.5393218799279174 12.307660254079956 16.705294516940295
3.5031644669866226 12.57496343593138 16.705294517063773
4.449231161007916 13.014236347455459 21.67214802418378
0.621972607374814 10.687068614886037 16.59436008602186
1.5786461369791152 10.978292116941054 16.594360086115504
2.538031134882897 11.26041676635609 16.594360086136938
3.501182407029134 11.52990377604711 16.59436008616332
4.4708780520887945 11.82707560464155 18.24304696402509
5.376070874335216 12.27526551216052 18.24304696407142
1.544358998724138 9.909348000354493 15.581919942886561
2.5012816450056343 10.200645740151973 15.581919942891192
3.4637080401232385 10.472207330969443 15.581919942894633
4.423771160374442 10.752243439190675 15.58191994289534
5.379001689084074 11.049609089131756 15.581919942890378
2.5072183160441766 9.125709258903939 14.015998390217767
3.4651208824411945 9.41728026453501 14.01599839021847
4.427987667227784 9.688964662457746 14.015998390218227
5.388722843916121 9.969188184400435 14.015998390214925
1.6062111743371972 8.606214221984315 14.015998390209868
3.5400558496289607 8.373097168897882 17.718467682366008
4.511579537285357 8.659717247713562 16.218902388744937
5.477625964491376 8.93642915950204 16.781652107135844
4.446205723464032 7.599252572174373 16.21890238883549
5.408924810440782 7.869907393245807 16.21890238878079
2.607656988839892 7.8730152101513875 24.543958256962025
3.4735797737402736 7.16602411135562 24.221536578364063
6.494933800564168 9.45278978838049 89.99999999979882
6.488194590476725 8.090557686885704 3.480204371773723
6.656088144688192 4.232413771756559 63.58730354696955
7.059852018239219 5.148426075366119 63.58730354729804
7.453721485067523 6.389735613075732 76.864246537707
5.579677314720875 4.579676879132858 79.93681336682072
14.052281509547605 0.5007537940269167 89.9653649065172
14.332524115300151 1.618656522386293 69.3631981689426
14.683181041312793 2.5668956691076756 68.19828759662107
12.878684165217908 0.6462792373029629 69.04171311226375
13.23698736215462 1.582257348613811 68.9350423502509
13.589820629033767 2.526084532819384 68.19828759869824
13.961769182443362 3.4559416587614242 68.19828759595389
11.740798411931909 0.6499354393274874 68.19828759933925
12.145952669108937 1.564906964926517 68.19828759909235
12.502137558563879 2.499466528600652 68.19828759887581
12.873533305414385 3.4279416604144677 68.19828759876106
13.244929052278613 4.356416792230204 68.1982875997293
10.649939793186922 0.649935439326514 68.19828759934875
11.033251790702877 1.5736439955686983 68.19828759925385
11.42319519049438 2.4946999530178333 68.19828759920587
11.794590937343148 3.4231750848276095 68.19828759917498
12.165986684191694 4.351650216637468 68.1982875992051
12.43147672365047 5.431473675996719 82.1694386853823
9.938227305783085 1.5632294877358754 68.19828759812854
10.321539303323695 2.4869380439728435 68.19828759802434
10.711482703121737 3.4079940014247248 68.19828759819521
11.082878449976443 4.33646913324133 68.19828759876414
11.383637641013802 5.429765301928134 85.62583949532157
9.266024146215036 2.5662024494996736 67.10406272999086
9.653080156285789 3.4940027352513185 66.49476849658443
10.045888042947713 4.436580897455 68.19828759866208
10.385949171407425 5.519869010150737 85.62583949547142
8.852938006245642 1.6551365358932042 67.10406279420609
8.51923895617008 3.4074514438420405 68.87853409364527
8.921324874444892 4.337466557941435 67.35351337984366
9.284227271037961 5.365653140920116 74.54860903870396
7.988446712854781 4.698591156951585 67.35351337965056
8.105651791525474 2.4951991917387337 68.87853409375585
7.530166854335525 3.744222124696046 63.58730355272683
10.46221856225754 6.516956672989995 85.62583949584305
9.45361080557583 6.44262226137675 85.62583949655907
8.325166407493183 5.723722756134643 76.86424653784348
6.2363965854391035 5.849548107511696 53.64956266532463
