237 15.973605668130165
1.5000003618303603 15.47360554752012 1.0036e-11
0.5000001206101299 15.362116874600344 5.031e-12
15.374218516375265 0.5000001206112898 89.99999999996888
15.473605547519462 1.5000003618337088 89.99999999993776
0.5000001206102827 9.500002291607702 2.1373e-11
0.5000001206107179 8.50000205038648 89.99999999997651
1.5000003618350606 8.500002050407028 89.99999999986757
0.5000001206108617 7.5000018091653216 1.1397e-11
1.5000003618325932 7.500001809180966 89.9999999999923
2.5000006030534747 7.397633768859293 9.566e-12
0.5000001206107498 6.500001567943569 6.2044e-11
1.5000003618364284 6.500001567948431 6.39272e-10
2.500000603059826 6.397633527596049 7.45913e-10
3.500000844277496 6.856226789181873 4.20115e-10
0.5000001206128921 5.500001326722131 8.1485e-11
1.5000003618464568 5.500001326725913 5.82489e-10
2.5000006032055717 5.397633286318053 3.598771e-09
3.5943957286931028 5.856226547961789 3.88795e-10
4.9152689107602345 6.045711857265363 52.303861181846855
0.500000120617722 4.500001085500711 9.463e-11
1.5000003619803675 4.500001085502775 4.35691e-10
4.578185060418448 5.042403749893039 52.303861181690394
5.450080963579178 4.3686198929561035 52.30386118054204
6.264667200028549 3.5383667386794766 74.5824839598565
0.5000001206626159 3.5000008442792954 1.05052e-10
1.505172611198291 3.500000844279125 2.20567e-10
3.444288090069576 4.654857030366841 52.30386118111548
4.23555302054212 4.043383166864684 52.3038611805233
5.023735667843004 3.4279207546549646 52.30386118054641
5.851664388803031 2.6149331325774803 74.58248395988439
0.5000001206099691 2.5000006030567397 2.927e-12
1.5000003618298967 2.500000603055436 5.514e-12
2.7130895405341446 3.956112998144521 52.30386118112701
3.509372739271372 3.3407611146694887 52.30386118055856
4.3000428698060045 2.7168130350436206 52.34391367147528
4.500001085502664 1.5076258930450024 89.99999999998018
6.9970643912085375 2.5425147816126 67.47449361841305
0.5000001206111504 1.5000003618328082 89.99999999992905
1.5000003618342683 1.5000003618323152 5.0827e-11
2.70136987942334 2.7013698794234378 52.3038611806853
2.5000006030570185 1.5000003618303168 89.99999999993979
3.5000008442798753 1.5503297299485528 89.99999999996132
5.5000013267254815 1.5065987071053186 89.99999999999933
6.500001567948303 1.5000003618302857 2.0876e-11
7.730384301450326 1.6210443481002814 71.07152965801005
0.500000120611066 0.5000001206108902 89.9999999999823
1.500000361836098 0.5000001206102676 89.99999999998849
2.5000006030587736 0.5000001206102498 89.99999999996211
3.5000008442805033 0.502509103990298 89.999999999923
4.500001085501679 0.502293374672198 89.99999999994647
5.500001326722854 0.5022933639183194 89.99999999996997
6.50000156794447 0.5000001206100837 6.125e-12
7.500001809167818 0.5000001206122127 89.99999999975088
8.533197710259955 0.5331957804848733 86.0573484361239
9.644413705365768 0.6262469454315491 72.66878900920388
3.462062044439133 15.470658731895465 0.0028322948869
4.466252437153595 15.47360554751815 8.3759e-11
5.469599512417084 15.473605547519776 2.0534e-11
6.47360337651901 15.47360554752002 2.523e-11
7.473603617742584 15.473605547492436 89.99999999995335
8.47360385896453 15.473605547518952 89.99999999996075
9.47360410018792 15.473605547519998 1.1432e-11
10.473604341411686 15.473605547518927 1.30683e-10
11.47360458263351 15.473605547519265 9.5122e-11
12.47360482385481 15.47360554751956 6.375e-11
13.473605065075933 15.473605547519398 1.6939e-11
14.473605306297479 15.473605547519778 1.7993e-11
15.47360554751967 15.47360554751963 89.99999999999612
4.473602894076869 14.473605306294395 1.67459e-10
5.473603135297822 14.473605306297976 1.57527e-10
6.473603376520286 14.473605306299927 4.958e-11
7.473603617747526 14.473605306216946 7.7307e-11
8.473603858968465 14.473605306296264 4.9241e-11
9.473604100189558 14.473605306299351 5.4737e-11
10.47360434141222 14.473605306297316 2.60911e-10
11.473604582633278 14.47360530629743 2.64507e-10
12.473604823854277 14.473605306297667 2.49514e-10
13.4736050650755 14.47360530629675 1.92784e-10
14.473605306298012 14.473605306299024 4.0832e-11
15.473605547519655 14.473605306298477 89.99999999996697
11.473604582634582 11.473604582635481 3.2604e-10
5.473603135308991 13.47360506507653 2.51719e-10
6.473603376529496 13.473605065078718 2.00253e-10
7.473603617750397 13.473605064973263 1.20707e-10
8.473603858971726 13.47360506507454 1.29661e-10
9.473604100192519 13.473605065078218 1.35657e-10
11.473604582635172 13.473605065076665 3.0599e-10
12.473604823856087 13.473605065077134 2.75506e-10
13.47360506507756 13.473605065075635 1.81862e-10
14.473605306299532 13.473605065076281 1.2108e-11
15.473605547519968 13.473605065076303 89.99999999999714
6.473603376527475 12.47360482385873 2.09813e-10
7.473603617749273 12.473604823736988 4.5011e-11
8.473603858973679 12.4736048238527 2.11676e-10
9.47360410019481 12.473604823855881 3.10048e-10
10.473604341415289 12.473604823855684 3.21721e-10
11.473604582635769 12.473604823856068 3.19488e-10
12.473604823856512 12.47360482385674 2.74913e-10
13.473605065077656 12.473604823854998 1.84624e-10
14.473605306299408 12.473604823854007 2.7428e-11
15.473605547519883 12.473604823853274 1.6939e-11
7.473603617747895 11.473604582504262 8.7029e-11
6.4736033765260625 11.473604582638774 2.15948e-10
8.473603858972188 11.473604582631271 2.41613e-10
9.473604100193482 11.473604582634842 3.49346e-10
10.473604341414001 11.47360458263487 3.45899e-10
10.473604341414383 13.473605065076505 2.92138e-10
12.47360482385546 11.473604582636337 2.65406e-10
13.473605065076871 11.473604582634085 1.4102e-10
14.473605306299056 11.47360458263261 89.99999999992804
15.473605547519735 11.471915762717389 89.999999999964
7.4736036177513965 10.473604341273127 2.92626e-10
8.473603858972494 10.47360434140817 3.29663e-10
9.473604100193251 10.473604341414024 3.74882e-10
10.473604341413964 10.47360434141411 3.44912e-10
11.473604582634788 10.473604341414859 3.13679e-10
12.473604823855954 10.473604341415907 2.46883e-10
13.47360506507846 10.47360434141275 3.4985e-11
14.473605306299309 10.470173862882666 1.8997e-11
15.473605547519876 10.470273635701167 9.479e-12
7.473603368580882 9.473565719521387 2.8289606391e-05
8.473603857022358 9.47360410009243 5.059434e-09
9.473604098735633 9.473604100192778 4.69676e-10
10.473604341405622 9.473604100192931 2.75122e-10
11.47360458262737 9.473604100193592 2.18066e-10
12.47360482384992 9.473604100195036 1.71728e-10
13.473605065077102 9.47360410019267 3.53e-11
14.473605306298932 9.468084063587934 1.4253e-11
15.473605547519751 9.468056589926343 7.176e-12
7.473603617313694 8.473539450943141 5.0645077e-08
8.473603858947653 8.473603858849682 3.200817e-09
9.47360410019143 8.47360385897231 4.83376e-10
10.473604341415527 8.473603858970394 3.545e-11
11.473604582636035 8.473603858970804 2.122e-12
12.473604823856414 8.473603858973389 9.607e-12
13.473605065077383 8.473603858972547 2.2524e-11
14.473605306299309 8.465931249430989 8.7344e-11
15.473605547519783 8.465839165505049 4.3621e-11
8.473603858978656 7.473603617596468 8.2139e-11
9.473604100198783 7.473603617748275 5.6218e-11
10.473604341418776 7.473603617749762 4.5233e-11
11.473604582639084 7.473235905619196 89.99999999999764
12.473604823859448 7.473603617752611 89.99999999994793
13.47360506507966 7.473603617751838 89.99999999997482
14.473605306300051 7.463671805202653 2.899e-12
15.473605547520128 7.463528154524974 1.444e-12
11.473604582628507 6.473107056948096 89.99999999995723
12.473604823855279 6.473603376529006 89.99999999953263
13.473605065079198 6.47360337653128 89.99999999995366
14.473605306299874 6.461259423062099 5.3e-14
15.473605547520068 6.461061499074841 2.8e-14
13.47360506507843 5.4736031353106895 89.9999999999275
14.473605306299095 5.458562618468516 89.99999999995168
15.473605547519778 5.45847028728965 89.99999999997588
14.335846126551282 4.453622877265487 0.043549049074696
15.395485504492264 4.456560941107027 0.023342555609689
15.472319774279162 3.455123773516384 89.98495547977052
6.473603376525331 10.473604341418842 2.20894e-10
7.473603617758111 7.473523125966356 1.5572e-10
5.272233858947336 7.033656265408905 52.30386118184098
6.473603376537556 7.473603617759074 2.30423e-10
0.6622311847699285 13.888228212405217 23.6850574175225
1.5989237497782298 14.258403441923335 23.56027985606868
2.537151772523104 14.676542325663881 25.600569004188262
0.6669616309764947 12.77484368263661 25.600569003169134
1.601736895338914 13.138174947230103 25.600569003273247
2.5108439469668946 13.555078532648865 25.600569003402423
3.412672399826933 13.987173341749806 25.600569003569223
0.5000001206102169 11.60788193104889 2.6087e-11
1.5966312088330854 12.01980290903496 25.600569003337096
2.5029844780028307 12.442453936476147 25.600569003370598
3.404812930864833 12.87454874556958 25.600569003412854
4.30664138372336 13.306643554669641 25.600569003409916
0.5000001206102942 10.500002532828738 2.3578e-11
1.6257423876856372 10.855747315202349 25.88295492297867
2.507148876161044 11.335590358986185 25.600569003636405
3.408977329023097 11.76768516808162 25.60056900350147
4.310805781884735 12.199779977175732 25.60056900347945
5.473603135306487 12.473604823855794 2.87713e-10
1.6777947896023866 9.693827670271187 28.44487010180858
2.5453577663652505 10.191763104462517 28.444870101802554
3.4472324378950114 10.677155538923785 25.600569003547232
4.349060890758058 11.10925034801817 25.60056900337985
5.473603131571657 11.462917738093136 2.52709e-10
2.5532372876607266 9.030539860139138 28.68424705231992
3.422455846822113 9.529596513200497 28.44487010183798
4.335649528602618 9.993965662214194 25.600569003427967
5.357077614106505 10.346392046503995 15.680037438548538
3.337906022976206 8.318714374596633 29.08916792474712
4.223569267812365 8.815115162110006 27.309795147425685
5.454542543649798 9.246751700398605 2.22807090373593
4.3577001008895655 7.741729083022774 29.089167924780927
5.450105991069379 8.245822094476836 2.228070901981013
6.468839084987338 9.473604100198902 2.24119e-10
6.473603374686892 8.473603858978993 2.27331e-10
6.671490848115543 4.46350440540007 74.58248395986024
6.988834936593714 5.413318306093313 74.5824839598903
7.322356559617044 6.358670847014123 74.58248395994791
5.902867508817053 5.419323686118124 71.99083359103017
14.014617925622378 0.6309392168660244 71.90568170264531
14.318892391978311 1.5878308791254288 71.55668075130549
14.63002093027427 2.542453380264102 71.20965016073842
12.977608693268712 0.6862660666742784 72.08971722460244
13.544754834195558 2.457310570114797 71.20965016073507
13.86420286713555 3.4064474224388563 71.21813978097585
11.795275176833847 0.6269176667448928 72.5515225093499
12.198756865131726 1.5483317581401792 72.55152250931596
12.498544788311804 2.5023378830101706 72.55152250929979
12.814424444897268 3.4512862092029613 72.55152250929194
13.114802093533024 4.405106978016698 72.55152250932993
10.711468287025667 0.6226719158472633 73.28627965530113
11.036525988585097 1.569175155377061 73.2862796552939
11.438276085068452 2.4926495544215523 73.28627965529253
11.740262410803588 3.4460805617201595 73.28627965529526
12.056231346119 4.395312934075681 73.28627965530225
12.35093302862135 5.350931340075704 73.28627965534535
9.955972958764299 1.5765817334733878 72.66878900911956
10.280922366919182 2.522737948837092 72.6687890091155
10.679302518527322 3.445979146409818 72.66878900912711
10.984262462971369 4.398373335334096 72.66878900913926
11.30015357063724 5.347356310488184 72.66878900916547
9.212764930989085 2.533710999340638 70.99315074255261
9.53757541059113 3.4802130698406737 71.07152956214931
9.920835482550327 4.405948354478825 71.07152956246942
10.240148889307992 5.35361296335271 71.07152956278948
8.892406445486655 1.586397631500386 70.99315074384586
8.479781799538435 3.4783867758945988 71.07152965797117
8.804169366468392 4.424311288529094 71.07152965799573
9.182355272191854 5.3517866509954 71.07152965809942
7.743096075335668 4.428084736286265 70.99357267993054
8.072339172879603 5.372337730696017 70.99357267981341
8.154546485923914 2.532752979506701 71.07152965797326
7.422716084235378 3.480778817499628 70.9935726800477
10.473604341401634 6.473603376526626 3.93229e-10
9.438069039898885 6.438068316250452 85.76790727643834
8.39858398845261 6.406557187130405 81.68573703663817
6.220294147996717 6.367646527629222 71.99083359106562
