237 15.95047724425286
0.500000111267064 15.353056599977988 3.6684e-11
1.5000003338010108 15.45047713298646 7.3366e-11
15.349391179829201 0.500000111273164 89.99999999982631
15.450477132982938 1.5000003338185879 89.99999999965263
0.6140429499876658 9.614044952768799 15.271814041757612
0.5000001112661376 8.500001891515504 9.5236e-11
0.500000320701127 7.500001668984546 1.04166e-10
1.5000009687955869 7.500010610931371 89.99999973698836
0.5003019207531354 6.500001446453588 1.13138e-10
1.5010435201534928 6.5000098954198124 6.886665699e-06
2.502474609382036 6.501080529939104 0.122376267173249
0.5009122720001375 5.500001223922631 1.22106e-10
1.5028037939010055 5.5000078120617095 0.000177987421213
2.504590619947999 5.500952888196828 0.107945240915896
3.505933866958012 5.50408504906689 0.060651900004174
0.5000001112666341 4.500001001390835 6.0577e-11
1.5000003337999877 4.5000010013924685 89.99999999998433
2.500000556333706 4.500008181045949 89.99999999986221
3.500000778867429 4.501430423416405 89.99999999973969
4.500001001401142 4.500001001392857 89.99999999961774
0.5000001112693351 3.5000007788593273 3.9423e-11
1.5000003338249153 3.500000778860765 89.9999999999455
2.5000005564017016 3.500006199954841 89.99999999563117
3.5000007789485554 3.500000778910218 89.99999999470158
4.500001001532578 3.500000778861768 89.99999999962169
5.505149523614672 3.5072356400981315 89.98746621416807
0.5000001112675632 2.500000556328107 3.2697e-11
1.5000003338106387 2.500000556329166 89.99999999992315
2.5000005563672776 2.5000005564290806 89.9999999974341
3.5000007789038126 2.500000556355758 89.9999999972312
4.500001001462269 2.500000556330672 89.9999999996281
5.500001224032387 2.50395456909581 89.99999999579163
6.500001446567499 2.5000005563704306 89.99999999575618
0.5000001112671342 1.5000003337968861 2.5602e-11
1.5000003338065815 1.500000333797634 89.99999999992268
2.5000005563460945 1.5000003338406795 89.99999999923291
3.500000778879736 1.50000033380591 89.99999999920115
4.500001001417295 1.5000003337995569 89.99999999963926
5.500001223981899 1.5000003338879102 89.99999999620005
6.500001446518617 1.50000033383545 89.99999999591667
7.504487938567974 1.5062147375882633 0.024812541762756
0.5000001112676573 0.5000001112656562 1.6179e-11
1.5000003338090915 0.5000001112660248 89.99999999994786
2.5000005563461984 0.5000001112715333 89.9999999997473
3.5000007788808407 0.5000001112675934 89.99999999980332
4.5000010014153915 0.500000111267342 89.99999999977967
5.500001223949228 0.5000001112816088 89.99999999973687
6.500001446482013 0.5000001112687134 89.9999999997297
7.500001669014807 0.5019939193134384 89.99999999973484
8.500001891546951 0.5027069729834057 89.99999999976846
9.500002114079084 0.500000111267175 89.99999999980251
3.450474462543487 15.450477132978898 3.46436e-10
4.450474685082887 15.450477132984663 9.2118e-11
5.45047490762312 15.450477132987116 1.6409e-11
6.450475130166653 15.45047713298726 89.99999999997789
7.450475352722781 15.450477132986991 4.2869e-11
8.450475575255654 15.450414833090804 1.4659e-11
9.45047579778746 15.450414821213203 89.99999999999854
10.450476020319428 15.450477132985883 89.99999999997831
11.450476242851607 15.450477132986782 89.99999999994886
12.450476465383954 15.450477132986947 89.99999999995488
13.450476687916666 15.450477132987091 89.99999999995605
14.450476910450034 15.450477132986958 89.9999999999486
15.45047713298526 15.45047713298716 89.99999999998305
4.4504746851262835 14.450476910448709 1.05152e-10
5.450474907658052 14.450476910455361 6.4388e-11
6.450475130190242 14.450476910456015 89.9999999999744
7.45047535272322 14.450476910455702 5.2342e-11
8.45047557526294 14.450169921440033 4.68983e-10
9.450475797795377 14.450169937873195 2.94875e-10
10.450476020329132 14.450476910451968 89.99999999997539
11.450476242860827 14.45047691045458 89.99999999989834
12.450476465392125 14.450476910454903 89.99999999987895
13.450476687924784 13.450476687924649 89.9999999998946
14.450476910454926 14.450476910455265 89.99999999989602
15.450477132986954 14.450476910455519 89.99999999996373
5.450474907675575 13.450476687923803 1.33443e-10
6.4504751302063745 13.450476687921931 1.25726e-10
7.45047535273715 13.450476687923612 1.2216e-10
8.450475575268449 13.450009179429125 7.1254e-11
9.45047579779974 13.449970867585282 2.0896e-11
10.450476020331315 13.45047668791932 89.9999999999421
11.450476242862628 13.450476687922823 89.99999999989565
12.450476465393699 13.450476687923313 89.99999999988212
13.450476687925697 12.450476465393312 89.99999999994768
14.450476910455782 13.450476687923704 89.9999999999001
15.450477132987048 13.450476687923263 89.99999999994844
6.450475130209382 12.450476465390143 9.6199e-11
7.4504753527405585 12.449805377391582 3.4321e-11
8.45047557527156 12.449812230640315 89.99999999999193
9.45047579780256 12.449790547660784 89.99999999994957
10.45047602033334 12.45047646538724 89.99999999993632
11.450476242864081 12.450476465391098 89.9999999999305
12.450476465394829 12.450476465391468 89.99999999993119
13.450476687925534 11.450476242862287 89.99999999996798
14.450476910456823 12.450476465389368 89.99999999999665
15.450477132987512 12.450476465389727 89.99999999999818
6.450475130208265 11.450476242858965 1.20942e-10
7.450475352739467 11.449419404487791 7.2859e-11
8.450475575270657 11.449603539288622 2.59e-11
9.450475797801849 11.449623240013405 89.99999999997891
10.450476020332962 11.450476242855405 89.99999999995586
11.45047624286386 11.450476242859555 89.99999999995318
12.450476465394662 11.450476242859573 89.99999999995333
13.449513002095589 7.450475352734566 89.99999999952023
14.450476910456722 11.450476242856155 1.0751e-11
15.450477132987467 11.450476242856332 6.651e-12
6.3788574751655025 10.378858365282932 8.9388703300721
7.450475352736616 10.446910855298512 5.94546e-10
8.45047557526864 10.449242018165947 4.35314e-10
9.450475797800834 10.449513067458938 2.58595e-10
10.450476020333415 10.450476020323334 3.7099e-11
11.450476242864273 10.450476020327327 1.2051e-11
12.450476465395024 10.450476020327157 89.99999999999828
13.449639133061924 8.450475575265495 89.99999999953098
14.45047691045661 10.450476020323942 89.99999999998889
15.450477132987436 10.450476020321634 89.99999999999396
7.44573964205477 9.439848817039675 0.212864686007028
8.446048176422028 9.447523867304923 0.184728210428432
9.447532090734551 9.449261382997722 0.023531055260463
10.447961969840156 9.449917377143745 0.063985432591274
11.44869104048817 9.450475797790507 89.99999999980623
12.449085244952762 8.450475575262361 89.99999999967035
13.450476687923477 14.450476910455635 89.99999999989339
14.44995317227595 8.450475575253911 1.52292e-10
15.450477132986862 9.450475797787437 89.99999999992876
7.427586759332109 8.429160435448564 0.041054582926478
8.433998641735695 8.384934943254901 89.99891240582785
9.439850957337136 8.449204323229214 0.021839730743608
10.443144270135821 8.443803491997064 89.98859792690375
11.448582547917425 8.450475575258134 89.99999999968462
12.449200059098082 9.45047579779418 89.99999999978093
13.450476687921824 9.45047579779642 89.99999999954181
14.45047691045445 9.450475797789128 89.9999999997493
15.450477132985872 8.450475575254695 89.99999999995637
7.413910219341188 7.400879630859605 87.68781644281204
8.415214120038646 7.285907349044166 87.82353405962448
9.438443222210187 7.449157268782539 0.01968281509275
11.445923770441837 7.450475352725944 89.99999999956009
12.448927160983672 7.450475352730547 89.9999999995603
13.4504766879258 10.450476020331207 89.99999999998951
14.45047691044407 7.450475352721597 2.3158e-10
15.450477132985784 7.450475352721882 89.99999999999984
11.450476242841972 6.4504751301936665 89.99999999943152
12.45047646537477 6.450475130198386 89.99999999941299
13.450476687908207 6.450475130203616 89.99999999950889
14.450476910452819 6.450475130189696 2.4383e-10
15.450477132986823 6.450475130189188 3.936e-12
13.45047668791885 5.450474907672675 89.99999999949769
14.450476910451126 5.45047490765165 89.99999999953526
15.45047713298594 5.450474907655384 89.99999999987038
14.45047691044619 4.450474685117986 89.9999999993136
15.450477132984917 4.450474685122616 89.9999999998114
15.450477132984116 3.4504744625898676 89.99999999975545
4.361090440153333 6.527109924689924 18.165879556774442
5.316504771715312 6.8369439715997435 17.76599548296655
6.26963650047599 7.139512255174665 17.765995470996238
4.838217537789956 5.630585533774047 18.097886803340643
0.642341336745039 13.917932014840641 20.286216764560674
1.5679010621816936 14.298222966238107 20.286216772265522
2.5398263626543685 14.64352360543075 24.002680574414537
0.6304757665534098 12.842255654606415 18.078435341989298
1.5736142521329706 13.175532450292815 18.07843534203181
2.5097396812162254 13.530293283296206 18.078435342067564
3.44196426366409 13.897003907831149 18.078435342074346
0.6105726698958618 11.759793658658687 14.709586999407119
1.5642934670218134 12.065155278173737 14.709586999417
2.5105196591145953 12.399065186695626 14.709586999420976
3.4508161329822995 12.755562409106172 14.709586999422328
4.388005852196475 13.123893822418447 14.709586999410579
0.6105726698968734 10.663493040972618 14.709586999573744
1.5624691667476363 10.9758037430068 14.709586999578853
2.516189963873649 11.28116536252044 14.70958699957984
3.462540313459953 11.61460232840883 14.709586999577654
4.402712629833262 11.971572493453413 14.709586999572831
5.339902349048101 12.339903906761949 14.709586999550572
1.576512280451844 9.885566850218531 15.271814041813764
2.5278837615732845 10.197734201767048 15.271814041820289
3.4811475526891904 10.50297104019429 15.271814041817786
4.426867734148224 10.835836062192207 15.27181404180955
5.365976354479011 11.19291567783626 15.271814041793709
2.525407980661906 9.10804790653436 15.271814041481585
3.476779461783577 9.420215258082639 15.271814041480576
4.4300432529000355 9.725452096508501 15.271814041473064
5.375908751845135 10.057784898122584 15.271814041451607
1.5645735494585216 8.830538251474248 15.271814041471442
3.4675153512952983 8.33882072717672 18.16587955827521
4.417673675778177 8.650590013164587 18.165879556494144
5.3757780673862054 8.955283164316457 17.54547357027607
4.3888812417582574 7.588685647225378 18.16587955651668
5.346372759901875 7.897194019015739 17.54547357032977
2.5135676759224346 8.038599969423112 18.16587544885124
3.438087775038113 7.276707953649823 18.165879558257764
6.320022702800752 9.286585409220752 17.534587426373875
6.301503751246208 8.199800700407252 17.765995461264332
6.573614240870655 4.2654832738339366 56.08629815863816
6.934529474629381 5.327479554160635 71.76957439287679
7.2491059969473115 6.282559858975565 71.76957440769706
5.693912497186366 4.74932123185239 56.0862981586238
13.96749886936626 0.5000001112676475 89.99999999978473
14.300272803678792 1.589293256169821 70.55328068471545
14.610924959542416 2.5401107231348092 70.55328068452285
12.833659061859704 0.6334391932205587 71.3862939185014
13.137382225656891 1.5863394554522667 71.38629391843767
13.534794322115381 2.5076849548203626 71.38629391840902
13.864657542158175 3.451781156105791 71.38629391839505
11.735355701811956 0.6176093859568539 74.14013047037221
12.066809658610396 1.5630169050974265 74.14013047036066
12.370651347418745 2.51626907880791 74.14013047035844
12.766038716923095 3.4435130921915977 74.14013047036619
13.100104995399889 4.388178442396267 74.14013047037841
10.620641677268015 0.6206394519208587 73.6318746437509
10.965749314861272 1.5615186645174228 73.6318746437317
11.297063194690626 2.5064492635363065 73.63187464373455
11.60083656405861 3.4594688300204517 73.63187464374377
11.991156221652119 4.387068747689436 73.63187464377111
12.329837124733544 5.3298355670171444 73.63187464381755
9.863775143959854 1.570958280242606 71.82875590137799
10.208389820487511 2.5103356032001187 71.82875590137074
10.539351810280182 3.454194109459336 71.82875590139732
10.843054950932327 4.4069997122386715 71.82875590144698
11.228830890332574 5.332866787831508 71.82875590165969
9.15102739053239 2.572013089607549 69.02431409353161
9.497938240139337 3.531208553545061 70.26077857262636
9.828596573772968 4.522867203691424 71.82875589379042
10.277751560068687 5.653211353350155 71.69892793578192
8.734419093721847 1.6565749131727836 69.213907850458
8.417863159533924 3.4825152110381827 70.2420527327693
8.748131731162372 4.440146277908405 71.73893383529727
9.06090065422462 5.390258709987734 71.76957440683391
7.859441172628012 4.939058182423402 71.7695743925889
7.978579659814857 2.5491581673596997 71.39674487953825
7.229249176727893 3.4483707674688135 56.08629815871445
10.44266864873584 7.387634523356395 0.009344679650411
9.44174241904484 6.317709684409355 71.77122700566315
8.198440641031613 5.9682885597049005 71.76957440726132
6.040813181810696 5.810612767189902 71.76957439386636
