237 15.982713999933354
5.648192117687236 11.363758403186715 16.08468618921523
6.363758346707848 10.529347134442318 16.08468618921359
4.417041912299145 6.623746077059071 15.977509907026436
5.378841568562984 6.897504881303566 15.977509907030653
6.315947644348583 7.257508180876191 15.977509907034937
4.786799514964517 5.53291208445714 84.0646349685077
1.6087854976157434 14.34472014096127 16.883859923009584
2.5665894398721756 14.632159552907336 16.88385992302023
1.5820005105046526 13.284271846479266 17.030248635535884
2.5381507897817253 13.577148383632277 17.030248635532864
3.4945516720852225 13.869206780298814 17.030248635533244
1.582586486469988 12.132637928218816 17.030248635546407
2.509066414268821 12.522378881767285 17.03024863554907
3.465880392870308 12.81308864816625 17.030248635547345
4.421617575849502 13.10731381558654 17.030248635545632
1.5629812926066782 11.073749749990892 16.084686189176384
2.5196687969498077 11.365254658305187 16.08468618918034
3.449170674713055 11.75885284997076 16.41037091125544
4.407053772935026 12.04605285892059 16.41037091125204
5.36182490620661 12.343819354934396 16.410370911248258
1.7809247048222918 10.079884907123866 15.871559008356414
2.797098719357468 10.404508692706699 16.084686189197647
3.7268754275969282 10.798173278128978 16.410370911110093
4.686138291586724 11.080688375865986 16.410370911105495
2.5709510482117164 9.245612107473175 16.084686189214295
3.517709385389022 9.571551964862246 16.084686189214693
4.445201593692089 9.964307913587934 16.084686189214647
5.404479955331192 10.246827575580092 16.084686189214242
1.6189555628587788 8.937834995881357 16.08468618921381
3.5305923114015316 8.476638854067957 16.54756555287124
4.475159830293244 8.80862385451508 16.547565552871138
5.401750839549852 9.201112041937936 16.547565552869152
4.493483198681541 7.707241903583682 15.977509907019785
5.4366891683733805 8.04594078691873 15.977509907019877
2.5769849982044617 8.17507891334281 16.547565552871347
3.5377834363243315 7.412178683101547 15.977509907019684
6.361016462608095 9.483627919090614 16.54756555285799
6.364398975812268 8.438761388025242 15.977509907019185
2.580896003012179 7.121263507095014 15.977509907015335
1.6202054257800462 7.884195784608685 16.54756555286509
0.5000000056481637 8.721525291800818 7.194e-12
2.579038095881705 1.6991813327411744 53.58645812202044
7.876614680662877 1.5983952294511772 77.19296120239237
9.706275987759362 0.6230315604228869 73.22469790112969
6.6332687854118495 4.426196079894652 74.11623109377273
6.850565354180944 5.432641992454808 70.87260287014188
7.2666032165603065 6.346786797802576 70.87260287015629
5.685478500190219 4.749183649894309 74.11623109377558
14.341670399853065 1.616179856145564 71.23856517503195
14.647721152847717 2.5683510299367827 71.23738787939172
12.958366669135163 0.6342536312522711 71.23738787943006
13.271411660470228 1.5840353990399025 71.2373878794191
13.580341769629486 2.535214991216332 71.23738787940711
13.898426781226469 3.4832846659920813 71.2373878794092
11.838200233194225 0.6260069870330129 72.7106063327697
12.203220012129258 1.5597125110290158 72.71060633276663
12.512153373263804 2.510875619483506 72.7106063327655
12.825221555945703 3.460751714175646 72.71060633276477
13.131373974152627 4.412780425254006 72.71060633276839
10.766635971183366 0.6199418691767393 73.74959097376275
11.07575094330926 1.5714554299636738 73.74959097376201
11.441202443275841 2.506547954874457 73.74959097376184
11.7502509199314 3.4580808978374575 73.74959097376221
12.063457559013205 4.408401814871359 73.74959097376275
12.362772096868774 5.362772017797928 73.74959097376703
10.00597035593086 1.5771369612434016 73.22469790112379
10.315016802732961 2.528423201109441 73.22469790112328
10.680244622788948 3.4627737066016833 73.22469790112375
10.989224757253446 4.414079936156016 73.22469790112473
11.302351602283213 5.364136150199572 73.22469790112599
9.25419344793384 2.5277899462761066 71.42025724447228
9.563183838197386 3.478909422536634 71.42025724448065
9.927766886186077 4.411341783166988 71.42025724450022
10.233459201280235 5.36356988745874 71.42025724462673
8.949843530274547 1.5677124602357564 72.24660678222402
8.479767452567476 3.512309518081377 77.19296120238185
8.790054524634815 4.467286517319519 77.19296120238289
9.15782342789575 5.409196539520736 77.19296120238688
7.672358180372811 4.424061475614874 74.11623109376745
7.9978835011299765 5.396289061281202 71.14337186359549
8.173108383248081 2.556507787965667 77.19296120238339
7.365167502469387 3.4257762628594826 68.7913704084529
8.353938406840797 6.384139480607312 77.19296120230715
5.922216819046202 5.807725261003517 70.87260287184067
3.678702251271803 5.5443713333451505 83.97550622971471
2.521983810563838 4.911266969636465 4.806931480338923
3.5746020314720717 4.549022884987284 84.06463496851268
4.579991752869177 4.549022884987947 84.06463496850392
2.540140591819977 3.9092641510261483 4.806931480332555
3.5802811667016146 3.5000000395398327 89.99999999963767
4.580281178010114 3.500000039542172 89.99999999940752
5.587904848556823 3.50802667024292 89.73980677384473
2.540140591829605 2.905734455367811 4.80693148033099
3.5802811667079366 2.500000028243811 89.99999999965536
4.5802811780078905 2.5000000282456796 89.99999999946974
5.580281189306903 2.50339295349438 89.99999999936419
6.580281200604869 2.5000000282491364 89.99999999935716
3.778219422973268 1.500000016946653 89.99999999967446
4.778219434269225 1.5000000169468315 89.99999999967214
5.778219445565204 1.5000000169554708 89.99999999966599
6.778219456861183 1.5000000169487313 89.99999999965993
7.442623010328894 7.47166946749269 88.64183587262349
1.595967414499059 1.1817057439276812 53.58645812202261
0.5000000056480989 15.3786275671797 4.508e-12
1.5000000169442709 15.48271399428534 9.032e-12
15.342904244867924 0.5000000056480598 89.99999999999626
15.482713994285355 1.5000000169441527 89.99999999999251
0.5000000056479212 9.721525303096819 89.99999999999837
0.5000000056479719 7.716060309897712 6.239e-12
0.5000000056479879 6.716060298601722 9.166e-12
1.5947646236450232 6.818503917148801 12.259020187067023
0.5000000056480216 5.716060287305739 8.891e-12
1.594764623645137 5.795169521905024 12.25902018706519
2.6802050572734215 5.9934036078956705 88.77862028507938
0.5000000056480571 4.716060276009743 4.562e-12
1.5000000169442131 4.606658978688316 89.99999999998869
0.5000000056480776 3.716060264713759 6.249e-12
1.5000000169508159 3.603034129415432 1.81518e-10
0.5000000056510103 2.716060253417772 3.07e-12
1.5060656264331582 2.534142646734667 89.9595605928342
0.5000000056479674 1.716060242121781 89.99999999999967
0.5000000056480021 0.5000000056479763 89.99999999999856
2.583244353912849 0.5000000056479319 89.99999999999933
3.5832443652087846 0.5000000056483831 3.57e-13
5.583244387800659 0.5000000056480172 3.34e-12
4.583244376504725 0.5000000056479541 2.521e-12
6.583244399096594 0.5000000056489622 2.558e-12
7.583244410392529 0.5000000056487188 2.004e-12
8.583244421688464 0.5000000056479212 1.003e-12
3.4827138587345443 15.482713994285376 4.434e-12
4.482713870030397 15.482713994285252 2.643e-12
5.482713881326266 15.482713994285405 89.99999999999973
6.482713892622131 15.482713994285415 89.99999999999852
7.482713903917995 15.482713994285358 89.99999999999734
8.482713915213866 15.482713994285369 89.99999999999628
9.482713926509746 15.482713994285387 89.99999999999561
10.482713937805638 15.482713994285398 89.99999999999542
11.482713949101564 15.482713994285426 89.99999999999866
12.482713960397522 15.482713994285437 3.88e-13
13.482713971693489 15.482713994285408 89.99999999999669
14.482713982989441 15.482713994285348 89.99999999999643
15.482713994285408 15.482705039242227 9.9e-14
4.482713870029906 14.482713982988852 3.5359e-11
5.482713881326328 14.482713982989479 89.99999999999449
6.482713892622264 14.482713982989454 89.99999999999095
7.482713903918159 14.482713982988793 89.99999999998668
8.482713915214038 14.482713982989328 89.9999999999849
9.482713926509923 14.482713982989422 89.99999999998548
10.48271393780583 14.48271398298948 89.99999999998838
11.482713949101814 14.482713982989571 89.9999999999984
12.482713960397778 14.482713982989514 7.943e-12
13.48271397169357 13.482713971693293 1.5561e-11
14.482713982989505 14.482713982988965 8.754e-12
15.482713994285405 14.482687074737182 3.723e-12
5.482713881326175 13.482713971693503 4.983e-12
6.482713892622066 13.482713971693489 2.117e-12
7.4827139039179835 13.482713971692643 9.47e-13
8.482713915213958 13.48271397169335 89.9999999999911
9.482713926509856 13.482713971693503 89.99999999998995
10.482713937805748 13.482713971693602 89.99999999999079
11.482713949101706 13.482713971693716 4.69e-13
12.482713960397689 13.482713971693627 1.4685e-11
13.48271397169356 12.482713960397355 1.9013e-11
14.482713982989448 13.482713971692824 1.441e-11
15.482713994285387 13.482676210461761 5.741e-12
6.4827138926219465 12.48271396039761 89.99999999999963
7.482713903918069 12.482713960396591 1.238e-11
8.482713915214125 12.482713960397263 1.2823e-11
9.482713926510062 12.482713960397422 1.4296e-11
10.482713937805958 12.482713960397533 1.5874e-11
11.48271394910183 12.482713960397724 1.7423e-11
12.482713960397692 12.48271396039776 1.8758e-11
13.482713971693492 11.48271394910142 2.2737e-11
14.482713982989432 12.482713960396772 1.7408e-11
15.482713994285376 12.48266771759154 6.963e-12
7.370957924172367 11.482713949100367 3.9137e-11
8.482713915213568 11.482713949101026 5.1998e-11
9.482713926509662 11.482713949101331 4.0146e-11
10.48271393780566 11.48271394910153 3.3637e-11
11.482713949101614 11.482713949101777 2.8763e-11
12.482713960397579 11.482713949101916 2.069e-11
13.482713971693634 10.482713937805492 1.9774e-11
14.482713982989385 11.482713949100763 2.1106e-11
15.482713994285373 11.482660502821643 7.079e-12
7.482713903918466 10.482713937804416 4.893e-11
8.482713915214296 10.482713937805098 4.755e-11
9.48271392651016 10.482713937805439 4.2121e-11
10.48271393780604 10.48271393780566 3.5263e-11
11.482713949101903 10.482713937805908 2.9956e-11
12.482713960397803 10.482713937806082 2.0677e-11
13.482713971693496 9.482713926509577 2.1231e-11
14.482713982989477 10.482713937804778 1.728e-11
15.48271399428539 10.482654114785637 6.677e-12
7.482713903917958 9.482713926508103 4.6712e-11
8.482713915213852 9.482713926509147 4.3241e-11
9.482713926509755 9.48271392650954 3.9372e-11
10.482713937805674 9.482713926509788 3.3918e-11
11.482713949101594 9.482713926510039 2.9061e-11
12.482713960397565 9.482713926510241 1.8971e-11
13.482713971693649 14.48271398298926 8.945e-12
14.482713982989416 9.482713926508822 1.6811e-11
15.48271399428538 9.4826483171565 6.066e-12
7.482713903918656 8.48271391521168 2.4087e-11
8.482713915214493 8.48271391521307 2.2411e-11
9.48271392651033 8.482713915213438 2.054e-11
10.482713937806157 8.482713915213697 2.0235e-11
11.482713949101983 8.482713915214052 1.9841e-11
12.482713960397813 8.482713915214381 1.8574e-11
13.482713971693641 8.482713915213651 1.8076e-11
14.482713982989486 8.482713915212882 1.571e-11
15.482713994285387 8.482642967839842 6.622e-12
8.470061011350055 7.470061000844925 88.53109492467608
9.482713925726523 7.482713903917115 89.99999999996646
10.482713937080227 7.482713903871398 89.99999999471633
11.482713948454494 7.482713903918036 4.547e-12
12.482713959854888 7.482713903918454 8.543e-12
13.482713971692952 7.4827139039177375 1.9044e-11
14.482713982989148 7.482713903916955 1.5092e-11
15.482713994285277 7.482637972751576 1.32e-11
11.482713949101166 6.482713892622133 89.9999999999975
12.482713960397096 6.48271389262257 1.506e-12
13.482713971693066 6.482713892621717 3.742e-12
14.48271398298911 6.4827138926209615 3.419e-12
15.482713994285334 6.482633265524407 1.0125e-11
13.482713971693283 5.482713881325408 89.99999999995615
14.482713982989326 5.482713881324546 89.99999999997804
15.482713994285358 5.482628808265025 89.99999999999343
14.482713982987745 4.48271387002838 89.99999999997628
15.482713994284815 4.482624550677155 89.99999999998882
15.482707783444127 3.4826194546805436 89.9997968952309
0.5000000056479603 14.128930769879164 5.521e-12
0.5000000056480349 12.977117362456735 1.2562e-11
0.6245134082148782 11.846038728255786 17.030248635529794
0.5000000056479568 10.721525314392789 3.478e-12
14.101084116393784 0.5000046560467757 89.99957904540229
10.471366332487264 6.471366287303715 88.68444216262881
9.379491723613592 6.384318680114174 77.1929612023982
