237 15.97102436576077
1.5000002000105095 15.471024299090619 2.774e-12
0.5000000666701725 15.344336590653585 1.384e-12
15.380647305723915 0.5000000666704967 89.99999999999216
15.47102429909042 1.5000002000114527 89.99999999998428
0.5000000666703039 9.500001266738975 1.8066e-11
0.5000000666704691 8.500001133398388 2.5317e-11
1.500000200017623 8.500001133404638 7.81309e-10
0.5000000666702915 7.500001000057681 1.1903e-11
1.5000002000107653 7.500001000056827 1.4579e-11
2.5000003333512772 7.500001000070663 1.3483e-11
0.5000000666703661 6.5000008667168725 2.194e-11
1.5000002000109882 6.500000866715885 2.1332e-11
2.5000003333515606 6.50000086672957 8.443e-12
3.500000466691901 6.867719198067145 6.07e-12
0.500000066670327 5.500000733375785 2.585e-12
1.5000002000115629 5.50000073337508 1.682e-12
2.5000003333530207 5.500000733388138 89.99999999995535
3.632056963265793 5.867719064726623 89.9999999999874
4.934603197911439 6.0156482629927766 54.37893464737372
0.5018588723246191 4.500000600034575 89.99999999996471
1.5055751008042337 4.500000600033953 2.0776e-11
4.632119943118115 5.002189253827764 54.37893464736439
5.500756841289368 4.334787193767291 49.11399853115349
6.303179172350807 3.506752752056241 70.65009580719871
0.5000000666717508 3.5000004666938116 89.99999999998171
1.5000002000153554 3.500000466692878 3.7853e-11
3.378697835194912 4.670064626766628 54.378934647320754
4.191584625549224 4.087642674541044 54.37893464732232
4.957656207750012 3.4398806949773757 54.378934647325465
5.7605938615108006 2.637424865773326 70.6500958072025
0.5000000666701698 2.5000003333528404 5.017e-12
1.500000200010506 2.5000003333519887 1.3329e-11
2.6976546379766084 3.9278385697693805 54.378934647325764
3.5105414283328287 3.3454166175424858 54.37893464732759
4.276613010534428 2.697654637976063 54.37893464734625
4.500000600038586 1.5000002000146662 89.99999999978014
7.0113494261839895 2.5405542311932416 66.43150451169312
0.5000000666702471 1.500000200011966 6.352e-12
1.5000002000140107 1.5000002000112893 2.7947e-11
2.6976546379704303 2.6976546379703468 54.37893464733106
2.5000003333555325 1.5000002000104322 89.99999999999682
3.500000466697303 1.6252848639642004 89.99999999988849
5.500000733383565 1.5066239871063818 89.99999999992131
6.500000866728524 1.5000002000109696 6.2151e-11
7.736443303432925 1.6292327106040414 69.85869499395554
0.500000066670478 0.5000000666706601 6.849e-12
1.5000002000116197 0.5000000666704425 2.1845e-11
2.500000333353042 0.5000000666701432 89.99999999999868
3.5000004666946207 0.5000000666705358 4.6714e-11
4.500000600036204 0.5000000666710607 89.99999999999822
5.500000733377565 0.5022075695725006 89.99999999999314
6.500000866718398 0.5000000666702373 1.159e-11
7.500001000059216 0.500000066670216 89.99999999999578
8.52879544486886 0.5287943781360909 86.59741200454172
9.648824018567298 0.6318854805782435 71.66816579012779
3.45579825017521 15.468534647349909 0.018072200558605
4.458715641263412 15.471024299090411 89.99999999999713
5.460782907217393 15.471024299090564 89.99999999999739
6.462438726683214 15.471024299090592 89.99999999999635
7.463860052686062 15.471024299090574 89.99999999999407
8.465144207068917 15.471024299090512 89.99999999999027
9.466360445156566 15.471024299090436 89.99999999998678
10.467579299975604 15.471024299090468 89.99999999998595
11.468926619342467 15.47102429909051 89.99999999998835
12.471023899067955 15.47102429909056 3.027e-12
13.471024032409039 15.471024299090432 5.77e-12
14.47102416574981 15.471024299087825 1.3102e-11
15.471024299090448 15.4710242990879 5.627e-12
4.471022832343737 14.471024165749697 89.9999999999935
5.47102296568411 14.471024165750094 89.99999999999275
6.471023099024508 14.47102416575018 89.99999999998863
7.47102323236496 14.471024165750087 89.99999999997802
8.47102336570545 14.471024165749814 89.99999999996373
9.471023499045875 14.471024165749583 89.99999999996048
10.471023632386313 14.471024165749824 89.9999999999632
11.47102376572679 14.471024165749984 89.99999999997074
12.47102389906738 14.471024165749917 89.99999999997694
13.47102403240823 14.471024165749714 89.99999999999153
14.47102416574976 14.471024165735447 5.447e-11
15.471024299090342 14.471024165737536 3.0127e-11
11.471023765728075 11.471023765728415 89.99999999992919
5.471022965686426 13.471024032409524 2.0222e-11
6.471023099026866 13.471024032409714 4.547e-12
7.471023232367351 13.471024032409671 89.99999999998246
8.471023365707776 13.471024032409124 89.99999999996678
9.47102349904813 13.47102403240878 89.99999999995855
11.471023765728786 13.471024032409424 89.9999999999534
12.47102389906912 13.471024032409241 89.99999999995538
13.471024032409655 13.47102403240907 89.99999999998074
14.471024165750233 13.471024032386337 1.108e-12
15.471024299090589 13.471024032387474 4.26e-13
6.471023099025189 12.471023899069262 1.0502e-11
7.471023232365873 12.471023899069284 89.99999999998904
8.47102336570645 12.471023899067049 89.99999999999294
9.471023499047071 12.471023899068001 89.9999999999699
10.471023632387897 12.47102389906869 89.99999999992903
11.471023765728376 12.471023899068847 89.99999999993108
12.47102389906889 12.471023899068669 89.99999999994301
13.471024032409476 12.471023899068182 89.9999999999693
14.471024165750187 12.471023899037789 2.061e-12
15.471024299090574 12.471023899038283 1.009e-12
7.471023232365626 11.471023765728974 89.99999999998715
6.471023099024272 11.471023765728908 9.308e-12
8.471023365706209 11.471023765726109 89.9999999999788
9.471023499046908 11.471023765727452 89.99999999995113
10.471023632387555 11.471023765728242 89.99999999992794
10.471023632388466 13.471024032409314 89.99999999995399
12.471023899068676 11.471023765728162 89.99999999994327
13.471024032409439 11.47102376571281 89.99999999998323
14.471024165749935 11.47102376568204 89.99999999998239
15.471024299090478 11.471023765692431 89.99999999999082
7.471023232365049 10.471023632388672 89.99999999998734
8.471023365705696 10.471023632385398 89.99999999999334
9.471023499046549 10.471023632387022 89.99999999994928
10.471023632387128 10.471023632387778 89.9999999999347
11.47102376572761 10.471023632387976 89.99999999993537
12.471023899068125 10.471023632387686 89.99999999994688
13.471024032409305 10.471023632363027 3.1648e-11
14.471024165749828 10.471023632334997 2.7313e-11
15.47102429909054 10.471023632349018 3.24e-12
7.4710232323646935 9.471023499048364 89.99999999998653
8.471023365705458 9.471023499044817 2.078e-12
9.47102349904653 9.471023499046543 89.99999999995951
10.471023632387244 9.471023499047226 89.99999999995354
11.471023765727894 9.471023499047437 89.99999999995532
12.471023899068456 9.471023499047075 89.99999999995842
13.471024032409467 9.471023499014018 5.883e-12
14.471024165750038 9.471023498990412 89.99999999999197
15.471024299090539 9.47102349900494 89.99999999999223
7.467841503774707 8.471023365708056 89.9999999999875
8.471023365706909 8.471023365702937 1.68876e-10
9.47102349904825 8.471023365705387 4.9764e-11
10.471023632388704 8.471023365706165 3.209e-11
11.471023765729031 8.47102336570642 2.9928e-11
12.471023899069369 8.471023365705625 3.4561e-11
13.471024032409694 8.471023365664422 3.358e-11
14.471024165750158 8.471023365647005 1.4282e-11
15.471024299090594 8.471023365659807 2.988e-12
8.471023365708392 7.4710232323601495 5.869e-12
9.471023499048648 7.471023232364024 5.684e-12
10.471023632388981 7.471023232365525 1.2489e-11
11.47102376572928 7.4710232323658285 1.4779e-11
12.471023899069596 7.471023232364814 1.7423e-11
13.471024032409902 7.471023232311872 1.7806e-11
14.471024165750265 7.471023232304336 9.088e-12
15.471024299090631 7.471023232312334 1.14e-13
11.471023765728907 6.471023099024929 89.99999999995904
12.471023899069266 6.471023099023826 89.99999999996547
13.471024032409673 6.467046560490718 89.99999999997364
14.471024165750123 6.471023098961908 89.99999999998451
15.471024299090594 6.47102309894856 89.99999999999841
13.471024032408579 5.464013725646009 89.99999999991627
14.471024165749341 5.4710229656198095 89.99999999992617
15.471024299090452 5.4710229655988964 89.99999999999014
14.471024165745959 4.471022832276015 89.99999999967098
15.471024299088926 4.471022832251617 89.999999999851
15.471024299085034 3.4710226989060144 89.99999999980804
6.471023099024322 10.471023632388581 5.77e-12
7.4710232323681325 7.471023232367578 6.182e-12
5.273368661068082 7.003111420199725 54.3789346473742
6.471023099027887 7.471023232367639 6.651e-12
0.6585283534626649 13.879648991072381 22.578800011521114
1.5705597128694446 14.307905089129896 22.55384209170547
2.536588185137786 14.673990747828892 25.644114045626512
0.6671398661768642 12.765904987730575 25.644114045433618
1.6038770964610034 13.125283707784392 25.644114045449705
2.5086226756132257 13.551302432961815 25.644114045467276
3.410122376864595 13.984082464065185 25.644114045471497
0.500000066670216 11.598765054883419 9.181e-12
1.597725434983114 12.008998855650052 25.64411404544523
2.500883630336091 12.43832417069139 25.64411404545458
3.402383331588025 12.87110420179367 25.64411404546428
4.3038830328394315 13.303884232896928 25.64411404546199
0.5000000666702427 10.5000014000795 1.0839e-11
1.6286303503791038 10.845985660738357 25.6517622306913
2.5050826061130964 11.331076955380523 25.644114045545603
3.4065823073650234 11.76385698648344 25.644114045504367
4.308082008616801 12.196637017585967 25.64411404549883
5.4710229656847105 12.47102389906911 2.7129e-11
1.6780631771367673 9.6846214097802 28.52141555370089
2.547334654493535 10.17934580864626 28.521415553700557
3.4450123459644324 10.673042966229067 25.644114045515774
4.346512047216453 11.105822997331682 25.644114045482787
5.47102296568362 11.460261327187762 2.9573e-11
2.556182511402066 9.023701983154538 28.52141555378593
3.4254539887595303 9.518426382021143 28.521415553698947
4.334677114423728 9.990878435658647 25.644114045481007
5.339691057466534 10.328929285629536 18.232079710397592
3.3855974637495496 8.334903423931818 29.2101890623767
4.269066676676083 8.830615655794775 27.695967741408623
5.4473058135487165 9.20994883671828 1.689700414421148
4.3661293669898855 7.7374413767759185 29.21018906238167
5.456497094783543 8.20978482666553 1.68970041338961
6.46375030923598 9.471023499048265 5.999e-12
6.465783574224783 8.471023365707952 6.352e-12
6.745079656980116 4.411438444627855 70.65009580720992
6.999398235703501 5.391007505417415 71.808373254541
7.314969625299857 6.339916195686525 71.80837325456703
5.935953041838296 5.427342361567044 74.97530307965489
13.979061277561392 0.6469416826920238 69.1444458426474
14.321992780884841 1.5912789926103255 69.27472644409573
14.666535154175733 2.557679695973081 66.73572953843731
12.888732961986047 0.634019191312543 71.28033871171716
13.557445455549122 2.5191259677785585 71.28033871136586
13.929344675817703 3.455379318416375 70.5087530974336
11.876120664263345 0.761628948650789 71.28033871183932
13.23857173977117 1.571326109317157 71.28033871151725
12.400840795538272 2.2218088204763227 71.28033871119023
12.74533725523716 3.238630191416898 71.23416679597175
13.169626108815002 4.3010414144835565 63.648733064323714
10.755635984169912 0.6326167801664262 71.53583570172877
11.093253902439873 1.5741581849881987 71.5358357017176
11.43701614680124 2.5136479996569827 71.53583570170974
11.762013330163875 3.4594034658891113 71.53583570170326
12.083196237918521 4.406432521472892 71.53583570171044
12.47102389906804 5.471022965682943 89.99999999991881
10.011527898594267 1.5651714678871533 71.66816579012377
10.3491627838658 2.5067636872516212 71.66816579012331
10.690881494768965 3.447002792815864 71.66816579012382
11.017951151591726 4.392095640627861 71.66816579012448
11.33913835181978 5.33913755177687 71.66816579013378
9.27300375113047 2.510190498586459 71.05741951851802
9.61057281958811 3.451590947928051 71.05741951852298
9.950293133238109 4.392253072665499 71.05741951852902
10.279253180248572 5.336608201765116 71.05741951853526
8.91045707076649 1.5773625428927707 71.05741951851924
8.54613128531301 3.462541450763127 69.85869499399917
8.883603930145233 4.403905323696815 69.8586949943857
9.214814158928244 5.347566026509371 69.85869499457385
7.812283723813206 4.399230839805595 69.38498027107951
8.070404998695757 5.370545787471102 69.38498027202812
8.18379809275369 2.5302955773848534 69.85869499395822
7.459931403321406 3.4508346403124186 68.02497045545914
10.47102363238843 6.471023099024462 89.99999999993601
9.469002450964046 6.469002050939971 89.76793437747854
8.426821851985283 6.427185638061112 84.72665510344471
6.240464389702367 6.38100406770577 74.97530307966596
