237 15.98374024633508
5.6472255688560065 11.380905409546274 17.232889572891498
6.357112925249579 10.553893578798277 17.397447147747762
4.436102912231458 6.62316181701563 16.797465700066166
5.393435329722616 6.912151310821957 16.797465700080974
6.347428271920883 7.212203493547032 16.797465700093532
4.735028088929908 5.5256747654365554 1.09968e-10
1.5889917600920285 14.361996008032381 16.43818741762149
2.567846251946591 14.648430307657698 18.744272476853357
1.563663298947584 13.270996361764857 21.050443696532497
2.536164956144596 13.58167092394877 18.744272476835768
3.4831272844228334 13.90301575508126 18.74427247682306
1.605920672877307 12.063783299907763 13.970377921271291
2.525997551808552 12.50756760661767 13.970377921272085
3.4825575891769436 12.804703170435953 13.970377921271943
4.432816572735465 13.127166709041537 13.970377921271117
1.5799360130157076 10.991722537908533 17.232889572124314
2.5384246042850958 11.277082107606997 17.23288957213467
3.4487145361980858 11.717830687026174 17.232889572877365
4.403701738864767 12.014478385740702 17.232889572893814
5.3548681082140845 12.337223382532798 17.23288957321731
1.8016727865191449 10.009652295465973 16.95723182396596
2.8346810054870293 10.321973519243713 17.232889572131665
3.744970937415526 10.7627220986664 17.232889573011295
4.699958140086553 11.059369797383518 17.232889572896216
2.580493516716108 9.196718501998863 16.79746570019693
3.542285382874497 9.494023928602951 17.56726153924553
4.453970980417416 9.935570937972761 17.28727721006507
5.409914123247077 10.232379470119968 17.39744714814298
1.623161099217869 8.907729008196732 16.797465699937597
3.5376746903305003 8.441092796304524 16.79746570026534
4.493447502178725 8.740990254111212 16.99149845530582
5.40451819428344 9.181395055408078 16.9914984553113
4.4950071078175515 7.68551274557857 16.797465700071957
5.449000050018084 7.9855649282950125 16.797465700072266
2.580342272841955 8.152103302488754 16.797465700201208
3.5376746903293297 7.3965232517637185 16.79746570007161
6.35944989947855 9.478260683071861 16.99149845530934
6.360577998639757 8.426124732288654 16.797465700071193
2.58920044405287 7.078189435046829 16.797465700066525
1.6231610992136414 7.86261277447007 16.797465700129262
0.5000000717802191 8.6736646822502 89.9999999999885
2.610794339430843 1.6970384964131462 54.680433115364806
7.918643989096697 1.6108108661313034 75.25214044540121
9.720806464330927 0.6182747989080042 74.0292030422041
6.614353343054149 4.3611818724963145 72.49774183733645
6.83641688883855 5.408642045191401 64.35862493252272
7.255721103913058 6.316610284509559 64.35862493251365
5.6959581335601515 4.773898974500273 72.49774183735161
14.34514605172642 1.613817758596471 72.06451586319736
14.642281578127626 2.5687208155860004 72.0645158630343
12.97340089450319 0.6297071792179176 72.09133884858097
13.280498307952254 1.5823533209655825 72.10557301235175
13.581081907876943 2.5374512911627614 72.0645158630482
13.888888601503929 3.4889003790555178 72.06451585293549
11.823993665969132 0.6294442650703989 72.10557301284884
12.219997086590253 1.5524162306311418 72.10557301282975
12.519854880826419 2.5064320297132623 72.10557301282206
12.827558200570543 3.4579146283940734 72.10557301281654
13.131343098085065 4.410662431243839 72.10557301282894
10.765686916476806 0.6208945189050468 73.58870494675753
11.065098516166126 1.5751809878653278 73.58870494674842
11.461946758887652 2.500769445070314 73.58870494674397
11.761845608853466 3.4549123969250664 73.58870494674312
12.069655572073792 4.406725278935495 73.58870494674406
12.362845296748052 5.3628442918243895 73.5887049467652
10.001173252036367 1.5781832388607215 74.02920304219933
10.300631428053514 2.5326278454801123 74.02920304219774
10.697746887377608 3.4591235661118382 74.02920304219708
10.997693419211117 4.413428410801314 74.02920304219816
11.305568978964404 5.365464011821734 74.0292030422004
9.235253894246526 2.528105658903944 73.37639297873682
9.53464821815121 3.4823364005541952 73.37639297873076
9.931368738633923 4.407509319586053 73.3763929787387
10.231249759618725 5.36159474158263 73.37639297875845
8.951147550178343 1.5633991852497466 74.0292030422211
8.474727462497832 3.5325625386101276 75.25214044535133
8.774405315346778 4.487742929348724 75.25214044534984
9.172360993135774 5.417052880796715 75.25214044535481
7.672428064760943 4.391410688017879 72.49774183734257
7.97177918581861 5.34555499656847 72.4977418373242
8.186463719811094 2.5743775204887527 75.25214044537366
7.380214907439861 3.4350154732945635 72.49774183732468
8.369065581217868 6.287914931463438 74.62495619367111
5.887478090473552 5.80426429937584 67.67544259871786
3.7350279453355704 5.500000789582639 89.99999999997273
2.5201491880955658 4.910205196607058 5.879007357489288
3.5687335849246526 4.500000646022119 89.99999999998435
4.568733728485599 4.500000646022292 3.1023e-11
2.54858461218015 3.907845709423505 5.879007357483837
3.597169009011222 3.500000502461546 89.99999999997824
4.597169152575312 3.5000005024619325 2.5821e-11
5.597169296144083 3.500000502472516 89.99999999943861
2.5485846121892504 2.902558171473391 5.87900735748112
3.5971690090223882 2.5000003589011186 89.9999999999824
4.597169152588549 2.5000003589015183 2.1156e-11
5.597169296155995 2.500000358909526 89.99999999959047
6.597169439720027 2.5000003589083484 89.99999999956985
3.8078327640638916 1.5000002153406822 89.99999999998985
4.807832907624448 1.5000002153410206 5.443e-12
5.807833051185039 1.5000002153441523 89.99999999998543
6.807833194745585 1.5000002153436256 89.99999999997108
7.4539907759791735 7.483739026058679 89.99999999956788
1.6151171542856524 1.1769476760025137 54.68043311531403
0.5000000717802378 15.361239934927585 3.212e-12
1.500000215340692 15.4837401745549 6.423e-12
15.366918938010015 0.5000000717804571 89.99999999999179
15.483740174554768 1.5000002153413217 89.99999999998356
0.5000000717822806 9.673664825810835 89.99999999999602
0.5025622896854776 7.673664538689549 89.99999999999997
0.5000000717802076 6.673664395128896 1.1241e-11
1.6231610992132115 6.818043229930797 16.797465700061423
0.5000000717964772 5.673664251568281 8.953e-12
1.6231610992540686 5.773473685404698 16.797465700064013
2.665661320802254 6.008483812268247 8.630133802632866
0.5000000717831368 4.6736641080076655 6.424e-12
1.5000002153491812 4.389447105110065 89.99999999985603
0.5000000717821163 3.6736639644470532 4.472e-12
1.5000002153557839 3.38417259100473 5.52305e-10
0.5000000717866993 2.6736638208864356 9.24e-13
1.505229224303311 2.3790520362318803 0.000339066420423
0.5000000717802511 1.673663677325818 89.99999999999694
0.5000000717803017 0.5000000717802449 89.99999999999677
2.6025307322795843 0.5000000717801534 89.99999999999815
3.6025308758400767 0.5000000717802315 89.99999999999798
5.602531162961077 0.5000000717803452 4.192e-12
4.602531019400586 0.5000000717802049 4.306e-12
6.60253130652157 0.5000000717808248 5.429e-12
7.60253145008206 0.5000000717812085 4.935e-12
8.602531593642556 0.5000000717801596 1.432e-12
3.4823134028521148 15.483354412825832 0.013853579758763
4.482677510692261 15.483740174547986 1.27753e-10
5.483052700712253 15.483740174554743 2.4684e-11
6.483738882456125 15.483740174554494 1.8734e-11
7.483739026019623 15.483740174554743 89.99999999999044
8.483739169583298 15.48374017455475 89.99999999998658
9.483739313147233 15.483740174554846 89.99999999999673
10.48373945671149 15.483740174554871 89.99999999999592
11.48373960027617 15.483740174554878 89.99999999999535
12.48373974384145 15.483740174554875 89.999999999995
13.483739887407651 15.483740174554864 89.99999999999498
14.48374003097556 15.483740174554853 89.9999999999953
15.483740174548572 15.48374017455485 89.99999999999655
4.483738595329695 14.483740030974054 2.21874e-10
5.483738738893669 14.483740030994248 5.2566e-11
6.4837388825116165 14.483740030993378 3.6755e-11
7.483739026072205 14.483740030993854 2.942e-12
8.483739169632583 14.483740030994003 89.99999999999362
9.483739313192917 14.483740030994248 89.99999999999007
10.483739456753245 14.483740030994355 89.99999999998793
11.483739600313568 14.48374003099438 89.99999999998643
12.483739743873887 14.483740030994365 89.99999999998548
13.483739887434348 13.48373988743345 2.2951e-11
14.483740030994532 14.483740030994248 89.99999999998661
15.483740174554871 14.483740030994234 89.99999999999157
5.483738738952238 13.483739887433856 6.7956e-11
6.483738882512485 13.48373988743241 6.4233e-11
7.483739026072734 13.483739887432142 6.0369e-11
8.483739169632988 13.48373988743279 5.5887e-11
9.483739313193245 13.483739887433206 5.0897e-11
10.483739456753534 13.483739887433432 4.259e-11
11.483739600313823 13.483739887433513 3.4049e-11
12.483739743874086 13.48373988743352 2.8241e-11
13.48373988743368 12.483739743872956 3.2315e-11
14.48374003099461 13.483739887433323 1.7209e-11
15.483740174554889 13.483739887433083 9.989e-12
6.483738882510631 12.483739743871446 1.15354e-10
7.483739026071004 12.483739743870917 1.07335e-10
8.483739169631466 12.483739743871947 8.9443e-11
9.483739313191988 12.48373974387265 6.4733e-11
10.483739456752478 12.48373974387301 4.4983e-11
11.483739600312877 12.483739743873084 3.7796e-11
12.483739743873265 12.483739743873073 3.4831e-11
13.479391713779535 11.483739600312324 4.135e-12
14.483740030994134 12.483739743872754 2.9812e-11
15.483740174554725 12.48373974387238 1.7351e-11
7.346537321561426 11.483739600309292 8.3822e-11
8.471519573757691 11.483739600311006 5.0607e-11
9.473940386312385 11.483739600311912 3.0397e-11
10.475622650274483 11.483739600312264 1.77e-12
11.47698734731274 11.483739600312516 1.5153e-11
12.478205636010795 11.483739600312493 1.0018e-11
13.48373988739997 10.483739456751577 89.99999999996746
14.480696592006469 11.483739600312042 89.99999999999804
15.48272850304272 11.483739600311822 9.138e-12
7.483739026003901 10.483739456748356 6.4126e-11
8.48373916956862 10.483739456750328 4.1558e-11
9.483739313133668 10.483739456751373 2.3065e-11
10.48373945669916 10.48373945675176 89.9999999999911
11.48373960026518 10.483739456751875 89.99999999998671
12.483739743831979 10.48373945675181 89.99999999997719
13.483739887434377 9.483739313190913 89.99999999999086
14.48374003097016 10.483739456751213 89.99999999995812
15.4837401745468 10.483739456751241 3.823e-12
7.483739026072302 9.483739313187577 5.6444e-11
8.48373916963264 9.48373931318976 4.6474e-11
9.48373931319303 9.483739313190881 3.061e-11
10.483739456753462 9.483739313191194 9.777e-12
11.483739600313829 9.4837393131914 89.99999999999581
12.483739743874114 9.483739313191267 89.99999999999181
13.483739887434208 14.48374003099432 89.99999999998525
14.483740030994639 9.48373931319039 89.99999999999143
15.483740174554917 9.4837393131903 89.99999999999501
7.483739026072075 8.483739169624654 1.22512e-10
8.483739169632335 8.483739169628505 1.1876e-10
9.483739313192974 8.483739169630129 7.1267e-11
10.483739456753545 8.483739169630597 3.2131e-11
11.483739600313882 8.48373916963071 1.9688e-11
12.483739743874175 8.483739169630395 1.2392e-11
13.483739887434433 8.483739169629839 8.797e-12
14.483740030994689 8.483739169629061 6.117e-12
15.483740174554942 8.483739169628 3.208e-12
8.469741639514554 7.478380858799614 0.044831289592294
9.473129633404643 7.483739026069471 4.0582e-11
10.475127231376751 7.483739026070192 2.5082e-11
11.476656837405736 7.4837390260703485 1.6968e-11
12.477978919725848 7.483739026069749 89.99999999997993
13.479239805490204 7.483739026069225 89.99999999998604
14.480605233874705 7.483739026068227 89.99999999998168
15.482697762907971 7.483739026066716 89.99999999999947
11.483739600312902 6.479982486512495 89.99999999998764
12.483739743873493 6.483738882509243 89.99999999996052
13.483739887433892 6.48373888250817 89.99999999996048
14.483740030994525 6.483738882504992 89.99999999999227
15.483740174554889 6.483738882505206 89.99999999999612
13.483739887433273 5.48373873894764 89.99999999995063
14.483740030994035 5.483738738942481 89.99999999997445
15.483740174554733 5.48373873894265 89.9999999999903
14.483740027353745 4.4837385943579395 89.99999993516431
15.483740173427375 4.483738595381304 1.2804e-11
15.483740174554146 3.4837384518204155 89.99999999998286
0.5002601941702682 14.090375159935565 0.022734243306076
0.5000000717801276 12.840894671295363 89.9999999999973
0.5033136231947459 11.838432904160673 0.024353299512841
0.5000000717801951 10.673664969371481 6.352e-12
14.117883498626782 0.5000000717807902 89.999999999936
10.483739456752312 6.483738882509771 1.4751e-11
9.48373931319191 6.483738882508975 1.6525e-11
