237 15.937377471320366
1.5000000009046026 15.43737747101884 1.344e-12
0.5000000003015357 15.297816236243284 6.67e-13
15.35849382609059 0.5000000003015197 89.99999999999969
15.437377471018852 1.5000000009045573 89.99999999999936
0.500000000301517 9.500000005729003 1.146e-12
0.5000000003015055 8.500000005125907 4.2e-14
1.5000000009045165 8.500000005125859 9.9e-14
0.5000000003015481 7.50000000452279 89.99999999999599
1.5000000009046088 7.500000004522784 89.99999999999325
2.5000000015076527 7.500000004523363 89.99999999999235
0.5000000003015606 6.500000003919732 89.99999999999632
1.5000000009047278 6.5000000039197445 89.99999999999089
2.5000000015078996 6.500000003920249 89.9999999999852
3.500000002111145 6.500000003921263 89.99999999999288
0.5000000003015357 5.500000003316687 89.99999999999663
1.5000000009046088 5.500000003316718 89.99999999999001
2.500000001507721 5.500000003317142 89.99999999997891
3.500000002110765 5.50000000331778 89.9999999999756
4.500000002713791 5.500000003316842 89.99999999997421
0.5000000003015987 4.500000002713648 89.9999999999972
1.5000000009051089 4.500000002713693 89.99999999998973
2.500000001510011 4.5000000027140645 89.99999999997709
3.5000000021144615 4.500000002714175 89.99999999998137
6.711852368800092 2.5805294009687367 69.97420300910682
0.5000000003015463 3.500000002110614 89.9999999999978
1.5000000009047278 3.50000000211067 89.99999999998957
2.500000001507985 3.500000002110996 89.99999999997594
4.5079570241461955 1.5000000009046408 89.99999999998916
5.640990869249745 2.5626705491301536 69.97420300911931
5.640990869254317 3.6270228506879327 69.9742030091101
0.5000000003015241 2.500000001507579 89.99999999999824
1.5000000009046222 2.5000000015076456 89.99999999998967
2.500000001507688 2.500000001507864 89.99999999998454
4.500000002713741 2.5000000015077113 89.99999999998322
4.500000002717972 3.5000000021107613 89.99999999997945
4.5050411936786485 4.5000000027138 89.99999999997684
0.5000000003015144 1.500000000904544 89.99999999999909
1.500000000904615 1.5000000009046168 89.99999999999021
2.5033208182011073 1.5000000009047438 89.99999999999078
3.5054572206933017 1.5000000009046977 4.55e-13
3.500000002110717 2.5000000015079635 89.9999999999837
3.5000000021141435 3.5000000021110864 89.99999999998573
7.433761472021403 1.6409908668375675 69.97420300912057
0.5000000003015108 0.5000000003015144 89.99999999999949
1.500000000904529 0.5000000003015188 89.9999999999989
2.5000000015075425 0.5000000003015668 89.99999999999898
3.5000000021105553 0.5000000003015401 89.99999999999912
4.500000002713566 0.5000000003015206 89.99999999999922
5.500000003316577 0.500000000301517 89.99999999999935
6.50000000391959 0.5000000003015144 89.99999999999939
7.500000004522601 0.5000000003015108 89.99999999999937
8.500000005125612 0.5000000003015099 89.99999999999932
9.500000005728623 0.5000000003015108 89.9999999999992
3.437377463781596 15.437377471018774 4.868e-12
4.437377464384699 15.437377471018818 3.615e-12
5.437377464987801 15.437377471018834 2.709e-12
6.4373774655909735 15.437377471018857 89.9999999999999
7.437377466194182 15.437377471018825 3.621e-12
8.437377466797301 15.436570691977877 5.885e-12
9.437377467400433 15.437377471018856 4.55e-13
10.437377468003609 15.43737747101886 5.7e-14
11.437377468606698 15.437377471018856 5.97e-13
12.437377469209768 15.437377471018857 5.4e-13
13.437377469812805 15.437377471018856 6.25e-13
14.437377470415834 15.437377471018833 2.98e-13
15.437377471018856 15.437377471018833 89.99999999999996
4.437377464384507 14.437377470415573 2.5527e-11
5.437377464987742 14.437377470415793 5.813e-12
6.437377465590985 14.437377470415845 89.99999999999986
7.437377466194225 14.43737747041579 5.08e-12
8.43737746679743 14.434952011376687 1.2093e-11
9.437377467400559 14.437377470415841 9.38e-13
10.437377468003659 14.43737747041585 7.1e-14
11.437377468606712 14.437377470415843 1.137e-12
12.437377469209771 14.437377470415843 1.165e-12
13.437377469812802 14.437377470415834 1.847e-12
14.437377470415829 14.437377470415763 1.407e-12
15.437377471018854 14.4373774704026 5.4e-13
11.437377468606783 11.437377468606808 1.933e-12
5.433291298036085 13.437377469812773 6.239e-12
6.437377465590943 13.43737746981283 89.99999999999987
7.437377466194562 13.437377469812759 6.069e-12
8.437377466797608 13.43395750975478 3.355e-12
9.43737746740064 13.437377469812827 1.137e-12
11.437377468606758 13.43737746981283 1.549e-12
12.437377469209785 13.43737746981283 1.407e-12
13.437377469812805 13.43737746981282 2.032e-12
14.437377470415825 13.43737746981273 2.061e-12
15.437377471018852 13.437377469794395 6.82e-13
6.437377465591654 12.437377469209757 6.461e-12
7.4373774661946666 12.437377469209732 6.136e-12
8.43737746679772 12.433089991282573 8.93e-13
9.437377467400738 12.437377469209814 1.066e-12
10.437377468003758 12.437377469209817 1.634e-12
11.43737746860678 12.437377469209817 1.847e-12
12.437377469209796 12.437377469209824 1.563e-12
13.437377469812812 12.43737746920981 2.004e-12
14.43737747041583 12.437377469209704 1.975e-12
15.437377471018854 12.437377469188124 7.53e-13
7.43737746619466 11.437377468606702 5.587e-12
6.437377465591638 11.437377468606737 6.875e-12
8.437377466797717 11.432244103348989 4.26e-13
9.43737746740075 11.437377468606805 1.066e-12
10.437377468003769 11.437377468606805 1.705e-12
10.437377468003676 13.43737746981284 1.42e-13
12.4373774692098 11.437377468606812 1.592e-12
13.437377469812816 11.437377468606801 1.918e-12
14.43737747041583 11.43737746860668 1.762e-12
15.437377471018854 11.437377468582824 6.82e-13
7.437377466194647 10.437377468003676 5.258e-12
8.437377466797674 10.43136462030024 3.384e-12
9.43737746740074 10.437377468003792 9.38e-13
10.437377468003762 10.437377468003792 1.677e-12
11.437377468606776 10.437377468003794 1.876e-12
12.437377469209792 10.437377468003803 1.521e-12
13.437377469812809 10.437377468003788 1.876e-12
14.437377470415827 10.437377468003657 1.961e-12
15.437377471018852 10.43737746797812 7.11e-13
7.437377466194204 9.437377467400651 4.547e-12
8.437377466797418 9.43040473380625 89.99999999998936
9.437377467400719 9.437377467400776 4.69e-13
10.437377468003739 9.437377467400777 1.222e-12
11.437377468606755 9.43737746740078 1.421e-12
12.437377469209771 9.437377467400792 1.208e-12
13.437377469812791 9.437377467400777 1.663e-12
14.437377470415816 9.437377467400637 2.16e-12
15.437377471018848 9.437377467373839 9.52e-13
7.437377466194236 8.437377466797628 3.942e-12
8.437377466797301 8.42927693969734 5.7e-14
9.437377467400367 8.437377466797729 89.99999999999667
10.437377468003401 8.437377466797725 89.99999999999643
11.437377468606446 8.437377466797729 89.99999999999685
12.437377469209505 8.437377466797752 89.99999999999743
13.43737746981261 8.437377466797766 1.393e-12
14.437377470415743 8.437377466797617 2.586e-12
15.437377471018822 8.43737746676985 3.524e-12
8.437377466797175 7.427842718693494 89.99999999999386
9.437377467400339 7.437377466194602 89.99999999998353
10.437377468003406 7.437377466194604 89.99999999998367
11.437377468606549 7.437377466194699 89.99999999999446
12.437377469209608 7.437377466194724 89.99999999999513
13.437377469812702 7.437377466194754 9.66e-13
14.437377470415809 7.437377466194597 2.402e-12
15.437377471018852 7.43737746616607 6.68e-13
11.437377468606726 6.437377465591685 89.99999999999399
12.437377469209743 6.43737746559171 89.99999999999434
13.437377469812809 6.437377465591742 5.68e-13
14.437377470415832 6.437377465591574 1.492e-12
15.43737747101885 6.437377465562441 1.094e-12
13.437377469812823 5.43737746498873 2.7e-13
14.437377470415838 5.437377464988549 3.69e-13
15.437377471018856 5.437377464958875 2.7e-13
14.437377470415782 4.437377464385528 89.99999999999964
15.437377471018838 4.437377464355314 89.99999999999977
15.437377471017799 3.4373774637516306 89.9999999999762
6.4373774655916245 10.437377468003715 6.683e-12
7.437377466194011 7.437377466194605 4.262e-12
5.09720489814452 6.496532939447946 70.12174445757717
6.314990825839056 7.231431987418663 73.33499497453286
0.6707080717311174 13.8573604592394 26.53629207535243
1.5840639556769514 14.26666939898484 26.536292075361477
2.524158610103785 14.649346925903256 27.9312488929903
0.6486260353511533 12.72878722827057 21.533884918352847
1.5621292012478678 13.138154284559887 21.533884918355408
2.4923298570244254 13.505205699485542 21.533884918355955
3.4033299053918293 13.926310373910098 21.789501951266683
0.5000000003015046 11.500000006935139 89.99999999999986
1.535981384581894 12.003895280988312 21.533884918335197
2.4494845504786094 12.413262337277505 21.53388491833543
3.3800980194096963 12.779267579783273 21.533884918335318
4.288751429336024 13.200925138166754 21.533884918335048
0.5000000003015126 10.500000006332074 89.99999999999916
1.623297336553394 10.80490444551856 16.820873038911603
2.5253064709630317 11.276892324998538 16.820873038911714
3.4454542000959663 11.688881284768808 16.820873038911653
4.37937290513249 12.055318552682383 16.820873038911493
5.437377464988645 12.437377469209757 6.499e-12
1.5000000009045387 9.61621875492412 2.2e-12
2.5563237486069825 10.052170751797977 20.197795104098923
3.4494163389691206 10.520878371424512 20.19779510409876
4.36411264551248 10.930861836401238 20.19779510409844
5.295493268366565 11.295493271984641 20.197795104097768
2.6111002945922115 8.825318303733924 22.170500400529672
3.4843718995096618 9.33223924253952 22.17050040052974
4.373820249604185 9.79946186356962 22.17050040052892
5.286867003153768 10.208773148969746 22.17050040052627
3.5120009790207742 8.11741823643686 30.768529409247808
4.415630943117906 8.63748696273268 25.66596261306441
5.301423783398601 9.102952979525284 25.66596261306281
4.322304314516289 7.43603511990098 30.76852940924943
5.224608483393533 7.89539381372056 30.47558749576153
6.4373774655911 9.433932024546323 7.702e-12
6.437377465590422 8.353818627772883 89.99999999991988
6.3781082481194815 4.4341237262958835 64.32922960094385
6.824213388855487 5.381096531831397 69.97420300912245
7.16314279895544 6.32817927550994 70.65258353041888
5.667248742244604 5.263542468316334 64.32922960094363
13.852789396261112 0.6430113499842562 70.48773094463013
14.275423564801915 1.5643043393622937 71.02098866549993
14.600408868949206 2.529107115894667 69.6403344529637
12.76626242822342 0.6391138466311768 70.33203451563804
13.119024699009193 1.5749848363802874 70.33203451563762
13.519467270560739 2.4938138762430135 70.33203451563725
13.862821851652033 3.4330473732013616 70.33203451563723
11.66311069030851 0.6215602011295402 73.47576466035427
12.006155609756554 1.5628675103660257 73.47576466035393
12.356938755155728 2.5018790917935627 73.47576466035383
12.761946767459232 3.4248035839716806 73.47576466035385
13.105941822974748 4.365829012870381 73.47576466035403
10.608245892871821 0.6082458868416927 75.66212419639405
10.882015444961457 1.5704192696228576 75.66212419639352
11.225931560438447 2.514663125533419 75.66212419639339
11.57389885633602 3.457871495910517 75.66212419639335
11.984254569580845 4.385133328861404 75.6621241963934
12.329131582669616 5.329131578448557 75.66212419639373
9.822786751370433 1.5741631994121734 73.46771301920948
10.105162891905982 2.5334696598414395 73.46771301920916
10.448204956271484 3.4747688630750524 73.46771301920904
10.790317292665561 4.41634403423149 73.46771301920909
11.203987122591817 5.3366790411144684 73.46771301920924
9.043579407418651 2.522885659963655 72.43281812978907
9.345338016221575 3.4762700254674943 72.43281812978907
9.688096735153012 4.416674232379294 72.4328181297892
10.023478053983153 5.359414038588834 72.43281812978961
8.558325457640898 1.6275937872774051 72.43281812978918
8.266788869266303 3.4660734727187403 69.97420300912096
8.598763850394791 4.409427464813223 69.97420300912162
8.941207048732734 5.348965998944395 69.97420300912515
7.535153596736043 4.4114633720824 69.97420300911826
7.877596795074035 5.351001906213587 69.9742030091239
7.8139462356620175 2.5667733474737595 69.9742030091203
7.092760655021843 3.50728972971452 69.828947209469
10.386927027898565 6.38692702548655 83.8807141522508
9.272526282172507 6.301757496840854 70.98583700332163
8.214815541342693 6.301757496840717 70.98583700331622
6.067718639664826 6.235059946947942 70.34091807952913
6.3694091704619495 1.6409908668376438 69.9742030091084
