237 16.03187165922061
1.5000000757421326 15.531871633973246 1.535e-12
0.500000025247382 15.357187040515537 1.625e-12
15.511857153201873 0.5000000252475569 89.99999999999675
15.531871633973203 1.5000000757426655 89.9999999999935
0.5000000252473438 9.502757626228826 3.27e-13
0.5000000252580037 8.502034802293746 7.72099e-10
1.5000000757695426 8.500000429714907 1.562824e-09
0.5000000252473855 7.501089615728313 89.99999999999935
1.5000000757421583 7.500000379191844 89.99999999999862
2.500000126236949 7.135452336884576 3.823e-12
0.5000000252473891 6.500000328656732 2.615e-12
1.5000000757421565 6.500000328656908 5.246e-12
2.5000001262370635 6.135452286389619 1.4138e-11
3.500000176731789 6.65928452531843 9.72e-13
0.5000000252474956 5.500000278066512 1.1852e-11
1.5000000757424212 5.500000278082615 2.3874e-11
2.503129451713151 5.135452235894707 1.6573e-11
3.6135192036341435 5.659284474823719 1.222e-12
4.9491153705025015 6.014800944254617 56.6969733091271
0.5006049997953452 4.500000227519045 89.9999999986796
1.5017173999740567 4.500000227513594 1.41516e-10
4.683520181990432 4.963997714625487 53.86799809494953
5.570992701330157 4.316082039392496 53.86799809481274
6.517741906686602 3.5614296889572685 76.46129364115313
0.5000000252486787 3.50000017696782 1.07791e-10
1.5000000757452865 3.5000001769435816 2.04722e-10
3.6770715164065013 4.460630306634089 53.867998094816976
4.4847322188082615 3.870982723130532 53.86799809481008
5.249429393511912 3.2224864828618314 53.86799809481234
6.225749474204559 2.6031572275124244 76.46129364115612
0.5000000252473491 2.500000126352858 1.85e-13
1.5000000757420473 2.5000001263832123 4.06e-13
2.698654243934733 3.936798067704964 53.86799809482121
3.5063149463367065 3.3471504842013227 53.86799809481537
4.271012121040497 2.6986542439323387 53.86799809480475
4.513095949979452 1.500000075742526 89.99999999998055
7.2651794990839695 2.499172653691099 72.30926539431248
0.5007278722555659 1.5000000757998757 89.99999999855409
1.5019851989769943 1.5000000758299938 1.2143e-11
2.6986542439316654 2.698654243931653 53.86799809481763
2.5035166088803162 1.5000000757420473 89.99999999999851
3.5075348589415922 1.5307969111981423 89.9733066949758
5.529528967163727 1.5180649732361466 0.360016168380912
6.533437932071088 1.5000000757420864 89.9999999999994
8.005093559179743 1.5367919956541778 71.51044367654089
0.5007279376132807 0.5000000252672949 89.99999999927604
1.5021257045272236 0.5000000252766741 8.689e-12
2.5034185010293717 0.50000002524735 89.99999999999925
3.531196918841701 0.500000025247628 89.99999999999028
4.532108666761001 0.500000025247517 89.99999999999089
5.532780092995502 0.5010521349396706 89.99983780902693
6.533411111290707 0.5000000252473615 89.99999999999969
7.533736175606139 0.5000000252715209 89.99999999820925
8.765527188391829 0.6262993053955164 72.65963020535486
9.826428672529994 0.6262993053947792 72.6596302059587
3.4824154794954456 15.527454933951397 89.68898673509713
4.484733728540014 15.440220942411395 89.68243125264485
5.489650068783561 15.531871633973243 1.108e-12
6.502590225785761 15.531871633973186 89.99999999999119
7.52488316315087 15.531871633973193 89.99999999999554
8.529802420507883 15.5318716339732 1.281e-12
9.530855829998542 15.531871633973186 7.404e-12
10.531871381495355 15.53187163397314 1.1681e-11
11.531871431991362 15.531871633973243 89.99999999999991
12.531871482487277 15.531871633973235 2.917e-12
13.531871532982553 15.531871633973005 1.7875e-11
14.531871583477836 15.531871633972933 89.99999999999277
15.531871633973019 15.531871633973186 89.999999999998
4.455704103573622 14.427829252947097 0.788058939643392
5.497946644349543 14.531871583478516 2.302e-12
6.528145016282103 14.53187158347831 89.99999999997188
7.528986469823737 14.53187158347835 89.99999999999008
8.529899532113145 14.531871583478386 2.549e-12
9.5318713310002 14.531871583478386 1.4621e-11
10.531871381495824 14.53187158347828 2.4187e-11
11.531871431991677 14.53187158347851 1.14e-13
12.531871482487334 14.531871583478516 5.016e-12
13.531871532982798 14.531871583477827 4.2874e-11
14.531871583478196 14.5318715834776 89.99999999998853
15.53187163397316 14.531871583478322 89.99999999999606
11.53187143199417 11.531871431994153 1.2013e-11
5.531871129020219 13.531871532983793 3.524e-12
6.531871179515349 13.531871532983555 89.99999999996814
7.531871230010325 13.531871532983455 89.99999999998266
8.531871280505449 13.531871532983494 8.569e-12
9.53187133100084 13.531871532983633 1.576e-11
11.531871431991894 13.531871532983782 5.4e-13
12.531871482488237 13.5318715329838 6.504e-12
13.531871532983232 13.531871532982716 2.7313e-11
14.531871583478289 13.531871532982478 89.99999999999869
15.53187163397319 13.531871532983427 89.99999999999773
6.5318711795150755 12.531871482488787 89.99999999996243
7.531871230010332 12.531871482488558 89.99999999999123
8.531871280505738 12.5318714824886 1.4979e-11
9.531871331001396 12.531871482488881 1.6155e-11
10.531871381498709 12.531871482488716 2.9488e-11
11.531871431993629 12.53187148248892 1.4549e-11
12.531871482488476 12.531871482489091 7.02e-12
13.53187153298343 12.531871482487606 2.4457e-11
14.531871583478358 12.531871482487535 4.164e-12
15.531871633973218 12.531871482488489 4e-13
7.53054349751581 11.531871431993608 6.675e-12
6.529386598310145 11.531871431994 89.99999999995433
8.531871280509803 11.53187143199356 3.9504e-11
9.53187133100452 11.53187143199393 3.7758e-11
10.531871381499277 11.531871431993965 3.2114e-11
10.531871381496448 13.53187153298349 2.7856e-11
12.531871482488922 11.531871431994364 8.341e-12
13.531871532983676 11.531871431992057 5.556e-12
14.531871583478456 11.531871431992622 89.99999999999908
15.531871633973228 11.53187143199348 89.99999999999797
7.531871230015616 10.531871381498695 1.9228e-11
8.531871280510305 10.531871381498613 1.8592e-11
9.531871331004997 10.531871381498739 1.8075e-11
10.531871381499688 10.531871381499059 1.7432e-11
11.53187143199438 10.531871381499352 1.6417e-11
12.53187148248908 10.531871381499586 1.485e-11
13.531871532983793 10.531871381497028 1.1582e-11
14.531871583478557 10.531871381497764 2.686e-12
15.531871633973257 10.53187138149833 8.43e-13
7.5301121493012495 9.531871331003783 2.1909e-11
8.530829488760636 9.531871331003838 1.4751e-11
9.531871331001998 9.531871331003474 4.7035e-11
10.531871381497202 9.531871331004234 1.381e-11
11.531871431992448 9.531871331004522 1.3486e-11
12.53187148248756 9.531871331004862 1.3794e-11
13.531871532982816 9.531871330999921 7.136e-12
14.531871583477809 9.531871331002264 2.53e-12
15.531871633973008 9.53187133100294 4.26e-13
7.531871230012881 8.531871280508856 7.148e-12
8.53187128050768 8.531871280509023 1.0502e-11
9.531871331002627 8.531871280508234 9.956e-12
10.531871381497618 8.531871280509469 9.905e-12
11.531871431992842 8.531871280509735 7.682e-12
12.531871482487974 8.53187128051015 1.2847e-11
13.531871532983502 8.531871280504157 5.681e-12
14.53187158347834 8.5318712805074 89.99999999999869
15.531871633973193 8.53187128050808 89.99999999999821
8.531871280510035 7.530450565597998 5.585e-12
9.531871331004739 7.531871230013304 6.411e-12
10.531871381499448 7.5318712300147075 7.185e-12
11.53187143199415 7.531871230014978 7.446e-12
12.531871482488896 7.531871230015431 1.1627e-11
13.531871532983729 7.53187123000874 89.9999999999992
14.531871583478475 7.5318712300125625 89.99999999999646
15.531871633973228 7.531871230013178 89.99999999999704
11.531871431994329 6.531871179520181 1.5234e-11
12.531871482489057 6.53187117952071 1.2808e-11
13.531871532983796 6.531871179513471 8.2e-12
14.53187158347854 6.531871179517717 2.955e-12
15.531871633973257 6.531871179518186 1.119e-12
13.530776088964414 5.5318711290182225 2.8763e-11
14.531045753522662 5.530618598093614 89.99516217707952
15.53158832250886 5.531871129023122 1.7025e-11
14.528984504441208 4.529464006247794 0.017537657661784
15.531491752129778 4.531871078528315 1.0132e-11
15.531871633973154 3.5318710280335113 3.248e-12
6.5318711795209285 10.531871381498398 1.9369e-11
7.531871230015341 7.5318712300141 5.789e-12
5.3394484557924695 6.954860043201358 56.69697330912761
6.531871179520651 7.431880330179332 6.754e-12
0.66373879195835 13.91245915903482 24.585590938537223
1.5769485492535287 14.323837165480704 24.605264417403983
2.549128841308531 14.725134659978735 23.460832233815204
0.6577272907741314 12.716723351533592 23.460832233772372
1.537911063894673 13.200441619458331 23.46083223377382
2.456811268450954 13.594951469468107 23.46083223377383
3.3741437625035324 13.993073556705212 23.4608322337738
0.5008218969766816 11.51124145194677 0.007457517435128
1.5729320672310045 12.028461339305972 30.255249347252914
2.5074507653351263 12.526811612127725 23.460832233772493
3.4264891825160317 12.925674069245815 23.460832233777467
4.53187107852435 13.39545814243607 89.9999999998782
0.501982517737102 10.505609325405008 0.227629665211902
1.6759090903495428 10.80466329442592 28.176290029666873
2.497185281603257 11.389276047395255 28.17629005725884
3.4354651597069124 11.83945225361932 23.46083223377887
4.354833969941193 12.236234228803951 23.47600635551006
5.531871129018908 12.531871482489052 8.328e-12
1.5000000757420304 9.507583906526225 6.46e-13
2.50000012623671 9.910376125517235 9.55e-13
3.40738964265159 10.717332123216043 25.583884283290008
4.343969247865035 11.119658993633369 23.658739940973376
5.514358045950974 11.531871431994283 1.39e-11
2.6565853133413624 8.750988163832398 23.830364008972563
3.6291296977444976 9.494233960423738 17.83852226614829
4.4973093371384225 10.060800279540414 17.838522266148498
5.531871129026243 10.531871381499526 1.9526e-11
3.3930589102687527 7.983077975129781 23.830364008823306
4.248790466510767 8.643140440610598 17.83852226614915
5.293725695919411 9.266730301123749 18.48204740411629
4.468204070887456 7.449941446734309 56.696973309126555
5.4292188350193555 8.257636589468033 18.48204740411702
6.52926357349894 9.531871331003133 1.4623e-11
6.531871179518079 8.531871280507998 1.1326e-11
6.80688549115549 4.520388134276388 76.46129364115195
7.096610389587143 5.47920660152684 76.46129364115286
7.425003266361303 6.4287140782437024 76.46129364115475
5.992066203673554 5.381853676126369 73.86030102214526
14.177678259716673 0.5599979314353778 82.63126063534929
14.47187367729046 1.5302793663146756 82.63126063534209
14.733871879967928 2.611467429777707 68.67018802712653
13.1932983585585 0.7451755111219311 82.63126063531148
13.50307779741515 1.8359619948730224 82.63126063533961
13.962096355845215 3.3842519948174754 68.67018802714175
11.983742573531284 0.559997931435321 82.63126063535519
12.286361579585094 1.529190006776056 82.63126063535348
12.580556997159764 2.499471441655177 82.6312606353531
12.858357402547519 3.4718731218484447 82.63126063535485
13.525830432240511 4.531871078523045 4.1709e-11
10.876068765018095 0.6280917157202408 72.64841166408456
11.173475156944495 1.5852892535414354 72.65963020530535
11.47226674964856 2.542223345648633 72.65963020533913
11.769506783423408 3.508026467380229 71.88015648924822
12.491906194222985 4.53187107853115 2.8592e-11
12.530552223129153 5.531871129025864 2.8713e-11
10.124476198689223 1.580850390020207 72.65963020533587
10.422523724883565 2.53540147463126 72.65963020536853
10.71018559555283 3.4931953597406595 72.65963020536962
11.035767542908658 4.466131502644872 70.357294500785
11.474232090844053 5.475701069432229 83.13636503670158
9.373730301493092 2.531620873128559 72.65963020536167
9.66139217215922 3.4894147582270802 72.6596302053746
9.967394991829309 4.45401860765733 71.27136717334308
10.298113239499227 5.397803000270317 71.27136717334513
9.075682775302068 1.577069788528335 72.65963020534994
8.605797797910359 3.463852883055189 72.65963020537983
8.90099803007637 4.42711910126418 71.82250774623499
9.22951863736853 5.385061099354432 70.35632463472633
7.855903104733648 4.454790577499525 72.26778631838626
8.17961553055308 5.418376898113116 70.35632463472753
8.317834795549084 2.505094569323534 72.6596302053514
7.556767155217335 3.459312543281033 72.65963020537488
10.531871381499604 6.526070353003258 1.2573e-11
9.531871331004874 6.53187117951841 1.0047e-11
8.530033119113408 6.529024589448071 89.97502721686506
6.281355753848423 6.3391677553651045 73.86030102214927
