237 15.980146267262334
0.500000008392842 9.500000159500193 1.66642e-10
6.012045008682334 7.027557526986835 20.650041277276205
0.6594953055945192 13.900570692089268 23.854472936796412
1.578516919452846 14.294931139414025 23.85447293705483
2.547581769782047 14.729097670555017 31.471890341824466
0.6594953055935875 12.807167343259298 23.85447293660876
1.5919240080492898 13.171207974461677 23.854472936643504
2.516019921739857 13.5540929906626 23.854472936684523
3.4108074618431505 14.02061748259558 24.770252538542636
0.5000000083907921 11.647672029262617 0.0
1.500000025172378 11.911032997964675 89.9999999999999
2.518827645329625 12.458960714650473 21.61449975304407
3.440164453184975 12.848385847108283 21.614499753047156
4.331124504797845 13.314477212691486 21.614499753043976
0.5000000083925142 10.516700139623824 1.60551e-10
1.5831417960045675 10.793478847992054 15.850699285170625
2.5804891085298545 11.198615143785076 10.178551713566426
3.510031469585422 11.680104094467449 10.178551713566566
4.454460425444587 12.07867881572524 10.178551713566577
5.480146091055672 12.480146208526705 1.646e-12
1.6345036829336719 9.71374914820672 19.803338286485122
2.575364729819264 10.052541893472355 19.80333828648414
3.516225776714311 10.391334638388933 19.803338286373677
4.416634031301947 10.866135332989543 21.065780645860126
5.338130620407851 11.25587692081717 21.065780645787
2.5765496309329317 8.990112324091271 19.803338286458583
3.5174106778276695 9.328905069008997 19.803338286373517
4.458271724722016 9.667697813926727 19.803338286372753
5.359113240186876 10.159963697132515 22.1351892073812
1.6398269126880773 8.639827030184685 19.803338286215666
3.500655933114298 8.26001564815731 19.80333828637391
4.44151698000706 8.598808393074453 19.803338286370188
5.40122171833268 8.950814498457548 22.40803777525182
4.405911281427628 7.523130970503577 19.803338286369726
5.3588451142451285 7.8500438855455235 20.650041277367862
2.5910566116310205 7.834405994287636 19.803338286328415
3.497835123709308 7.0932913363545715 19.803338286361292
6.404077261254107 9.400859880829351 9.55616572582767
6.315771868500253 8.249491228074893 24.978975748972434
6.569538701307806 4.366501693971806 66.59085971540291
6.831269102182474 5.4344254152843465 75.2800705994601
7.085363483954145 6.401604860230201 75.2800705996157
5.65749287041482 4.776836133399149 66.59085971540397
14.222159941080443 1.5763234524231686 76.9547977918293
14.378337138968023 2.5676471872126223 76.93601351332426
12.874173481287764 0.6019633474732906 76.67413588040478
13.110014405806293 1.5743820342642953 76.65899699002617
13.3427248187695 2.5475880031001195 76.63726478274242
13.569543684706947 3.534030920442202 75.2800705994519
11.773030702379156 0.6106369133582268 75.28007059946563
12.067100160896645 1.5673142303576766 75.28007059946223
12.29914681522917 2.540285985474452 75.28007059945924
12.53021913599035 3.513513715030438 75.28007059945624
12.784313517762765 4.480693159974645 75.28007059945581
10.643863829712595 0.6106369133582792 75.28007059945703
10.987042162680918 1.5544124991512822 75.2800705994549
11.257265482013048 2.517354599334605 75.2800705994556
11.490136214519916 3.490109855879174 75.2800705994563
11.744230596292276 4.457289300823394 75.28007059945772
11.998324978064417 5.4244687457677045 75.2800705994633
9.862048241529585 1.5575763427299973 74.41243553963449
10.204882604270285 2.500118932475262 74.41243553963929
10.452684269184957 3.47672048826775 75.28007059945334
10.706778650957322 4.443899933212064 75.28007059945142
10.960873032729069 5.411079378156694 75.28007059947268
9.13661056338679 2.5766903596345028 68.40827159415157
9.484345099949849 3.7264005235476745 75.28007059945264
9.738917688034899 4.695400200666167 75.28007059944862
10.120778758559078 6.148908048225415 75.28007059957616
8.76344217030317 1.6489099983852418 68.40827159425847
8.369526112707193 3.4740966646063143 73.63817661323081
8.640866081437778 4.451345571595183 75.28007059945435
8.894960463210873 5.418525016541362 75.280070599449
7.779923871757929 5.109819103633413 75.28007059945834
8.001352972187059 2.5250453951098235 72.08353643435869
7.255604723967636 3.4341872059706624 66.59085971540185
8.05718155733977 6.165166855036338 75.28007059961091
5.898530058044322 5.8196130054434985 75.28007059946465
7.480146124610425 8.480146141396824 1.2952e-11
8.480146141393053 8.480146141308548 89.99999999995495
6.469921905591462 10.469921972721158 1.183922841035167
7.301851118006772 7.38087902172825 75.54588948604464
8.30807831414378 7.208023349334521 77.89870113075895
0.5000000083911473 15.37251519440281 6.334e-12
1.50000002517341 15.480146258871283 1.2663e-11
15.346497328083107 0.5000000083908347 89.99999999999876
15.387174684810654 1.5000000251724988 89.99999999999798
0.500000008393501 8.500000142712874 2.32209e-10
0.5000000083916252 7.500000125924501 7.8739e-11
1.5000000251742014 7.500000125885565 1.44969e-10
0.5000000083918117 6.500000109135573 6.3713e-11
1.5000000251763774 6.500000109102705 1.42299e-10
2.500000041959784 6.500000109113592 1.09476e-10
0.5000000083967899 5.500000092344029 5.29354e-10
1.5020434094433783 5.500000092319871 1.52343e-10
2.6004415330321713 5.500000092328014 3.12428e-10
3.6040267563221926 5.957615243206054 1.317595389810023
0.5000000083908205 4.500000075550373 89.99999999999861
1.500000025172458 4.500000075535465 89.99999999999714
2.5000000419540953 4.500000075537362 89.99999999999568
3.5000000587357327 4.500000075543488 89.99999999999427
4.500000075517369 4.500000075517239 89.9999999999929
0.5000000083936706 3.500000058750654 89.99999999973066
1.5000000251783563 3.5000000587485536 89.99999999959695
2.500000041963683 3.5000000587492375 89.99999999945602
3.500000058751156 3.500000058743523 89.99999999910088
4.500000075544065 3.5000000587356324 89.99999999999417
5.507996221582679 3.5096346628298045 89.21735348346714
0.5000000083926004 2.5000000419639097 89.9999999998306
1.500000025177699 2.5000000419646042 89.99999999955439
2.500000041961396 2.500000041965065 89.99999999945
3.500000058744683 2.5000000419591615 89.99999999941468
4.500000075532768 2.500000041954025 89.99999999999547
5.500000092321906 2.5014618863472826 89.99999999926479
6.500000109104624 2.5000000419615356 89.99999999924316
0.5000000083923064 1.5000000251790349 89.99999999987196
1.5000000251765133 1.5000000251799213 89.99999999969438
2.5000000419592823 1.5000000251794736 89.99999999968107
3.500000058741878 1.5000000251751668 89.99999999968632
4.500000075527103 1.500000025172418 89.99999999999686
5.500000092315514 1.5000000251885117 89.99999999934457
6.50000010909869 1.5000000251791947 89.99999999928194
7.50000012815128 1.5000000272446483 89.99999979521984
0.5000000083915861 0.5000000083923952 89.99999999999243
1.5000000251747547 0.5000000083918055 8.83e-13
2.500000041957925 0.5000000083916349 89.99999999999079
3.5000000587411355 0.500000008391086 89.9999999999678
4.500000075525262 0.5000000083908098 89.9999999999984
5.50000009230922 0.5000000083939904 89.99999999988499
6.500000109091778 0.5000000083917566 89.99999999990553
7.500000125874341 0.5000000085058565 89.99999999992676
8.50000014265661 0.5000000085053253 89.99999999995566
9.500000159438876 0.5000000083909679 89.99999999998421
3.480146057456766 15.480146258870448 2.5224e-11
4.480146074239741 15.480146258870125 1.3902e-11
5.480146091022828 15.480146258871528 1.08e-13
6.4801461078061475 15.480146258871187 89.9999999999596
7.480146124589488 15.480146258871198 89.99999999997115
8.480146141373154 15.480146258870732 89.99999999992176
9.480146158156948 15.48014625887079 89.9999999999563
10.480146174940668 15.48014625886982 89.99999999994917
11.480146191724845 15.48014625887145 89.9999999999944
12.480146208509483 15.480146258871468 89.99999999999416
13.480146225295343 15.480146258871471 89.99999999999622
14.480146242085533 15.480146258871368 89.99999999998528
15.480146258870604 15.480146258871386 89.99999999999883
4.480146074257812 14.480146242085707 3.034e-11
5.480146091040323 14.480146242089912 2.82e-13
6.480146107823132 14.480146242089361 89.9999999999337
7.480146124605548 14.480146242088956 89.99999999993447
8.480146141388262 14.480146242088251 89.99999999988398
9.480146158170804 14.480146242086532 89.99999999985208
10.480146174953259 14.4801462420713 89.99999999987544
11.480146191736491 14.480146242089704 89.99999999998899
12.48014620851898 14.480146242089681 89.99999999998037
13.480146225307344 13.48014622530788 89.99999999998028
14.48014624208492 14.48014624208956 89.99999999997466
15.480146258870572 14.48014624208948 89.999999999995
5.480146091051721 13.480146225308307 8.81e-13
6.4801461078341385 13.480146225307664 89.9999999999238
7.480146124615944 13.480146225306854 89.99999999992579
8.480146141397743 13.48014622530561 89.99999999992485
9.480146158179604 13.480146225280862 89.99999999993713
10.48014617496147 13.480146225276194 89.99999999994992
11.480146191743582 13.480146225308019 89.99999999999038
12.480146208525467 13.48014622530798 89.9999999999802
13.480146225308363 12.48014620852594 6.33e-13
14.4801462420893 13.480146225307738 89.99999999997443
15.480146258871457 13.480146225307056 9.649e-12
6.480146107837258 12.480146208524415 1.501e-12
7.4801461246188445 12.48014620852423 1.352e-12
8.48014614140043 12.480146208484934 1.207e-12
9.480146158182016 12.48014620848291 1.061e-12
10.480146174963602 12.48014620847795 9.18e-13
11.480146191745192 12.480146208526284 8.07e-13
12.480146208526776 12.48014620852612 7.23e-13
13.48014622530824 11.48014619174392 89.999999999985
14.480146242089951 12.480146208525703 5.64e-13
15.480146258871539 12.480146208524651 2.68e-13
6.4801461078148686 11.480146191736448 3.91749e-10
7.48014612460223 11.480146191742254 2.2313e-11
8.480146141389264 11.480146191685911 89.99999999976946
9.480146158173312 11.480146191684483 89.99999999966451
10.480146174957005 11.480146191680156 89.99999999960932
11.480146191745028 11.480146191744467 89.99999999998062
12.480146208526634 11.480146191744225 89.99999999998302
13.480146225302374 10.480146174961538 89.99999999990654
14.480146242089859 11.480146191742477 89.99999999998879
15.480146258871493 11.480146191741461 89.99999999999451
7.4801461246029906 10.48014617496046 2.3835e-11
8.480146141388794 10.48014617488901 2.11613e-10
9.480146158171564 10.48014617488729 1.32748e-10
10.480146174954317 10.480146174882101 5.5913e-11
11.480146191737475 10.48014617496238 89.99999999993827
12.480146208519853 10.480146174961924 89.99999999991758
13.480146225305123 9.48014615817917 89.9999999998239
14.480146242085292 10.480146174959728 89.99999999990087
15.480146258869965 10.480146174958698 89.99999999995427
7.480146124608647 9.48014615817867 2.3934e-11
8.48014614139225 9.480146158095344 4.7991e-11
9.480146158175128 9.480146158093145 89.9999999999559
10.480146174957644 9.479335995005197 89.9999999999059
11.480146191740406 9.480146158179771 89.99999999983561
12.48014620852275 9.480146158179515 89.99999999982865
13.480146225301528 14.480146242089727 89.99999999999123
14.480146242087567 9.480146158177135 89.99999999983343
15.480146258870725 9.480146158176115 89.99999999993231
9.480146158175678 8.478792986611385 89.9999999998972
10.480146174958149 8.425599950328326 89.99999999984041
11.480146191740925 8.480146141397602 89.99999999978314
12.480146208523264 8.480146141397674 89.99999999980467
13.48014622530551 8.48014614139736 89.99999999980525
14.480146242087798 8.480146141394895 89.99999999981897
15.480146258870565 8.480146141392865 89.99999999990348
9.376394096351518 7.402288039708569 80.19305742565514
11.409989348833541 7.409989281707471 81.26172922382285
12.480146208524575 7.4801461246159695 89.99999999979636
13.480146225306328 7.480146124615649 89.99999999979804
14.48014624208816 7.480146124612473 89.9999999998118
15.480146258870672 7.4795039326519985 89.99999999990492
11.214967414501135 6.378258823101273 75.28007059949759
12.252419359837765 6.391648190711727 75.28007059947237
13.480146225306115 6.480146107833924 89.99999999978864
14.48014624208848 6.4789739544209 89.9999999998581
15.48014625887086 6.478690228972293 89.99999999992889
13.038407899537765 5.4478726049181745 75.28007059945702
14.478779834927597 5.478403979122712 89.98806810379715
15.479664334010007 5.477721530299867 89.99234635320568
13.82377854889807 4.501745094857344 75.28007059919672
15.479552037894846 4.476736284934773 89.98283296986432
14.609284945134238 3.5561342888826823 75.2800705993466
13.988919186732007 0.5004995598779951 89.98592609515418
10.359553741917551 7.219071775678121 80.19305742566642
9.149054844981748 6.385704461489002 75.28007059959548
4.928953621306512 6.500000109080374 89.99999999999284
4.620349491014415 5.500000092298819 89.99999999999251
15.480146258871518 2.5000000419541593 89.99999999999807
