237 16.00198951507531
1.5000018096813115 15.501988911848283 1.5108e-11
0.5000006032271243 15.329045652286826 7.553e-12
15.408065536962184 0.5000006032277033 89.99999999998397
15.501988911848041 1.5000018096830345 89.99999999996794
0.5000006032276572 9.50375047633004 9.4785e-11
0.5000006032280702 8.500010254985837 1.22654e-10
1.5000018096843384 8.500010254987856 3.65383e-10
0.50000060322719 7.50000904851421 7.518e-12
1.5000018096815637 7.500009048515867 1.7053e-11
2.5000030161366853 7.233832325547232 1.14414e-10
0.5000006032289273 6.500007842045823 2.08689e-10
1.5000018096848473 6.500007842040738 3.74786e-10
2.5043777486923187 6.233831119092435 4.8965e-11
3.653300031471752 6.541038187665701 69.18556479474927
0.5000006032271251 5.500006635580052 89.99999999999042
1.5000018096814118 5.500006635574035 89.99999999997654
2.50000301613556 5.2338299126376295 89.99999999998356
3.649245488270533 5.4727576507157245 69.18556479478757
5.014788713571241 6.02346462407517 69.18556479473058
0.5000006032272859 4.5000054290918285 3.5328e-11
1.5000018096816632 4.500005429110235 7.1537e-11
4.708127012656812 5.070221030678167 69.18556479473553
5.563458895915929 4.441580950908486 69.18556479477417
6.334193220116091 3.560330738007462 73.17533401264423
0.500000603228739 3.50000422262225 89.99999999989824
1.5046406875053338 3.500004222648621 89.99999999995171
3.439444000635466 4.482692471646047 69.18556479478147
4.374181297540169 4.127349540123175 69.18556479477934
5.207087201662483 3.504137130734555 69.18556479472
5.97798703344076 2.6233225981442656 73.17533401264963
0.5000006032277176 2.5000030161576445 89.99999999991884
1.5000018096826597 2.500003016187013 89.99999999983191
2.653721064682644 3.711565216885547 69.18556479486313
3.687159866654346 3.3187007115210676 69.18556479478879
4.532916121677239 2.673784627940231 65.13253695892152
4.500005430052147 1.5075042217325034 89.99999999832994
7.046842511903202 2.514885675356153 70.06538217215613
0.5000006032314026 1.5000018096930336 89.99999999988984
1.5000018097043508 1.5000018097207608 89.99999999952242
2.6450425177558348 2.6450425177540904 69.18556479494185
3.500004223111956 1.5293422652377524 89.99999999920566
2.500003016171009 1.5000018096814411 89.99999999991074
5.500006636992323 1.512712374916176 89.99999999904351
6.5000078439305256 1.5000018096809313 2.8905e-11
7.782652268688567 1.6107010866413756 70.06538217233937
0.5000006032318938 0.5000006032306468 89.9999999999057
1.5000018096962666 0.5000006032406699 89.99999999965064
3.5000042226254777 0.503499556103554 89.9999999995063
2.500003016160359 0.5000006032272735 89.99999999995387
4.500005429083963 0.5042438203709985 89.99999999967586
5.50000663554243 0.5032304502295002 89.99999999984428
6.500007842000921 0.5000006032270017 1.4013e-11
7.500009048458763 0.5000006032276216 7.5119e-11
8.584686037884463 0.5846763861902993 79.22285691980503
9.618982674420316 0.5804130325074315 79.83233528721391
3.4781706289135874 15.500079252539397 0.001687761523897
4.4804173210867715 15.50133848438655 89.98416804119621
5.482618837021423 15.50198891184817 89.99999999998651
6.485347827995495 15.50198891184817 89.99999999998842
7.487369693365483 15.501988911848194 89.99999999998776
8.48931235545962 15.501988911848152 89.99999999998839
9.491193659796101 15.501988911848091 89.99999999998875
10.493017537936502 15.501988911848276 89.99999999999518
11.49479247999933 15.501988911848347 89.99999999999758
12.496527358207263 15.50198891184839 89.99999999999936
13.498230005427363 15.501988911847896 89.99999999994017
14.49990632946001 15.50198891184786 89.9999999999871
15.50151732536308 15.501988911847306 2.9899e-11
4.482708035506737 14.500075032683093 89.9735114757591
5.48361204647547 14.501987705393935 89.9999999999729
6.485329937639628 14.501987705393919 89.99999999997665
7.487342440673177 14.501987705394004 89.99999999997549
8.48930400336351 14.50198770539386 89.99999999997684
9.491193554896556 14.501987705393672 89.99999999997759
10.493020484427658 14.501987705394221 89.99999999999027
11.494795494551745 14.501987705394429 89.99999999999527
12.49653126317455 14.501987705394551 89.99999999999885
13.498234231455534 14.501987705393521 89.99999999988047
14.499918742549074 14.501987705392981 89.99999999997422
15.501628067628051 14.501987705391349 5.9531e-11
11.494930969975865 11.50198408603267 89.9999999999883
5.483246993285471 13.5019864989397 89.99999999995929
6.485234559610776 13.501986498939669 89.99999999996486
7.487339342224413 13.501986498939814 89.99999999996324
8.489329923564357 13.501986498939573 89.99999999996523
9.491230502245713 13.501986498939257 89.9999999999665
11.49482033950075 13.50198649894051 89.99999999999298
12.496546274294353 13.501986498940713 89.99999999999831
13.498253669899729 13.501986498939146 89.99999999982086
14.49994005024373 13.501986498938102 89.99999999996139
15.50163409357328 13.501986498935391 8.9038e-11
6.4852027731072255 12.501985292485422 89.99999999995308
7.487393272064226 12.50198529248562 89.999999999951
8.489419387896515 12.501985292485283 89.99999999995363
9.491316641235729 12.501985292484841 89.9999999999554
10.493123956709923 12.50198529248611 89.99999999998052
11.494865141007027 12.501985292486589 89.99999999999062
12.496562530775755 12.501985292486875 89.99999999999777
13.498240846995486 12.501985292484774 89.9999999997613
14.499986330147422 12.501985292483221 89.99999999994861
15.501626749085975 12.50198529247944 1.1843e-10
7.487591126176179 11.501984086031428 89.99999999993864
6.485343346583029 11.50198408603117 89.99999999994125
8.489591808827159 11.501984086030994 89.99999999994203
9.491458879310045 11.501984086030424 89.9999999999443
10.493230463268597 11.501984086032051 89.9999999999756
10.493054427680327 13.501986498940166 89.9999999999854
12.496577375827359 11.501984086033037 89.99999999999724
13.498188945818017 11.5019840860304 89.99999999970177
14.499800623349874 11.50198408602834 89.99999999993568
15.501988911847146 11.501984086023484 1.47758e-10
7.5019792602179685 10.501982879577046 89.99999999991807
8.501980466671688 10.501982879576273 89.99999999992066
9.50198167312541 10.501982879575424 89.99999999992366
10.501982879579524 10.501982879577943 89.99999999996973
11.501984086033369 10.501982879578682 89.99999999998543
12.501985292487184 10.501982879579137 89.99999999999726
13.50198649894092 10.501982879571568 89.99999999999956
14.501987705394642 10.501982879572672 1.357e-12
15.501988911848425 10.501982879566754 1.066e-12
7.501979260180123 9.501981673122053 3.2813e-11
8.501980466670396 9.5019816731219 89.99999999992129
9.501981673124805 9.501981673116887 89.99999999999177
10.501982879578946 9.501981673122872 3.1491e-11
11.501984086032863 9.501981673124066 5.2552e-11
12.501985292486651 9.50198167312489 5.5394e-11
13.501986498940461 9.501981673114535 5.1855e-11
14.501987705394262 9.501981673114535 4.7919e-11
15.501988911848233 9.501981673110816 2.4528e-11
7.50197926018757 8.501980466668154 3.2671e-11
8.501980466645094 8.501980466666893 89.99999999980697
9.501981673101218 8.501980466659326 89.9999999998303
10.501982879560082 8.501980466660212 1.54785e-10
11.501984086018359 8.501980466669714 9.716e-11
12.501985292484562 8.50198046667096 7.9481e-11
13.501986498939143 8.501980466658281 1.35487e-10
14.501987705393267 8.501980466657384 1.32542e-10
15.501988911848091 8.501980466655382 3.4509e-11
8.501980466670311 7.501979260204153 4.5361e-11
9.501981673124234 7.5019792601981585 6.429e-11
10.501982879578124 7.501979260200542 7.9666e-11
11.501984086032031 7.5019792602158 9.7316e-11
12.501985292485989 7.501979260217223 8.1073e-11
13.501986498939885 7.501979260201688 8.1727e-11
14.501987705393821 7.501979260200314 7.8016e-11
15.50198891184814 7.5019792602003506 2.9246e-11
11.501984086020544 6.5019780537157725 89.99999999968537
12.50198529247877 6.501978053763489 8.0547e-11
13.5019864989345 6.5019780537454075 1.47821e-10
14.501987705390311 6.49774372630042 7.8415e-11
15.501988911847079 6.501978053745477 89.99999999999466
13.501986498930169 5.5019768472894 2.07406e-10
14.501987705387084 5.494224660789275 1.18717e-10
15.501988911847263 5.501976847290923 89.9999999999577
14.501987705304845 4.470671535651686 89.99999999811662
15.501988911845821 4.501975640836481 89.9999999999368
15.50198891184738 3.5019744343820927 89.99999999992656
6.5019780537642795 10.501982879576598 89.9999999999184
7.501979260216443 7.501979260214257 3.3097e-11
5.356937345688403 6.963217745718569 69.1855647947248
6.501978053762626 7.49413304287615 3.9249e-11
0.6408087030769991 14.002394270669111 19.588926095638545
1.5829139414613538 14.349357406968938 19.65927886774762
2.5599731197848827 14.704621725478471 24.08546107176155
0.6541642811286925 12.838726256719216 22.660906567922712
1.5667458148315463 13.25009362748676 22.690316607524668
2.521138258437741 13.591895705937965 24.08546107133672
3.434490350133263 14.000179769685957 24.085461071853718
0.5010943334135867 11.606317690104463 0.047712736803447
1.5379436897042043 12.12177934245883 22.687184882457462
2.4862440022326897 12.480931038937038 24.085461071349442
3.4006641895801613 12.889692602126392 24.085461071374073
4.3149802309193825 13.298407611277536 24.085461071471183
0.5017027822836324 10.506857936729093 0.007369552707004
1.628554394640772 10.834169577525987 23.933790171583517
2.4830149648972677 11.384121528338891 24.08546107137717
3.4030813098493002 11.795406992453483 24.085461071343882
4.321375302471377 12.205900155678998 24.085461071201202
5.481017720506186 12.501985292485468 89.9999999999458
1.5000018096825016 9.500011461450857 2.28146e-10
2.5006446980126853 9.951152373167886 0.70769607353742
3.428518224430544 10.711411490865322 24.085461071154757
4.341457125114131 11.11951084125131 24.085461071152285
5.483289188863079 11.50198408603123 89.9999999999321
2.678369926190486 8.77740622563366 28.60840456597963
3.6174504278457986 9.377890572078233 15.267601333243068
4.481674533767395 10.009341201600698 15.267601333242473
5.501976847310592 10.501982879576968 89.99999999991847
3.4053617796603026 8.034846624357678 28.608404566002285
4.3833513010949865 8.55036592468317 15.267601333185796
5.501976847260245 9.133069879240768 9.05753e-10
4.422200048783348 7.318560677240513 69.18556479471029
5.5019768472745145 8.133068672785724 8.32121e-10
6.501978053715041 9.498598128628023 6.08828e-10
6.501978053730792 8.496504188879237 1.72177e-10
6.6632481053200205 4.5055491592179635 73.1753340126503
6.994586278988107 5.450076981464782 73.1753340126583
7.378659678194418 6.378658471750707 73.17533401267616
5.8957261210887655 5.423143955031795 73.05851301279172
14.017409465867285 0.6185670914942198 73.9804840954003
14.383421217125758 1.553882011424669 73.98048409534157
14.729636191529632 2.578751449074624 63.784303256394686
12.990094653674234 0.6641491365128713 73.98048409535276
13.449190204235544 1.9236692414755154 73.98048409537041
13.986139759056126 3.3325297226998796 63.78430325644476
11.763457937665521 0.5528215291241674 83.57370329818512
12.115844793792188 1.5194554465797 83.57370329817324
12.490140244038304 2.4836217303962718 83.57370329817186
12.852313758220573 3.449153508504919 83.57370329818335
13.501986498793247 4.5019756408330025 3.4242e-10
10.708508500209678 0.5795725274716341 80.45582589440428
10.98358959889849 1.6375111783250667 70.06538217192563
11.33545702466692 2.5886713946740993 69.31691651836371
11.727192218349504 3.540733935325803 65.88193517241876
12.501985292303061 4.501975640856077 7.8686e-11
12.501985292473575 5.501976847309782 7.9581e-11
9.913453877748607 1.6198705374164444 70.06538217233965
10.254401872885744 2.559953918248195 70.06538217215515
10.61629053187861 3.509404470945534 68.20759968820528
11.034056801326688 4.439794550954887 65.88193517230327
11.501984085891614 5.501976847188498 89.99999999244919
9.192981032999112 2.5663430908329046 70.06538217222723
9.539123762982497 3.5134249093748755 69.1003442761818
9.904759499561687 4.4442330194112625 69.10034427584084
10.318931987590892 5.35650715903948 69.10034427587553
8.85203303786574 1.62625971000654 70.06538217239722
8.453489716793937 3.4955488484177017 69.99313026315102
8.810571593936587 4.429931718934787 69.97389110143614
9.176300637651785 5.36098418482365 69.97389110139703
7.71524502085002 4.399946354143321 70.06538192920172
8.086765155310044 5.3512355245225764 67.59542418631551
8.123600263822293 2.55078446746697 70.06538217224619
7.3759248207832915 3.4592724778649737 70.06538206592282
10.501982879566073 6.501978053739707 89.99999999968938
9.50198167311155 6.495776509810106 89.99999999970008
8.501980466657097 6.501978053745782 89.99999999971028
6.229241665982957 6.385906949081787 71.19894655360136
