237 15.924786461079261
0.6686127435039415 13.776609437015379 26.00748727261266
1.5735812756132574 14.20232543306993 26.007487272741447
2.5102045851979575 14.643085192065854 30.17891298214167
0.6584868288346541 12.65848794506175 23.62908490119341
1.5659664252804797 13.079142119886974 23.629084901210604
2.4897316094897093 13.4625715737319 23.62908490122426
3.3774432438423325 13.928410287184441 23.629084901237903
1.5592225275772416 11.932169060168729 20.511654072648433
2.469140440561368 12.353889983587447 20.511654072652117
3.40200471025953 12.714276121160735 20.51165407265385
4.285927409367048 13.205481309342936 20.511654072653034
1.6434995688838887 10.688524241176516 20.5116540714028
2.5120080134960876 11.220931181052926 20.511654071407875
3.4219259264828485 11.64265210446963 20.511654071400073
4.356691247815559 11.997956799348593 20.511654071389188
2.566258673241305 9.96605299513474 20.511654071381162
3.434767117853892 10.4984599350104 20.511654071375407
4.344685030842092 10.92018085842369 20.511654071354606
5.2812860550254515 11.270578785978033 20.511654071329403
2.6297114546906952 8.743754666268226 20.511654072524653
3.5077822289212204 9.250601841776358 20.5116540725298
4.37629067353039 9.783008781649945 20.511654072520017
5.2862085865185415 10.204729705059847 20.511654072459695
3.5352323039544222 8.018688405608184 22.99566849263788
4.407503757535057 8.52307443394346 22.99566849261509
5.269124112792737 9.052558169373661 22.995668492589
5.424785484380674 13.424786228530483 2.20923e-10
6.424785577399217 11.424786042489007 6.465e-11
6.4247855774005584 10.42478594946939 1.33428e-10
13.79162870509448 0.6403692652781805 70.49028162590326
14.23949889099217 1.5472849954997834 70.50965687489055
14.569949845266088 2.4959353450063606 70.504947087736
12.720706856179062 0.6381979479549393 70.50494708783765
13.059251082493216 1.5791624088722491 70.5049470878062
13.504343937053399 2.48240638173829 70.50494708777615
13.838069435632342 3.425076779044076 70.50494708778304
11.618052007284838 0.6180509840745545 74.06655003807543
11.954948698547573 1.561824625454375 74.06655003807248
12.291946699740858 2.5055693463829822 74.06655003807099
12.742437555257519 3.416913124440147 74.0665500380718
13.076808863799215 4.361407733577332 74.06655003807575
10.847978341474033 1.5633777973047502 74.06655003784324
11.184875032735446 2.507151438684698 74.06655003784167
11.518650007692294 3.451816298020977 74.06655003784148
11.97236388944631 4.362239937669246 74.06655003784503
12.306735197946914 5.30673454681805 74.0665500378625
9.618051821243773 1.6180510770941678 74.06655003789442
10.082660825953049 2.525364285378739 74.06655003788211
10.41955751721299 3.4691379267591165 74.0665500378819
10.74896168058835 4.4150506052846765 74.06655003788293
11.20704637392519 5.32422642574341 74.066550037887
8.099828336364602 3.4966422303278106 69.39303157175083
9.319353764241217 3.472622173324198 72.29842224903796
9.655786652570194 4.414942666043002 72.29842224904259
9.980407313022928 5.361033286845325 72.29842224905028
8.852153287701318 2.5720389111819255 72.29842224904691
8.56901935632662 4.388576854060338 69.39303157174632
8.906331112923676 5.342438998729908 70.75451349962673
7.364664949832075 4.3849670443330595 60.67472356848697
7.851701297455628 5.355509580964456 70.75451349957095
9.221656544298634 6.291543405418236 70.75451350082636
8.162352103720304 6.306246027427444 70.7545135046868
7.324811846265353 7.339633015523601 87.76116036371802
5.418769613041739 12.412231084038925 0.693579559691114
5.327761474650297 7.8016852427104135 44.685398870758746
5.1333452871175504 6.576204936053541 44.68539887089955
6.105320891965466 7.08323650620617 49.77200581617464
6.545293361919816 5.15970796945412 44.6853988709191
7.028345101155167 6.3184140311147035 82.59982520823439
5.76848158720237 5.797892390007328 44.68539887090929
4.424610823303221 7.281723129998094 44.68539887088809
6.50000060462892 2.500000232554246 5.5612e-11
7.5000006976405045 1.5000001395301465 89.99999999989714
5.50751216186341 3.5000003255759964 89.99999999971186
5.500000511614342 4.500000418595996 89.99999999964258
8.500000790659126 1.5000001395287121 89.99999999989893
7.5000006976502736 2.500000232549917 89.99999999987241
6.509883221851862 3.5049698549472934 89.97445421514097
8.415962839210046 7.415962746189549 88.97983175702912
9.424785856444277 7.42478567041697 3.39775e-10
1.5000001395285638 15.424786414569823 1.0252e-11
0.5000000465095278 15.34186285331933 5.118e-12
15.24756297643672 0.500000046510019 89.99999999996827
15.42478641456961 1.5000001395297655 89.9999999999686
0.5002668779774986 9.500000883680073 4.169e-12
0.5000000465093173 8.50000079066109 4.429e-12
1.5000001395279847 8.500000790661396 1.3806e-11
0.5000000465096086 7.500000697642052 89.99999999998968
1.5000001395290345 7.500000697642212 89.9999999999556
2.500000232548093 7.500000697657951 89.9999999999513
0.5000000465104302 6.500000604623215 89.99999999999969
1.5000001395333857 6.500000604623311 89.99999999994164
2.500000232555049 6.500000604637016 89.99999999977611
3.5000003255771768 6.5000006046465355 89.99999999955178
0.5000000465100651 5.500000511604458 8.622e-12
1.5000001395332054 5.500000511604469 89.99999999993683
2.500000232555103 5.500000511617077 89.99999999973396
3.500000325577325 5.500000511625251 89.9999999994866
4.500000418598594 5.500000511628156 89.99999999937896
0.5000000465100269 4.500000418585713 1.6044e-11
1.5000001395332179 4.500000418585643 89.9999999999375
2.5000002325546813 4.500000418597292 89.99999999973977
3.5000003255751997 4.500000418603077 89.99999999962338
0.5000000465102366 3.5000003255669716 2.2638e-11
1.5000001395322489 3.50000032556681 89.99999999994374
2.502801050858255 3.5000003255770293 89.9999999998225
6.500000604621891 1.5000001395326104 89.99999999989654
5.500000511605798 0.5000000465103636 89.99999999996587
5.5000005116060064 2.500000232554017 89.99999999973201
0.5000000465094505 2.5000002325479826 8.69e-12
1.5000001395286633 2.500000232547915 89.99999999996068
2.5000002325491764 2.500000232555963 89.99999999976248
4.500000418584579 1.500000139532471 89.99999999990345
4.500000418586913 2.5000002325548074 89.99999999974133
4.5058276548664224 3.50000032558152 89.99999999950221
4.500000418594801 4.500000418604979 89.99999999961581
0.5000000465093501 1.5000001395284945 89.99999999999191
1.5000001395280558 1.5000001395286287 89.99999999997982
2.500000232546723 1.500000139528571 89.99999999997445
3.5000003255657512 1.5000001395308082 89.99999999992676
3.5000003255680046 2.500000232552779 89.99999999975115
3.504350681331184 3.500000325581264 89.99999999968132
0.5000000465098564 0.5000000465094274 89.99999999999567
1.5000001395295817 0.5000000465095056 89.99999999998344
2.5000002325488264 0.5000000465095802 89.99999999997664
3.5000003255679184 0.5000000465101069 89.99999999996491
4.500000418586888 0.5000000465103627 89.9999999999652
5.500000511603252 1.5000001395324558 89.99999999989774
6.500000604624664 0.5000000465101699 89.99999999996699
7.500000697643498 0.5000000465097925 89.99999999996847
8.500000790662305 0.5000000465095242 89.99999999997038
9.500000883681102 0.5000000465094567 89.99999999997588
3.4247852983429334 15.424786414569247 6.1771e-11
4.42478539136198 15.424786414569347 6.216e-11
5.424785484381026 15.424786414569404 6.0708e-11
6.4247855774000024 15.424786414569287 5.5937e-11
7.424785670418927 15.424786414569429 4.9614e-11
8.424785763437814 15.424786414569532 4.1625e-11
9.424785856456673 15.424786414569699 3.2161e-11
10.424785949475513 15.424786414569816 2.0811e-11
11.424786042494304 15.424786414569855 1.2374e-11
12.424786135513228 15.424786414569958 89.99999999999447
13.424786228532124 15.424786414569972 89.99999999999959
14.424786321551014 15.42478641456994 89.99999999999612
15.424786414569912 15.4240417513128 1.138e-12
4.424785391361606 14.424786321549195 2.05739e-10
5.4247854843803625 14.424786321549446 1.98653e-10
6.424785577399145 14.424786321548817 1.90266e-10
7.424785670417944 14.424786321549309 1.79314e-10
8.42478576343676 14.42478632154955 1.65901e-10
9.42478585645581 14.424786321550267 1.23925e-10
10.424785949474812 14.424786321550652 8.8536e-11
11.42478604249402 14.424786321551071 2.9476e-11
12.424786135513546 14.42478632155138 89.99999999998847
13.424786228532465 14.424786321551183 9.598e-12
14.424786321551162 14.424786321551002 1.8709e-11
15.424786414569908 14.422544915730128 7.104e-12
11.424786042494038 11.424786042494972 89.99999999998771
6.424785577399313 13.424786228529143 2.13332e-10
7.4247856704179895 13.424786228530063 2.01838e-10
8.424785763436649 13.42478622853033 1.93017e-10
9.424785856455767 13.424786228531548 1.31078e-10
11.42478604249386 13.424786228532433 2.5945e-11
12.424786135513108 13.424786228532842 89.99999999998664
13.424786228532053 13.42478622853254 1.1215e-11
14.424786321550899 13.424786228532302 1.9753e-11
15.424786414569791 13.421435144513511 1.6024e-11
6.424715777568244 12.424786135508876 1.25211e-10
7.424733046508124 12.42478613551055 1.41383e-10
8.424785763433933 12.42478613551081 2.47974e-10
9.424785856453878 12.42478613551285 1.29828e-10
10.42478594947318 12.424786135513337 9.8371e-11
11.424786042492872 12.424786135513767 1.5308e-11
12.424786135512418 12.424786135514092 89.99999999996123
13.424786228531246 12.424786135513653 89.99999999997627
14.424786321550354 12.424786135513566 4.489e-12
15.424786414569706 12.420423645425355 2.4523e-11
7.424785670417783 11.424786042490727 6.522e-11
8.42478576343637 11.424786042490002 6.4651e-11
9.424785856455447 11.42478604249403 1.12648e-10
10.424785949474295 11.424786042494706 1.00215e-10
10.424785949474659 13.424786228531989 9.6031e-11
12.424786135513033 11.424786042495494 89.99999999995457
13.424786228531886 11.424786042494986 89.99999999996919
14.424786321550869 11.424786042494873 89.99999999999856
15.424786414569859 11.419432536803956 1.3998e-11
7.4247856704192055 10.424785949466047 1.29103e-10
8.424785763437864 10.42478594947031 1.22976e-10
9.424785856456563 10.424785949475265 1.11159e-10
10.424785949475194 10.424785949476087 1.01766e-10
11.42478604249482 10.424785949476343 89.99999999997836
12.424786135513688 10.424785949476949 89.99999999995275
13.424786228532543 10.424785949476261 89.99999999997986
14.424786321551284 10.424785949475973 89.99999999999908
15.424786414569947 10.418421129960347 89.99999999999991
7.424785670146704 9.419075205555803 89.999999973435
8.424785763404977 9.42478585644969 2.76572e-10
9.424785856442103 9.424785856454664 3.21858e-10
10.424785949465182 9.42478585645745 1.01876e-10
11.424786042488183 9.424785856457738 89.99999999997127
12.424786135512806 9.42478585645839 89.99999999994857
13.424786228531786 9.424785856457625 89.99999999998444
14.424786321550853 9.424785856456934 2.426e-11
15.424786414569823 9.417358103234303 9.523e-12
7.424429557687972 8.376232208974962 89.95917794892998
8.424785763427195 8.424785763430554 2.83151e-10
9.424785856446796 8.424785763435883 3.26854e-10
10.424785949468069 8.424785763438837 1.01362e-10
11.424786042488648 8.424785763439136 89.99999999996278
12.424786135509045 8.424785763439763 89.99999999993783
13.424786228531854 5.424785484382728 89.9999999999017
14.424786321550808 5.424785484380568 89.99999999994536
15.424786414569795 5.411790027069339 89.99999999998197
10.424785949465784 7.4247856704199515 7.4261e-11
11.42478604248636 7.424785670420513 89.99999999995188
12.424786135511278 6.424785577402563 89.99999999992437
13.424786228530259 6.424785577401547 89.99999999993456
14.424786321549613 6.424785577400225 89.99999999996481
15.424786414569724 6.413498558278924 2.788e-11
11.424786042492538 6.424785577401829 89.99999999993244
12.42478613550792 7.424785670421149 89.99999999992909
13.42478622853099 7.424785670420482 89.99999999998064
14.424786321550465 7.42478567041938 2.2272e-11
15.424786414569684 7.414943918054262 1.9699e-11
13.424786228529232 8.424785763439044 89.99999999998343
14.424786321550116 8.424785763438136 3.2089e-11
15.42478641456973 8.416212007155277 8.877e-12
14.42478632154594 4.424785391360957 89.99999999994303
15.424786414568139 4.40965593862405 89.99999999997135
15.42245859843154 3.4067428859274527 0.000208839982761
0.5000000465093235 11.500001069717477 5.551e-12
0.5000000465092835 10.500000976698772 1.422e-12
1.5173248742677403 9.53703061574492 2.021339188196943
6.424785565990857 9.409786498032405 89.9999986983147
6.424452859768456 8.40943030365244 89.9591779489102
10.500000976699877 0.5000000465094168 89.9999999999816
10.358522281621694 6.424785577400659 89.99999999999581
