237 15.97245059211911
0.5008684688372034 9.514819338568532 0.078934822508722
5.947203914923053 7.090459526470536 19.985850115105453
0.6698740124296174 13.876751243447028 26.22884109062418
1.580489186615739 14.29541101627219 26.314821811175868
2.52801266793686 14.691149368619747 29.095603003798868
0.6535158010695348 12.751086150001079 22.471540147183497
1.5665999871685345 13.166094693968745 22.634837995805583
2.4993428114783995 13.532764677673804 22.741887929817263
3.4021213763303964 13.975612883001887 23.096368614940673
0.6383499636430923 11.656404488342124 19.480687798918844
1.5724165859434684 12.019170159659222 19.604474221478643
2.4868400084474995 12.434919783672633 19.6486849530368
3.420362224649259 12.796622084242395 19.667344833061424
4.321650162268004 13.248434820639247 19.68921974397679
0.5023411082142584 10.518183701911237 0.232503087614413
1.5790668265922836 10.921883645933416 21.71077853463133
2.509185819273836 11.294208466654982 21.746102517301576
3.422328996551604 11.709157299383456 21.720671237864916
4.358735365588663 12.0667618750039 21.641631356912256
5.431079275766265 12.449413206030556 2.516516405242254
1.638271629602034 9.713771644227583 19.534458797193597
2.528438395473513 10.197332424409169 19.532269228652783
3.4567428623494525 10.573459602594315 19.52539964678739
4.372283381623645 10.987015631220304 19.453926448780702
5.317636349495994 11.320308758889944 19.234654359593414
2.5839579271229667 8.98735373895758 19.64953235938334
3.4757604233945543 9.467184780064963 19.662642797944475
4.403330604014436 9.84695554204784 19.663758839897888
5.320307825372145 10.258831610711045 19.542163455368218
1.6395041599225664 8.651213561085816 19.461190783975233
3.4747008761362137 8.25106080260958 28.353107532762298
4.392838926815581 8.736525421438282 24.212340346491874
5.3392246575056035 9.123628821388387 22.124608196862752
5.340322795040192 8.042658807913298 22.118354633223802
4.863554032804032 6.716228303158097 27.889666751183523
2.530384059261145 7.53763965932502 2.770884512521504
3.67004153732643 6.807475322076408 27.008466009697138
6.446733350898847 9.45778773680315 1.316945408305759
6.31233748573644 8.309221521458072 22.110901858161018
6.5724699379434455 4.338544774160129 61.95398951298627
6.796504621684399 5.446926949194927 76.94628215913723
7.018692594339317 6.421938173157534 76.94628215914237
5.676375772197623 4.783339872785515 61.9539895129864
14.14744168223638 1.5959389040564833 76.51239305053366
14.369622766564536 2.5710106561914774 76.51239305046188
12.88553568156599 0.6014567977323493 76.72428594729598
13.110450589520473 1.5758473584372066 76.72428594728889
13.335367570642148 2.550237429994307 76.72428594728564
13.554459368877161 3.5260019099925177 76.7242859472821
11.823303309385212 0.5938349853418989 77.87999850879392
12.074610953512533 1.5626657698585174 77.8799985087933
12.299550107900888 2.5371590947796205 77.87999850879295
12.51863873296887 3.5129087991398036 77.87999850879267
12.743579672412935 4.487401740735904 77.87999850879262
10.688145242604673 0.5985170825140651 77.17442776452673
11.009346559147724 1.550979277955344 77.17442776452597
11.260555431258375 2.519376204133664 77.17442776452606
11.485469536934131 3.4937595024856254 77.1744277645263
11.704549471031973 4.469471033644982 77.17442776452648
11.9294653567674 5.443853926729185 77.17442776452685
9.88601725925001 1.5464529888914909 75.38251205103323
10.206538984991848 2.4963094556279426 75.38251205103406
10.454484115522726 3.4790031310262135 76.94628215913745
10.67320671162274 4.454978994497166 76.94628215913427
10.898517174729564 5.429266250665793 76.946282159136
9.144418397743152 2.563441027625199 70.00176752840017
9.480360777300678 3.7050205774235767 76.94628215913258
9.777052814994885 5.019798453057138 76.94628215918308
10.04439813950637 6.177180499662825 76.94628215815348
8.755414714948298 1.6408472769806206 70.0017675283868
8.369421357777751 3.4545842905983353 73.92401274344883
8.618354983955172 4.449741832529146 76.94628215911015
8.844219478964927 5.423900633812163 76.94628215913576
7.755197490788207 5.154357536214354 76.94628215913491
7.97844171056008 2.52656109208207 73.92401274344971
7.229192388304612 3.444427651621641 61.953989512988585
7.9949543006638 6.199680820343325 76.9173463020227
5.866637413498271 5.882666598019385 77.06195740126454
7.472450001123672 8.47245007065682 89.99999999998562
8.472450070652624 8.472450070656262 4.1538e-11
6.454104738237125 10.467976370670222 0.199824862664408
7.2447612091779625 7.3960496477684545 76.94628215914732
8.22159562719636 7.177954095507506 76.93204831227722
0.5009128700901275 15.358162093984525 0.014817487658466
1.502647457647635 15.47178783579358 0.028230430424999
15.358283044115408 0.5000000347642022 89.99999999999815
15.366774573113332 1.5000001042926057 89.99999999999628
0.5011444572137611 8.513722488398317 0.086967378832187
0.501804798262909 7.512600796085929 0.089335091144553
1.50516146385712 7.5127531549957105 0.183199571240134
0.5012020318247448 6.511437809159869 0.086327130621973
1.503087617790885 6.5115280000668045 0.175011916019039
2.5043611924706255 6.512879512667801 0.218630516803373
0.5016503960871166 5.51014856955006 0.0714132398292
1.5052441546490494 5.5102696569213006 0.131158697044581
2.5359607235944637 5.511732318893179 0.179471660569291
3.5530677221479 5.629049360661495 0.04495943139294
0.5000000347641356 4.508297372481502 1.72e-13
1.5000001042924076 4.5082843089155284 3.36e-13
2.5000001738206787 4.5090840726333905 4.98e-13
3.500000243348949 4.511409020863855 6.59e-13
4.500000312877221 4.514381752812248 8.13e-13
0.5011576879801041 3.5068074953055985 89.97637766282232
1.503408572460871 3.50694715967905 89.98080436815113
2.5050149469807454 3.507672235514508 89.99320397393484
3.50659954881064 3.509088712671992 0.007250317311588
4.5084315834638184 3.5103336916855774 89.99001440275481
5.511035326448509 3.509478361188072 89.94706182407457
0.5000000347642333 2.5052204324457046 89.99999999999574
1.5000001042926865 2.5051139271369927 89.99999999999143
2.500000173821139 2.5053665374731233 89.99999999998718
3.500000243349592 2.505900157113393 89.99999999998288
4.500000312878045 2.50630946606735 89.99999999997857
5.500000382406499 2.5058517628300274 89.99999999997428
6.50000045193495 2.500000173821401 89.99999999996994
0.5000000347643114 1.5028822535874173 89.99999999999419
1.500000104292921 1.5029123961852484 89.99999999998839
2.5000001738215305 1.5029921645632838 89.99999999998256
3.500000243350139 1.5032194580890401 89.99999999997668
4.500000312878749 1.5032415107574382 89.99999999997077
5.500000382407357 1.5000001042934246 89.99999999996494
6.500000451935991 1.5000001042928917 89.99999999998344
7.500000521464591 1.5000001042925266 1.677e-12
0.5000000347641809 0.5006937094937651 4.03e-13
1.5000001042925435 0.5005621392961217 8.1e-13
2.500000173820906 0.5005889049331769 1.211e-12
3.500000243349268 0.5006174681126536 1.61e-12
4.50000031287763 0.5007900340371627 2.018e-12
5.500000382406002 0.5000000347644047 1.521e-12
6.500000451934384 0.5000000347642368 1.151e-12
7.500000521462774 0.5000000347641702 1.336e-12
8.500000590991165 0.5000000347641844 4.41e-13
9.500000660519563 0.5000000347641507 89.99999999999835
3.445397348073074 15.47122520899497 0.056557585750965
4.446970795866932 15.471463944040199 0.04447699433321
5.449213405782167 15.471930992012133 0.043575597475694
6.451764029897128 15.47192487371297 0.037925266213861
7.454400624012819 15.472450557354955 89.99999999999834
8.457102313651939 15.472450557354902 5.301e-12
9.459613280737479 15.472450557354108 89.99999999990219
10.461869380327931 15.472053495386856 89.98363834274825
11.4639622240344 15.472450557354898 89.99999999999133
12.466003380226756 15.472450557354929 89.99999999999407
13.468019503421605 15.472450557354932 89.99999999999443
14.47000049398138 15.472450557354918 89.99999999999498
15.471893408584236 15.472450557354945 89.99999999999811
4.44873382710743 14.469108668141237 0.157790339725366
5.450651532180805 14.47093142443563 0.114585404260625
6.452489636810682 14.471043392970808 0.078884401053115
7.454743500634113 14.472450487826649 89.99999999999659
8.457299776148895 14.472450487826517 1.0503e-11
9.459678338985757 14.472450487824934 89.99999999980416
10.461873889149471 14.471330785278452 89.9747960761619
11.463968449747618 14.472450487826539 89.99999999998268
12.466024746401095 14.472450487826611 89.99999999998823
13.468064594543268 13.472450418298308 89.99999999998316
14.470016447349138 14.472450487826558 89.99999999998987
15.47202037096447 14.47245048782662 89.99999999999612
5.451873171372709 13.46979348610834 0.198157754497206
6.453112688820466 13.470074035036223 0.130026533445503
7.455331443328781 13.472450418298344 89.99999999999484
8.457602397607532 13.47245041829813 1.5714e-11
9.459907175011203 13.472450418295725 89.99999999970223
10.462040342688525 13.470598414790619 89.97250857709676
11.464066447506948 13.472450418298184 89.99999999997395
12.466084551652258 13.472450418298294 89.99999999998244
13.468100327598723 12.472450348769996 89.99999999997752
14.470054224426375 13.472450418298202 89.99999999998475
15.472025364945736 13.472450418298298 89.99999999999406
6.452527851250017 12.46937003810276 0.151634461117782
7.455636977347896 12.472450348770042 89.99999999999304
8.45806328909179 12.472450348769746 2.1e-11
9.460253989940071 12.47245034876648 89.99999999959641
10.462325124977607 12.46982124471306 89.97252203027885
11.464224960798598 12.472450348769824 89.9999999999652
12.466104118848637 12.472450348769977 89.9999999999765
13.46808733319498 11.472450279241684 89.99999999997182
14.4700608834245 12.472450348769842 89.99999999997965
15.472026553227037 12.472450348769973 89.99999999999206
6.453795472849796 11.468689220685842 0.173566740279763
7.456325140970823 11.472450279241738 89.99999999999129
8.458627134010907 11.472450279241357 2.6232e-11
9.460914918616677 11.47245027923716 89.9999999994819
10.462598014158257 11.468939042836928 89.97525571621206
11.4640329626247 11.472450279241466 89.99999999995636
12.466214279888884 11.47245027924166 89.99999999997054
13.46804533581233 10.472450209713374 89.99999999996611
14.470030564492912 11.472450279241484 89.99999999997453
15.472010826176536 11.47245027924165 89.99999999999004
7.457134910167334 10.472450209713433 89.99999999998948
8.459856522011025 10.472450209712973 3.153e-11
9.461221647576778 10.472450209707652 89.99999999934579
10.463289717476105 10.467372752262424 89.97504480862386
11.464642495713083 10.472450209713106 89.99999999994738
12.466253844743411 10.472450209713342 89.99999999996452
13.472450418296212 9.472450140185032 89.99999999995748
14.469825501650332 10.472450209713127 89.99999999996933
15.471874507879022 10.472450209713328 89.99999999998802
7.458960136746811 9.472450140185128 89.99999999998766
8.472450070652133 9.472450140184595 3.6835e-11
9.472450140181184 9.464996446854672 89.99999999999262
10.472450209709883 9.46475086965878 89.99999999996982
11.4724502792387 9.472450140184726 89.999999999937
12.472450348767458 9.472450140185 89.9999999999564
13.468036864105265 14.47245048782662 89.99999999998877
14.47245048782513 9.472450140184737 89.99999999996172
15.472450557354458 9.472450140184996 89.99999999998586
9.472450140181596 8.462285857402977 89.99999999999952
10.472450209710525 8.450612802694645 89.99999999996203
11.472450279239494 8.472450070656311 89.99999999992164
12.472450348768367 8.472450070656704 89.9999999999528
13.472450418297068 8.472450070656741 89.99999999995408
14.472450487825798 8.472450070656373 89.99999999995808
15.472450557354703 8.472450070656663 89.99999999998354
9.29499894633254 7.372438387772447 76.94628215914123
11.372438665884653 7.372438387772819 76.94628215914003
12.472450348769588 7.4724500011284185 89.99999999995073
13.472450418297917 7.472450001128461 89.99999999995217
14.472450487826269 7.47245000112801 89.99999999995609
15.4724505573548 7.472450001128323 89.99999999998103
11.123432147087481 6.403645203343226 76.94628215913733
12.17849503150712 6.4127469830883355 77.17442776452754
13.472450418297946 6.472449931600188 89.99999999995084
14.472450487826263 6.472449931599622 89.99999999995296
15.472450557354781 6.472449931599974 89.99999999997812
12.99270200918269 5.456701809493897 77.87999850879271
14.472450487825704 5.472449862070987 89.999999999919
15.472450557354694 5.472449862071619 89.99999999997455
13.80224870588571 4.499374267830312 76.2203617175655
15.472450557354646 4.4724497925432605 89.99999999997073
14.597366415880286 3.55216318192695 75.68006143644635
13.988312561480981 0.5000000347643381 89.9999999999782
10.288432099062788 7.229704652193231 76.94628215911797
9.068510277409153 6.3984243054368655 76.94628215913849
4.390347097711196 7.600785617127995 27.651606270413307
4.564924886091088 5.520681776969056 89.85896324479037
15.472450557354941 2.5000001738209985 89.99999999999639
