237 15.950315936096095
0.5000000119447865 15.36387383884442 2.164e-12
1.5000000358343488 15.45031592415135 4.329e-12
15.344251487064366 0.5000000119452785 89.9999999999867
15.450315924151063 1.500000035835762 89.99999999997337
0.5000000119449313 9.500000226949838 2.4065e-11
0.5000000119448949 8.500000203060408 2.3092e-11
0.5000000119449375 7.500000179170974 2.1826e-11
1.5000000358345478 7.500000179170867 1.991e-11
0.5000000119450112 6.500000155281541 2.1526e-11
1.500000035836531 6.500000155281409 1.6726e-11
2.5000000599873955 6.50000015745039 7.908255e-09
0.5000000119450005 5.500000131392095 1.9414e-11
1.5000000358349173 5.50000013139196 1.4671e-11
2.500000059726273 5.500000133229115 89.99999999995913
3.5000000836165883 5.50000013140173 2.0805e-11
0.5000000119448451 4.500000107502611 1.3411e-11
1.5000000358343941 4.500000107502519 1.2895e-11
2.5000000597243615 4.500000108881698 89.9999999999553
3.5000000836138483 4.500000107510811 89.99999999995157
4.500000107503334 4.500000107504704 89.99999999994789
0.5000000119448913 3.500000083613159 1.199e-11
1.5000000358375445 3.500000083613088 1.2002e-11
2.500000059730607 3.5000000836225063 89.99999999969344
3.500000083621245 3.5000000836175964 89.99999999970046
4.500000107513978 3.500000083615042 89.99999999995141
5.500000131404706 3.5000000836139167 89.99999999996018
0.5000000119455539 2.5000000597237113 1.1129e-11
1.5000000358392889 2.500000059723658 1.1222e-11
2.5000000597315237 2.5000000597294916 89.99999999980832
3.500000083622144 2.5000000597268004 89.99999999978476
4.500000107513957 2.5000000597251884 89.99999999997458
5.50000013328704 2.5000000597243046 89.99999999997029
6.851835427876194 2.521312196532036 1.913460973538946
0.5000000119464918 1.5000000358342618 1.0298e-11
1.5000000367412136 1.500000035834228 1.0518e-11
2.5000000609345783 1.5000000358365533 3.0737e-11
3.5000000850271906 1.5000000358364778 89.99999999983233
4.5000001090750175 1.500000035835125 1.0562e-11
5.500000133187864 1.5000000358346917 89.99999999998046
6.500000157301258 1.5024144505715684 89.99999999114247
7.500000181299007 1.5000000359882808 89.99999999321223
0.5000000119447261 0.5000000119447403 1.872e-12
1.500000035834164 0.5000000119447279 2.412e-12
2.500000059723602 0.5000000119447892 2.244e-12
3.50000008361304 0.5000000119450005 1.726e-12
4.500000107502478 0.5000000119449108 1.462e-12
5.500000131391916 0.50000001194483 8.94e-13
6.500000155281354 0.5000000119448655 7.1e-13
7.500000179170795 0.5000000119815562 89.99999999999956
8.500000203060235 0.50000001198155 89.99999999999842
9.500000226949677 0.5000000119447261 89.99999999999726
3.445441789258762 15.449779328261425 0.011860005354893
4.445915972496559 15.45031592415117 2.055e-12
5.446314090355328 15.450315924151361 89.99999999999966
6.446685915833247 15.450315924151305 89.99999999999025
7.447037852396698 15.450315924150981 89.99999999995917
8.44737555864124 15.450315924150093 89.9999999998847
9.44770344045502 15.450315924148516 89.99999999977271
10.448026722363563 15.450315924148402 89.99999999982602
11.448351150517954 15.450315924151333 89.99999999999496
12.448684575582211 15.450315924151361 89.99999999999574
13.449040204806487 15.450315924151358 89.99999999999538
14.449447786353439 15.45031592415135 89.99999999999561
15.45002681215184 15.45031592415138 89.99999999999824
4.450315661366956 14.450315900261327 3.738e-12
5.450315685256448 14.450315900261891 8.24e-13
6.450315709146031 14.4503159002618 89.99999999998653
7.4503157330355165 14.45031590026053 89.99999999998855
8.450315756925034 14.450315900256896 89.99999999999518
9.450315780814567 14.450315900250757 3.581e-12
10.450315804704022 14.450315900250907 89.99999999999804
11.450315828593503 14.450315900261842 89.99999999999001
12.450315852482937 14.450315900261891 89.99999999998819
13.450315876372422 13.450315876372468 89.99999999998361
14.45031590026182 14.450315900261845 89.99999999998772
15.450315924151344 14.450315900261948 89.99999999999606
5.450315685256971 13.450315876372436 4.405e-12
6.450315709146375 13.450315876370604 3.894e-12
7.45031573303578 13.4503158763619 3.212e-12
8.450315756925185 13.450315876363476 2.544e-12
9.450315780814647 13.450315876352494 89.99999999999677
10.4503158047041 13.450315876352558 89.99999999999163
11.45031582859357 13.45031587637237 89.99999999998512
12.450315852483001 13.45031587637245 89.99999999998384
13.450315876372457 12.450315852483055 89.9999999999815
14.450315900261849 13.450315876372372 89.99999999998451
15.450315924151347 13.450315876372517 89.99999999999429
6.450315709146082 12.450315852480458 5.5667e-11
7.4503157330355165 12.450315852467256 5.0223e-11
8.450315756924958 12.450315852467867 4.4082e-11
9.450315780814535 12.450315852459617 2.2666e-11
10.450315804704074 12.44994739269233 5.343e-12
11.450315828593661 12.450315852482923 89.99999999998262
12.450315852483062 12.450315852483026 89.99999999998161
13.450315876371944 11.450315828593222 89.99999999993122
14.450315900261856 12.450315852482895 89.99999999998232
15.450315924151333 12.45031585248308 89.99999999999214
6.450315709144585 11.450315828590616 3.7709e-11
7.45031573303449 11.450315828574414 89.99999999998836
8.45031575692422 11.450315828569078 89.99999999995902
9.450315780813785 11.449687854030882 89.99999999994883
10.450315804703358 11.449687589916634 89.99999999993796
11.45031582859298 11.450315828593 89.99999999992428
12.450315852482461 11.450315828593142 89.99999999992617
13.45031587637139 10.450315804703703 89.99999999991657
14.450315900261455 11.450315828593094 89.99999999994077
15.450315924151298 11.450315828593633 89.99999999998936
6.450315709134774 10.443130437337752 89.99999999984273
7.4503157330255005 10.450315804682095 89.99999999985799
8.450315756916421 10.450315804677889 89.99999999985913
9.450315780807829 10.449385531333377 89.99999999983393
10.450315804699239 10.449384579168951 89.99999999980915
11.450315828591595 10.450315804703234 89.9999999998838
12.450315852481506 10.450315804703449 89.9999999998924
13.450315876371855 9.450315780814272 89.99999999991235
14.450315900261142 10.450315804703566 89.9999999999305
15.45031592415122 10.450315804704186 89.99999999998636
7.450315733034686 9.450315780790563 89.99999999981036
8.450315756924333 9.387698581176403 89.99999999986193
9.45031578081393 9.449106043820708 89.99999999987104
10.450315804703346 9.449109071841534 89.99999999987375
11.450315828592766 9.450315780813758 89.99999999987695
12.450315852482206 9.450315780813964 89.9999999998828
13.450315876372374 14.450315900261895 89.99999999998747
14.450315900261366 9.450315780814082 89.9999999999262
15.450315924151258 9.450315780814739 89.99999999998371
7.450315732998522 8.450315756867202 89.99999999597361
8.450315756888077 8.38753972098516 89.99999999620236
9.45031578078538 8.448970028876358 89.99999999643155
10.450315804674315 8.386324934786295 89.99999999675967
11.450315828591288 8.450315756924237 89.99999999986429
12.450315852481122 8.450315756924446 89.99999999986913
13.450315876371166 8.450315756924862 89.9999999999101
14.450315900260986 8.450315756924603 89.99999999992257
15.450315924151159 8.45031575692529 89.99999999998145
7.455166172305087 7.418758930844394 86.25912082520854
8.449967641189664 7.306593475370763 86.25912082454934
9.459345120101402 7.417358720981026 86.25912082335329
11.450315828569167 7.450315733034793 89.9999999998608
12.450315852479328 7.450315733034986 89.9999999998622
13.450315876370158 7.450315733035454 89.99999999990857
14.450315900260524 7.4503157330351275 89.99999999991947
15.450315924151042 7.450315733035843 89.99999999997925
11.450315828592114 6.4503157091453485 89.99999999985728
12.450315852481634 6.450315709145551 89.99999999985818
13.450315876371553 6.450315709146052 89.99999999990735
14.450315900261138 6.450315709145654 89.99999999991704
15.450315924151163 6.450315709146393 89.99999999997716
13.45031587637175 5.450315685256651 89.99999999990656
14.450315900261234 5.450315685256178 89.99999999991455
15.450315924151177 5.450315685256943 89.99999999997516
14.450315900261021 4.4503156613667 89.99999999991144
15.450315924151116 4.4503156613674895 89.99999999997326
15.450315924151106 3.450315637478038 89.99999999997145
4.335895409310044 6.482788112465468 23.398577341107234
5.2536599178892445 6.879913224528829 23.39857733768049
6.4354579329713895 7.243107086088608 85.55864745230964
4.946608154367011 5.657444929754993 23.39857734042755
0.6304052376023668 13.981155190413064 18.043829309125925
1.5813274943185665 14.292207597443749 18.05574520888122
2.53379222878958 14.598518529801453 18.0675434896782
0.6304147686882748 12.841782348330053 18.067543489663965
1.555645907404089 13.229966333973668 18.067543489668253
2.507047489514828 13.537927886983807 18.067543489670758
3.4580305234268955 13.847172450494291 18.06754348967021
0.629007139275747 11.688959768412236 17.81680536471783
1.5511421382937796 12.087982832967999 17.816805364719187
2.4769478398025333 12.475584508577338 17.816805364719563
3.4281250894415827 12.784242624985813 17.816805364719645
4.380101986408958 13.090412639138442 17.81680536471801
0.6205132284509407 10.620513467345415 16.346809316779357
1.5723195599745345 10.92845303084611 16.34680931678216
2.4971557836927856 11.32834423782128 16.346809316782647
3.4253696153450575 11.71671985862293 16.34680931678247
4.376929153245878 12.0255008380854 16.346809316782288
5.32980246875089 12.329802635976783 16.34680931677948
1.5759921918011823 9.848089157819295 18.152132998586396
2.522412369577661 10.171258853998259 18.152132998594027
3.444025279560935 10.570093272491551 18.152132998589376
4.3693750479658355 10.957529887855152 18.152132998198734
5.323034799181629 11.266112040631242 17.883147158015472
2.5275229469975606 9.102395656759468 17.883147158012925
3.4731847632067963 9.428138626484323 17.883147158013383
4.3952179624982834 9.827110840096523 17.88314715801288
5.320934945827739 10.214666358461535 17.88314715801121
1.6293807752637317 8.629380942489874 17.883147158011123
3.4943624443269936 8.323644547396068 23.398577337665895
4.421525505408613 8.699049406201624 23.398577337665056
5.339290013973088 9.096174518223508 23.398577337655862
4.396998391810426 7.598832116186005 23.398577337672076
5.314762900469486 7.995957228249474 23.398577337655574
2.5863342781401215 7.904018542666698 23.398577337666758
3.4616647104003198 7.193667454533564 25.6572491824537
6.450315709145247 9.443130413447767 89.99999999980749
6.446719190202241 8.302259605017394 89.99189091124575
6.5862300220207315 4.322148693540688 70.41730828112652
6.921397001642726 5.264307461238639 70.41730828112763
7.293203981059937 6.309461748051811 70.41730828113016
5.638662993108094 4.6421129800840255 70.41730828112983
13.976947202853752 0.5000000119447732 89.99999999999228
14.287069082952367 1.5901636310093332 71.5910532204847
14.602753478279798 2.5390279124225534 71.59105322047857
12.821935420310613 0.6370688087366947 70.71660182475159
13.150674302983063 1.5814910273785667 70.71660182474794
13.530522814424323 2.508031532400354 70.71660182474811
13.855351583236935 3.453821781644579 70.71660182474821
11.724420647356725 0.6203301448649006 73.6841134198011
12.060100702675772 1.5640319140923529 73.6841134198005
12.389255774133808 2.5096436861954583 73.68411341980034
12.770447448192918 3.4400232274286333 73.68411341980091
13.095621488225714 4.386800332907054 73.68411341980166
10.620513467345342 0.6205132284509114 73.6531906832261
10.958640799152342 1.5634652607487425 73.6531906832214
11.294312230395997 2.507137627131378 73.65319068322114
11.623459710514453 3.4527235173893835 73.65319068322164
12.004635557129983 4.383049096897771 73.65319068322388
12.329802635976401 5.329802468751081 73.65319068322727
9.863441462298644 1.5709658673452864 71.84661971879277
10.20114352050353 2.51262086671694 71.8466197187904
10.536414816462912 3.455072869003425 71.84661971879133
10.86522893972324 4.399642061267036 71.84661971879396
11.245538872945657 5.327326710125538 71.84661971881903
9.150060931829183 2.579251181238819 69.83264372076191
9.487214403125563 3.5260909374467593 70.4173082811252
9.822381382750505 4.468249705151998 70.4173082811408
10.295288063045424 5.638878310596826 71.8489661917365
8.80212551851783 1.6417265625403816 69.8326437208935
8.402196770345565 3.4596797770032186 70.41730828112942
8.73736374997992 4.401838544735314 70.41730828113396
9.072530729614982 5.3439973124671525 70.41730828112162
7.865058765382098 4.933365423138077 70.41730828113104
8.057018399031781 2.512520936987814 69.48535234685939
7.450927525493364 3.7692370861144813 70.41730828112783
10.43422949188782 6.755028862828837 88.12565462579137
9.388198067517559 6.411712368457951 85.31793508706471
8.219449201549635 5.929561578897472 70.41730828111031
5.9886627151603165 6.045208300787563 38.0726279587746
