237 15.941397796395956
0.6732490484533615 13.825702493760309 27.19776310318502
1.576134578779083 14.256590858601587 27.1977631042077
2.5214157812944107 14.669351190459077 30.677079365444207
0.6539623612053109 12.692829997813025 22.64453845033608
1.5613975672769147 13.114941559916609 22.64453845046202
2.4843092394209823 13.499954610165908 22.644538450530373
3.387874964233675 13.95620741031566 23.913077016672453
1.5723225529669982 11.965617651852662 22.644538450340153
2.470235465562956 12.410555027933421 22.644538450361164
3.393147137691334 12.795568078216856 22.644538450373453
4.28742991621043 13.249207218099082 22.644538450369062
1.6401540607290785 10.764157176176152 22.644538448747795
2.5158757902222524 11.262288856811477 22.644538448752208
3.4090185260345685 11.71866078378292 22.644538448750293
4.331930198162629 12.103673834066667 22.644538448741713
1.5000007525918013 9.50000476644559 89.99999999991753
2.5258155720566116 10.05127854207358 24.410671636077947
3.4057529008987464 10.532130704155898 24.410671635653753
4.30432752768278 11.008630371679349 22.644538451958358
5.336979838195144 11.348511360709905 11.978357822711743
2.6619416634390456 8.72962011206759 24.4106716358405
3.4651934179738495 9.379440578475416 24.410671635841908
4.351457934226234 9.846351473001938 24.410671635818822
5.3238445507686105 10.29012249842963 15.849665880828235
3.561383707367759 8.040127712417997 31.416152996308842
4.343968850372194 8.677325224576382 31.416152996204627
5.264733807106924 9.135196606691833 28.12493499571334
4.418125591260948 7.300945555349702 49.67995540746387
5.359191036734806 8.041342251213146 22.43362439003287
6.2322929684851704 4.443878702800882 58.78447410410246
6.752505481290367 5.297919201408672 58.78447410407294
7.234013938837476 6.44139303000665 3.84606e-10
12.668412119558042 0.6684060988661367 64.04396180677718
14.266751395582414 1.5886319914108737 64.56675770154504
14.649235622516258 2.528977871997088 63.07912199860975
13.051307140161228 1.5942058736642126 64.04396180676198
11.93167551840276 1.5893559469406995 64.04396180675623
13.506309873114187 2.484904829526913 64.04396180674685
13.950830504658802 3.3807062957286824 64.04396180673615
11.500005769829695 0.5000002508637751 89.99999999982042
13.837046009686006 0.5014105375997584 89.86899532297016
12.370153411006303 2.488098916169112 64.04396180675118
12.828470062534103 3.3771847123581464 64.04396180674621
13.272990694078612 4.27298617855982 64.0439618067474
10.500005268105173 0.5000002508638177 89.99999999981408
10.648388831773731 1.6483843162535434 68.51542049231934
11.220146331378531 2.4980136645307747 68.5154204923176
11.65817028258806 3.4002804914038505 68.51542049231772
12.12042917932867 4.2930084628985385 68.51542049231833
9.500004766382336 1.5000007525866828 89.9999999999997
9.967544925900972 2.603745001722455 58.86642500432554
10.536212173174778 3.454030491246268 61.42650004498425
10.972147163045808 4.355300335960875 61.4265000456169
8.774641152531041 2.6665989122828435 64.48800900209386
9.300528444259035 3.5236681614143768 64.48800900208852
9.842510603030282 4.37305641741734 64.4880090020944
10.274797378937212 5.274794870316162 64.48800900210041
8.098702917215386 3.571697487085384 64.14864838294345
8.624325465799252 4.428220339011607 64.14864838292775
9.164799486178511 5.277547280313778 64.1486483833022
7.433713324855368 4.489793194491588 58.94548273712504
7.956804581469101 5.342112334531027 58.94548273711873
7.666601420908196 2.6665989122865597 64.48800900146148
6.924418785679587 3.629166271785409 58.94548273715829
12.441396040358633 5.429875754077575 89.99999999998401
11.441395538633465 5.4413925282892635 5.8379e-11
8.430848945781841 6.441393030010427 9.6493e-11
1.500000752587674 15.441397545533503 1.2636e-11
0.5000002508625663 15.361677423073463 6.312e-12
15.181043571360117 0.5000002508622599 89.99999999999791
15.441397545533713 1.5000007525867565 89.99999999999581
0.5000002508624082 9.500004766390452 89.9999999999829
0.5000002508622918 8.500004264665337 2.842e-12
1.5000007525881704 8.500004264713393 1.54301e-10
0.5000002508625627 7.500003762940293 89.99999999999609
1.500000752587768 7.5000037629787455 8.924e-12
2.500001254312603 7.5000037629515095 1.3855e-11
0.500000250863005 6.500003261215207 89.99999999997817
1.5000007525922365 6.500003261228299 89.99999999961756
2.5000012543222843 6.500003261226073 1.6994e-11
3.5000017560491354 6.500003261223512 1.05271e-10
0.500000250862807 5.500002759490186 89.99999999997216
1.5000007525897727 5.500002759500146 89.99999999980338
2.5000012543173487 5.50000275950039 89.99999999999199
3.500001756044221 5.500002759497844 1.23537e-10
4.703137994223559 5.879094602624553 51.07514367138463
0.5000002508628567 4.500002257765193 89.99999999997299
1.5000007525892398 4.50000225777221 89.99999999987398
2.5000012543150723 4.500002257773477 89.999999999926
3.5000017560418666 4.500002257772161 8.3105e-11
4.500002257768259 4.500002257765963 1.88024e-10
0.500000250864371 3.5000017560402004 89.99999999998329
1.500000752593679 3.500001756043499 1.28495e-10
2.500001254320078 3.5000017560443535 1.27132e-10
3.5000017560459042 3.5000017560456342 1.49086e-10
4.500002257830896 3.500001756041092 1.79157e-10
5.500002759577541 3.500001756056606 4.36388e-10
0.500000250862235 2.5000012543147614 89.99999999999807
1.5000007525867023 2.5000012543145154 89.99999999999554
2.500001254311244 2.500001254317392 1.349e-12
3.5000017560357737 2.5000012543180814 5.089e-12
4.500002257760298 2.5000012543147223 7.532e-12
6.500003261208997 1.5000007525880985 89.99999999999824
6.500003261209335 2.5000012543131946 6.025e-12
0.5000002508622439 1.5000007525881385 89.99999999999864
1.500000752586728 1.5000007525884334 89.99999999999739
2.5000012543112122 1.5000007525903545 89.99999999999646
3.5000017560356573 1.5000007525888277 89.99999999999648
6.437253766202015 0.5000002508625814 2.3277e-11
5.50000275948455 1.5000007525879235 89.99999999999739
7.500003762933443 1.500000752587538 89.99999999999872
0.5013644659820553 0.5000002508626222 89.99999999997641
1.5040965748029151 0.5000002508627253 89.99999999997924
2.506632430827426 0.5000002508631889 89.99999999992718
3.50967597629511 0.5000002508628052 89.99999999996244
4.959007385931875 0.5000002508625947 89.99999999997989
4.500002257760104 1.5000007525887122 89.99999999999697
5.500002759484815 2.500001254316995 7.312e-12
7.491241884727795 0.5000002508624553 1.1568e-11
8.4943943726324 0.5000002508902872 3.201379e-09
9.497198539649089 0.5000002508622279 89.99999999999983
3.4413915248100855 15.441397545529556 3.57701e-10
4.44139202653772 15.44139754553032 3.08603e-10
5.441392528266567 15.441397545532968 8.4249e-11
6.441393029994106 15.441397545532324 1.01858e-10
7.4413935317219915 15.441397545533453 2.8795e-11
8.441394033449534 15.441397545533558 1.71e-13
9.441394535175714 15.441397545533668 5.922e-12
10.44139503690349 15.441397545533667 7.647e-12
11.441395538630871 15.441397545533633 1.4694e-11
12.441396040356693 15.441397545533567 1.7224e-11
13.44139654208198 15.441397545533585 1.221e-11
14.441397043807665 15.441397545533517 89.9999999999786
15.44139754553343 15.441397545533667 8.67e-13
4.441392026541967 14.441397043798082 3.27859e-10
5.4413925282686755 14.441397043807058 2.36971e-10
6.4413930299963615 14.441397043804812 3.00126e-10
7.44139353172387 14.44139704380869 5.2568e-11
8.441394033451934 14.441397043808763 2.089e-12
9.441394535177976 14.441397043808552 7.1929e-11
10.441395036904026 14.44139704380911 1.7715e-11
11.441395538630388 14.441397043809088 3.1541e-11
12.44139604035594 14.441397043808392 8.8235e-11
13.441396542081469 14.44139704380887 2.8777e-11
14.441397043807553 14.44139704380882 89.99999999996231
15.441397545533512 14.441397043809086 89.99999999999942
11.441395538630385 11.441395538635764 4.5911e-11
5.441392528275918 13.441396542082327 2.53697e-10
6.4413930300011275 13.441396542078426 2.05568e-10
7.441393531727266 13.441396542083902 7.7947e-11
8.44139403345324 13.44139654208362 7.0819e-11
9.441394535178745 13.441396542083849 8.9911e-11
11.44139553863059 13.44139654208463 3.8128e-11
12.441396040356015 13.441396542083675 1.01118e-10
13.441396542081552 13.441396542084306 2.7114e-11
14.44139704380753 13.441396542084165 89.9999999999516
15.441397545533516 13.441396542084501 89.99999999999596
6.441393030002536 12.441396040353077 2.03208e-10
7.44139353172887 12.441396040359205 8.7866e-11
8.441394033454282 12.441396040358601 1.22526e-10
9.441394535179548 12.441396040359052 1.19243e-10
10.441395036905288 12.441396040359951 4.0767e-11
11.44139553863026 12.441396040360186 4.3443e-11
12.441396040355617 12.441396040358907 1.09864e-10
13.441396542081401 12.441396040359756 2.1799e-11
14.441397043807635 12.441396040359514 89.99999999994097
15.441397545533366 12.44139604035989 89.99999999998828
7.441393531729776 11.441395538634513 8.9926e-11
6.436385773350682 11.44139553862794 2.04935e-10
8.441394033454914 11.441395538633923 1.32258e-10
9.441394535179791 11.441395538634406 1.27031e-10
10.441395036905131 11.441395538635277 5.8236e-11
10.441395036904996 13.441396542084567 2.6162e-11
12.441396040356096 11.44139553863398 1.42848e-10
13.441396542082071 11.441395538635195 1.1792e-11
14.441397043808022 11.44139553863479 89.99999999992158
15.441397545533432 11.441395538635259 89.99999999998107
7.441393531730321 10.441395036909626 1.1445e-10
8.441394033455444 10.44139503690927 1.35188e-10
9.441394535180379 10.441395036909768 1.29335e-10
10.441395036905746 10.441395036910738 5.932e-11
11.4413955386316 10.441395036911352 4.7303e-11
12.441396040356757 10.43873648094405 1.5902e-11
13.441396542081725 10.44139503691057 89.99999999999446
14.441397043807639 10.44139503691013 89.99999999990722
15.441397545533336 10.441395036910606 89.99999999997479
7.441393531732001 9.441394535184806 1.07704e-10
8.441394033456685 9.44139453518455 1.22572e-10
9.441394535181317 9.441394535185054 1.20564e-10
10.441395036906474 9.441394535186209 5.5238e-11
11.44139553863193 9.441394535186943 4.8956e-11
12.441396040357386 9.437301894773784 89.99999999999072
13.441396542082694 9.441394535185653 89.9999999999399
14.441397043807887 9.44139453518553 89.99999999990176
15.441397545533341 9.441394535185921 89.9999999999689
7.441393531727663 8.441394033459447 1.74481e-10
8.44139403345286 8.441394033459883 1.22536e-10
9.441394535177992 8.441394033459966 8.2224e-11
10.441395036903874 8.44139403346139 1.4907e-11
11.4413955386322 8.441394033462526 5.0694e-11
12.441396040357489 8.435976895609631 89.99999999999098
13.441396542082863 8.4413940334611 89.99999999992677
14.441397043807939 8.441394033460934 89.99999999989815
15.441397545533318 8.441394033461194 89.99999999996353
8.437121767655814 7.441393531735133 1.08263e-10
9.438548961747328 7.441393531734737 1.9126e-11
10.44139503690386 7.441393531736703 89.99999999998793
11.441395538631106 7.441393531738105 5.3376e-11
12.441396040356967 7.434533488464481 89.99999999998215
13.441396542082582 7.441393531736596 89.99999999991913
14.441397043807779 7.44139353173634 89.99999999989635
15.441397545533246 7.441393531736399 89.99999999995846
11.441395538631422 6.441393030013684 5.585e-11
12.441396040357855 6.43272419720601 89.99999999998342
13.441396542083167 6.441393030012117 89.99999999991418
14.441397043808049 6.441393030011733 89.99999999989939
15.44139754553325 6.441393030011485 89.99999999995306
13.441396542083805 5.441392528287645 89.99999999990959
14.44139704380839 5.441392528287103 89.99999999990636
15.441397545533247 5.441392528286272 89.99999999994527
14.44139704380828 4.441392026562513 89.99999999990119
15.441397545533333 4.441392026545229 89.99999999995758
15.441397545527577 3.441391524812487 89.99999999996847
6.441393030004739 10.441395036902893 2.062e-10
7.4357501785874796 7.441393531732785 3.78772e-10
5.25126528585802 6.721815015383467 51.075143670882895
6.232769322766852 7.226173240428332 52.03807258733051
0.5000002508626258 11.538867385743501 3.8312e-11
0.5000002508623389 10.500005268115588 6.295e-12
5.441392528277445 12.441396040357674 2.58827e-10
6.43774391841807 9.441394535177873 1.9686e-10
6.441393030002796 8.441394033452879 1.87399e-10
5.4827504090315236 5.2528262532453525 51.07514367093209
8.500004264657889 1.5030555406406565 89.99999999999922
10.441395036905373 6.441393030012148 89.99999999997655
9.441394535180372 6.441393030009731 89.99999999997675
6.030877700659487 6.0955466660038145 51.07514367089912
