237 15.956783689554191
0.6625172071509091 13.897027175439844 24.228335311729897
1.5892898357894145 14.282915408213126 24.25056743424424
2.5461854549339087 14.639230819565222 22.14317811108696
0.6504981403064996 12.790633538321025 21.917718715932732
1.5743982085896526 13.173405797270071 21.91771871601058
2.5039229842482964 13.542198551744976 21.917718716083634
3.431915432195586 13.920037441260234 22.14317811095303
1.5160582906865638 12.061343375383057 22.60033905549063
2.447378744422367 12.44153657034594 21.917718716065618
3.378657565308913 12.81657412797173 22.373118793680124
4.304096548886481 13.195476822135563 22.373118791685133
1.6113627209322186 10.917494697128667 14.83662669979213
2.535443104194907 11.334301287514673 14.83662669979422
3.4697134587878775 11.712640343204564 14.836626699793982
4.403985913500257 12.090971470341733 14.836626699792108
2.545718289244034 10.14918459320524 20.510490017795192
3.458989480947741 10.56194753725705 20.51049001779213
4.386135440681411 10.937621403174958 20.510490017788335
5.313284260140719 11.313287624691156 20.510490017781407
2.555052572621154 8.98627705267108 24.35373367981706
3.453332770824886 9.426785689775826 24.35373367973785
4.374548758498873 9.841404266894559 23.170460899674293
5.301533045164522 10.21700893776078 23.170460899639753
3.4184200455519482 8.277749741748487 28.197548801104443
4.363810582539779 8.739572608612201 24.1798628511301
5.2977547952630575 9.123331586861912 23.35321130300225
5.40871037148702 8.043914790675494 16.462238697054367
6.505663811543908 2.50000262171546 89.99988175425088
7.505662837220664 1.5000032422137668 89.99981251418681
5.517803638272654 6.578832206420887 31.023610597939303
6.270605105650963 7.267403223149667 31.023610597930652
5.503025034684325 3.500001977346133 89.99999997666316
6.635119823401287 4.916964224654558 31.02361162343429
7.138391085623347 6.277379967502327 69.27545597443289
5.500934599568682 4.50000253751508 89.99999997626502
13.934814422086781 0.6362294380988711 70.96564541997999
14.284057288265661 1.5775523890081322 71.01976124213907
14.456078468148164 4.455587818874616 89.98208829758482
12.857661091876768 0.6321567423954964 71.62143582115374
13.193984413669568 1.5742603587816344 71.62013690132876
13.535688061294852 2.5145734872389163 71.62005483283396
13.855522650113345 3.462154100079892 71.62051588326624
11.746379376265487 0.6216850707594839 73.45500593134796
12.095914314870894 1.5610533614789404 73.45471192192466
12.43211210125245 2.504383448588287 73.45494617104389
12.772146158308953 3.4465751775587963 73.45534374369471
13.091691937374001 4.394854524694106 73.45585758800038
10.985553085593745 1.5498913078592604 71.21986520156838
11.334490614552593 2.487510308877509 71.22051673225559
11.669902739171533 3.4355842292281116 71.86051779882575
12.006301322440581 4.379299926650377 72.03474669141835
12.32696603150422 5.326927393713685 72.06948366334939
9.731628116405785 1.6206507978735596 71.29664173267835
10.251769381373045 2.5003120892403015 71.2966368004456
10.600703097737615 3.4379351153264883 71.29663783740057
10.928831252714527 4.382601857009678 71.29664470687172
11.255084007379528 5.327903855978749 71.29668596206119
8.995596910994937 2.5431558933202947 68.04538686592646
9.51254597058718 3.4170151868361893 68.47779368460311
9.86042878357475 4.37146660087954 70.32461044859467
10.134526567197767 5.3472735518397485 71.4987505114378
8.505663719516612 1.5000029821170395 89.99978982024408
8.273647153472076 3.4226979620960405 60.14541614519618
8.796306504056306 4.367818825085337 70.23688806928097
9.063167369573955 5.339029090040251 70.76325676970852
7.529523434434064 4.213417634267987 50.40835046533986
7.979041181654114 5.284545274655105 70.89108479901792
7.505665324254958 2.5000041415562633 89.99980424706197
6.503026653114963 3.5000033014792127 89.99988498867404
5.973835002389404 5.686176347808219 31.023610597745876
4.492572155271077 7.615457400620583 16.46223869698281
8.456779483860666 7.447360183470438 4.07468e-10
9.456780044619482 7.453136817900807 3.86819e-10
7.4567789231018144 7.447220463887917 4.28116e-10
9.355749389581964 6.364121837096135 78.65134021196711
8.229674237756916 6.291235105834638 68.0691483514943
1.5000008411394443 15.456783409174587 2.5911e-11
0.5000002803798385 15.350088644586965 1.2964e-11
15.306937313337064 0.5020449175848292 89.9938789859738
15.45405591861782 1.5061130224775914 89.99759280336264
0.500000280381915 9.50000532733293 1.78299e-10
0.5000002803797416 8.500004766564837 4.933e-11
1.5000008411388412 8.500004766451857 9.6433e-11
0.5000002803801014 7.500004205796171 3.9713e-11
1.5000008411478678 7.500004205692833 9.5458e-11
2.5000014019130727 7.500004205767796 4.36086e-10
0.5000002803813528 6.500003645026413 3.1285e-11
1.500000841147231 6.500003644933797 8.7957e-11
4.3718954503874965 6.535299051080688 15.30518755751772
2.5048685278795437 6.500003645002016 5.64912e-10
0.5000002803813892 5.500003084255127 2.8793e-11
1.5000008411481014 5.500003084174773 8.2659e-11
2.50000140191569 5.500003084234795 7.01746e-10
3.5000019626858982 5.500003084227476 1.858266e-09
4.794754306952827 5.614250099898216 15.305187557512863
0.5000002803825154 4.50000252348147 3.1181e-11
1.5000008411688412 4.500002523415722 7.0122e-11
2.500001401941656 4.500002523466227 5.57838e-10
3.50005442408814 4.500002523458253 1.114855e-09
0.5000002803900125 3.500001962707814 2.9333e-11
1.5000011229403158 3.500001962656664 5.4691e-11
2.5000019118198615 3.5000019626855297 89.99999999910206
6.505661565022976 1.500001980739702 89.99987844338882
5.500004118724155 0.5000002804656436 89.99999999041012
5.505661998775219 2.500001397497008 89.99999997709887
0.500000321356894 2.500001401934151 2.4379e-11
1.5000010906902572 2.5000014018976184 4.0648e-11
2.500001829627741 2.5000014019201355 89.99999999913231
4.500003297639811 1.5000008411380295 89.99999999998279
4.500003398510326 2.5000014018966237 89.99999999998093
4.500082866871183 3.500001962655218 89.99999999997907
4.500678148927524 4.500002523413773 89.99999999997964
0.50000032226923 1.5000008411604933 1.7793e-11
1.5000011868680563 1.500000841138573 2.6591e-11
2.500001891831146 1.5000008411517163 89.99999999945013
3.5000025773265504 1.5000008411476538 89.99999999889248
3.5000026387422336 2.500001401907612 89.99999999874862
3.500002715195511 3.500001962682954 89.99999999993412
0.5000003447865513 0.5000002803868355 9.657e-12
1.5000011423405164 0.5000002803795391 1.33e-11
2.500002064024515 0.5000002803833059 89.99999999976697
3.500002793753878 0.5000002803857031 89.9999999992644
4.500003467637238 0.500000280379358 89.99999999999142
5.500004018260302 1.5000008414256891 89.99999998060984
6.503044846332635 0.5000007267973174 89.99995070652754
7.505660756399325 0.500000909416058 89.99994955724098
8.505661762634702 0.5000004638006805 89.99998626479793
9.505662507910163 0.5000003583986308 89.99999191471423
3.4567766794328083 15.456783409009503 7.57001e-09
4.456777240374082 15.456783409162401 1.41029e-09
5.456777801429299 15.456783409174623 3.4899e-11
6.456778362235236 15.45678340917119 3.93976e-10
7.45677892301195 15.456783409172246 8.5478e-11
8.456779483781718 15.456783409172829 89.99999999986106
9.456780044553865 15.456783409166619 89.99999999928536
10.456780605323134 15.45678323860288 89.99999999938773
11.456781166092407 15.456783226929968 89.99999999948993
12.456781726861676 15.456783217775305 89.99999999959196
13.456782287630944 15.45678320970315 89.99999999969388
14.456782848400213 15.456783201973757 89.99999999979578
15.456783409169482 15.456783113001844 89.99999999989792
4.456777240672981 14.456782848392397 2.64636e-09
5.456777801461406 14.456782848415767 7.0069e-11
6.456778362241534 14.456782848410018 5.92346e-10
7.456778923092091 14.456782848408585 1.65558e-10
8.45677948385388 14.456782848409214 89.99999999992632
9.45678004461392 14.456781745655322 89.9999999999355
10.456780605373961 14.456781642887876 89.99999999994463
11.456781166134004 14.456781557136626 89.99999999995384
12.456781726894043 14.45678150936756 89.99999999996302
13.456782287654082 14.456781454255465 89.99999999997225
14.456782848414125 14.45678138548444 89.99999999998141
15.456783409174168 14.456781348653486 89.99999999999068
11.456781166140258 11.456776576971576 6.5768e-11
5.451575887578631 13.456782287656907 1.04493e-10
6.45677836234015 13.456782287649396 7.26154e-10
7.4567789231032044 13.456782287647066 2.26889e-10
8.456779483862135 13.456780297487835 2.01752e-10
9.456780044621066 13.456780125451601 1.7657e-10
11.456781166138926 13.456779887957083 1.26235e-10
12.456781726897855 13.456779801525704 1.01011e-10
13.456782287656786 13.456779695488471 7.5815e-11
14.456782848415715 13.456779576355194 5.0605e-11
15.456783409174648 13.45677950418429 2.5352e-11
6.456778362347409 12.456781726884552 1.04386e-10
7.456778923106027 12.456778252850228 9.257e-11
8.45677948386463 12.456778413015638 8.2267e-11
9.456780044623233 12.456778313315137 7.1978e-11
10.456780605381837 12.456778289609705 6.1647e-11
11.45678116614044 12.45677821480042 5.1358e-11
12.456781726899042 12.456778106453676 4.1098e-11
13.456782287657646 12.456777936527434 3.0795e-11
14.456782848416248 12.456777721571187 2.0506e-11
15.456783409174854 12.456777548783405 1.026e-11
7.456778923105692 11.4567758472846 1.18334e-10
6.456778362347058 11.456781166125296 1.30498e-10
8.456779483864333 11.456776278931425 1.05231e-10
9.456780044622974 11.456776588499121 9.2086e-11
10.456780605381615 11.456776623853644 7.8941e-11
10.456780605379995 13.456779958750282 1.51402e-10
12.456781726898898 11.456776432924904 5.2609e-11
13.45678228765754 11.456776195073417 3.9492e-11
14.45678284841618 11.456775737631343 2.6375e-11
15.456783409174822 11.456775307672999 1.3159e-11
7.456778923102621 10.45532363486652 2.0435e-11
8.456779483861627 10.456774472618822 1.809e-11
9.456780044620638 10.45677489777194 1.5788e-11
10.456780605379643 10.45677502691947 1.3486e-11
11.456781166138654 10.45677499692676 1.1227e-11
12.456781726897661 10.456774820703881 8.967e-12
13.456782287656669 10.456774400200178 6.708e-12
14.456782848415678 10.45677388511062 4.434e-12
15.456783409174687 10.456726665638076 2.245e-12
7.4567789230991535 9.454605935934447 3.77668e-10
8.456779483862094 9.456773041148843 2.5949e-11
9.456780044621041 9.456773256449868 2.2752e-11
10.456780605379986 9.456773545936686 1.9512e-11
11.456781166138931 9.456773523513329 1.6286e-11
12.456781726897878 9.45677324565662 1.3046e-11
13.456782287656825 9.456772779498529 9.777e-12
14.45678284841577 9.456696985118285 6.523e-12
15.456783409174715 9.456593531423438 3.283e-12
7.456778923098401 8.450720213292401 6.40156e-10
8.456779483857881 8.453745105489487 5.66075e-10
9.456780044617384 8.456771959470371 4.9009e-10
10.456780605376917 8.456772174420335 4.13706e-10
11.456781166136457 8.45677219071023 3.36712e-10
12.456781726895992 8.456771903728093 2.59874e-10
13.456650406488095 5.456478624781896 89.98490765636913
14.456663925094869 5.455718295625911 89.98633649643726
14.601966700272929 2.5300105858748783 71.12565315951976
10.45678060537832 7.456771163588776 3.65105e-10
11.456781166137187 7.456771158802552 3.42908e-10
12.456780341460314 6.456603278215276 89.99999037898631
13.456781151023753 6.456620927525596 89.99999199182821
14.456782031228501 6.456384227515245 89.99999279948014
15.45678313216412 6.455721598783287 89.99999611319498
11.456779592865994 6.4567704362388305 89.99999150631689
12.456781726896052 7.456651672482808 3.20682e-10
13.456782287654917 7.456648667632869 2.98371e-10
14.45678284841394 7.456438664999256 2.59178e-10
15.456783409173763 7.455906258332817 1.28622e-10
13.456782287655532 8.456677973581037 1.83135e-10
14.456782848415065 8.456498394651938 1.06652e-10
15.456783409174417 8.45615635826298 4.7891e-11
15.456541859342103 4.446457936768414 89.99092265502765
15.456751797356247 5.450609389167171 89.99640289085734
15.454244362616258 3.4421903996612055 89.90849416463105
6.456778362343315 10.456780605365964 9.1021e-11
0.500000280379262 11.500006449086408 89.99999999999842
0.5000002804082371 10.500005888210257 89.99999999667816
5.4567778015888155 12.456781726898294 1.13462e-10
1.6434943825866366 9.706890848693693 20.510490017793806
6.456778362336261 9.453577601363513 7.23773e-10
6.456778362338855 8.453577040604237 7.14337e-10
10.549445351926142 0.5000442649659993 89.99597408338485
10.426422288514347 6.424468551544095 86.49012734252254
