237 15.925780532967849
0.6640032759443386 13.764570141905757 24.89136239881462
1.5626308240344278 14.20374488998944 24.8913623991029
2.5104552756345573 14.64561906691297 30.40946684579245
0.6591713907195063 12.659171456536498 23.781836634339456
1.5700412153819148 13.071997775199609 23.781836634353258
2.4845305644342357 13.476610481180792 23.781836634365188
3.3768371602210605 13.931561434245582 23.781836634376884
1.557562404758734 11.922345453929006 19.4247398657953
2.4718138151465388 12.336661949204991 19.424739865795953
3.389950960925489 12.739959495785598 19.424739865796507
4.287956707805893 13.200344564494905 19.42473986579611
1.6591713962013745 10.659171445569193 23.781836633196715
2.5095977849855364 11.209159124816853 23.781836633349794
3.4204676096591538 11.621985443461169 23.781836633231404
4.336749534179861 12.022530344870635 23.781836633088936
2.5627209982799277 9.957062155602268 23.266121590301946
3.4135680733633924 10.509827774335815 23.266121590330638
4.324561118554076 10.922708393031618 23.266121590117073
5.280944100330801 11.280944133241404 20.77432685922143
2.6448363887521786 8.706772705382912 20.77432685937326
3.508521061928234 9.24941306693835 20.774326859372326
4.3662400003002 9.80777955862197 20.774326859365797
5.28244336294587 10.211976656209224 20.77432685914686
3.5622052900899277 7.993903369022091 26.59295549578996
4.4133193737876715 8.527638086113408 26.592955495783244
5.2548512592651235 9.080513889802354 26.59295549576774
5.319031572750505 7.837564806368196 43.134283027637615
6.500000035659205 2.50240568269911 89.9999999992884
7.500000041135838 1.5000000082296348 89.99999999971226
5.146597879936977 6.5668663608664435 44.14410879215531
6.103476379205112 7.049208595260888 46.22882798336995
5.50000003018286 3.5000000192097023 89.99999999952361
6.554687788920115 5.146398435015266 44.144108792177946
7.048392770204837 6.296087158618137 81.90252287800104
5.50000003017081 4.500000024697264 89.99999999981672
13.803976678719348 0.6391710695212085 70.84691128097418
14.254546625216282 1.5457407819901618 70.95949475942315
14.570803055124589 2.5002579332340105 70.75978668809013
12.727830384123052 0.6368373542285557 70.75978668818851
13.069498542010571 1.5767459546370137 70.7597866881585
13.50583464283211 2.483613173712053 70.75978668813096
13.835364024735203 3.427758500033284 70.7597866881371
11.619231517232995 0.6192314568999349 73.86904272006889
11.963189386681321 1.5607361794531887 73.86904272006387
12.303391426138027 2.5033271644877964 73.86904272006204
12.744420351418462 3.4167569397561435 73.86904272006281
13.074435541533786 4.362294171654291 73.86904272006599
10.851345035500769 1.5634863062255793 73.86904272008147
11.195302904947752 2.504991028779264 73.8690427200802
11.53311913619929 3.448272038682928 73.86904272007972
11.976533869686286 4.361011789081989 73.86904272008348
12.306549059613708 5.3065490212244875 73.86904272010536
9.61923150626088 1.619231462383711 73.8690427201593
10.08831890397374 2.5245461498969037 73.86904272014523
10.432276773419492 3.4660508724509658 73.86904272014469
10.767500928766788 4.41008156417853 73.86904272014522
11.21350773815924 5.322071632753518 73.8690427201493
8.857760539297669 2.573400477189135 71.74751405591894
9.328402540414665 3.4711635135812653 71.7475140559073
9.671776990041263 4.410899217838907 71.74751405591216
10.003705895226414 5.354409646162609 71.74751405592352
8.500000046620315 1.500000008229116 89.99999999970619
8.109869619660655 3.493140087890394 69.18778425758825
8.582020058042389 4.383476591316212 69.18778425759207
8.92629771906709 5.331817319794215 70.21632221069503
7.374587655105336 4.375717558312113 59.973251182588754
7.870637206776448 5.351457184762461 70.21632221086436
7.500000041144155 2.500000013718246 89.99999999926905
6.503244555420859 3.504636191641459 0.029007835162204
5.771069530249662 5.779401626111205 44.144108792166264
4.442525988678536 7.277074176779531 44.14410879214518
8.42578049178417 7.425780486095745 89.9999999968486
9.425780497302908 7.425780486348794 89.9999999998146
7.322441646345303 7.32381903417447 88.25897619200256
9.227896994579053 6.2860569315849535 70.21632221079282
8.166906418939043 6.309177947742242 70.40146075402419
1.5000000082273086 15.425780530225499 1.1696e-11
0.5000000027424454 15.32888763146682 5.82e-12
15.347868694286221 0.5000000027428237 89.99999999998502
15.425780530225321 1.5000000082284073 89.99999999996992
0.5000000027428007 9.500000052105309 5.0505e-11
0.5000000027426124 8.500000046620759 5.3428e-11
1.5000000082313782 8.500000046624606 5.62434e-10
0.5000000027426488 7.5000000411361665 5.1258e-11
1.5000000082305096 7.500000041138788 4.37353e-10
2.5000000137151996 7.500000041144739 4.58883e-10
0.5000000027437812 6.500000035651578 4.9707e-11
1.5000000082360003 6.500000035653947 4.16605e-10
2.5000000137714498 6.500000035659948 4.50827e-10
3.5029003012014854 6.504218751835061 89.9908362700952
0.5000000027462548 5.500000030166988 4.8217e-11
1.500000008264208 5.50000003016912 3.98877e-10
2.5000000137682052 5.500000030175161 4.43275e-10
3.500000019267377 5.502283235578284 89.99999999967493
4.500000024757485 5.500000030202246 89.99999999976167
0.5000000027427145 4.500000024682339 4.4212e-11
1.500000008228298 4.500000024681932 1.18617e-10
2.5000000137133194 4.500000024687408 1.1498e-10
3.5000000191987937 4.500000024694121 5.2424e-11
0.5000000027430334 3.5000000191976923 4.195e-11
1.5000000082307228 3.500000019196248 89.99999999999879
2.5000000137193616 3.5000000192023846 9.1182e-11
6.500000035651357 1.500000008231189 89.99999999972087
5.500000030167124 0.5000000027439837 89.99999999993729
5.500000030172696 2.5000000137241205 89.99999999947065
0.5000000027426612 2.5000000137129312 3.0863e-11
1.500000008228108 2.5000000137114924 89.99999999998842
2.500000013714632 2.500000013714807 89.9999999998015
4.500000024682422 1.5000000082315212 89.99999999973336
4.5000000246857415 2.5000000137183482 89.99999999965232
4.500000024694993 3.5000000192104688 89.99999999956951
4.5000000246851 4.500000024709715 89.99999999989694
0.5000000027422873 1.5000000082279668 7.802e-12
1.5000000082269942 1.5000000082268476 89.99999999998596
2.500000013713122 1.5000000082293967 89.99999999978834
3.5000000191978424 1.500000008230126 89.99999999975282
3.500000019199648 2.50000001371588 89.99999999978242
3.5000000192058387 3.5000000192078087 4.204e-12
0.5000000027423486 0.5000000027426745 1.5448e-11
1.500000008227457 0.5000000027422651 89.99999999999359
2.500000013712839 0.5000000027429827 89.99999999993473
3.500000019197685 0.5000000027431222 89.99999999993167
4.500000024682433 0.5000000027434552 89.99999999993321
5.500000030166909 1.5000000082356282 89.99999999972566
6.500000035651775 0.5000000027430751 89.99999999994257
7.500000041136419 0.5000000027427944 89.99999999994472
8.50000004662104 0.500000002742607 89.99999999994978
9.500000052105653 0.500000002742488 89.99999999995941
3.4257804643994794 15.425780530225186 89.99999999998978
4.4257804698845185 15.425780530225172 89.99999999996143
5.425780475369534 15.425780530225087 89.99999999994785
6.425780480854622 15.425780530224873 89.99999999993757
7.42578048633983 15.42578053022459 89.99999999992782
8.425780491825236 15.42578053022427 89.9999999999148
9.4257804973111 15.425780530225214 89.99999999994533
10.425780502798194 15.425780530225648 89.99999999999508
11.425780508283815 15.425780530225467 89.99999999998212
12.42578051376939 15.425780530225381 89.99999999996425
13.425780519254925 15.425780530225655 89.99999999999423
14.425780524740427 15.42578053022551 89.99999999999346
15.42578053022537 15.425780530225438 89.99999999999483
4.42578046988857 14.425780524739352 89.99999999984249
5.4257804753732355 14.42578052473916 89.99999999982239
6.425780480857832 14.425780524738515 89.99999999981614
7.425780486342438 14.425780524737426 89.99999999981732
8.425780491827101 14.425780524736227 89.99999999982796
9.425780497312447 14.425780524740624 89.99999999991925
10.425780502798023 14.425780524741251 89.99999999998786
11.42578050828343 14.42578052474083 89.99999999996906
12.425780513768665 14.425780524740894 89.99999999994785
13.425780519254346 14.425780524741295 89.99999999998725
14.425780524740578 14.425780524740846 89.9999999999867
15.425780530225524 14.424715961754965 1.4747e-11
11.42578050828386 11.425780508286461 89.99999999989188
5.425780475369214 13.425780519252811 89.9999999996369
6.425780480854785 13.425780519251774 89.9999999996376
7.425780486339948 13.425780519249937 89.9999999996424
8.425780491825202 13.425780519247898 89.99999999969009
9.425780497311845 13.425780519256175 89.9999999999103
11.425780508283543 13.42578051925615 89.99999999995025
12.425780513768977 13.42578051925647 89.99999999994215
13.425780519254328 13.425780519256893 89.99999999997586
14.425780524740995 13.425780519256286 2.625e-12
15.425780530225591 13.42402493908301 8.233e-12
6.42578048086326 12.425780513766245 89.99999999964861
7.425780486347646 12.42578051376326 89.99999999965823
8.425780491832047 12.42578051375876 89.99999999966946
9.425780497318401 12.425780513771745 89.99999999990408
10.425780502803061 12.42578051377221 89.99999999994432
11.425780508287405 12.425780513771414 89.99999999994046
12.425780513771745 12.425780513772075 89.99999999993979
13.425780519256122 12.425780513772331 89.99999999994611
14.42578052474094 12.425780513771777 89.99999999999332
15.425780530225602 12.423398928343545 7.131e-12
7.425780486342686 11.425780508275546 89.99999999980837
6.425780480857154 11.425780508278416 89.99999999988108
8.425780491827796 11.425780508167234 89.9999999998229
9.425780497313163 11.425780508286945 89.99999999986362
10.425780502798496 11.425780508285737 89.99999999993011
10.425780502797451 13.425780519256797 89.99999999997326
12.425780513770452 11.425780508287065 89.99999999986305
13.425780519255376 11.42578050828745 89.99999999988071
14.425780524740995 11.425780508287248 89.99999999999778
15.42578053022562 11.422778922878269 89.99999999999939
7.425780486347804 10.423972988941772 89.9999999998548
8.42578049183228 10.425780502647346 89.9999999998476
9.425780497316822 10.42578050280228 89.99999999983878
10.425780502801569 10.42578050280057 89.99999999986264
11.425780508286232 10.425780502801878 89.99999999985913
12.425780513770675 10.425780502802663 89.99999999985714
13.425780519255191 10.425780502803047 89.9999999998695
14.42578052474084 10.425780502802734 89.99999999999872
15.425780530225559 10.422136228811912 5.837e-12
7.425780486310414 9.422806598074942 89.999999997819
8.42578049181419 9.425780497128429 89.9999999980437
9.425780497314275 9.425780497317643 89.99999999981247
10.425780502799306 9.425780497315817 89.99999999986942
11.425780508285268 9.425780497317314 89.99999999982838
12.425780513769865 9.425780497318085 89.9999999998299
13.425780519254552 9.425780497318554 89.99999999984836
14.425780524740182 9.425780497317948 89.99999999996038
15.425780530225467 9.421447695322588 4.661e-12
7.425780486327738 8.340135902094412 89.99999999807189
8.42578049182355 8.425780491616246 89.99999999924394
9.425780497312976 8.425780491833208 89.99999999981128
10.425780502797796 8.425780491830697 89.9999999998465
11.425780508283303 8.425780491832768 89.99999999979929
12.425780513768526 8.425780491833486 89.99999999979971
13.42578051925377 8.425780491834082 89.9999999998301
14.425780524739569 8.425780491833248 89.99999999993771
15.42578053022536 8.420687937037393 7.453e-12
10.425780502793643 7.425780486342984 89.99999999951724
11.425780508281731 7.42578048634831 89.99999999978031
12.425780513767446 7.425780486348995 89.99999999978218
13.425780519253077 7.42578048634971 89.99999999982278
14.42578052473899 7.425780486348498 89.99999999991736
15.425780530225389 7.419821726129781 2.4571e-11
11.425780508285513 6.42578048086394 89.99999999977157
12.425780513770025 6.425780480864565 89.99999999977172
13.42578051925489 6.4257804808653685 89.99999999981895
14.425780524740002 6.425780480863581 89.99999999989386
15.425780530225612 6.418791424670298 4.22e-12
13.425780519255184 5.425780475381043 89.99999999981681
14.425780524739984 5.42578047537795 89.99999999986608
15.42578053022537 5.417485960555936 89.9999999999691
14.425780524735236 4.425780469891958 89.99999999978515
15.425780530223474 4.4156481515342865 89.99999999988884
15.424201790826395 3.4130865897701863 89.94843048134088
6.4257804808633825 10.425780502793401 89.99999999986329
0.5000000027424516 11.500000063074344 3.5186e-11
0.5000000027434348 10.500000057589837 4.3997e-11
5.42578047537884 12.425780513767975 89.99999999963505
1.500000008232207 9.500000052109622 5.73868e-10
6.425780480811202 9.421259579062362 89.99999999807764
6.425780480844619 8.42125957357202 89.9999999978807
10.50000005759023 0.5000000027424454 89.99999999996605
10.367620549343826 6.425780480857994 89.99999999943196
