237 15.984066834868363
1.5054109467002075 15.48251862975644 0.038448205149024
0.5018342308057484 15.331772316193032 0.019138612954166
15.253400296962049 0.5000001381387129 89.99999999999325
15.484066696729718 1.5000004144160686 89.99999999998647
0.5009568478808983 9.519158439326871 0.085966648842291
0.5012544283491778 8.517375238851633 0.081644352508855
1.50323507796716 8.51698536976081 0.14462398225725
0.5016668935017599 7.515678492063062 0.081208314739386
1.5053111749186074 7.514833240371405 0.135888773847915
2.5094827960721213 7.521382932000668 0.102169838511145
0.5022114872859609 6.514085981531426 0.078741513277965
1.5066370487111884 6.512971931422479 0.159675526310107
2.511306892156358 6.517585017955751 0.079906163797716
3.515295377746874 6.518911036497103 0.006699021907082
0.5031116596165086 5.512598034978911 0.074520013424674
2.4913861660095478 5.513338340519404 0.037993763557921
3.494212790375542 5.514658861810801 0.010800263644533
4.497138039639852 5.511363644987906 89.95671280458849
0.5000001381385166 4.51035359962079 5.37e-12
1.5000004144155046 4.5109034083164605 1.0739e-11
2.5000006906924916 4.511036514352178 1.6005e-11
3.5000009669694796 4.510401185934017 2.1349e-11
4.500001243246468 4.510152665674198 2.6699e-11
0.5012284939355922 3.5085082270286776 89.97756207878743
1.5036276308738534 3.5086956442202277 89.96915404928345
2.505335785895732 3.508559645829701 89.97491659852369
3.5071552940714428 3.508200212930805 0.017776186064438
4.509081593444364 3.508652310363993 0.015605357413151
5.511877433922601 3.5097639033305006 89.9525373565207
0.5000001381386072 2.5064247398848343 89.99999999999936
1.5000004144158199 2.5062764072004873 89.99999999999872
2.5000006906930325 2.5062840767947288 89.9999999999981
3.500000966970245 2.50621367143631 89.99999999999743
4.500001243247457 2.506424977732329 89.99999999999679
5.50000151952467 2.5065067607720026 89.99999999999609
6.500001795801881 2.500000690692513 89.99999999999547
0.5000001381412016 1.5035154811804574 3.04012e-10
1.5000004144210335 1.503502577381834 6.08585e-10
2.5000006907008947 1.5034473974371503 9.14274e-10
3.500000966980764 1.503482955080366 1.220659e-09
4.500001243261185 1.503702930205824 1.526485e-09
5.500001519540713 1.5039600103495951 1.799477e-09
6.50000179584883 1.500000414415509 89.99999999999702
7.500002072145631 1.5000004144174257 89.99999999993358
0.5000001381418544 0.5008313441023189 8.0742e-11
1.5000004144254167 0.5006700708511129 1.61471e-10
2.5000006907089274 0.5006720426187483 2.40194e-10
3.500000966992425 0.5006925159015916 3.17044e-10
4.500001243276073 0.5007241548823265 3.92017e-10
5.5000015195591425 0.5013043835675299 4.65119e-10
6.500001795848185 0.5000001381385051 89.99999999999854
7.50000207214385 0.5000001381392227 89.99999999996014
8.500002348438084 0.5000001381384687 89.99999999999997
9.50000262472448 0.5000001381410213 89.99999999974574
3.4427462619838254 15.482098497033187 0.047865117007449
4.446141881388834 15.482007421967165 0.033954177302748
5.450326541939165 15.483416683524563 0.01537735323511
6.455036961942345 15.484066696729828 89.99999999999292
7.4594763886261095 15.484066696729814 7.601e-12
8.463353634255986 15.483170092588097 89.97364593531763
9.46696814334987 15.484066696729887 89.999999999999
10.470398687724183 15.484066696729684 89.99999999997624
11.473155899928466 15.484066696729412 89.9999999999988
12.475788873000036 15.48406669672988 89.99999999999888
13.478358038703822 15.48406669672987 89.9999999999989
14.480880248995952 15.484066696729135 89.99999999999983
15.483300610126456 15.484066696720372 1.84244e-10
4.448050206243268 14.477933821375514 0.066791141406838
5.451291915833907 14.482106872055292 0.032811868603318
6.455459611949717 14.484066420452816 89.9999999999857
7.459492733596544 14.48406642045277 1.5262e-11
8.463150653563499 14.481486373042145 89.96329559870956
9.46638428240387 14.484066420452944 89.999999999998
10.469862063882827 14.484066420452528 89.99999999995258
11.472911620829024 14.484066420451512 89.99999999999754
12.475654279104852 14.484066420452919 89.99999999999778
13.47828603388688 14.48406642045289 89.99999999999785
14.48085556620737 14.484066420450677 89.99999999999955
15.483449320964741 14.484066420424806 3.53353e-10
11.471940669294254 11.484065591617814 89.99999999999432
5.452706384649634 13.480796022666627 0.050842908542221
6.455795387352904 13.484066144175802 89.99999999997844
7.45990119962686 13.484066144175726 2.2996e-11
8.463344441345127 13.479822341843352 89.95901190973017
9.466079432744284 13.484066144175998 89.99999999999699
11.4725602932829 13.484066144173612 89.99999999999635
12.4754431868276 13.48406614417596 89.99999999999673
13.478167230930259 13.48406614417591 89.99999999999676
14.480821377275673 13.484066144172221 89.99999999999926
15.483437874119847 13.484066144129283 5.11264e-10
6.456632719571932 12.484065867898785 89.99999999997104
7.460295004574323 12.484065867898682 3.0667e-11
8.463035175974477 12.478249483481383 89.96568874011747
9.46579653357641 12.484065867899051 89.99999999999599
10.469102999300189 12.48406586789828 89.99999999991292
11.472246724484155 12.484065867895712 89.99999999999531
12.475203621047564 12.484065867899002 89.99999999999565
13.478019251425714 12.48406586789893 89.99999999999564
14.480743068840777 12.484065867893761 89.99999999999905
15.483421250066108 12.484065867833785 6.60364e-10
7.459857410467881 11.484065591621638 3.8349e-11
6.457681165116769 11.484065591621771 89.99999999996342
8.462469253792543 11.476656788334196 89.97007449737457
9.465384139898095 11.484065591622109 89.99999999999498
10.468737870879668 11.484065591621178 89.99999999989484
10.469446428769093 13.484066144175396 89.99999999993192
12.474971290289215 11.484065591622041 89.99999999999459
13.477863603361467 11.48406559162195 89.99999999999454
14.480659204979217 11.484065591615307 89.99999999999882
15.483400873803031 11.484065591538302 8.02231e-10
7.459120765569906 10.484065315344594 4.6128e-11
8.461305360021804 10.474862151544484 89.97664519863682
9.464756880707508 10.484065315345166 89.99999999999405
10.468283353987545 10.484065315344079 89.9999999998774
11.471621211235478 10.484065315339912 89.9999999999934
12.47475629351386 10.484065315345081 89.9999999999935
13.477724466694912 10.484065315344974 89.99999999999343
14.480587700646252 10.48406531533685 89.99999999999862
15.48338257242323 10.48406531524282 9.3813e-10
7.454955353765125 9.48406503906755 5.4382e-11
8.458874735521952 9.47262256221137 89.98976445274097
9.463863912733226 9.484065039068222 89.99999999999307
10.467797247589978 9.484065039066985 89.99999999986088
11.471344742616589 9.484065039062012 89.99999999999258
12.474593345376615 9.484065039068124 89.99999999999245
13.47764486630846 9.484065039067994 89.99999999999233
14.480537892591627 9.484065039058393 89.99999999999847
15.483379225456517 9.484065038947332 1.068869e-09
7.45357194185255 8.4840647627905 6.2856e-11
8.457846920913763 8.469404501414887 89.96201843215403
9.463022255594154 8.484064762791279 89.99999999999208
10.467594379817236 8.484064762789897 89.99999999984514
11.471277730380478 8.484064762784113 89.99999999999184
12.47456319947035 8.484064762791164 89.9999999999914
13.477614503760702 8.484064762791014 89.99999999999127
14.4806245610925 8.484064762779937 89.99999999999828
15.483367528064829 8.484064762651824 1.194408e-09
8.458855674583418 7.463832136129691 89.99721696801944
9.463922367981187 7.484064486514334 89.99999999999119
10.468006949018408 7.484064486512811 89.9999999998295
11.471560334540847 7.484064486506211 89.99999999999112
12.474748439079779 7.484064486514204 89.9999999999903
13.477672961739147 7.4840644865140336 89.99999999999021
14.480454457576894 7.484064486501479 89.9999999999981
15.484066696718406 7.484064486356326 1.316057e-09
11.484065591622013 6.484064210228309 89.99999999998902
12.48406586789896 6.484064210237241 89.99999999998913
13.484066144175973 6.484064210221431 89.99999999999736
14.484066420452926 6.484064210221609 89.99999999999832
15.484066696729883 6.4840642100531625 89.99999999999913
13.484066144175829 5.48406393394183 89.99999999999
14.48406642045284 5.484063933738927 89.99999999999332
15.48406669672985 5.484063933740046 89.99999999999662
14.48406641809957 4.484063656690376 89.99999995317836
15.484066696000664 4.484063657429799 89.99999999927057
15.484066696708368 3.4840633811363304 89.99999999890892
6.450928485734838 10.484065315344754 89.99999999995578
7.450358732818482 7.484064486513444 7.1748e-11
4.807531255326681 6.5119219993262405 89.9823163590186
6.442140464008003 7.484064486513751 89.99999999993784
0.657670619063115 13.834577910145725 23.253915912844885
1.5824597860802054 14.223551497433721 23.353682181671573
2.5247649900598423 14.70100937477074 29.759738902225862
0.6574759247153592 12.743389021950598 23.195640451484692
1.5826178805637197 13.130171817934002 23.29631059940295
2.5048557971532386 13.524155262147541 23.412055797614954
3.397283965216478 13.98663711689374 23.51436420002155
0.5016177852571442 11.585468878837103 0.138007721925391
1.5641498889867353 12.016198090391267 20.887007791833945
2.488548886919232 12.404863095728237 20.952101080959306
3.413959146755775 12.790609859947637 20.99424226922687
4.3050299086423225 13.266453205046753 21.09387890091233
0.5011184977357948 10.52106354462707 0.066342578219562
1.636786633720014 10.816417521706523 23.563143556510994
2.516381211935931 11.30538736050621 23.515869604508076
3.437981924524613 11.69817430635435 23.46805549577977
4.366147000733017 12.076244058247095 23.404219745889428
5.4541573262418295 12.479276589796768 0.074437652302876
1.6446448727469374 9.711266479039722 20.579719732388416
2.566828866443201 10.102503277496568 20.600004581254844
3.466320830555028 10.563267144026817 20.2003596771823
4.382017897102312 10.978207808068912 19.96740494750351
5.316948540878374 11.338523440503398 19.836623802045956
2.559105309314395 8.988953332755322 23.03756724275167
3.4808710108479133 9.380962491670548 23.025234827900665
4.384861813157086 9.81586431475377 22.952541458685605
5.294791252118614 10.237928676980218 22.842621325050445
3.4465662003550364 8.27769735787743 23.07995302404652
4.371162352579713 8.670466402592073 22.966135975030987
5.2804643019763144 9.10104142063378 22.979964104244623
4.3361704206547245 7.567840977386079 22.975973504408376
5.269033205972994 7.951277148007345 22.98258093451752
6.451248466097486 9.48406503906775 89.99999999994952
6.445310776775937 8.484064762790746 89.99999999994327
6.305061037152853 4.4312034742158435 66.53123840237045
6.6391613978041635 5.413130657374824 70.52409461021968
7.011274202818193 6.344599145346182 70.56441641084788
5.500001519523346 5.4840639339604955 89.99999999998239
13.900754297124024 0.6748866122165484 64.3113338649857
14.312671262601476 1.5957203719214794 64.37830890667097
14.686783729520183 2.5683228072724713 66.3923010532534
12.752600294428357 0.654796072325901 67.1771446178914
13.18089501697771 1.5594985187143173 67.1771446166013
13.55945270439899 2.485131826815974 67.17714461554743
13.976013762208135 3.43876122236807 65.61991143224515
11.597750180359654 0.500000138138474 9e-15
11.839338308876354 1.500000414415422 4.54e-13
12.47467338988484 2.485518472524218 67.17714461553096
12.865763551336087 3.412309206776907 66.49376036214063
13.271959126143486 4.326130814151776 66.49376036215195
10.5976523046179 0.5027498324701947 89.99998406835232
10.839338032588977 1.5078109471971883 89.99999999911796
11.208247262967214 2.5933125013117637 77.95800115963472
11.726933880872707 3.5051651947348956 77.95800115963397
12.12587759991698 4.4425618849846105 77.95800115963442
12.484065867898824 5.4840639339602815 89.99999999998742
9.726941458080722 1.5908340025394905 74.99613771678969
10.038252034701017 2.6094613199285908 67.0266910812019
10.426490378166324 3.531023341040873 67.02669108096897
10.93017952548885 4.405843604841415 66.72040859099373
11.322203471099767 5.328447609154839 67.00036983340736
8.818959129138142 2.5000006906923407 89.99999999999991
9.340638028419274 3.532800048289822 67.33289127159402
9.732370051218181 4.455775512684073 67.02669108096029
10.235647977679712 5.328569365245608 67.0266910809611
8.500002348441297 1.5000004144154042 89.99999999999996
8.23040851847096 3.5738407362792435 80.75412118248221
8.562756885163681 4.532902292053789 80.75412118248207
8.967157588605996 5.480234685839247 80.75412118248204
7.407106327254013 4.4585253371547635 66.53123840237038
7.734027470991833 5.406770964495083 66.53123840237443
7.818958852860675 2.5000006906953285 89.9999999999725
7.008857198542332 3.541247737738927 66.5312384023714
10.484065315345067 6.480598242239872 89.999999999989
9.484065039068124 6.484064210237375 89.99999999998899
8.127088708644592 6.326300984308537 66.53123840237674
5.809214117647063 6.48406421023748 89.99999999993834
