237 15.930450350239076
1.5000000499807769 15.430450333580499 2.14137e-10
0.5000000166610716 15.225173856828832 2.55069e-10
15.351903575084842 0.5000000166554424 89.99999999998391
15.430450333583956 1.5000000499662578 89.99999999996784
0.5000000166557985 9.500000316578193 8.6085e-11
0.5000000166579346 8.50000028325924 89.99999999989929
1.500000049973747 8.278910596418317 89.99999999946607
0.5000000166559548 7.5000002499405065 3.8416e-11
1.5000000499705255 7.278910563064851 1.80163e-10
2.5000000832830143 7.553358803299263 89.99999999997736
0.5000000166564051 6.50000021662203 89.99999999998748
1.5000000499773494 6.2789105297145 89.99999999874734
2.500000083314621 6.55335876996993 89.99999999795595
3.500000116637432 6.553358770028312 89.9999999978413
0.500000016655898 5.500000183303499 6.3849e-11
2.4868948537302282 5.526679459972483 86.85490179756194
3.4884033640182714 5.526679460014827 86.8549017974374
4.48991187430275 5.526679459947179 86.8549017970374
0.5000000166608523 4.500000149984487 89.99999999986731
1.500000050035875 4.503513445912633 89.99999999669593
2.5000000833788905 4.500000149984636 89.99999999664082
3.5000001167118375 4.5000001500128555 89.99999999630076
4.500000150049388 4.500000149938911 89.99999999737233
0.5000000166570047 3.500000116666037 89.99999999984226
1.500000049974628 3.502013564455119 89.99999999915231
2.500000083287201 3.5000001166493737 89.9999999990177
3.50000011659914 3.5000001166328234 89.99999999899616
4.500000149911635 3.5000001166127523 89.99999999888445
5.500000183226315 3.500000116597545 89.99999999914273
0.5000000166564584 2.5000000833404066 89.99999999981092
1.5000000499679684 2.5000000833324156 89.99999999960885
2.5000000832789917 2.500000083322277 89.99999999946255
3.5000001165895753 2.5000000833071407 89.99999999936736
4.500000149900147 2.5000000832947453 89.99999999927343
5.500000183210964 2.500000083286613 89.99999999915124
6.500000216527941 2.500000083291342 89.9999999989344
0.5000000166548642 1.5000000499997874 89.99999999998253
1.5000000499644779 1.5000000499960908 89.99999999996524
2.500000083274087 1.500000049989323 89.99999999994824
3.500000116583691 1.5000000499819839 89.999999999932
4.500000149893282 1.5000000499752293 89.99999999991743
5.500000183202851 1.5000000499693202 89.99999999990528
6.5000002165123965 1.500000049971761 89.99999999989622
7.5000002498218565 1.5000000499656228 89.99999999989504
0.5000000166547931 0.5000000166614917 89.99999999999847
1.5000000499643793 0.5000000166590484 89.99999999999696
2.5000000832739637 0.5000000166581211 89.99999999999508
3.500000116583551 0.5000000166570864 89.99999999999287
4.500000149893138 0.5000000166560907 89.99999999999031
5.500000183202726 0.5000000166557337 89.99999999998741
6.500000216512315 0.5000000166553109 89.99999999998394
7.500000249821916 0.5000000166550098 89.9999999999783
8.500000283131516 0.5000000166549237 89.99999999997272
9.500000316441069 0.5000000166549405 89.99999999997162
3.4304499335744234 15.430450333564732 1.269817e-09
4.430449966904487 15.43045033357319 1.141725e-09
5.430450000247792 15.430450333582609 89.99999999996696
6.430450033587351 15.430450333583941 3.495e-12
7.43045006694837 15.430450333573447 5.45369e-10
8.430450100287452 15.430450333584208 89.99999999999429
9.430450133642365 15.430450333584105 3.3112e-11
10.430450166983011 15.430450333582847 1.66295e-10
11.430450200298838 15.430450333583916 89.99999999994934
12.4304502336152 15.430450333583924 89.99999999994792
13.430450266934601 15.43045033358424 89.99999999998383
14.430450300263304 15.43045033358414 89.99999999998657
15.430450333582161 15.430450333584343 89.99999999999874
4.430449966925368 14.430450300225587 5.121376e-09
5.430450000290454 14.43045030026973 89.99999999993535
6.430450033620262 14.430450300273494 1.2751e-11
7.430450066973275 14.430450300245804 2.94904e-10
8.43045010030474 14.430450300274485 89.9999999999893
9.430450133670965 14.430450300274446 6.4819e-11
10.430450166993216 14.430450300272579 2.34436e-10
11.430450200313826 14.43045030027394 89.99999999990096
12.430450233631749 14.430450300273712 89.9999999998586
13.43045026694701 14.430450300274664 89.99999999996598
14.430450300264255 14.430450300274309 89.99999999997046
15.430450333582879 14.430450300274881 89.9999999999969
11.430450200312245 11.43045020034499 89.99999999986387
5.430450000089518 13.430450266957436 7.2278e-11
6.4304500336259505 13.430450266963044 2.229e-11
7.430450067047747 13.430450266924698 5.0999e-11
8.4304501003593 13.430450266964765 89.99999999998543
9.430450133676663 13.430450266964884 8.5693e-11
11.430450200312405 13.430450266964298 89.99999999988964
12.430450233630324 13.430450266964051 89.99999999983186
13.4304502669478 13.430450266965057 89.99999999994441
14.430450300265301 13.430450266964476 89.99999999995401
15.430450333582964 13.43045026696542 89.99999999999463
6.430450033738238 12.43045023365207 8.6219e-11
7.430450067051157 12.4304502336066 9.4431e-11
8.43045010036383 12.43045023365503 89.99999999997924
9.430450133680763 12.430450233655343 1.04302e-10
10.430450166995723 12.430450233652731 3.27987e-10
11.430450200312654 12.430450233654657 89.99999999987881
12.430450233630228 12.430450233654437 89.99999999981043
13.430450266947316 12.43045023365545 89.99999999992303
14.430450300265397 12.430450233654664 89.99999999994114
15.430450333582996 12.43045023365596 89.99999999999204
7.430450067049851 11.430450200287808 89.99999999970501
6.43045003373835 11.43045020033913 89.99999999979124
8.430450100364464 11.430450200345293 89.99999999997469
9.43045013368019 11.430450200345822 1.20118e-10
10.430450166994504 11.430450200342692 3.8871e-10
10.43045016699425 13.430450266962625 2.84913e-10
12.430450233627521 11.430450200344842 89.99999999979173
13.43045026694738 11.43045020034585 89.99999999990234
14.430450300265266 11.430450200344842 89.99999999992657
15.430450333582968 11.430450200346495 89.99999999998904
7.4211044615579835 10.430450165786088 89.99999986067444
8.430450100359026 10.430450167035566 89.99999999997964
9.430450133678328 10.430450167036316 1.34292e-10
10.43045016699332 10.430450167032754 4.38121e-10
11.430450200314153 10.430450167035284 89.999999999844
12.430450233629788 10.430450167035291 89.99999999977827
13.43045026694694 10.430450167036238 89.99999999988019
14.430450300264908 10.430450167035008 89.99999999990995
15.430450333582893 10.43045016703703 89.99999999998568
7.423937642631236 9.430450132399052 89.99999985310441
8.425380773325106 9.430450133725817 89.99999999998947
9.430450133676608 9.430450133726808 1.48645e-10
10.430450166991442 9.430450133722884 4.80481e-10
11.43045020031059 9.430450133725643 89.99999999983052
12.430450233628257 9.43045013372575 89.99999999976576
13.430450266945531 9.430450133726618 89.99999999985694
14.43045030026403 9.430450133725158 89.99999999989117
15.430450333582744 9.430450133727563 89.99999999998192
7.4304500670270235 8.43045009445353 89.99999999682802
8.430450100364986 8.430450100416063 89.9999999999998
9.430450133677171 8.430450100417325 1.59486e-10
10.430450166991369 8.430450100412994 5.2566e-10
11.430450200308826 8.430450100415978 89.99999999981387
12.43045023362366 8.43045010041622 89.99999999975522
13.43045026694262 8.430450100417 89.99999999983392
14.430450300262384 8.430450100415294 89.99999999987054
15.430450333582446 8.430450100418092 89.99999999997775
8.421655769558225 7.421807765848472 89.00090397178751
9.430311408443906 7.43045006710784 1.70769e-10
10.43033153758538 7.430450067096375 4.23071e-10
11.430361622745629 7.430450067106228 89.9999999997872
12.430450233618664 7.430450067106706 89.99999999974632
13.430450266938157 7.430450067107389 89.99999999981218
14.430450300258409 7.430450067105419 89.99999999984854
15.430450333581273 7.4304500671086195 89.99999999997311
11.430450200343213 6.430450033796559 89.99999999975816
12.430450233653005 6.430450033797209 89.99999999974006
13.430450266963073 6.430450033797767 89.99999999978917
14.430450300273021 6.430450033795375 89.99999999982079
15.430450333583998 6.430450033799142 89.99999999996835
13.430450266963497 5.4304500004882925 89.99999999978287
14.430450300273131 5.430450000485127 89.99999999979974
15.430450333584051 5.430450000489667 89.9999999999645
14.430450300270941 4.430449967174228 89.99999999968766
15.430450333583728 4.430449967180195 89.99999999996133
15.430450333583956 3.430449933870725 89.99999999995859
6.420318084948603 10.43045016701405 89.99999999806955
7.413013437531003 7.427889855495182 89.9999997069003
4.982161957751173 6.503504999727186 87.12613985605776
6.4130134017033935 7.430450067069133 89.99999999642519
0.6766441241271002 13.823527606928716 28.120841595216838
1.5805397025073447 14.253806192692132 28.12084159621781
2.5161860081064917 14.64702945008333 29.34142463568494
0.6554954293698323 12.66455959828059 22.973499991549804
1.5530341747344147 13.109465493021766 22.973499992082427
2.4786694981789417 13.488094791536788 22.97349999212771
3.3825669618795002 13.933920530486828 23.77198936083497
0.5000000166552123 11.500000383215166 89.99999999996467
1.5579551422239248 11.945318474163066 21.295162206645493
2.457488873359738 12.391070101363152 21.295162206724605
3.39154394309665 12.748256978923607 21.295162206711797
4.283002733718302 13.214724925804301 21.295162206655597
0.5026317254240018 10.500000349896682 2.5483e-11
1.6373866532190835 10.744475586514382 19.342807552843173
2.5262497333970195 11.231493915478897 19.342807552864304
3.429139615258368 11.678553724738487 19.342807552842746
4.364693955326341 12.032561401500237 19.342807552793033
5.430450000427799 12.430450233646503 8.6989e-11
1.648666860675827 9.583127113963247 21.542182434689344
2.5547463784323297 10.011281762164607 21.542182434713926
3.438400539596988 10.496243811937571 21.54218243460251
4.337593197412868 10.94184410058945 21.542182434125202
5.290309328274143 11.29030952818388 19.863126101879462
2.527256254582926 8.857479364625965 28.765581395814838
3.4602586628843266 9.297886546419509 25.005640381756017
4.338635697838572 9.78038719908936 25.005640382202984
5.282306741082297 10.224162120049016 19.86312610182592
3.4813199212777235 8.204281486592256 25.00564038124306
4.38758613059776 8.626988980419405 25.005640381158173
5.265963165516451 9.10948963308703 25.005640380913754
4.3422603241512725 7.502419164284279 25.00564038122286
5.248526533488958 7.925126658096736 25.005640380901294
6.422922605546048 9.430450133692537 89.99999999681101
6.430450033713627 8.430450100378668 89.99999999646795
6.254926598729945 4.430212545403676 60.310563349090636
6.710073720639686 5.323255613932114 60.467209813462354
7.168792234397521 6.276492095612731 67.35633438499443
5.501939508155386 5.459659464891246 85.2060049503319
13.906884760427793 0.6449753373430589 69.19822163124415
14.271690440852097 1.576116508025014 69.19822163124213
14.594371597834215 2.5232607802790588 69.19822163123969
12.723334334391787 0.644975337343026 69.19822163127719
13.177934835610587 1.5420034661297137 69.19822163124819
13.510285683466627 2.485474223931207 69.19822163133611
13.84498241263135 3.428053781697006 69.19822163134593
11.624201472215942 0.6242011058105419 73.02366141621944
11.968496780205086 1.564654791351523 73.02366141620325
12.42641694363563 2.4704211755542236 73.02366141619646
12.758982025203192 3.4144558548572483 73.02366141619977
13.066229631082072 4.366219432078124 73.0236614162051
10.500000349750595 0.500000016654945 89.99999999997189
10.852752489164502 1.5677316781060266 73.02366141617938
11.209789655414623 2.5042955397814124 73.0236614161718
11.667709818846586 3.410061923983589 73.02366141616872
12.000274900413295 4.354096603286914 73.02366141617638
12.306249144498633 5.306248911333865 73.02366141619652
9.624201405595489 1.6242011391190534 73.02366141637877
10.094199170037747 2.526280483322771 73.0236614163626
10.456375792901435 3.4612753759471335 73.02366141635903
10.914295956334756 4.3670417601494655 73.02366141635972
11.246861037900677 5.3110764394532115 73.02366141637366
8.860036900597114 2.562506957704291 73.57982470944805
9.324915109411075 3.4680276931552028 73.5798247094442
9.692974378076055 4.402080841539336 73.57982470944312
10.151400054470454 5.309503129620282 73.57982470944557
8.500000283131326 1.5000000499649868 89.99999999989545
8.13189571200883 3.547556445519099 67.35633446919526
8.58432449373409 4.442344848055646 67.35633446920224
8.957728419645129 5.370098812856909 67.35633446920924
7.425103516883193 4.44943747626194 66.89761233447187
7.866869372500368 5.3525080912890415 67.35633446686543
7.676614314696643 2.653958023241133 67.35633446920164
6.970048770627898 3.556370368627743 66.89761233427134
10.413162936376603 6.430450033780212 1.17307e-10
9.413162903065743 6.430450033798377 1.74394e-10
8.251868179613108 6.275425195690379 67.35633446693268
5.995349707719995 6.421789420736387 85.20600495030084
