237 15.968869363909551
1.5000004757294656 15.468869205333064 2.51e-13
0.5000001585764888 15.297905587509856 9.8e-14
15.349247556482332 0.5000001585765377 89.99999999999899
15.468869205333029 1.5000004757296077 89.99999999999798
0.5000001585765128 9.500003012953293 1.4e-14
0.5000001585765101 8.500002695800317 5.7e-14
1.500000475729541 8.500002695800942 1.85e-13
0.5000001585765537 7.500002378647341 1.14e-13
1.500000475729765 7.50000237864785 89.99999999999183
2.5000007928829424 7.652446631405758 89.99999999998809
0.5000001585765617 6.500002061494366 2.34e-13
1.5000004757298102 6.500002061494797 89.99999999998877
2.500000792883048 6.652446314252451 89.9999999999782
3.5000011100362043 6.744797431581347 89.99999999997449
0.5000001585766132 5.5000017443413896 2.98e-13
1.500000475729899 5.500001744341747 89.99999999998836
2.500000792883185 5.6524459970991625 89.99999999997114
3.5021043953871382 5.744797114427602 89.99999999990374
4.832459077143093 6.0673434221244955 65.07981492822401
0.5004933510144562 4.5000014271884154 4.41e-13
1.5870831415422542 4.500001427188646 89.99999999999291
4.502836278321732 5.117827332308023 65.07981492822331
5.4182621386434935 4.493157932015231 70.72070808515977
6.149012537662078 3.5510399831411723 70.8161289179524
0.5004933143131778 3.5000011100354396 6.25e-13
1.5014760871738737 3.5000011100355684 89.99999999999739
3.2856787051179266 4.5806712655248045 65.07981492821352
4.192574618400498 4.159315798141625 65.07981492822262
5.003605554322304 3.531627314853834 65.07981492821686
5.741565813439635 2.6340029132050624 70.81612891795304
0.5000001585764942 2.500000792882455 2.98e-13
1.5000004757294931 2.5000007928824814 1.904e-12
2.66660211725205 3.7656391155758273 65.07981492821793
3.5745069428124374 3.3438149004148077 65.0798149282225
4.38776623197281 2.71299319955408 64.70145201104224
4.519601278482968 1.5455158555415878 84.82700140531918
6.875076598537905 2.598578974723484 70.35628684175823
0.5000001585765546 1.5000004757294683 89.99999999999969
1.5000004757298298 1.5000004757294878 1.094e-12
2.6641263246328837 2.664126324632859 65.07981492822236
2.5000007928830694 1.500000475729574 89.99999999998704
3.5430462467398653 1.8496625802154156 84.82700140545415
5.523467617981064 1.5430456124342689 84.82700140528358
6.532201957343439 1.5450389242277236 84.57415033503192
7.623183356245527 1.6151835282127802 74.54134138400765
0.5000001585765546 0.5000001585764888 89.99999999999986
1.50000047572978 0.5000001585764942 3.16e-13
2.5000007928829397 0.5000001585765723 89.99999999999012
3.500001110036009 0.5006322416009379 89.99999999998668
4.500001427189039 0.500780212309702 89.99999999998751
5.500001744342068 0.5000001585765981 89.9999999999884
6.500002061495099 0.500000158576638 89.99999999998964
7.5000023786481345 0.5000001585766451 89.99999999999152
8.500002695801177 0.5007918516384695 89.99999999999432
9.500003012954217 0.5000001585765874 89.99999999999709
3.4688653994786653 15.468869205332545 1.6825e-11
4.468865716632129 15.468869205321091 4.448e-12
5.468866033785645 15.468869205332968 2.302e-12
6.46886635093925 15.468869205332993 89.9999999999947
7.468866668092927 15.468869205332954 89.99999999998965
8.468866985246693 15.46886920533299 89.9999999999955
9.468867302400557 15.468869205332997 89.99999999999609
10.468867619554556 15.46886920533301 89.99999999999714
11.468867936708733 15.468869205333029 89.9999999999982
12.46886825386317 15.468869205333036 89.99999999999835
13.468868571018032 15.468869205333032 89.99999999999791
14.468868888173784 15.468869205333018 89.99999999999669
15.468869205332172 15.468869205332968 89.9999999999961
4.468865716624229 14.468868888142499 5.07768e-10
5.4688660337877195 14.468868888179802 5.272e-12
6.4688663509428155 14.46886888817989 89.99999999999295
7.468866668097372 14.468868888179854 89.99999999998656
8.468866985251701 14.468868888179834 89.99999999998799
9.468867302405906 14.46886888817985 89.99999999998934
10.468867619560042 14.468868888179903 89.99999999999272
11.468867936714137 14.46886888817997 89.99999999999548
12.468868253868221 14.468868888179989 89.99999999999525
13.468868571022327 14.46886888817997 89.99999999999322
14.468868888176495 14.468868888179882 89.99999999998747
15.468869205332144 14.4688688881798 89.99999999998994
11.468867936721182 11.468867936720658 89.99999999999903
5.468866033803192 13.468868571026714 7.958e-12
6.468866350956186 13.468868571026697 6.139e-12
7.468866668109174 13.468868571026622 5.116e-12
8.46886698526216 13.468868571026608 4.363e-12
9.468867302415145 13.468868571026643 3.823e-12
11.468867936721116 13.468868571026885 2.43e-12
12.468868253874108 13.46886857102692 1.023e-12
13.468868571027095 13.468868571026881 2.25e-13
14.468868888180078 13.468868571026558 1.14e-13
15.46886920533306 13.46886857102649 2.8e-14
6.4661944025035805 12.468868253873465 89.99999999998809
7.466599138241978 12.468868253873495 1.236e-12
8.466906943632017 12.468868253873346 89.99999999998681
9.467163256238146 12.46886825387339 89.99999999999613
10.46739009679853 12.46886825387356 9.09e-13
11.467600914098309 12.468868253873724 7.96e-13
12.46780649699426 12.468868253873884 2.42e-13
13.468019555617516 12.468868253873577 89.99999999996679
14.468265740911773 12.468868253873227 89.9999999999902
15.468668546716788 12.468868253873195 89.99999999999217
7.4688666681092934 11.468867936720377 89.99999999999748
6.46886635095632 11.46886793672018 89.9999999999969
8.468866985262267 11.468867936720017 89.99999999999793
9.468867302415237 11.468867936720228 89.99999999999831
10.46886761956821 11.468867936720454 89.99999999999869
10.468867619568131 13.46886857102676 3.212e-12
12.468868253874154 11.468867936720875 89.9999999999993
13.468868571027123 11.468867936719803 89.99999999999949
14.468868888180095 11.468867936719883 89.9999999999997
15.468869205333064 11.468867936719935 89.99999999999987
7.468866668108745 10.468867619566977 4.0447e-11
8.468866985261755 10.468867619566492 3.8781e-11
9.468867302414765 10.468867619566797 3.6891e-11
10.468867619567778 10.468867619567082 3.5044e-11
11.468867936720788 10.46886761956733 3.3263e-11
12.468868253873806 10.468867619567616 3.1069e-11
13.468868571026846 10.4688676195662 2.5729e-11
14.468868888179902 10.468867619566282 1.8838e-11
15.468869205332961 10.468867619566474 1.1113e-11
7.467818945857724 9.46886730241393 3.9691e-11
8.468866985260997 9.468867302413148 4.4494e-11
9.468867302414122 9.468867302413644 3.9222e-11
10.468867619567241 9.46886730241399 3.7645e-11
11.46886793672038 9.468867302414237 3.9421e-11
12.468868253873492 9.468867302414575 3.7841e-11
13.468868571026611 9.468867302412841 3.1959e-11
14.468868888179914 9.468867302412916 3.958e-12
15.468869205333004 9.468867302412944 1.776e-12
7.468866668108679 8.468866985260846 4.4295e-11
8.46886698526169 8.468866985259725 4.3855e-11
9.468867302414694 8.468866985260112 4.3471e-11
10.468867619567698 8.468866985260792 4.3201e-11
11.468867936720704 8.468866985261167 4.2279e-11
12.468868253873719 8.46886698526157 4.0544e-11
13.468868571026803 8.468866985259433 3.0227e-11
14.468868888179893 8.468866985259154 1.9458e-11
15.468869205332965 8.468866985259472 1.0573e-11
8.468866985261803 7.468866668106534 4.5787e-11
9.468867302414784 7.468866668106906 4.5489e-11
10.468867619567773 7.468866668107588 4.4935e-11
11.468867936720757 7.468866668108095 4.4182e-11
12.46886825387375 7.4688666681085705 4.2899e-11
13.46886857102675 7.468866668106232 4.0705e-11
14.468868888179768 7.468866668105605 3.6195e-11
15.468869205332858 7.468866668105943 2.3476e-11
11.468867936718953 6.468866350955003 4.7137e-11
12.468868253872232 6.468866350955576 4.4665e-11
13.468868571025673 6.4688663509528785 6.8624e-11
14.468868888179015 6.468866350951992 7.1893e-11
15.468869205332766 6.468866350952677 1.9e-11
13.468868571022295 5.46886603379958 9.0749e-11
14.468868888176482 5.467726120191918 6.348e-11
15.468869205331902 5.468866033799502 1.3273e-11
14.46814439509147 4.466872809543483 89.99656037969152
15.468869205331966 4.468865716646382 6.963e-12
15.468869205332965 3.468865399493273 2.245e-12
6.46886635095567 10.46886761956659 5.0093e-11
7.46886666810882 7.468866668107771 4.6015e-11
5.304740502052687 6.950578491541638 65.07981492822451
6.468866350955837 7.468866668095659 4.6313e-11
0.6606823056567874 13.897369870439405 23.92014643578054
1.585080299159391 14.282952556835319 23.919127365952793
2.5541604996629 14.674577440903285 24.861224555618882
0.6608867404538703 12.760035395442099 24.169207344078927
1.5800723350947 13.154215539403474 24.16920734473554
2.499675798689913 13.54746453583368 24.16920734697892
3.415174142266987 13.971301425338968 25.190130743827982
0.5000001585764977 11.59914849640339 1.201e-12
1.5712456743258736 12.047442988828973 24.16920734697258
2.488335651934026 12.44629279580386 24.169207346973522
3.400676231757056 12.855725697163194 24.169207346979643
4.307979134761733 13.276384057952193 24.16920734697952
0.5000001585764853 10.50000333010627 1.46e-13
1.6214177606018776 10.823519726832096 23.430606139755913
2.4841502300323572 11.347631360313109 23.430606139756165
3.3988590623745623 11.751808519004642 23.430606139756225
4.311275453423468 12.16127544229875 23.430606139756204
5.465577397138567 12.468868253873614 2.274e-12
1.6785503539076991 9.678552891134931 28.661068115019077
2.561500429453482 10.148159346726688 28.66106811519077
3.454200703804437 10.679683128479947 24.09058152946396
4.371536084535173 11.084329650576358 23.789820668037237
5.468866033803346 11.46886793672051 89.99999999999638
2.5643983259356036 9.008916407114302 28.55590633006226
3.441811732048544 9.488656127978649 28.555906330063465
4.355777505239312 9.984523553716365 23.789820668036878
5.324465489499488 10.324467075263916 20.688397305446635
3.45926515638668 8.355057295365397 28.88384163991681
4.335756568158694 8.836478978038402 28.8838416399176
5.328386193390864 9.255184498009092 19.92789452539137
4.3259812931273025 7.689012989129311 28.883841639921695
5.468866033802433 8.11470434044489 89.9999999999835
6.466926437467097 9.468867302413322 4.701e-11
6.468866350955681 8.46886698526006 4.3812e-11
6.47962289975388 4.494810055861473 70.81612891795297
6.8962832180242515 5.408641521941378 70.81612891795434
7.284608182351464 6.332331458210539 70.81612891795668
5.738395442947444 5.452884059982564 69.3750326062508
14.296447459223653 1.5874022010102546 63.020215578883
12.848186112802754 0.5000001585770715 89.99999999996902
14.712588716996375 2.5395080477500382 58.57137032335747
13.84818642995602 0.5000001585766567 89.9999999999835
13.377719045078791 2.218190904025807 76.83268160712895
13.994078496216781 3.281502128820393 58.57137032336111
11.500003647260273 0.5000001585765022 89.99999999999822
11.957161642504213 1.523523684353596 76.83268160721532
12.404009741100204 2.445986478014002 76.83268160721514
12.852294804608915 3.3681131190924694 76.83268160721627
13.467593861818683 4.468865716646288 1.12338e-10
10.500003330107246 0.5000001585771967 89.99999999999775
10.8697927540709 1.6556764259673278 66.98747056221055
11.24123841269885 2.589168407814493 66.47941028836769
11.731908055671095 3.525924999098917 59.70932369143574
12.466960365979872 4.468865716649603 4.5809e-11
12.468868253868163 5.468866033802588 4.5428e-11
9.783331155905788 1.6556764256884833 66.98747059556378
10.151274009179307 2.590656164001974 66.47941028839583
10.55291493105345 3.5117716451715566 65.91834518264429
11.023314930377657 4.396865034328558 65.9183451825553
11.468867936714384 5.4688660338018895 4.8217e-11
9.058815865326855 2.5918139352709773 68.18157200658572
9.446482897524856 3.5137748630424896 68.18157200653297
9.847031113875367 4.430578877394637 68.18157200653488
10.318851181821667 5.318849596062035 68.18157200654274
8.675751410486207 1.6236340108085523 73.12139190909797
8.349659708092176 3.528244114510576 68.91927581270738
8.737440029291886 4.45048802097331 68.91927581267795
9.138167935498977 5.367740873251991 68.91927581268875
7.6221116395792325 4.455520355627524 70.35628684170749
8.010276821495093 5.378762651787969 70.35628684169791
7.938053153487056 2.601781957075419 70.37088038410516
7.209291416022951 3.5410785242695564 70.3562868417329
10.468867619565673 6.4688663509543884 3.7929e-11
9.468867302412404 6.4688663509534745 2.7569e-11
8.376601802696717 6.37660116839068 78.11356385149942
6.171920922543467 6.358200469373019 69.37503260187066
