237 15.956454127780297
1.5012212929635682 15.456454127758832 5.97e-13
0.5000000000217781 15.367541242960709 89.99999999996551
15.36095930743808 0.5000000000214593 89.99999999999972
15.456454127758843 1.500000000064376 89.99999999999945
0.5000000000215215 9.500000000408853 4.5e-12
0.5000247438889751 8.500000000365816 3.016e-12
1.5001173984218585 8.500000000368628 89.99999999994601
0.5000258525071306 7.500000000322778 1.488e-12
1.5001079702094753 7.500000000325529 89.99999999994519
2.500143159529256 7.500465910829427 89.9992217627799
0.5000000000218332 6.500000000279742 89.99999999999997
1.500735118530642 6.500000000282429 89.99999999994436
2.5015428083692104 6.500438345905097 89.9997661189496
3.5026096224637175 6.502392417861088 0.003917026091102
0.5000000000214548 5.500000000236705 89.9999999999995
1.5000000000648512 5.500000000239331 89.99999999994357
2.5013852138277395 5.500410221990728 2.440365337e-05
3.5027665020344285 5.501615709495305 6.280992253e-06
4.6320733919976504 6.18502151446204 72.84719532533357
0.500000000021454 4.500000000193671 89.99999999999967
1.500000000064361 4.500000000195785 89.9999999999994
2.5000000001072635 4.500331027688119 89.99999999999967
3.5000000001501643 4.500363894743977 89.99999999999999
4.625221345522201 5.140587595260859 72.84719532533185
0.5003100057978651 3.5000000001506226 89.999999999995
1.5007974552891286 3.5000000001526157 8.107e-12
2.5014699966734204 3.5002344408576196 0.000890746602598
3.5025531192687724 3.5002850142220936 89.99996423830713
4.503903521074903 3.5046248491532737 0.011063320734495
5.442821886812904 4.398812834723662 72.84719532528851
0.5000000000215206 2.500000000107592 89.99999999999221
1.5008260502048492 2.5000000001094476 1.6746e-11
2.5015219780850035 2.500163631300685 0.002112614909115
3.5021919545884392 2.500196275031966 89.99965432248068
4.503360233968076 2.503400332580706 0.000213420477507
5.505010287994985 2.50811349737557 89.92105729747233
6.506825601308801 2.50875228723556 89.86334777439974
0.5000000000214513 1.5000000000645288 89.9999999999997
1.5000000000643574 1.5000000000660112 89.99999999999918
2.5000000001072573 1.5000000000662803 89.9999999999991
3.500000000150158 1.5000988014884085 89.99999999999902
4.502799225357576 1.5023496531893326 89.9949459092938
5.50386193391269 1.5041935956719223 89.99564381388397
6.5051332977672285 1.505025014852225 89.9553033017627
7.516540174411688 1.5269893163246548 88.76749380097327
0.5000000000214513 0.5000000000215064 89.99999999999963
1.5000000000643503 0.5000000000218066 89.99999999999923
2.5000000001072467 0.5000000000218039 89.99999999999913
3.500000000150143 0.5000000000220881 89.99999999999906
4.50000000019304 0.5010634207882401 89.99999999999895
5.500000000235935 0.5017149985110674 89.99999999999895
6.50000000027883 0.5025484601081782 89.99999999999895
7.500000000321726 0.5018957108053472 89.99999999999898
8.50000000036462 0.5000000000214557 89.99999999999902
9.618222649097097 0.6182226487110336 74.0378964251818
4.2615809325692755 15.456454127758725 7.83e-12
5.326061790769918 15.456454127758779 89.99999999999406
6.347565248703672 15.456454127758292 89.9999999999413
7.3485401350943915 15.456454110738889 89.9999990289328
8.45608331631488 15.456454127758793 6.483e-12
9.456307516359256 15.45645412775885 2.3e-14
10.456454127542555 15.45645412775885 6.8e-14
11.456454127585898 15.456454127758843 89.99999999999918
12.456454127629119 15.456454127758832 89.99999999999824
13.456454127672323 15.45645412775885 89.9999999999999
14.456454127715542 15.456454127758843 1.74e-13
15.456454127758768 15.45645412775885 1.2e-14
4.453267174531234 14.45645412771567 1.5627e-11
5.455018349715784 14.456454127715489 89.99999999996041
6.456192740457219 14.456454110943763 89.99999807846649
7.45619479322336 14.455950331315382 5.9919441045e-05
8.456212530160137 14.45645412771584 1.2943e-11
9.456454127499432 14.456454127715954 9.2e-14
10.456454127542736 14.456454127715954 5.4e-14
11.456454127585896 14.456454127715936 89.9999999999984
12.45645412762909 14.456454127715926 89.99999999999687
13.456454127672302 14.45645412771595 89.99999999999977
14.456454127715539 14.456454127715933 2.53e-13
15.45645412775879 14.456454127715954 9e-15
11.456454127585335 11.456454127587223 89.99999999999608
5.456454127327824 13.456454127671662 1.8938e-11
6.456454127370758 13.455256393796706 1.9116e-11
7.456454127413691 13.455336090543693 1.9278e-11
8.456454127456624 13.456454127672888 1.9438e-11
9.456454127499732 13.456454127673059 1.65e-13
11.456454127585838 13.45645412767303 89.99999999999757
12.456454127629009 13.456454127673023 89.99999999999598
13.456454127672252 13.456454127673055 89.99999999999966
14.456454127715517 13.456454127673023 5.43e-13
15.456454127758786 13.456454127673059 89.99999999999996
6.45645412736957 12.454570500103017 2.5533e-11
7.456454127412577 12.454285533414097 1.921e-11
8.456454127455585 12.454634437338978 1.2883e-11
9.456454127498716 12.456454127630163 1.59e-13
10.456454127541983 12.45645412763016 1.7e-14
11.45645412758532 12.456454127630124 89.99999999999677
12.456454127628888 12.456454127630124 89.9999999999953
13.456454127672178 12.45645412763016 89.99999999999956
14.456454127715478 12.456454127630117 9.1e-13
15.456454127758782 12.456454127630163 89.9999999999999
7.4564541274122265 11.453468773362243 2.1962e-11
6.456454127369172 11.449144781776445 2.9826e-11
8.456454127455281 11.45027291429846 1.414e-11
9.456454127498704 11.456454127587268 1.23e-13
10.456454127541978 11.456454127587266 7e-15
10.456454127542768 13.456454127673055 4.3e-14
12.456454127628707 11.456454127587225 89.99999999999478
13.456454127672092 11.456454127587262 89.99999999999943
14.456454127715446 11.456454127587206 1.311e-12
15.456454127758775 11.45645412758727 89.99999999999984
7.454647547096333 10.45094483436231 0.207394662234063
8.45645412733199 10.449801052268741 1.3853745e-08
9.456454127498422 10.456454127544372 3.1e-14
10.456454127541848 10.45645412754437 89.99999999999996
11.456454127585214 10.45645412754432 89.99999999999537
12.456454127628621 10.456454127544326 89.99999999999429
13.456454127672039 10.456454127544365 89.99999999999926
14.456454127715407 10.456454127544296 1.627e-12
15.456454127758786 10.456454127544374 89.9999999999998
7.43773306735179 9.439264178322007 0.330168310281749
8.446935705604979 9.445453884987703 0.070665514854727
9.456454127496613 9.456454127501477 89.99999999999997
10.456454127541623 9.456454127501475 89.99999999999994
11.45645412758507 9.456454127501418 89.99999999999471
12.456454127628472 9.456454127501429 89.99999999999386
13.456454127671918 9.456454127501468 89.99999999999913
14.456454127715656 9.456454127501388 1.819e-12
15.456454127758803 9.456454127501479 89.9999999999998
7.4564541274144265 8.434283166307921 6.308e-11
8.456454127457478 8.443574784312048 4.5703e-11
9.456454127500814 8.456454127458581 89.99999999999991
10.456454127543791 8.455647220056811 89.99999999999652
11.456454127586742 8.456454127458516 89.99999999999399
12.456454127629687 8.45645412745853 89.99999999999352
13.456454127672671 8.45645412745857 89.99999999999903
14.456454127715748 8.45645412745848 1.791e-12
15.4564541277588 8.456454127458583 89.99999999999974
8.40733310533128 7.394797683324724 84.31890318990418
9.456454127500804 7.456454127415687 89.99999999999994
10.45645412754379 7.454727361665553 89.9999999999972
11.456454127586799 7.456454127415613 89.99999999999328
12.456454127629772 7.456454127415634 89.99999999999321
13.456454127672774 7.456454127415675 89.9999999999989
14.456454127715904 7.456454127415572 1.393e-12
15.456454127758839 7.456454127415688 89.99999999999972
11.456454127587138 6.456454127372713 89.99999999999285
12.456454127630042 6.456454127372737 89.99999999999291
13.456454127672998 6.456454127372779 89.99999999999878
14.456454127715936 6.45645412737266 5.13e-13
15.456454127758843 6.456454127372791 89.99999999999966
13.45645412767303 5.456454127329882 89.99999999999872
14.456454127715933 5.456454127329741 89.99999999999868
15.456454127758843 5.456454127329897 89.99999999999963
14.4564541277159 4.456454127286829 89.99999999999744
15.456454127758839 4.456454127287001 89.99999999999955
15.456454127758843 3.4564541272441067 89.99999999999949
6.454696833221053 10.435519006534275 0.207394664133011
7.33342521385081 7.317279642236428 79.3179978851603
5.188654365309758 7.059781987702891 72.84719532533495
6.317610652145314 7.336217787278126 79.31699508395548
0.5000000000215081 14.342228771145265 5.88e-13
1.5000000000645208 14.456454127715908 1.17e-12
2.6774646658344947 15.277216093512024 27.646031273290664
0.6746519047348967 12.86133056436487 27.010786183001898
1.5926107959967712 13.266257928389695 27.055255502090283
2.5456824144371115 13.665553393128835 25.89416177877241
3.2762748312384167 14.460670729081684 27.64160246179072
0.5000000000214726 11.677065010333406 1.731e-12
1.582650297808537 12.121757069192205 25.894161778713205
2.4961238822589182 12.529892965816233 25.894161778715777
3.395726165017826 12.966603090430745 25.89416177871581
4.456454127284889 13.456454127672679 1.8916e-11
0.5000000000214992 10.500000000451887 3.353e-12
1.6016636834179785 10.925757622102358 27.399991343521698
2.4890933581006003 11.414877674735479 25.894161778750313
3.3886956408596083 11.851587799350028 25.89416177873965
4.288297923618607 12.288297923964496 25.89416177873424
5.456454127326541 12.456454127628529 3.3595e-11
1.6756454325789036 9.675645432926142 27.844343052088657
2.4963126890890885 10.263028794512785 27.84434305209319
3.393097548615752 10.742122359422195 25.89416177874399
4.292699831374808 11.178832484036736 25.89416177873165
5.456454127326111 11.456454127585479 3.7815e-11
2.570750101042326 9.013370551082787 29.890810390468495
3.4003830831784976 9.609616511129659 28.058984318267687
4.3237099010856745 10.082283922985031 25.89416177873598
5.445752491678141 10.44577981654836 1.23662661210619
3.3932430828333526 8.31048710922453 35.39278693744507
4.262081009230892 8.927780887384662 27.24868236868121
5.311733237618903 9.346011763163098 13.774613075088203
4.258363169724417 7.4483665422879675 72.93453752081152
5.320724470551742 8.273578349119528 19.03445538600361
6.422852820548452 9.426753389859858 0.306079611907254
6.456454127371431 8.419058188539257 7.4844e-11
6.400085726425967 4.109536428720306 72.84719532528848
6.70518830357883 5.09804533395181 72.84719532533904
7.001955376614829 6.114057369780101 73.28093000485053
5.739789433206596 5.3609648654091675 72.84719532534292
14.011741977851063 0.5000000000214486 89.99999999999982
14.284077924345064 1.5951015976817846 72.63058524799715
14.602499799411245 2.5432797723627747 72.63058524799695
12.79986796369855 0.6451363306792093 69.1663723385668
13.192086109585581 1.5658400456878514 69.16637233856093
13.524054752855848 2.5177160159366947 70.09430659915425
13.849175868981717 3.463529339229609 70.09430659915415
11.716950861098946 0.6283988395261657 72.290888134369
12.034892557113519 1.5766190851023563 72.29088813436827
12.447228798863366 2.494697646833151 72.29088813436772
12.768657102252725 3.4418045630705967 72.29088813436776
13.099627114564772 4.385864659479077 72.29088813436785
10.658325048383901 0.6182226487110372 74.03789642518103
10.953373283744277 1.5739324837552466 74.03789642518092
11.264969473239978 2.5249091121062035 74.03789642518085
11.685121438715747 3.4448355622138314 74.0378964251808
11.999799097279388 4.394930798829064 74.03789642518085
12.338231478940546 5.33823147864031 74.03789642518096
9.893437963811845 1.5799290599045976 74.00221433388035
10.188482673903508 2.5356265990823275 74.00221433388013
10.498865745355522 3.4869265754365752 74.00221433388002
10.920198490888728 4.4064168851286345 74.00221433387993
11.232351970101973 5.357209279273138 74.00221433388063
9.089674160048983 2.515994089275999 77.62758487768122
9.385624715345513 3.4748511469521945 77.6275848776812
9.695596823250778 4.430632442560878 77.6275848776812
10.121724911192814 5.360933809714067 77.62758487768122
8.811184234301907 1.553306875016184 77.62758487768129
8.307147607426433 3.506795004150767 72.84719532528398
8.602491400611589 4.463686199211329 72.84719532529394
8.90973625375903 5.419498928468203 73.11360769292034
7.542296243841302 4.41947304709144 72.84719532529378
7.83854956881352 5.379311055254025 72.84719532534815
8.022387158355675 2.540300332343329 73.54283955258916
7.246501627166157 3.461121218565843 72.847195325286
10.375927421344368 6.450952973216675 0.096277608849581
9.367619301475191 6.456454127372792 3.3e-14
8.139263946715154 6.341267706831515 73.54726844371538
6.02017600902684 6.327706951089686 73.34592611234702
