237 15.930438146679865
1.5000002123801792 15.430438075886787 6.8986e-11
0.5000000707934795 15.262568635440008 3.4489e-11
15.339416185849272 0.5000000707921011 89.99999999999581
15.430438075887844 1.5000002123762837 89.99999999999163
0.5000000707922494 9.500001345076406 2.7672e-11
0.5000000707926011 8.500001203490141 89.9999999999949
1.5000002123778184 8.275568741940916 1.4424e-11
0.5000000707922929 7.500001061903938 1.905e-12
1.5000002123776213 7.275568600342854 4.8883e-11
2.5000003539623723 7.551775840322529 89.99999999998353
0.5000000707925079 6.500000920317738 1.719e-12
1.5000002123825231 6.275568458744109 89.99999999929557
2.5000003540174154 6.551775698723374 89.9999999982996
3.5000004956300055 6.5517756989315785 89.99999999781056
0.5000000707922352 5.500000778731524 1.6253e-11
2.487409737033257 5.525888167938041 86.95097678120987
3.4888274955058654 5.525888168114275 86.95097678116957
4.490245253960078 5.525888167938107 86.95097678109077
0.5000000707934227 4.500000637145014 89.99999999993796
1.50000021240007 4.50422082786789 89.99999999759123
2.5000003539899067 4.500000637161309 89.99999999713522
3.500000495577246 4.500000637301767 89.99999999710872
4.500000637164559 4.500000637158836 89.99999999709941
0.5000000707926775 3.5000004955588127 89.99999999994225
1.500000212384263 3.5000004956031567 89.99999999919766
2.5000003539700444 3.5000004955594957 89.99999999911493
3.500000495555221 3.500000495596729 89.9999999990534
4.500000637140163 3.500000495558015 89.99999999901705
5.500000778724955 3.5000004955541373 89.99999999901073
0.5000000707923649 2.5000003539726077 89.99999999995099
1.5000002123767322 2.5000003540033386 89.99999999989805
2.5000003539614752 2.5000003539689617 89.99999999980244
3.5000004955456134 2.5000003539797664 89.99999999977622
4.500000637129615 2.50000035396675 89.99999999976552
5.500000778713591 2.5000003539630766 89.99999999975756
6.5000009202994855 2.5000003539640216 89.99999999973886
0.5000000707919519 1.5000002123845713 89.99999999999575
1.5000002123758271 1.5000002123834557 89.99999999999153
2.5000003539597024 1.5000002123818907 89.99999999998741
3.5000004955435724 1.5000002123810603 89.99999999998371
4.500000637127442 1.5000002123794083 89.99999999998008
5.500000778711309 1.500000212377036 89.99999999997704
6.500000920295166 1.5000002123776826 89.99999999997503
7.500001061879004 1.5000002123761318 89.99999999997479
0.500000070791935 0.500000070793571 89.99999999999966
1.5000002123758067 0.500000070792975 89.9999999999993
2.5000003539596776 0.5000000707928143 89.99999999999889
3.5000004955435484 0.5000000707926162 89.99999999999841
4.500000637127421 0.5000000707922938 89.99999999999784
5.500000778711291 0.5000000707921846 89.99999999999717
6.500000920295164 0.5000000707920664 89.99999999999646
7.500001061879036 0.5000000707919883 89.9999999999954
8.500001203462908 0.5000000707919563 89.99999999999434
9.50000134504677 0.5000000707919581 89.99999999999451
3.4304363767745887 15.430438075883185 1.57732e-10
4.430436518364138 15.430438075886176 1.50879e-10
5.430436659955121 15.430438075887624 89.99999999999572
6.430436801546994 15.430438075887404 89.9999999999492
7.430436943140798 15.430438075887789 89.99999999999547
8.43043708473842 15.430438075887858 3.628e-12
9.430437226350065 15.430438075887933 2.793e-12
10.430437367940547 15.430438075887619 3.6452e-11
11.430437509528787 15.430438075887931 89.99999999999754
12.430437651118591 15.430438075887897 89.99999999999366
13.430437792714173 15.430438075887944 89.99999999999916
14.430437934300823 15.430438075887853 1.0459e-11
15.430438075887276 15.430438075887935 89.99999999999983
4.430436518399617 14.430437934299075 3.84266e-10
5.430436659988651 14.430437934302688 2.4516e-11
6.430436801578075 14.430437934302908 89.99999999992461
7.430436943171244 14.430437934303594 89.99999999999173
8.430437084760262 14.430437934303686 2.01e-11
9.430437226349714 14.430437934304091 5.63e-12
10.430437367957081 14.430437934303487 6.4827e-11
11.430437509543147 14.430437934304067 89.99999999999544
12.430437651128702 14.430437934304035 89.99999999999186
13.430437792714521 14.430437934304102 89.9999999999982
14.430437934300922 14.430437934303928 1.8517e-11
15.430438075887496 14.430437934304077 89.99999999999959
11.430437509544603 11.430437509552451 89.99999999998522
5.430436659545017 13.430437792718227 4.1548e-11
6.430436801576189 13.430437792718653 89.99999999992433
7.430436943170101 13.430437792719509 2.079e-12
8.430437084788503 13.43043779271957 2.9722e-11
9.430437226372899 13.430437792720216 1.1828e-11
11.430437509543733 13.430437792720227 89.99999999999461
12.430437651128763 13.430437792720177 89.99999999999022
13.430437792714503 13.430437792720262 89.99999999999721
14.430437934301306 13.43043779272002 2.4158e-11
15.430438075887533 13.43043779272022 89.9999999999994
6.430436801620807 12.430437651133396 3.2065e-11
7.430436943204986 12.43043765113514 4.3635e-11
8.43043708479022 12.430437651135524 4.1064e-11
9.430437226374755 12.430437651136128 4.3031e-11
10.430437367959481 12.430437651135612 8.5434e-11
11.430437509546046 12.430437651136383 89.99999999999356
12.430437651130969 12.430437651136298 89.99999999999108
13.430437792715924 12.430437651136415 89.9999999999961
14.430437934301587 12.430437651136131 2.8123e-11
15.430438075887572 12.430437651136362 89.9999999999993
7.430436943205861 11.430437509550789 5.8252e-11
6.430436801621417 11.430437509549078 3.3358e-11
8.430437084790002 11.43043750955146 5.3572e-11
9.430437226374208 11.43043750955218 5.7689e-11
10.430437367958703 11.430437509551675 9.5759e-11
10.430437367958382 13.43043779271953 7.7355e-11
12.430437651129711 11.430437509552421 89.99999999999365
13.430437792716003 11.430437509552574 89.99999999999498
14.430437934301743 11.430437509552247 3.1264e-11
15.43043807588759 11.430437509552503 89.99999999999929
7.422147139331789 10.430437367938639 89.99999999703016
8.422178919310541 10.430437367967377 4.6413e-11
9.422248509080864 10.430437367968318 6.1687e-11
10.427387388071631 10.43043736796752 1.30711e-10
11.430437509543776 10.430437367968553 89.9999999999807
12.430437651129736 10.430437367968556 89.9999999999889
13.430437792715669 10.430437367968729 89.99999999999388
14.430437934301672 10.430437367968365 3.3864e-11
15.430438075887594 10.430437367968645 89.99999999999936
7.425134466500364 9.43043722635006 89.99999999658232
8.425468883358919 9.430437226383386 4.1993e-11
9.425941508128922 9.430437226384475 6.5104e-11
10.4304373679552 9.430437226383543 1.46758e-10
11.430437509542058 9.430437226384667 89.99999999997817
12.430437651129338 9.430437226384692 89.99999999998452
13.430437792715445 9.430437226384884 89.99999999999268
14.430437934301555 9.430437226384486 3.6167e-11
15.43043807588758 9.430437226384788 89.99999999999957
7.430436943171302 8.430437084762875 89.99999999629415
8.430437084788093 8.430437084799472 4.3812e-11
9.430437226372447 8.430437084800575 7.4915e-11
10.430437367957358 8.430437084799616 1.55981e-10
11.430437509543218 8.430437084800781 89.99999999997561
12.430437651128532 8.430437084800829 89.99999999998002
13.430437792715331 8.43043708480104 89.9999999999915
14.430437934301473 8.43043708480061 3.8185e-11
15.430438075887663 8.430437084800928 89.99999999999991
8.421666784855505 7.421666643318739 88.98597190247352
9.430437226339874 7.430436943216693 8.2237e-11
10.430437367929395 7.430436943213745 1.42419e-10
11.430437509521814 7.430436943216898 89.99999999997321
12.430437651127988 7.430436943216968 89.999999999976
13.43043779271476 7.430436943217194 89.99999999999025
14.43043793430314 7.430436943216735 3.989e-11
15.430438075887807 7.430436943217072 2.56e-13
11.430437509551403 6.430436801633041 89.99999999997004
12.430437651135307 6.430436801633098 89.99999999997095
13.430437792719346 6.430436801633348 89.99999999998902
14.430437934303711 6.430436801632865 4.0686e-11
15.430438075887926 6.430436801633213 4.26e-13
13.430437792720046 5.430436660049495 89.99999999998718
14.430437934303924 5.430436660048242 89.9999999999872
15.43043807588791 5.430436660049347 89.99999999999872
14.430437934302972 4.43043651846384 89.99999999994166
15.43043807588785 4.4304365184655055 89.99999999999763
15.430438075887906 3.4304363768816657 89.99999999999675
6.422139270121213 10.430437367948375 89.99999999811138
7.421510010923363 7.4216666437481535 88.98597190248607
4.978641879570942 6.503514599966916 87.20597902159699
6.401205045076511 7.4052615560121655 87.02101247172766
0.6742866285547207 13.81162247421399 27.474906329444643
1.573978889405815 14.248984610981273 27.47490633007612
2.51525816309167 14.649278338399139 29.790623542144413
0.657505423892446 12.677406733365775 23.411899870500775
1.5611433304574582 13.107158089797677 23.411899870622094
2.4853321357135307 13.489446396338055 23.411899870684543
3.383315351871321 13.934539917746317 23.52765192243872
0.5000000707920416 11.50000162824885 89.99999999999127
1.5537844300985357 11.955998506943093 21.293300389318148
2.4592492198695135 12.386540874386672 21.2933003893317
3.3892083350730307 12.754236939757881 21.29330038932952
4.282998534271018 13.214733136850565 21.293300389316446
0.5035470397029522 10.50000148666263 9.088e-12
1.6340144270954777 10.752766815314548 18.718763450015725
2.525482806425039 11.237885361378407 18.718763450021555
3.434919554193856 11.669975819001214 18.718763450015754
4.368683069306474 12.030273399393371 18.718763450003834
5.430436660036762 12.430437651134046 3.9667e-11
1.647636408951585 9.591875476011682 21.3332735929771
2.555828456963705 10.015296570141714 21.333273592984256
3.440900092327433 10.49791685003557 21.333273592951475
4.346319120960878 10.92843817623274 21.333273592739978
5.285697809056419 11.285698658568823 20.75507046773045
2.5231514435999207 8.862691163621259 28.933978926484166
3.462195270210481 9.300058423698193 24.65827346948908
4.34226234883949 9.780409148042546 24.687601295547104
5.279934767915551 10.214114538071247 20.75507046776622
3.4787613320376494 8.207325911222604 24.658273469375164
4.387573716464903 8.624531298777125 24.65827346936062
5.267427843043494 9.104817419670276 24.658273469313876
4.342745182284731 7.503614588290258 24.65827346935609
5.251557566747742 7.920819975818163 24.658273468866465
6.4248531120622525 9.430437226356387 89.99999999721977
6.4304367891136405 8.430437072290411 89.999998566926
6.254465241590118 4.430417363623613 59.782631156980045
6.704917919171166 5.325308600735232 59.78263115718381
7.1691005648185975 6.283617531086222 67.54464395614762
5.504201032396438 5.4583971371300795 85.07380679227639
13.906814857813277 0.6449924457820311 69.19485319983932
14.26893592015233 1.5771531509069288 69.19485319983886
14.594378487527973 2.523250478418496 69.1948531998384
12.723233918022498 0.6449924457822522 69.19485319980352
13.177890655023283 1.5419926328615894 69.1948531997952
13.51026329938416 2.485456759288674 69.19485319987004
13.848817985555828 3.426571912964043 69.19485319987281
11.62418906281719 0.6241875053945884 73.02601852342647
11.96838453796548 1.5646741303256135 73.02601852342066
12.426367712987915 2.4704288582543903 73.02601852341827
12.758955278025311 3.4144586142928652 73.02601852341951
13.069609662953923 4.3651831267706065 73.02601852342146
10.500001486630627 0.5000000707919527 89.99999999999505
10.855841683180586 1.566776091992999 73.02601852341927
11.209652144592475 2.5043278940446205 73.02601852341793
11.66763531961536 3.410082621973231 73.02601852341729
12.000222884652455 4.354112378011787 73.02601852341898
12.306250216533527 5.306249225446809 73.02601852342264
9.624188779649053 1.6241876469781635 73.02601852347024
10.09720726303114 2.525353084726648 73.02601852346629
10.456211842701675 3.461319464482088 73.02601852346542
10.914195017724968 4.367074192410727 73.02601852346501
11.246782582761824 5.311103948449418 73.02601852346909
8.859296763409885 2.562329458347434 73.65398464145254
9.329244273991003 3.4666206039204868 73.6539846414517
9.69218508267923 4.402296004861502 73.65398464145152
10.150741302998114 5.309928128287429 73.65398464145201
8.500001203462844 1.5000002123759462 89.99999999997499
8.13044753215264 3.5487786395901484 67.54464401447045
8.590118057525627 4.440839813097043 67.5446440144731
8.956235851041177 5.37156642159394 67.54464401447576
7.421507942488199 4.450289368730608 67.09894341396978
7.866192323764534 5.352209890120932 67.54464401346328
7.679600244240751 2.6530708138004178 67.54464401447231
6.970874504739342 3.555087771013798 67.09894341393867
10.413050628528875 6.430436801628041 6.6265e-11
9.41305048694462 6.43043680163284 8.3187e-11
8.24815582099416 6.276387454162383 67.54464401348287
5.993469667779632 6.419934387329804 85.07380679227195
