237 15.926573443397281
0.6702594908499293 13.78170502263125 26.421854011530577
1.5517089982594223 14.255044053853972 26.42185401157013
2.5110805656811577 14.64667859894585 30.392910612338675
0.6597063757864134 12.65970703421775 23.901928709724174
1.5647941993701107 13.085531429843378 23.901928709730228
2.4828689974462153 13.482051715056933 23.90192870973469
3.37670574759127 13.933263293836214 23.90192870973913
1.5583238066265226 11.928785748669991 20.065636876164717
2.4668496193476086 12.356133789839042 20.065636876165588
3.386397391711834 12.75330686673183 20.0656368761658
4.285374502007057 13.206796546610077 20.065636876164934
1.6591530924610218 10.659153586289989 23.77772056227938
2.505246750349259 11.219003938146136 23.777720562371233
3.4103782477173326 11.644856484097744 23.777720562221926
4.332015685984077 12.042055502767923 23.36548767889981
2.5617867481270427 9.958520987493333 23.203839741807958
3.4094521853267317 10.51918395875952 23.20383974181878
4.314856594689115 10.945156746176252 23.20383974179455
5.2921858933767805 11.292186222590185 18.78706256940647
2.6447877520964163 8.7111980113668 20.764698381754414
3.5085953731441633 9.25360957390953 20.76469838175559
4.364154353788124 9.817776193560542 20.764698381752833
5.293100052888719 10.236220852064111 18.787062569428283
3.5645484359789767 8.000611993819211 27.728797538602663
4.413372625527259 8.535023959928346 27.728797538599053
5.2513494205891025 9.090071959481042 27.728797538591802
5.313335318247965 7.84103747823701 43.75884465352001
6.500000356654707 2.502502561872923 89.99999999964743
7.500000411519908 1.500000082305176 89.99999999985232
5.140355138751172 6.576074882593353 43.794858203859505
6.116354483336586 7.123015994859461 44.46807251604471
5.5000003017900205 3.500000192048301 89.99999999976133
6.6752408415188516 5.135731521771006 62.26655194322285
7.073125718239213 6.283327034454289 78.88207154539423
5.500000301782424 4.500000246919661 89.99999999995069
13.830433850597526 0.63546923465608 71.24478799740457
14.249769973280184 1.5519934661694954 71.2791785386333
14.57686226038776 2.511733189303772 70.57392732976216
12.73701622912742 0.634228349858283 71.24202641002046
13.089874401728967 1.570488457462516 71.2420264100156
13.5056926059942 2.485366740723544 71.24202641001172
13.834161754298563 3.4299095906624872 71.24202641001156
11.620136949187339 0.620136345625955 73.71681606651549
11.972658828606445 1.5589527078672374 73.71681606651143
12.32458260344885 2.4979437776223996 73.71681606651045
12.743778193927866 3.417284622258282 73.71681606651069
13.072648793221148 4.363009568350904 73.71681606651242
10.853925089129973 1.5635633263547613 73.71681606654012
11.206446968549283 2.5023796885960072 73.71681606653846
11.55649401128863 3.441918955368525 73.71681606653824
11.977566333870792 4.3607116029871476 73.71681606653948
12.30643693316351 5.3064365490800025 73.71681606654549
9.620136839448884 1.6201364004947445 73.71681606656726
10.092653208855488 2.5239021443595764 73.71681606656426
10.445175088274977 3.462718506600784 73.71681606656385
10.793137787049016 4.402866614210836 73.71681606656465
11.21629445359655 5.321050420991996 73.71681606656684
8.863019580141685 2.571483686233689 71.77968166993251
9.333599097575826 3.4693654944172714 71.77968166993071
9.685505371786629 4.406311718072241 71.7796816699324
10.030023573275585 5.345689920937746 71.77968166993914
8.500000466389151 1.5000000823050197 89.99999999984584
8.121721689463733 3.490336707044178 67.8162738300408
8.588865625349598 4.379793038986791 67.81627383008954
8.943036433256385 5.334721762102027 69.97458099239532
7.3984687974448144 4.362446543175071 62.2665519432234
7.881466915001288 5.342349992672084 69.97458099238753
7.500000411524219 2.500000137176177 89.99999999965281
6.502138663629244 3.503652412512266 89.99185937371075
5.820661187950282 5.659182861079698 62.26655194321717
4.428309923378125 7.278753252688461 43.794858203854936
8.420678396709745 7.420747028084708 89.32844454883644
9.42143194968425 7.421432801036227 89.40790994786046
7.32304591392592 7.349136374918643 0.599578550373947
9.255414873024131 6.28521813886635 69.97458099245365
8.168749292304412 6.3079685761825885 70.70159616610225
1.5000000823039397 15.426573415962668 4.115e-12
0.5000000274346581 15.271417545535773 4.37e-12
15.192574067883552 0.5000000274348517 89.99999999998487
15.426573415962581 1.5000000823043864 89.99999999998676
0.5000000274345586 9.500000521258265 89.99999999999841
0.5001479459826159 8.500000466389064 6.537e-12
1.5004434091124068 8.500000466392148 3.8241e-11
0.5000000274346803 7.50000041151979 1.218e-11
1.5000000823051378 7.500000411521313 1.58301e-10
2.5000001371744816 7.500000411523413 1.77123e-10
0.5000000274351741 6.500000356650529 1.5261e-11
1.5000000823071886 6.50000035665204 1.47253e-10
2.500000137239751 6.50000035665412 1.75584e-10
3.500824420652699 6.501707457700374 0.002636962088429
0.500000027449321 5.500000301781271 1.7649e-11
1.500000082348035 5.500000301782696 1.38996e-10
2.500000137242492 5.5000003017848265 1.74272e-10
3.5000001921261124 5.501125891048373 2.57401e-10
4.500000247002377 5.500000301822931 2.98911e-10
0.5000000274347585 4.500000246911874 4.846e-12
1.5000000823044077 4.500000246912223 5.386e-12
2.5000001371738536 4.500000246913917 89.99999999999689
3.500000192043345 4.500000246916723 89.99999999998487
0.5000000274347007 3.5000001920425134 89.99999999999753
1.5000000823050748 3.500000192042644 89.9999999999574
2.5000001371755403 3.5000001920437827 89.99999999990241
6.500000356650635 1.501531775614768 89.99999999986505
5.500000301780909 0.500000027435302 89.99999999997483
5.5000003017843415 2.5000001371781932 89.99999999971728
0.500000027434722 2.5000001371731573 89.99999999999106
1.500000082304501 2.500000137173412 89.99999999995156
2.500000137174415 2.5000001371743403 89.99999999989282
4.500000246912267 1.5000000823094766 89.99999999987163
4.500000246914625 2.500000137182165 89.99999999973844
4.50000024691819 3.500000192053397 89.99999999961256
4.500000246912874 4.500000246943968 89.9999999999691
0.5000000274346368 1.500000082303882 89.99999999999083
1.5000000823041244 1.5000000823041928 89.99999999995119
2.50000013717374 1.5000000823049024 89.99999999989693
3.5000001920430623 1.5000000823056752 89.99999999987686
3.500000192044565 2.500000137175957 89.99999999980774
3.5000001920462207 3.500000192045791 89.9999999998262
0.5000000274346705 0.500000027434635 89.99999999999385
1.5000000823040844 0.5000000274347913 89.99999999997505
2.5000001371733287 0.5000000274348713 89.9999999999731
3.500000192042539 0.5000000274350507 89.9999999999728
4.50000024691173 0.5000000274356617 89.9999999999736
5.5000003017814505 1.5000000823070119 89.99999999986828
6.500000356650086 0.5000000274351564 89.99999999997584
7.500000411519263 0.5000000274348162 89.99999999997607
8.500000466388439 0.500000027434754 89.9999999999768
9.500000521257608 0.5000000274347238 89.99999999997861
3.4265727575309137 15.426573415962457 2.143e-11
4.426572812400234 15.426573415962507 2.1117e-11
5.426572867269556 15.426573415962471 1.9284e-11
6.426572922138833 15.426573415962505 1.5561e-11
7.426572977008085 15.426573415962444 1.0274e-11
8.426573031877322 15.426573415962643 4.05e-12
9.426573086746588 15.426573415962686 2.018e-12
10.426573141615897 15.42657341596273 1.99e-13
11.42657319648544 15.426573415962714 89.99999999999883
12.426573251354903 15.426573415962716 2.394e-12
13.426573306224165 15.42657341596271 1.715e-12
14.42657336109346 15.42657341596268 89.99999999999699
15.426573415962672 15.426573415962613 89.99999999999766
4.426572812400478 14.426573361092757 7.8558e-11
5.426572867269678 14.426573361092586 7.3342e-11
6.426572922138894 14.426573361092672 6.7573e-11
7.426572977008123 14.426573361092096 6.2968e-11
8.42657303187735 14.426573361092931 5.8799e-11
9.426573086746984 14.426573361093467 8.938e-12
10.426573141616199 14.426573361093585 4.349e-12
11.426573196485469 14.426573361093581 89.99999999999915
12.426573251354764 14.42657336109357 4.229e-12
13.426573306223995 14.426573361093563 5.014e-12
14.426573361093418 14.42657336109345 89.99999999998819
15.42657341596265 14.422820331201777 89.99999999999399
11.42657319648582 11.426573196486046 89.99999999998597
5.421608284059204 13.426573306222418 89.999999999987
6.422424012860896 13.426573306222773 4.962e-12
7.4229927155748925 13.42657330622181 89.99999999998755
8.423447495998582 13.426573306222647 89.99999999998987
9.423840554087779 13.426573306224096 89.9999999999906
11.424543418089089 13.426573306224332 89.99999999998819
12.424891483320723 13.426573306224215 89.99999999998289
13.425272631414158 13.426573306224332 89.99999999999127
14.425769212131986 13.426573306224311 89.99999999998776
15.426573415956886 13.420972720650548 6.67393e-10
6.426572922139928 12.426573251352892 89.99999999994346
7.426572977009038 12.42657325129733 89.99999999994607
8.426573031878185 12.426573251352902 89.99999999995283
9.42657308674745 12.426573251354792 89.99999999997257
10.42657314161671 12.426573251355222 89.99999999999072
11.426573196485869 12.426573251355173 89.99999999998622
12.426573251355027 12.42657325135503 89.99999999998039
13.426573306224162 12.426573251355137 89.99999999998039
14.426573361093343 12.426573251355187 89.99999999998644
15.426573415962704 12.419475414421724 2.492e-12
7.4265729770077975 11.426573196400055 6.1672e-11
6.426572922138394 11.426573196482643 6.0209e-11
8.426573031877766 11.426573196483304 89.9999999999789
9.426573086747036 11.426573196485595 89.9999999999788
10.426573141616384 11.426573196486101 89.99999999999348
10.424199406083698 13.426573306224373 89.99999999999649
12.42657325135509 11.426573196485784 89.99999999997422
13.426573306224219 11.42657319648598 89.99999999997377
14.426573361093421 11.42657319648605 89.99999999998393
15.426573415962718 11.418832511422984 2.62e-13
7.426572977008727 10.426573141514083 3.7855e-11
8.42657303187804 10.426573141613659 1.5218e-11
9.426573086747204 10.426573141616199 8.861e-12
10.426573141616348 10.42657314161691 4.413e-12
11.426573196485586 10.42657314161692 89.99999999998886
12.426573251354927 10.426573141616522 89.99999999996326
13.426573306224077 10.426573141616782 89.99999999996224
14.42657336109336 10.426573141616895 89.99999999997999
15.426573415962693 10.41862866793527 89.99999999999827
7.426572976645327 9.426573083317177 89.99999999958605
8.426573031537185 9.426573086631052 89.99999999957784
9.426573086432546 9.426573086740419 89.99999999953248
10.4265731413333 9.426573086744863 89.99999999973755
11.426573196242964 9.426573086747231 89.999999999929
12.426573251172705 9.426573086747096 89.99999999993102
13.426573306223261 9.426573086747382 89.9999999999269
14.42657336109303 9.42657308674773 89.99999999997549
15.426573415962642 9.418584510509469 3.305e-12
7.426572977001839 8.426573027319805 89.9999999991876
8.426573031871342 8.426573031749218 89.99999999922643
9.426573086740893 8.426573031868859 89.9999999992703
10.426573141612778 8.426573031874387 89.99999999958183
11.426573196484663 8.426573031877833 89.9999999998931
12.42657325135395 8.426573031877751 89.99999999990236
13.426573306223334 8.426573031878245 89.99999999992166
14.426573361092998 8.426573031878561 89.9999999999707
15.426573415962617 8.418584441312245 89.99999999999974
10.426573141607818 7.426572977005013 89.99999999955244
11.426573196480847 7.426572977008707 89.99999999988857
12.42657325135264 7.426572977008551 89.99999999989011
13.426573306222593 7.426572977009122 89.99999999991859
14.426573361092526 7.426572977009389 89.99999999996648
15.426573415962581 7.418584384028839 1.2803e-11
11.426573196484895 6.426572922139587 89.99999999988466
12.426573251354085 6.426572922139413 89.99999999988529
13.426573306223517 6.426572922140006 89.9999999999162
14.426573361093084 6.426572922140212 89.99999999996218
15.426573415962693 6.418584327603886 2.297e-12
13.426573306223643 5.426572867270899 89.99999999991455
14.426573361093151 5.42657286727103 89.99999999995809
15.426573415962677 5.418584272212527 89.99999999999686
14.426573361092746 4.426572812401852 89.99999999995464
15.426573415962395 4.418584217265666 89.99999999997698
15.426573407872578 3.4185841542843365 89.99999907508065
6.426572922139434 10.426573141613396 5.8303e-11
0.5000000274345604 11.500000630996578 1.862e-12
0.5000000274346981 10.500000576127421 89.99999999999986
5.426572867270793 12.426573251352629 89.99999999993776
1.5000000823038757 9.500000521262272 89.99999999997276
6.426572921754765 9.423574797637984 89.99999999961071
6.426572922132354 8.423574742759389 89.99999999915582
10.50000057612677 0.5000000274347149 89.99999999998005
10.386227440736763 6.398266312674334 86.58641098424155
