266 16.82302875075647597054055342374544487022526726818880376741953217497376
0.5000006342455445999999999992735946917582967519042380606883007310415044 16.32302875075647597054055342374544487022526726818880376741953217497376 1.650051598756858755578891389059900076294326826444942558370088231289869e-69
1.500001882275052699999999996663118370916232223252778082207012368418385 16.32302875075647597054055342374544487022526726818880376741953217497376 -2.661729019097129802133502791083709798160450384424059159990573836154482e-70
2.500002971507023220557350606933709469270610270541510544717311859130859 16.32302766153196511003121174147534322429464737069793045520782470703125 0.00001022435521091156888058207949966337181387200185003588762364643111791893
3.500004060731530600000000004733165431325803218094848499499900152126305 16.32302875075647597054055342374544487022526726818880376741953217497376 6.083963129614730149850967270313128054410711617449097964846481631854668e-79
4.500005561847713000000000001988718342061773285936158929004019521487246 16.32302875075647597054055342374544487022526726818880376741953217497376 6.248798205470318098768049936655921017726268210794575623442835263808197e-68
5.500006125643531833333333346527294926790059516496568295584330753909955 16.32302875075647597054055342374544487022526726818880376741953217497376 3.221486167785090908630892599764881120658745599676899125810190208914316e-69
6.500006125643531833333333346527294926790059516496568295584330753909955 16.32302875075647597054055342374544487022526726818880376741953217497376 3.224922995654418284891127146605445255490505867729890156910958255260271e-69
7.500006125643531833333333346527294926790059516496568295584330753909955 16.32302875075647597054055342374544487022526726818880376741953217497376 -2.931331581545283539014136415422204406479331461981110074772598857190416e-69
8.500006298585714333333333331448481677127215877135770482243206521507058 16.32302875075647597054055342374544487022526726818880376741953217497376 -2.028455446742669981209472866851973545458801411721397823801844963959954e-69
9.500006298585714333333333331448481677127215877135770482243206521507058 16.32302875075647597054055342374544487022526726818880376741953217497376 -8.851413484734843938670716763040500600685894238288123118942233210346959e-70
10.50000629858571433333333333144848167712721587713577048224320652150706 16.32302875075647597054055342374544487022526726818880376741953217497376 -2.02777815006529239322415592615338482498241260401627824782113027781312e-69
11.50000656285822999999999999805624672953626706276238369136487655732221 16.32302875075647597054055342374544487022526726818880376741953217497376 -3.405768462932370103086394462278420436169670976003947353042955294590041e-79
12.50000833896328461363896304028853548317989918814419070258736610412598 16.321778301965570000004792173602385929598312941379845142364501953125 0.00008867793011519210942517099439795786004731043779655897640817254880466365
13.50000933671537234068999765976322804950093825482326792553067207336426 16.32302697689235190269804176301574744067934830127342138439416885375977 0.00008867793015573376060364635753381206829761388176588186054437423141090291
0.5000006342455445999999999934609817459089561679922290278008954559241591 15.32302875075647597054055342374544487022526726818880376741953217497376 1.900727331418721694925451248208463036197878454868921943092946815434026e-69
1.500001882275052299999999996195814415574037128451701767955854523497804 15.32302875075647597054055342374544487022526726818880376741953217497376 -5.59353457169415323845602938172083187066923251129493466094030195350931e-70
2.500002713168427774737100683207567664023684983476414345204830169677734 15.32302657230862658391283183350001229072745445591863244771957397460937 -0.000000000000004147289637204489015818409477204692783431161996763737650031254031005369
3.500004876870738000000000000574445879812724889670367255594029936559009 15.32302875075647597054055342374544487022526726818880376741953217497376 -5.72085693514664122005427144317179178254667934877391957617413554504744e-68
4.500005561847713000000000000195568240403323089252605836534184136136653 15.32302875075647597054055342374544487022526726818880376741953217497376 8.527354103167657069215077006107698542820414743705366111551164015968055e-69
5.500005929588172999999999999670438757275878580797131833190848085852989 15.32302875075647597054055342374544487022526726818880376741953217497376 3.420598547621299125809216628238876562385847861696785808513250590968933e-68
6.500006125641365999999999999192206433054364067901810063276965639096156 15.32302875075647597054055342374544487022526726818880376741953217497376 -3.066159830426045441179961758399117999967306553341405326164867822077529e-69
7.500006125641365999999999999192206433054364067901810063276965639096156 15.32302875075647597054055342374544487022526726818880376741953217497376 -2.887394117349472990460300800910890456773141814114716414442087423325273e-69
8.50000629858567933333333333871862377964044519124765033687805393602835 15.32302875075647597054055342374544487022526726818880376741953217497376 -2.516592440941353636764766162988979286711978153813195816959194515693266e-69
9.50000629858567933333333333871862377964044519124765033687805393602835 15.32302875075647597054055342374544487022526726818880376741953217497376 -2.515968397709114024886564231547599627917091840566354751991397795025552e-69
10.50000629858567933333333333871862377964044519124765033687805393602835 15.32302875075647597054055342374544487022526726818880376741953217497376 -1.906549438656666674924837672990765098026361633795682064972588183836261e-69
11.50000656422310799999999992681911055939742132806151496344386317658496 15.32302875075647597054055342374544487022526726818880376741953217497376 -3.616116953426714613941279922019497718509928093467447063435062027246705e-79
12.501864895894581000004792173602385929598312941379845142364501953125 15.319703544286728000004792173602385929598312941379845142364501953125 -0.1905143944510517676377488624078718340355631248338628133024928713426576
0.5 14.32302875075647597054055342374544487022526726818880376741953217497376 -4.870692327759783369176740703369205491582999172153923704137322175219847e-70
1.5 14.32302875075647597054055342374544487022526726818880376741953217497376 -1.581805800524231760798881174772357419216445019267243345880651880278885e-70
2.5 14.32299532651263800000000000016543279775174343163417796155105610260844 1.587849439337288637641394407237033209861970795282778294783603947339258e-69
3.500003544032450600000000000040606464950584171505731961374191370986209 14.32302875075647597054055342374544487022526726818880376741953217497376 -5.824627373514978766051320332326506227997529862935920326410437830859198e-68
4.500005141153091000000000001242369729781939364546351771523800237013043 14.32302875075647597054055342374544487022526726818880376741953217497376 8.978792170568963848117408766980799164827920867015600266940833640303124e-69
5.500006582344958000000000003669939286691899598935105932857562928578026 14.32302875075647597054055342374544487022526726818880376741953217497376 4.312156466012649563264813088452989206780588285528244796224406773770025e-68
6.50001138799066099999999999819342015322443078629408452865074693868703 14.32302875075647597054055342374544487022526726818880376741953217497376 -2.07540876736675091994097778309428890901701028324001500472604571623515e-69
7.500015010840840000000000001155695959431004884007579877554263073744956 14.32302875075647597054055342374544487022526726818880376741953217497376 5.357381247126961544868584567839246083533174357544370451568571822986766e-69
8.500019246398797999999999997837578592022964507252017616957566673916049 14.32302875075647597054055342374544487022526726818880376741953217497376 -3.294246685471645619864430900207957968798470696781360378763664938613734e-69
9.500023662454629000000000004727693447464811505295258658696563576739989 14.32302875075647597054055342374544487022526726818880376741953217497376 5.78566667175788965487734690082955600815094929239370526691278506991505e-69
10.50003731461131400000000000086691488491343565820168329082135308044189 14.32302875075647597054055342374544487022526726818880376741953217497376 -6.999857262632069699382086713400968325272078427313416228561077933197955e-70
11.50005141707092600000000004710374506304265101161893155442558520929523 14.32302875075647597054055342374544487022526726818880376741953217497376 -3.836462214287950451518171081217645545257721845548148331391307151965947e-79
0.5 13.32302875075647597054055342374544487022526726818880376741953217497376 -1.540342444530010448393694448390292549661062319592198636320112055018276e-70
1.5 13.32302875075647597054055342374544487022526726818880376741953217497376 -1.621413099505274156203888893042413210169539283781261722442223215808711e-70
2.5 13.32296718063101599999999999959457361031843240131685060837651088100032 1.493533076496774914466031763502918943033350385374206872949213297232064e-71
3.5 13.32302875075647597054055342374544487022526726818880376741953217497376 1.440449667917935700515804957255712910308055180994951898839203590071092e-71
4.5 13.32302875075647597054055342374544487022526726818880376741953217497376 8.978792170568963848117408766980799164827920867015600266940833640303124e-69
5.5 13.32302875075647597054055342374544487022526726818880376741953217497376 8.301635069467003679763911132377155636068041132960060018904182864940602e-69
6.5 13.32302875075647597054055342374544487022526726818880376741953217497376 -7.105625776523355781425169051999939880053908828094516019686020660519293e-69
7.5 13.32302875075647597054055342374544487022526726818880376741953217497376 -7.095071357073543974777282130726487370568887341895719576787702474424137e-69
8.5 13.32302875075647597054055342374544487022526726818880376741953217497376 -7.184475628363647377656874218249926601195712057406625546508578304294463e-69
9.5 13.32302875075647597054055342374544487022526726818880376741953217497376 2.179631285334216785146693850780134078956313424756669261692719440261891e-69
10.5 13.32302875075647597054055342374544487022526726818880376741953217497376 1.613389312791477233828575222644113887465677190482147867723153412997244e-69
0.5 12.32302875075647597054055342374544487022526726818880376741953217497376 2.497874021185856655117853340729424905058935929317784667638524625988497e-71
1.5 12.32302875075647597054055342374544487022526726818880376741953217497376 2.432119649257911234305833339563619815254308925671892583663334823713067e-71
2.5 12.32295067313487600000000000562986987034522167015524824622237570761531 2.214446529407737529836643720784034003415022287817751088708759331087768e-71
3.5 12.32302875075647597054055342374544487022526726818880376741953217497376 1.898886351373093453517003986763522245575735206319522303559769101184242e-71
4.5 12.32302875075647597054055342374544487022526726818880376741953217497376 6.903383403202212928176430983886510255810910583775585262214787924067973e-69
5.5 12.32302875075647597054055342374544487022526726818880376741953217497376 -6.000507268399599370371767475552323820298657238974738921531155997677998e-69
6.5 12.32302875075647597054055342374544487022526726818880376741953217497376 -5.481312343499592722254083060435195808200286316029723596526545915616219e-69
7.5 12.32302875075647597054055342374544487022526726818880376741953217497376 -4.612836989308775525994358126638752839585353659237897146454983735708207e-69
8.5 12.32302875075647597054055342374544487022526726818880376741953217497376 1.613389312791477233828575222644113887465677190482147867723153412997244e-69
9.5 12.32302875075647597054055342374544487022526726818880376741953217497376 1.507313887475791356941321257092383630567958577027413533900726605280839e-69
0.5 11.32302875075647597054055342374544487022526726818880376741953217497376 2.432119649257911234305833339563619815254308925671892583663334823713067e-71
1.5 11.32302875075647597054055342374544487022526726818880376741953217497376 4.053532748763185390509722232606033025423848209453154306105558039521778e-71
2.5 11.32291853498439000000000000341449662126228348273255396235016557192592 4.053532748763185390509722232606033025423848209453154306105558039521778e-71
3.5 11.32302875075647597054055342374544487022526726818880376741953217497376 -5.332332978848177807888293528000975696785737193523702801035657225288247e-72
4.5 11.32302875075647597054055342374544487022526726818880376741953217497376 8.527354103167657069215077006107698542820414743705366111551164015968055e-69
5.5 11.32302875075647597054055342374544487022526726818880376741953217497376 -3.943276657996826747887857787879148927132319538156028508979486860846786e-68
6.5 11.32302875075647597054055342374544487022526726818880376741953217497376 -4.331469069377474182742660038938444170981731302283490464684008376333673e-68
7.5 11.32302875075647597054055342374544487022526726818880376741953217497376 -7.530103587693341200006772519938382161375581029782458432540217390438475e-69
8.5 11.32302875075647597054055342374544487022526726818880376741953217497376 -3.701963915518134806890531987549015274032488779943160420556190782743493e-68
0.5 10.32302875075647597054055342374544487022526726818880376741953217497376 4.864239298515822468611666679127239630508617851343785167326669647426134e-71
1.5 10.32302875075647597054055342374544487022526726818880376741953217497376 4.238942589640464533252100429120943707944461085538092531235453733510975e-71
2.5 10.32287473428706500000000000535810445341574337565560375052715672331262 -4.349013572942170784664043581187169231625837035614602907128950962326677e-68
3.5 10.32302875075647597054055342374544487022526726818880376741953217497376 -4.34875781289615378618056786826929172394184054799975099443953567471754e-68
4.5 10.32302875075647597054055342374544487022526726818880376741953217497375 -4.316329550906048303056490090408443459738449762324125759990691210401366e-68
5.5 10.32302875075647597054055342374544487022526726818880376741953217497376 -4.332415801878092545376791122209328097573008966263531322365620432640877e-68
6.500000000000000000000000000000000000000000000000000000000000000000001 10.32302875075647597054055342374544487022526726818880376741953217497376 -7.530103587693341200006772519938382161375581029782458432540217390438475e-69
7.500000000000000000000000000000000000000000000000000000000000000000001 10.32302875075647597054055342374544487022526726818880376741953217497376 -7.530103587693341200006772519938382161375581029782458432540217390438475e-69
0.5 9.323028750756475970540553423745444870225267268188803767419532174973756 -5.133566622526415451633500078025122946858108334138873777546280752079394e-71
1.5 9.323028750756475970540553423745444870225267268188803767419532174973756 6.742275282536360935606320798804179388541912913271792404122015036615592e-72
2.5 9.322821216907366000000000001819016315931313922182226083541481269805195 -1.299871357718584852230616971520509311005457005951364309472325470446988e-72
3.5 9.323028750756475970540553423745444870225267268188803767419532174973756 -4.332415801878092545376791122209328097573008966263531322365620432640877e-68
4.5 9.323028750756475970540553423745444870225267268188803767419532174973755 -4.333892088940634768801705663354570524179268916559955435606667152850599e-68
5.5 9.323028750756475970540553423745444870225267268188803767419532174973755 -4.332415801878092545376791122209328097573008966263531322365620432640877e-68
6.5 9.323028750756475970540553423745444870225267268188803767419532174973755 -4.333090482476979456898863927831486584191900841567271726406450599549482e-68
0.5 8.323028750756475970540553423745444870225267268188803767419532174973756 6.029648070832568858810611303719557013256255118678152426329706477888829e-71
1.5 8.323028750756475970540553423745444870225267268188803767419532174973756 1.123084478411253946705734551490854748474046395464559079471017382683212e-72
2.5 8.322763022609222999999999999276615659316429201210017666430255736885215 -4.329630490458266297218210500090025630100846150135443969744293678376027e-68
3.5 8.323028750756475970540553423745444870225267268188803767419532174973756 -4.332543681901101044618528979338867591840145155161938377215113442559453e-68
4.5 8.323028750756475970540553423745444870225267268188803767419532174973755 -3.948715501930444080557386214011946343650957750472423783525327341489928e-68
5.5 8.323028750756475970540553423745444870225267268188803767419532174973755 -4.306473192286008158877528899920649486210296337723031134806544861187937e-68
0.5 7.323028750756475970540553423745444870225267268188803767419532174973756 2.977347988668376288531461707913044015016089215564740002256426796064889e-69
1.5 7.323028750756475970540553423745444870225267268188803767419532174973756 3.113113151050126379911466674641433363525515424860022507089068574352726e-69
2.5 7.322689813706638500000000001238692681624171301734241031046229609964141 3.588410839392152350376687419632545096899877011317694574872580008927559e-69
3.5 7.323028750756475970540553423745444870225267268188803767419532174973756 4.376536568434155229333121439919120724786394177225336102099072583497754e-69
4.5 7.323028750756475970540553423745444870225267268188803767419532174973755 -3.961153229304483992959823893016382047403667243352432779218760026318125e-68
0.5 6.323028750756475970540553423745444870225267268188803767419532174973756 -1.193360041235881778966062225279216122684780912863008627717476286835212e-68
1.5 6.323028750756475970540553423745444870225267268188803767419532174973756 -1.170788137865816440020945637906161832009543551788478018452778171732466e-68
2.5 6.32150620227549100000000000114022264139671981736132130013983552446461 4.669669726575189569867200011962150045288273137290033760633602861529089e-69
3.5 6.323028750756475970540553423745444870225267268188803767419532174973756 4.376536568434155229333121439919120724786394177225336102099072583497754e-69
0.5 5.323028750756475970540553423745444870225267268188803767419532174973757 0.0
1.5 5.323028750756475970540553423745444870225267268188803767419532174973756 -1.141474822051713005967537780701858899959355655782008252599325143929333e-68
2.503997952269854000004792173602385929598312941379845142364501953125 5.3207376153999745989194585050665597947272544843144714832305908203125 -0.08802634404782176763774886240787183403556312483386281330249287134265762
0.5 4.323028750756475970540553423745444870225267268188803767419532174973757 0.0
1.5 4.323028750756475970540553423745444870225267268188803767419532174973756 -1.375632988979359395982970586922124888842661187950250344671835453914393e-68
0.5 3.323028750756475970540553423745444870225267268188803767419532174973757 0.0
16.32302875075647597054055342374544487022526726818880376741953217497376 0.4999999999999999999999999999999999999999999999999999999999999999999997 -3.320654027786801471905564452950862254427216453184024007561673145976241e-68
15.32302875075647597054055342374544487022526726818880376741953217497376 0.5000000000000000000000000000000000000000000000000000000000000000000002 -3.320654027786801471905564452950862254427216453184024007561673145976241e-68
14.32302875075647597054055342374544487022526726818880376741953217497376 0.5000000000000000000000000000000000000000000000000000000000000000000003 -3.320654027786801471905564452950862254427216453184024007561673145976241e-68
13.32302875075647597054055342374544487022526726818880376741953217497376 0.5000000000000000000000000000000000000000000000000000000000000000000001 -6.226226302100252759822933349282866727051030849720045014178137148705451e-69
12.32302875075647597054055342374544487022526726818880376741953217497376 0.5 2.978826579238322915925217494130145354522749962286128049959051484296715e-80
11.32302875075647597054055342374544487022526726818880376741953217497376 0.5 2.978826579238322915925217494130145354522749962286128049959051484296715e-80
10.32302875075647597054055342374544487022526726818880376741953217497376 0.5 -2.006153431315370976499746295633932360522622576172162505044209747676333e-80
9.323028750756475970540553423745444870225267268188803767419532174973757 0.4999999999999999999999999999999999999999999999999999999999999999999999 -1.434089160320847936150899697720327203613249867119460557922338981713529e-68
8.323028750756475970540553423745444870225267268188803767419532174973756 0.5 -2.334834863287594784933600005981075022644136568645016880316801430764544e-69
7.323028750756475970540553423745444870225267268188803767419532174973756 0.4999999999999999999999999999999999999999999999999999999999999999999999 -1.127517637890502182265794717067041495935407930783905498198182832502943e-68
6.323028750756475970540553423745444870225267268188803767419532174973756 0.4999999999999999999999999999999999999999999999999999999999999999999999 -9.172440905039680265525602420018012846051870580186732716667856717433985e-69
5.323028750756475970540553423745444870225267268188803767419532174973756 0.4999999999999999999999999999999999999999999999999999999999999999999999 -8.301635069467003679763911132377155636068041132960060018904182864940602e-69
4.323028750756475970540553423745444870225267268188803767419532174973756 0.5000010991002992000000000002932272585858399632330206745637426228571196 -8.316988786208902711397334687128591574434982080233034184750731088556529e-69
3.323028750756475970540553423745444870225267268188803767419532174973756 0.5 -6.057366973390168514806793239179342916060382200275712074424679616306562e-69
2.323028750756475970540553423745444870225267268188803767419532174973756 0.5 -5.767819264391669935796507847001218335278829048676463927409266326963429e-69
16.32302875075647597054055342374544487022526726818880376741953217497376 1.5 -2.905572274313451287917368896332004472623814396536021006616464002729211e-68
15.32302875075647597054055342374544487022526726818880376741953217497376 1.5 -2.490490520840101103929173339713146690820412339888018005671254859482181e-68
14.32302875075647597054055342374544487022526726818880376741953217497376 1.5 -3.891104579221301777881805230753950680725150190791365055720738464628837e-68
13.32302875075647597054055342374544487022526726818880376741953217497376 1.5 -6.226226302100252759822933349282866727051030849720045014178137148705451e-69
12.32302875075647597054055342374544487022526726818880376741953217497376 1.5 2.980301245861706843260289300526322862875795987065911759748556334745377e-80
11.32302875075647597054055342374544487022526726818880376741953217497376 1.5 -7.263930685783628219793422240830011181559535991340052516541160006823027e-69
10.32302875075647597054055342374544487022526726818880376741953217497376 1.5 2.495042220163351019443058112700054532245494394186477471145036347400428e-118
9.323028750756475970540553423745444870225267268188803767419532174973757 1.5 -1.755695540610844859808975064904911292725674091501409615160994382728295e-68
8.323028750756475970540553423745444870225267268188803767419532174973756 1.5 -1.795356729361872691983216922443856587679240794312636728100216059464914e-69
7.323028750756475970540553423745444870225267268188803767419532174973757 1.5 -7.72750496009897804070795995020113451647336104949589367877637793197514e-69
6.323028750756475970540553423745444870225267268188803767419532174973757 1.5 -8.827234067297560524969883634372312729511212456807467810493995963085444e-69
5.323028750756475970540553423745444870225267268188803767419532174973757 1.5 -7.530103587693341200006772519938382161375581029782458432540217390438475e-69
4.323028750756475970540553423745444870225267268188803767419532174973756 1.500014911244614599999999996679922234650532241554586510431569719316699 -6.057366973390168514806793239179342916060382200275712074424679616306562e-69
3.323028750756475970540553423745444870225267268188803767419532174973757 1.5 -6.057366973390168514806793239179342916060382200275712074424679616306562e-69
16.32302875075647597054055342374544487022526726818880376741953217497376 2.5 -2.905572274313451287917368896332004472623814396536021006616464002729211e-68
15.32302875075647597054055342374544487022526726818880376741953217497376 2.5 -1.736181102256631457831362987248255542980433613553946869092032317736621e-68
14.32302875075647597054055342374544487022526726818880376741953217497376 2.500000000000000000000000000000000000000000000000000000000000000000001 -1.764097452261738281949831115630145572664458740754012754017138858799878e-68
13.32302875075647597054055342374544487022526726818880376741953217497376 2.5 -6.758786891082751245253818431825543335861984366176675914980603817871738e-69
12.32302875075647597054055342374544487022526726818880376741953217497376 2.5 -6.403470268171318460263909426304328952842136667365932922147588059793982e-69
11.32302875075647597054055342374544487022526726818880376741953217497376 2.5 -7.263930685783628219793422240830011181559535991340052516541160006823027e-69
10.32302875075647597054055342374544487022526726818880376741953217497376 2.5 3.049910252995249957663383894913181270212995120262475183367678784131635e-80
9.323028750756475970540553423745444870225267268188803767419532174973756 2.5 -1.58473434304231781261982604741400372989505729104704908506554375653827e-68
8.323028750756475970540553423745444870225267268188803767419532174973756 2.5 2.082722931933206699110569153156230019631574309474149904906381721886459e-70
7.323028750756475970540553423745444870225267268188803767419532174973756 2.5 -2.127406826624291541969024153407373485743819420185162669193644217399916e-68
6.323028750756475970540553423745444870225267268188803767419532174973756 2.5 -2.413337372662734855953459478469269343351166329570257847034858312031968e-68
5.323028750756475970540553423745444870225267268188803767419532174973757 2.5 -8.341220313680288958201057832280660148362966020254146524681911645710844e-69
4.322863357227753000004792173602385929598312941379845142364501953125 2.500166182274167700004792173602385929598312941379845142364501953125 -0.01101629198566823236225113759212816596443687516613718669750712865734238
16.32302875075647597054055342374544487022526726818880376741953217497376 3.5 -2.698031397576776195923271118022575581722113368212019506143859431105696e-68
15.32302875075647597054055342374544487022526726818880376741953217497376 3.5 -2.732251805868806301980067265564406811566521269961666684018066210298883e-68
14.32302875075647597054055342374544487022526726818880376741953217497376 3.500000000000000000000000000000000000000000000000000000000000000000001 -1.791302689152604522039874610326092708657506182577407569863726269122847e-68
13.32302875075647597054055342374544487022526726818880376741953217497376 3.5 -3.620601985903332098582525437624136031951816626110190894281007468348382e-68
12.32302875075647597054055342374544487022526726818880376741953217497376 3.5 -3.705850109906658616229832130383589877157177986647400384158018056878817e-68
11.32302875075647597054055342374544487022526726818880376741953217497376 3.5 -3.243500879609435223929850591706984906957970442866263848925276598526028e-68
10.32302875075647597054055342374544487022526726818880376741953217497376 3.5 -3.243500879609435223929850591706984906957970442866263848925276598526028e-68
9.323028750756475970540553423745444870225267268188803767419532174973757 3.5 -1.762145178764121127265773706114507072335053365058688654583352483761902e-68
8.323028750756475970540553423745444870225267268188803767419532174973757 3.5 2.025057968212642349222286154263017984595506055603928750302149275060311e-69
7.323028750756475970540553423745444870225267268188803767419532174973757 3.5 -1.931074189824931961816158101545759360950547074738608311484615858053289e-69
6.323028750756475970540553423745444870225267268188803767419532174973757 3.5 -3.202772022592707643356988039676537357337025155307376326078977486277323e-69
5.323028750756475970540553423745444870225267268188803767419532174973757 3.5 -5.961791321514211100718812259752016593775491553575319606869755432024547e-69
16.32302875075647597054055342374544487022526726818880376741953217497376 4.5 -1.24524526042005055196458666985657334541020616994400900283562742974109e-68
15.32302875075647597054055342374544487022526726818880376741953217497376 4.5 -1.168092112242684303988872808612695997940960159626248844199230882290878e-68
14.32302875075647597054055342374544487022526726818880376741953217497376 4.5 -1.822729477434776170169083616429087661578802750872417169543591670791811e-69
13.32302875075647597054055342374544487022526726818880376741953217497376 4.499999999999999999999999999999999999999999999999999999999999999999999 -1.303877285593088440183839170655515434324550180062413418362080241733023e-69
12.32302875075647597054055342374544487022526726818880376741953217497376 4.499999999999999999999999999999999999999999999999999999999999999999999 -4.241064670568037010287837098266608520748319970345427324518376976432794e-69
11.32302875075647597054055342374544487022526726818880376741953217497376 4.500000000000000000000000000000000000000000000000000000000000000000001 3.397807175964167719881278314194739601896462463501784166198069693426453e-68
10.32302875075647597054055342374544487022526726818880376741953217497376 4.5 -2.413337372662734855953459478469269343351166329570257847034858312031968e-68
9.323028750756475970540553423745444870225267268188803767419532174973757 4.5 3.037873417795364435762954074252279848557267849124184680977010139322227e-69
8.323028750756475970540553423745444870225267268188803767419532174973757 4.5 1.959298461991086789256898013085424102229454164471069699524575961387326e-69
7.323028750756475970540553423745444870225267268188803767419532174973757 4.5 -2.170234149285113980958429927567848804760159439778661453943265376636783e-69
6.323028750756475970540553423745444870225267268188803767419532174973757 4.5 -2.346847092241488315925022773202468253698497818136001025882040600447281e-69
16.32302875075647597054055342374544487022526726818880376741953217497376 5.5 2.846940249140413399698116395533062383709470386417616591090011190737278e-69
15.32302875075647597054055342374544487022526726818880376741953217497376 5.5 -1.168092112242684303988872808612695997940960159626248844199230882290878e-68
14.32302875075647597054055342374544487022526726818880376741953217497376 5.5 -2.341581669276463900154328062202659888833055321682420920725103099850599e-69
13.32302875075647597054055342374544487022526726818880376741953217497376 5.5 2.982725422490817535893082757575881820093060406853781165252860550179423e-68
12.32302875075647597054055342374544487022526726818880376741953217497376 5.5 2.784254174048007496979900950645421275079752576084304913792474668686354e-68
11.32302875075647597054055342374544487022526726818880376741953217497376 5.500000000000000000000000000000000000000000000000000000000000000000001 2.982725422490817535893082757575881820093060406853781165252860550179423e-68
10.32302875075647597054055342374544487022526726818880376741953217497376 5.500000000000000000000000000000000000000000000000000000000000000000001 2.905572274313451287917368896332004472623814396536021006616464002729211e-68
9.323028750756475970540553423745444870225267268188803767419532174973756 5.5 4.150817534733501839881955566188577818034020566480030009452091432470301e-69
8.323028750756475970540553423745444870225267268188803767419532174973756 5.5 3.862975959924531269665887680451368341055949863304355089691259774571781e-69
7.323028750756475970540553423745444870225267268188803767419532174973756 5.5 2.785869522649950992616145507061006395612035836885944715708544355788475e-69
16.32302875075647597054055342374544487022526726818880376741953217497376 6.5 -1.906549438656666674924837672990765098026361633795682064972588183836261e-69
15.32302875075647597054055342374544487022526726818880376741953217497376 6.5 -8.688450549732912149543487814436206435178564921756745626095653257186854e-70
14.32302875075647597054055342374544487022526726818880376741953217497376 6.5 7.71531481773662479757138612438773474692460103177601586363965474502127e-70
13.32302875075647597054055342374544487022526726818880376741953217497376 6.5 1.231828559733676000306032288703282854633464678447794123377105549043861e-68
12.32302875075647597054055342374544487022526726818880376741953217497376 6.5 -3.00174747957365863642369110827892524557458824162251235609668112497845e-69
11.32302875075647597054055342374544487022526726818880376741953217497376 6.500000000000000000000000000000000000000000000000000000000000000000001 2.982725422490817535893082757575881820093060406853781165252860550179423e-68
10.32302875075647597054055342374544487022526726818880376741953217497376 6.500000000000000000000000000000000000000000000000000000000000000000001 8.301635069467003679763911132377155636068041132960060018904182864940602e-69
9.323028750756475970540553423745444870225267268188803767419532174973757 6.5 2.777679618818147220601236588663556278692611862234667176935046593843406e-69
8.323028750756475970540553423745444870225267268188803767419532174973757 6.5 1.049816086559565234090640289367914354974648399818224357525643771525831e-69
16.32302875075647597054055342374544487022526726818880376741953217497376 7.5 1.529939285334091891934398309409879583781153208585770661944628548814818e-68
15.32302875075647597054055342374544487022526726818880376741953217497376 7.5 -2.198985934863736085761164268639517854720744909430104697043703470545395e-69
14.32302875075647597054055342374544487022526726818880376741953217497376 7.5 8.301635069467003679763911132377155636068041132960060018904182864940602e-69
13.32302875075647597054055342374544487022526726818880376741953217497376 7.5 9.073166551240666159521049744815929110760501236137661605268148339442729e-69
12.32302875075647597054055342374544487022526726818880376741953217497376 7.5 9.073166551240666159521049744815929110760501236137661605268148339442729e-69
11.32302875075647597054055342374544487022526726818880376741953217497376 7.500000000000000000000000000000000000000000000000000000000000000000001 1.737480162070766983928496087719308474682854236909772162417233120438333e-68
10.32302875075647597054055342374544487022526726818880376741953217497376 7.500000000000000000000000000000000000000000000000000000000000000000001 9.554145241313817386531690847930150471614722144025977232376703971863957e-69
9.323028750756475970540553423745444870225267268188803767419532174973757 7.5 1.054590316554383884472102902557496835607570006564440796338368611357464e-68
16.32302875075647597054055342374544487022526726818880376741953217497376 8.50000063424559000000000000094903991573083204815656880416902160857926 -1.555914700784583729740508593341778217049563748505754382719674438266397e-78
15.32302875075647597054055342374544487022526726818880376741953217497376 8.5 -3.10949051064448681356240951476584654900156894541478909836868665445665e-69
14.32302875075647597054055342374544487022526726818880376741953217497376 8.5 1.409240349831618974512115113280969916770346201536998157421758292492554e-69
13.32302875075647597054055342374544487022526726818880376741953217497376 8.5 -6.01311893554920979180707114091622463839882510351766378406598495110248e-70
12.32302875075647597054055342374544487022526726818880376741953217497376 8.5 6.395085630810337004839073459386390538041679499164377953931594681104341e-69
11.32302875075647597054055342374544487022526726818880376741953217497376 8.500000000000000000000000000000000000000000000000000000000000000000001 1.054590316554383884472102902557496835607570006564440796338368611357464e-68
10.32302875075647597054055342374544487022526726818880376741953217497376 8.500000000000000000000000000000000000000000000000000000000000000000001 8.839782335413183817671250400809205710616768481127024562389197254378073e-69
16.32302875075647597054055342374544487022526726818880376741953217497376 9.500000922404053500000000002423380700838995529219434899975860538476328 -4.620194545752736861124025604501750215513330927578671370028923032379063e-70
15.32302875075647597054055342374544487022526726818880376741953217497376 9.500000920776309000000000000807793566946385682828542278802432077623465 -2.250142884055350256900410387514726069524667054845136790361347855235842e-69
14.32302875075647597054055342374544487022526726818880376741953217497376 9.500000132140990000000000000688445840922028309034121928024661373593982 -2.25014288414513320457242646798890938956123292846630053081793781808902e-69
13.32302875075647597054055342374544487022526726818880376741953217497376 9.5 -5.998395680332219893897331163587801444157439318792743834104812765816468e-70
12.32302875075647597054055342374544487022526726818880376741953217497376 9.5 -5.769906970623418668376487806959862656873394210950474525699651468731173e-70
11.32302875075647597054055342374544487022526726818880376741953217497376 9.500000000000000000000000000000000000000000000000000000000000000000001 1.054590316554383884472102902557496835607570006564440796338368611357464e-68
16.32302875075647597054055342374544487022526726818880376741953217497376 10.50000092240405350000000000242338070083899552921943489997586053847633 -1.478549375426550657106469379493989117670810655593123702020439136961518e-78
15.32302875075647597054055342374544487022526726818880376741953217497376 10.50000092077630900000000000080779356694638568282854227880243207762346 1.35815060289417531395913096968145707703108623324367017146238452600218e-69
14.32302875075647597054055342374544487022526726818880376741953217497376 10.50000081266389399999999999950946842282632224559719956229954850625719 2.392018585887295796677484160754431512028264609731087998436324408842619e-69
13.32302875075647597054055342374544487022526726818880376741953217497376 10.5 -6.030412794003116515898447528801404500034514133093443502523373579928754e-70
12.32302875075647597054055342374544487022526726818880376741953217497376 10.5 -5.752530350345021642510682282103003256740627027951878024060406108064983e-70
16.32302875075647597054055342374544487022526726818880376741953217497376 11.50000139728770600000000000021665210533755170611610941151175592970077 1.782248641501561478844715279099578464445290232647992927093781656275485e-69
15.32302875075647597054055342374544487022526726818880376741953217497376 11.50000092241183799999999999957362139256450538438912801318782312453148 -6.005712036739827662108146597123898527472642794267687349743266825163929e-70
14.32302875075647597054055342374544487022526726818880376741953217497376 11.50000092078408899999999999903549559696895651497328790455343457430508 -6.056248012718143232851582468136626873463827511617916613305998022168091e-70
13.32302875075647597054055342374544487022526726818880376741953217497376 11.5 -6.026982719279187929870773695866962889885663399836528914998432184545313e-70
16.322924264595960000004792173602385929598312941379845142364501953125 12.5000784700279081029613111168288241970003582537174224853515625 0.00819958161232524966225113759212816596443687516613718669750712865734238
15.322498745090194000004792173602385929598312941379845142364501953125 12.50000442978420074687497344880543481693280227773357182741165161132812 0.0002875107258760453668826401750042740519714490166044387466896914061979183
14.322132004595107000004792173602385929598312941379845142364501953125 12.500106759680936000004792173602385929598312941379845142364501953125 0.004042444728622200554424209695825221291074710184651539256211731214994204
16.32302524175298483350735967437972195881457082577981054782867431640625 13.500533684909481000004792173602385929598312941379845142364501953125 0.0002875107259381401204142399271198509588198897365727174016833633354815342
15.32302424420737789080842979756422184145492337847827002406120300292969 13.500005432694305491366019264902309515719025512225925922393798828125 0.0002875107258678319453276254774310054417678710912995464788232363357464711
16.322176822774733000004792173602385929598312941379845142364501953125 14.500564736476480000004792173602385929598312941379845142364501953125 0.00256261300682823236225113759212816596443687516613718669750712865734238
16.303652198721659999995207826397614070401687058620154857635498046875 16.301961579113939999995207826397614070401687058620154857635498046875 -0.7639240342594382323622511375921281659644368751661371866975071286573424
0.6159544281137233999999997582945345763645400756460586768421945422379671 0.5 2.289242244904176944659180385547707665999820731204775462528780548749956e-80
0.5 1.5 -7.07572413845721684342001364296414317279049299767980311285973969726524e-81
14.780229804166151000004792173602385929598312941379845142364501953125 16.140805572676040000004792173602385929598312941379845142364501953125 28.67355448553056176763774886240787183403556312483386281330249287134266
15.461995648412657000004792173602385929598312941379845142364501953125 15.373357952975683000004792173602385929598312941379845142364501953125 28.74575128958964323236225113759212816596443687516613718669750712865734
1.348660807494232689717540278532827237134584210797469747295519249215098 2.434251248775943044341728418712790273680558061604133294003318512400529 25.1127356640043186303155580403330342968090372516663233833696298557075
1.664937593669113497816295718942223280601050879340386628785198362243268 1.47809850943475087287972096643807087689924840224479550430578076302078 25.1127356640043186303155580403330342968090372516663233833696298557075
2.049967241827000870719188946674288504911934559209684813272806040820203 3.294251987883517511727592244378772029568062467083794524135403502121309 25.11273566400431863031555804033303429680903725166632338336962985570751
2.474367943262243280823013145212617633090683057391334020124012925758658 2.388777501980532926198825005032654596544709206584670473416213662573228 25.11273566400431863031555804033303429680903725166632338336962985570746
2.750946504510864888372784474903502777229630622074099485502613593325081 4.154950759721932627818261918027544965438875426706964191022983937654234 25.11273566400431863031555804033303429680903725166632338336962985570751
3.175497527136930184414051837505236551795726361179804170324241928864747 3.249155558036621641328735169085219294464522484190009802665351496725803 25.11273566400431863031555804033303429680903725166632338336962985570748
3.658615179321963460758723778513779134989824910145337490571745471364341 4.574670078523193462400778387653976961579040823886645562355242788542013 25.1127356640043186303155580403330342968090372516663233833696298557075
4.084838948106018889389941723912035639063300615511917853368543941225393 3.665306011465299157836017045872963393623053993397461515757170411378708 25.11273566400431863031555804033303429680903725166632338336962985570743
4.358054596395521818251253522303328473489988516533238995946569463578493 5.438654167533908856603144094249064669521819776224766191250780366501326 25.11273566400431863031555804033303429680903725166632338336962985570757
4.78245529783076422835507772084165760166873701471488820279777634851695 4.533179681630924271074376854902947236498466515725642140531590526953244 25.11273566400431863031555804033303429680903725166632338336962985570753
5.059361030728289999252902190444789741267338864945454061923856255183599 6.298654906641483323989007919915046425409324181704427421382865356222104 25.11273566400431863031555804033303429680903725166632338336962985570752
5.483762366424068379679317162939360241107888811297810252872354963358639 5.393180718019781148154304503793775434683164211782977993914096444356841 25.11273566400431863031555804033303429680903725166632338336962985570753
5.760667465061058180254550858586251009044689213357669127901143046788704 7.158655645749057791374871745581028181296828587184088651514950345942884 25.11273566400431863031555804033303429680903725166632338336962985570762
6.185068800756836560680965831080821508885239159710025318849641754963742 6.253181457127355615540168329459757190570668617262639224046181434077621 25.11273566400431863031555804033303429680903725166632338336962985570762
6.664938014807621192396050339668701542003834567662541185692914610802762 7.585624989197871846018120368923580075612146075220462389120957304136148 25.11273566400431863031555804033303429680903725166632338336962985570763
7.103336153964163499995207826397614070401687058620154857635498046875 6.679271464998980999995207826397614070401687058620154857635498046875 25.03402163623672876763774886240787183403556312483386281330249287134266
7.367448385296810946784966766073829709845392822269008244597619677941888 8.443057086291874668864559769785339065363081490845399088498242220602121 25.11273566400431863031555804033303429680903725166632338336962985570755
7.818886857562812294457878868209511409441366143008438341692722457636758 7.550255347202265100719925771202259608981932289446965959416817540250554 25.11273566400431863031555804033303429680903725166632338336962985570762
8.06875481962957912778661543421529097762274317068122331057490646954699 9.303057825399449136250423595451320821250585896325060318630327210322901 25.11273566400431863031555804033303429680903725166632338336962985570766
8.520193291895580475459527536350972677218716491420653407670009249241861 8.410256086309839568105789596868241364869436694926627189548902529971332 25.11273566400431863031555804033303429680903725166632338336962985570766
8.770061253962347308788264102356752245400093519093438376552193261152093 10.16305856450702360363628742111730257713809030180472154876241220004368 25.11273566400431863031555804033303429680903725166632338336962985570766
9.221499726228348656461176204492433944996066839832868473647296040846964 9.270256825417414035491653422534223120756941100406288419680987519692112 25.11273566400431863031555804033303429680903725166632338336962985570765
9.669376281171625419531477481812210607109850553450926644290438514437926 10.60060069731894234724276138595668622044381386061516211595759769142798 25.11273566400431863031555804033303429680903725166632338336962985570766
10.12087382798499719229098382837282707162617045357552434150130160373296 9.707672920512549341915325042554682072860866872625312279497435807107359 25.11273566400431863031555804033303429680903725166632338336962985570765
10.37684217419810007531868000984433094620079712800477749324866989230528 11.44746000504984048112597544532161346120434320546603198574570407470292 25.11273566400431863031555804033303429680903725166632338336962985570765
10.82828064646410142299159211198001264579677044874420759034377267200015 10.55465826596023091298134144673853400482319400406759885666427939435135 25.11273566400431863031555804033303429680903725166632338336962985570766
11.07814860853086825632032867798579221397814747641699255922595668391038 12.30746074415741494851183927098759521709184761094569321587778906442369 25.11273566400431863031555804033303429680903725166632338336962985570765
11.52958708079686960399324078012147391357412079715642265632105946360525 11.41465900506780538036720527240451576071069840954726008679636438407213 25.11273566400431863031555804033303429680903725166632338336962985570765
11.80676902614488744059037174696616791090960582435990641977797133485086 13.13437325290891149023837167527922298134517776932552675834386362330673 31.88231058262725422801450632521407903557705513571860168510548152808974
12.27242815048774162255246874815565073036474798039188525257223690745215 12.24635177892448512784888042721429141432335119840043606056393949592788 31.8823105826272542280145063252140790355770551357186016851054815280897
12.66974994477988337477013850347129508833177169435657560825347900390625 13.647978490578831000004792173602385929598312941379845142364501953125 31.60729600191452823236225113759212816596443687516613718669750712865734
13.134121308353132000004792173602385929598312941379845142364501953125 12.759296449298940000004792173602385929598312941379845142364501953125 31.61274721667824123236225113759212816596443687516613718669750712865734
13.3532234706284136822836387474726649315925897099077701568603515625 14.4478686679040545302032912268970221703057177364826202392578125 31.45765747841193823236225113759212816596443687516613718669750712865734
14.0312164081158416109638336503631084184462451958097517490386962890625 13.686411115540418000004792173602385929598312941379845142364501953125 31.07165055135006223236225113759212816596443687516613718669750712865734
14.06483255111818735199879766524838387656888866665921539963195483901763 15.30129477107811064013308166932247460846543885622531683782671818502656 25.08651821687962809738373728576436236369730111363092061403068913495966
14.75420553319116164800120233475161612343111133334078460036804516098237 14.51986623459406635986691833027362860806138579056524679650862628021829 25.08651821687962809738373728576436236369730111363092061403068913495966
