270 16.93780722844602911054018933623009836760233936817184938860317424019424
0.5 16.28172629544332400000000000469845555149615796730826237505442947370057 4.562893552859592908112566713754102434954603992917259420521415834498269e-79
1.5 16.43780722844602911054018933623009836760233936817184938860317424019424 4.213724942055604632311857321089161342717458262435456629595103982189671e-79
16.13152160306099600000000000496016015680348726860856682353854164523308 0.5 0.0
16.43780722844602911054018933623009836760233936817184938860317424019424 1.5 -1.319933979821992611390163730446558322054082993408227563898276377202399e-78
0.5 11.5 2.568393036463399591950289952467809942088722465247952611983219655157042e-77
0.5 10.5 2.527838133808066078913686803498305113822043650830008204438054620533979e-77
0.5 9.5 2.533878368297452138839406485227094373353279119529721485691192146508971e-77
1.5 9.5 2.530858251052759108876546644362699743587661385179864845064623383521475e-77
0.5 8.5 2.535272714911457969559583361858738529687010880308754639751908172415847e-77
1.5 8.5 2.530858251052759108876546644362699743587661385179864845064623383521475e-77
2.5 8.5 2.530858251052759108876546644362699743587661385179864845064623383521475e-77
0.5 7.5 2.605668262668824049896976609147979401350538828400545132833266905713217e-77
1.5 7.5 2.552028864773912538611369073443980703451580786399267164007403640230581e-77
2.5 7.5 2.549008747529219508648509232579586073685963052049410523380834877243086e-77
3.5 7.5 2.506727106103517089168471460478061256967314771151417554608872195418145e-77
0.5 6.5 2.601114586644133886113748029447626804787484590505936634095722585079875e-77
1.5 6.5 2.60636118217008485794804266597256548772810474392628086072884245820887e-77
2.5 6.5 2.54897895452091728865370568954906752218136779127900468882403596144645e-77
3.5 6.5 2.54897895452091728865370568954906752218136779127900468882403596144645e-77
4.628460667466890278400528251335436637453321070718442947876626513663639 6.876383886699780554332938750594446932345047236134027150592796164366489 -17.72004024475290062027613625804848899666742813302277274444248530501865
0.5 5.5 2.557677625869443407897843938972395834682505029116158203878331452114521e-77
1.5 5.5 2.54598863028452647868564939171519144392034531769955388275426611425559e-77
2.5 5.5 2.54598863028452647868564939171519144392034531769955388275426611425559e-77
3.5 5.5 2.54598863028452647868564939171519144392034531769955388275426611425559e-77
4.628460667466890278400528251335436637453321070718442947876626513663639 5.826575829367052363182297457987731158554561889295011937628836874789293 -17.72004024475290062027613625804848899666742813302277274444248530501865
0.5 4.5 2.509580616839281926588043926167292832788372516774834414871952428131307e-77
1.5 4.5 2.509231820796785763516307440439871701321355071820473166311747577898342e-77
2.5 4.5 2.515217294024632244319196409054783541162328278290669885171504946664639e-77
3.5 4.5 2.506727106103517089168471460478061256967314771151417554608872195418145e-77
4.5 4.5 2.551888207812075658843027420777753374395699413962944437443252424492733e-77
0.5 3.5 9.060351734079089888579522593183889296853203049569921879706288962487381e-80
1.5 3.5 2.509039876936475508678550162126220528695128487376541050174342709858131e-77
2.5 3.5 2.495544960817737878518415926312275982131089656947002575379239823688057e-77
3.5 3.5 -5.246628068449433582015866645246082959762871090026237596080526893597598e-76
4.5 3.5 2.550433581166496473748366555163410448288533602620974563133644192969591e-77
5.5 3.5 0.0
0.5 2.5 1.208046897877211985143936345757851906247093739942656250627505194998317e-79
1.5 2.5 6.070027497688279920523224759307811035830729470119115809936441771627428e-80
2.5 2.5 2.259544735843039483467975166510533446648995179096635869558957243561212e-79
3.5 2.5 -5.311636747301543180168422025735840539157754593393662546578179519255288e-76
4.5 2.5 2.550433581166496473748366555163410448288533602620974563133644192969591e-77
5.5 2.5 0.0
6.5 2.5 -1.507079321516292981949566129145459732349341097887736857604489914084313e-79
0.5 1.5 9.060351734079089888579522593183889296853203049569921879706288962487381e-80
1.5 1.5 -2.470352724932199574139151482515529794289177245211853041504261773320751e-80
2.5 1.5 8.40823382682776429032895884290523670309564080973721725225168815711416e-80
3.5 1.5 -5.667738786327176673603630976361756433640955122158702661364409429050524e-76
4.5 1.5 1.099940335463810235603304359678178760726706948249772799987516425711767e-79
5.5 1.5 2.93632741602610859066393207857421139781517971356536419968087556000563e-79
6.5 1.5 4.279338219760587421738690796096735052852858401167643772814264224018259e-79
7.5 1.5 3.926152418100938951717793123713018695303054654813632814539391883744532e-79
0.5 0.5 1.208046897877211985143936345757851906247093739942656250627505194998317e-79
1.5 0.5 6.070027497688279920523224759307811035830729470119115809936441771627428e-80
2.5 0.5 1.513037923176736980910274735249170033268393251968903768964273073411481e-79
3.5 0.5 -1.272921993689773034035027784310482467404780568687358701417506079063014e-81
4.5 0.5 4.906295615138191869163666063790132010059668507821306784491708827998578e-80
5.5 0.5 3.311042573808866981792013987263214987050896618250615488490409292124107e-79
6.5 0.5 4.624185582031130776831017113760526584182169254318128118200656294026353e-79
7.5 0.5 4.53017586703954494428976129659194464842660152478496093985314448124369e-79
8.5 0.5 3.020117244693029962859840864394629765617734349856640626568762987495794e-79
9.5 0.5000108506944044000000000050600973148914713967082488967109872988919558 2.341083776372961921015579169506703365040390912668133316320382829372842e-79
3.437807228446029110540189336230098367602339368171849388603174240194242 16.43780722844602911054018933623009836760233936817184938860317424019424 -8.70876176492090611242323135911452407805904888749701120452365985053507e-74
4.437807228446029110540189336230098367602339368171849388603174240194242 16.43780722844602911054018933623009836760233936817184938860317424019424 -8.70876176492090611242323135911452407805904888749701120452365985053507e-74
5.437807228446029110540189336230098367602339368171849388603174240194242 16.43780722844602911054018933623009836760233936817184938860317424019424 -1.637556861122035947757527762607210301135745693091263246076586207434353e-97
6.437807228446029110540189336230098367602339368171849388603174240194242 16.43780722844602911054018933623009836760233936817184938860317424019424 -8.519081936473020944801254404143691566117758845029833614328920106096855e-99
7.437807228446029110540189336230098367602339368171849388603174240194242 16.43780722844602911054018933623009836760233936817184938860317424019424 0.0
8.437807228446029110540189336230098367602339368171849388603174240194242 16.43780722844602911054018933623009836760233936817184938860317424019424 -1.057312299335394608473927564199673886272819810847492338200924771114657e-80
9.437807228446029110540189336230098367602339368171849388603174240194242 16.43780722844602911054018933623009836760233936817184938860317424019424 -5.146086497453262702795545803113127864307619797157324802673071729861633e-74
10.43780722844602911054018933623009836760233936817184938860317424019424 16.43780722844602911054018933623009836760233936817184938860317424019424 -5.159832708721264227669244206834105177611523697106817148088820232292548e-74
11.43780722844602911054018933623009836760233936817184938860317424019424 16.43780722844602911054018933623009836760233936817184938860317424019424 1.773420577583893608348003476765139448622933591635755008921181642290778e-72
12.43780722844602911054018933623009836760233936817184938860317424019424 16.43780722844602911054018933623009836760233936817184938860317424019424 1.773420577583893608348003476765139448622933591635755008921181642290778e-72
13.43780722844602911054018933623009836760233936817184938860317424019424 16.43780722844602911054018933623009836760233936817184938860317424019424 1.799884693724845789622059731474924604308075458760692731945085128166193e-72
14.43780722844602911054018933623009836760233936817184938860317424019424 16.43780722844602911054018933623009836760233936817184938860317424019424 1.821333624352789259551607818391044972500128718245482351933174435226016e-72
15.43780722844602911054018933623009836760233936817184938860317424019424 16.43780722844602911054018933623009836760233936817184938860317424019424 1.807903272469698682758821917831285571484121540177256350464141594720306e-72
16.43780722844602911054018933623009836760233936817184938860317424019424 16.43780722844602911054018933623009836760233936817184938860317424019424 -1.257347628432837215658339446440363959074457580353465040507991942949117e-78
4.437807228446029110540189336230098367602339368171849388603174240194242 15.43780722844602911054018933623009836760233936817184938860317424019424 -8.856176677958609295720388248003459832997111523587093284312550941801931e-74
5.437807228446029110540189336230098367602339368171849388603174240194242 15.43780722844602911054018933623009836760233936817184938860317424019424 -9.242061203074949501887486476451866354799948918700346613240477201801152e-74
6.437807228446029110540189336230098367602339368171849388603174240194242 15.43780722844602911054018933623009836760233936817184938860317424019424 -1.637556861122035947757527762622850729992492726441077909253372071790516e-97
7.437807228446029110540189336230098367602339368171849388603174240194242 15.43780722844602911054018933623009836760233936817184938860317424019424 -5.541939304949667526087510864891060776946667473861734402878692632158681e-74
8.437807228446029110540189336230098367602339368171849388603174240194242 15.43780722844602911054018933623009836760233936817184938860317424019424 7.843577585439696416594363593783923792924273417078488768742531190720968e-80
9.437807228446029110540189336230098367602339368171849388603174240194242 15.43780722844602911054018933623009836760233936817184938860317424019424 -4.856865639397160374256982882268387653138678833011140702233654396540855e-74
10.43780722844602911054018933623009836760233936817184938860317424019424 15.43780722844602911054018933623009836760233936817184938860317424019424 1.762425003187522092979372936165882345466757843502623366817372595393586e-72
11.43780722844602911054018933623009836760233936817184938860317424019424 15.43780722844602911054018933623009836760233936817184938860317424019424 1.773420577583893608348003476765139448622933591635755008921181642290778e-72
12.43780722844602911054018933623009836760233936817184938860317424019424 15.43780722844602911054018933623009836760233936817184938860317424019424 3.958528074964048232919650617779329126390476767044096002056209022970487e-74
13.43780722844602911054018933623009836760233936817184938860317424019424 15.43780722844602911054018933623009836760233936817184938860317424019424 1.773420577583893608348003476765139448622933591635755008921181642290778e-72
14.43780722844602911054018933623009836760233936817184938860317424019424 15.43780722844602911054018933623009836760233936817184938860317424019424 1.744012740945139222784934535311462336330954601601126734401051776927034e-72
15.43780722844602911054018933623009836760233936817184938860317424019424 15.43780722844602911054018933623009836760233936817184938860317424019424 1.806074414098646072011084911576842814956579172076986542170848341281366e-72
16.43780722844602911054018933623009836760233936817184938860317424019424 15.43780722844602911054018933623009836760233936817184938860317424019424 -1.92473297965969015011125373713515774783571875283068829802603026974874e-78
5.437807228446029110540189336230098367602339368171849388603174240194242 14.43780722844602911054018933623009836760233936817184938860317424019424 -9.388921550149128441634105496072952797677315283090579556633988367684849e-74
6.437807228446029110540189336230098367602339368171849388603174240194242 14.43780722844602911054018933623009836760233936817184938860317424019424 -9.358963933193519153979451568204110037600334728018950273690432441704377e-74
7.437807228446029110540189336230098367602339368171849388603174240194242 14.43780722844602911054018933623009836760233936817184938860317424019424 -5.782210266238031497019871238831957442505011903086150448364321549956747e-74
8.437807228446029110540189336230098367602339368171849388603174240194242 14.43780722844602911054018933623009836760233936817184938860317424019424 -6.058055724109777147301943568125209558622040485993132560396180531555995e-74
9.437807228446029110540189336230098367602339368171849388603174240194242 14.43780722844602911054018933623009836760233936817184938860317424019424 -4.645910020784547203559029354080594218970775901587744683742090183554152e-74
10.43780722844602911054018933623009836760233936817184938860317424019424 14.43780722844602911054018933623009836760233936817184938860317424019424 -6.612724562365212017617863153515587256035294710566005679511352776631904e-74
11.43780722844602911054018933623009836760233936817184938860317424019424 14.43780722844602911054018933623009836760233936817184938860317424019424 0.0
12.43780722844602911054018933623009836760233936817184938860317424019424 14.43780722844602911054018933623009836760233936817184938860317424019424 0.0
13.43780722844602911054018933623009836760233936817184938860317424019424 14.43780722844602911054018933623009836760233936817184938860317424019424 -6.333644919942477172671440988446926602224762827270553603289934436752779e-74
14.43780722844602911054018933623009836760233936817184938860317424019424 14.43780722844602911054018933623009836760233936817184938860317424019424 1.729681106887684239640363174117347464694873358882964466632619671691101e-72
15.43780722844602911054018933623009836760233936817184938860317424019424 14.43780722844602911054018933623009836760233936817184938860317424019424 -1.872472691709678576973101335924670454682995296911117188472633052247392e-78
16.43780722844602911054018933623009836760233936817184938860317424019424 14.43780722844602911054018933623009836760233936817184938860317424019424 -1.879490236468611925172364968318014242891830402819565151774014959809931e-78
6.437807228446029110540189336230098367602339368171849388603174240194242 13.43780722844602911054018933623009836760233936817184938860317424019424 -9.500467379913715759007161482670389903337144240905830404934901655129168e-74
7.437807228446029110540189336230098367602339368171849388603174240194242 13.43780722844602911054018933623009836760233936817184938860317424019424 -9.500467379913715759007161482670389903337144240905830404934901655129168e-74
8.437807228446029110540189336230098367602339368171849388603174240194242 13.43780722844602911054018933623009836760233936817184938860317424019424 -9.458524302791720363673587929570751955306484688699227841338272839283913e-74
9.437807228446029110540189336230098367602339368171849388603174240194242 13.43780722844602911054018933623009836760233936817184938860317424019424 -9.500467379913715759007161482670389903337144240905830404934901655129168e-74
10.43780722844602911054018933623009836760233936817184938860317424019424 13.43780722844602911054018933623009836760233936817184938860317424019424 -4.040376404417142869575058311920836902446676645454571191155521154634594e-74
11.43780722844602911054018933623009836760233936817184938860317424019424 13.43780722844602911054018933623009836760233936817184938860317424019424 -3.958528074964048232919650617779329126390476767044096002056209022970487e-74
12.43780722844602911054018933623009836760233936817184938860317424019424 13.43780722844602911054018933623009836760233936817184938860317424019424 -5.541939304949667526087510864891060776946667473861734402878692632158681e-74
13.43780722844602911054018933623009836760233936817184938860317424019424 13.43780722844602911054018933623009836760233936817184938860317424019424 -7.917056149928096465839301235558658252780953534088192004112418045940973e-74
14.43780722844602911054018933623009836760233936817184938860317424019424 13.43780722844602911054018933623009836760233936817184938860317424019424 1.634676433088547082050291559290643565661501916473906162583270655139809e-72
15.43780722844602911054018933623009836760233936817184938860317424019424 13.43780722844602911054018933623009836760233936817184938860317424019424 1.634676433088547082050291559290643565661501916473906162583270655139809e-72
16.43780722844602911054018933623009836760233936817184938860317424019424 13.43780722844602911054018933623009836760233936817184938860317424019424 -1.812070346815817977715904518636777859370640609913984375941257792497476e-78
6.437807228446029110540189336230098367602339368171849388603174240194242 12.43780722844602911054018933623009836760233936817184938860317424019424 -1.233819901668217870768663987521443341038439536884687338330890279183137e-73
7.437807228446029110540189336230098367602339368171849388603174240194242 12.43780722844602911054018933623009836760233936817184938860317424019424 -1.187558422489214469875895185333798737917143030113228800616862706891146e-73
8.437807228446029110540189336230098367602339368171849388603174240194242 12.43780722844602911054018933623009836760233936817184938860317424019424 -1.187558422489214469875895185333798737917143030113228800616862706891146e-73
9.437807228446029110540189336230098367602339368171849388603174240194242 12.43780722844602911054018933623009836760233936817184938860317424019424 -2.216775721979867010435004345956424310778666989544693761151477052863472e-73
10.43780722844602911054018933623009836760233936817184938860317424019424 12.43780722844602911054018933623009836760233936817184938860317424019424 -2.270206922666570137501466588715275466617217127662885857832761356213354e-73
11.43780722844602911054018933623009836760233936817184938860317424019424 12.43780722844602911054018933623009836760233936817184938860317424019424 -1.108387860989933505217502172978212155389333494772346880575738526431736e-73
12.43780722844602911054018933623009836760233936817184938860317424019424 12.43780722844602911054018933623009836760233936817184938860317424019424 -1.108387860989933505217502172978212155389333494772346880575738526431736e-73
13.43780722844602911054018933623009836760233936817184938860317424019424 12.43780722844602911054018933623009836760233936817184938860317424019424 -1.108387860989933505217502172978212155389333494772346880575738526431736e-73
14.43780722844602911054018933623009836760233936817184938860317424019424 12.43780722844602911054018933623009836760233936817184938860317424019424 -1.108387860989933505217502172978212155389333494772346880575738526431736e-73
15.43780722844602911054018933623009836760233936817184938860317424019424 12.43780722844602911054018933623009836760233936817184938860317424019424 1.71008412838446883662128906688067018260068596336304947288828229792325e-72
16.43780722844602911054018933623009836760233936817184938860317424019424 12.43780722844602911054018933623009836760233936817184938860317424019424 -1.932875036603539176230298153212563049995349983908250001004008311997308e-78
6.437807228446029110540189336230098367602339368171849388603174240194242 11.43592081038731579226031719798905213530811306129363531186455266216213 -9.578732128555651017216819823558135318443139567028024911312370193929796e-74
7.437807228446029110540189336230098367602339368171849388603174240194242 11.43780722844602911054018933623009836760233936817184938860317424019424 -1.070759198956341404343547125322612499503078610254960783214613149672047e-73
8.437807228446029110540189336230098367602339368171849388603174240194242 11.43780722844602911054018933623009836760233936817184938860317424019424 -1.266728983988495434534288197689385320444952565454110720657986887350556e-73
9.437807228446029110540189336230098367602339368171849388603174240194242 11.43780722844602911054018933623009836760233936817184938860317424019424 -1.149929760455622369001940137678199082030888145595842703255737330131457e-73
10.43780722844602911054018933623009836760233936817184938860317424019424 11.43780722844602911054018933623009836760233936817184938860317424019424 -2.533457967976990869068576395378770640889905130908221441315973774701111e-73
11.43780722844602911054018933623009836760233936817184938860317424019424 11.43780722844602911054018933623009836760233936817184938860317424019424 -1.187558422489214469875895185333798737917143030113228800616862706891146e-73
12.43780722844602911054018933623009836760233936817184938860317424019424 11.43780722844602911054018933623009836760233936817184938860317424019424 -1.266728983988495434534288197689385320444952565454110720657986887350556e-73
13.43780722844602911054018933623009836760233936817184938860317424019424 11.43780722844602911054018933623009836760233936817184938860317424019424 -2.533457967976990869068576395378770640889905130908221441315973774701111e-73
14.43780722844602911054018933623009836760233936817184938860317424019424 11.43780722844602911054018933623009836760233936817184938860317424019424 2.375116844978428939751790370667597475834286060226457601233725413782292e-74
15.43780722844602911054018933623009836760233936817184938860317424019424 11.43780722844602911054018933623009836760233936817184938860317424019424 -2.144283243732051273630487013720187133588591388398214844863821721122013e-78
16.43780722844602911054018933623009836760233936817184938860317424019424 11.43780722844602911054018933623009836760233936817184938860317424019424 -1.926867646563068063358296178454821629204279276820905080219352919185512e-78
6.437807228446029110540189336230098367602339368171849388603174240194242 10.39148361067463815509825255970590792156425670978093946172916433292023 -2.586739579738970021584328991063834352208340884430345482879370057597719e-73
7.437807228446029110540189336230098367602339368171849388603174240194242 10.43780722844602911054018933623009836760233936817184938860317424019424 -1.387441444953465262977119174744958829614316751618488463379109871509686e-73
8.437807228446029110540189336230098367602339368171849388603174240194242 10.43780722844602911054018933623009836760233936817184938860317424019424 -1.900093475982743151801432296534077980667428848181166080986980331025834e-73
9.437807228446029110540189336230098367602339368171849388603174240194242 10.43780722844602911054018933623009836760233936817184938860317424019424 -1.91483496728651347013114798542297155616123511179017428896586944015252e-73
10.43780722844602911054018933623009836760233936817184938860317424019424 10.43780722844602911054018933623009836760233936817184938860317424019424 -2.691799090975552798385362420089943805945524201589985281398222135619931e-73
11.43780722844602911054018933623009836760233936817184938860317424019424 10.43780722844602911054018933623009836760233936817184938860317424019424 -2.533457967976990869068576395378770640889905130908221441315973774701111e-73
12.43780722844602911054018933623009836760233936817184938860317424019424 10.43780722844602911054018933623009836760233936817184938860317424019424 -2.533457967976990869068576395378770640889905130908221441315973774701111e-73
13.43780722844602911054018933623009836760233936817184938860317424019424 10.43780722844602911054018933623009836760233936817184938860317424019424 -2.533457967976990869068576395378770640889905130908221441315973774701111e-73
14.43780722844602911054018933623009836760233936817184938860317424019424 10.43780722844602911054018933623009836760233936817184938860317424019424 -1.860508195233102669472235790356284689403524080510725120966418240796129e-73
15.43780722844602911054018933623009836760233936817184938860317424019424 10.43780722844602911054018933623009836760233936817184938860317424019424 -2.612628529476271833726969407734357223417714666249103361357097955160521e-73
16.43780722844602911054018933623009836760233936817184938860317424019424 10.43780722844602911054018933623009836760233936817184938860317424019424 -5.49618583159309302212740278778854048715659905243061880686426488735912e-75
6.437807228446029110540189336230098367602339368171849388603174240194242 9.391483610674638155098252559705907921564256709780939461729164332920233 -2.541284442841184394889542229467545182400504663520440891953720628581174e-73
7.437807228446029110540189336230098367602339368171849388603174240194242 9.437807228446029110540189336230098367602339368171849388603174240194242 -4.237581658927579990679267619546075800615460023890237584859580368048436e-73
8.437807228446029110540189336230098367602339368171849388603174240194242 9.437807228446029110540189336230098367602339368171849388603174240194242 -2.654170428941960697511407372434344150059269317072599184037096758860242e-73
9.437807228446029110540189336230098367602339368171849388603174240194242 9.437807228446029110540189336230098367602339368171849388603174240194242 5.700280427948229455404296889602233942002286544543498242960940993077501e-73
10.43780722844602911054018933623009836760233936817184938860317424019424 9.437807228446029110540189336230098367602339368171849388603174240194242 5.621109866448948490745903877246647359474477009202616322919816812618091e-73
11.43780722844602911054018933623009836760233936817184938860317424019424 9.437807228446029110540189336230098367602339368171849388603174240194242 4.550350667492607086402356751924034859971398398947655539705203662946044e-73
12.43780722844602911054018933623009836760233936817184938860317424019424 9.437807228446029110540189336230098367602339368171849388603174240194242 4.577151075654525631857079027735128211119146786162143154406313357519078e-73
13.43780722844602911054018933623009836760233936817184938860317424019424 9.437807228446029110540189336230098367602339368171849388603174240194242 2.338216590274466313889943459179615589183775240814505238326727614324633e-74
14.43780722844602911054018933623009836760233936817184938860317424019424 9.437807228446029110540189336230098367602339368171849388603174240194242 -1.741752352984181222484646271822904815611809777499402240904731970107014e-73
15.43780722844602911054018933623009836760233936817184938860317424019424 9.437807228446029110540189336230098367602339368171849388603174240194242 -1.704123690950589121610691224167305159725554892982016143543606593347325e-73
16.43780722844602911054018933623009836760233936817184938860317424019424 9.437807228446029110540189336230098367602339368171849388603174240194242 -4.545513689778562669478676159628916980783622090990459092564942901654483e-75
7.437807228446029110540189336230098367602339368171849388603174240194242 8.437807228446029110540189336230098367602339368171849388603174240194242 -1.357639257784066687923861720881963660060625007273919902509285745383645e-73
8.437807228446029110540189336230098367602339368171849388603174240194242 8.437807228446029110540189336230098367602339368171849388603174240194242 -1.199298134785504758607075696170790495005005936592156062427037384464826e-73
9.437807228446029110540189336230098367602339368171849388603174240194242 8.437807228446029110540189336230098367602339368171849388603174240194242 5.896250212980383485595037961969006762944160499742648180404314730756009e-73
10.43780722844602911054018933623009836760233936817184938860317424019424 8.437807228446029110540189336230098367602339368171849388603174240194242 3.721016390466205338944471580712569378807048161021450241932836481592257e-73
11.43780722844602911054018933623009836760233936817184938860317424019424 8.437807228446029110540189336230098367602339368171849388603174240194242 1.425070106987057363851074222400558485500571636135874560740235248269375e-73
12.43780722844602911054018933623009836760233936817184938860317424019424 8.437807228446029110540189336230098367602339368171849388603174240194242 1.345899545487776399192681210044971902972762100794992640699111067809965e-73
13.43780722844602911054018933623009836760233936817184938860317424019424 8.437807228446029110540189336230098367602339368171849388603174240194242 -3.981982163693747981246419177402862341465871200957551728203003250715515e-73
14.43780722844602911054018933623009836760233936817184938860317424019424 8.437807228446029110540189336230098367602339368171849388603174240194242 -3.483504705968362444969292543645809631223619554998804481809463940214028e-73
15.43780722844602911054018933623009836760233936817184938860317424019424 8.437807228446029110540189336230098367602339368171849388603174240194242 -1.842672173574330809762878995789581679149221579828559503615573909151292e-73
16.43780722844602911054018933623009836760233936817184938860317424019424 8.437807228446029110540189336230098367602339368171849388603174240194242 -1.088790882486718102198428065741534873295146099252431886831401152663885e-72
10.43780722844602911054018933623009836760233936817184938860317424019424 7.437807228446029110540189336230098367602339368171849388603174240194242 3.837815613999078404476819640723755617221112580879718259335086038811356e-73
11.43780722844602911054018933623009836760233936817184938860317424019424 7.437807228446029110540189336230098367602339368171849388603174240194242 3.800186951965486303602864593068155961334857696362332161973960662051667e-73
12.43780722844602911054018933623009836760233936817184938860317424019424 7.437807228446029110540189336230098367602339368171849388603174240194242 3.206407740720879068664917000401256592376286181305717761665529308606094e-73
13.43780722844602911054018933623009836760233936817184938860317424019424 7.437807228446029110540189336230098367602339368171849388603174240194242 3.13707753801685872939096863534299197533429803843235886108933316042104e-73
14.43780722844602911054018933623009836760233936817184938860317424019424 7.437807228446029110540189336230098367602339368171849388603174240194242 3.105487920130729481386684276434579728838874378976560498954687369561816e-73
15.43780722844602911054018933623009836760233936817184938860317424019424 7.437807228446029110540189336230098367602339368171849388603174240194242 3.105487920130729481386684276434579728838874378976560498954687369561816e-73
16.43780722844602911054018933623009836760233936817184938860317424019424 7.437807228446029110540189336230098367602339368171849388603174240194242 -1.009620320987437137540035053385948290767336563911549966790276972204476e-72
12.43780722844602911054018933623009836760233936817184938860317424019424 6.437807228446029110540189336230098367602339368171849388603174240194242 3.147029819596418345171122241134566655480429029800056321634686173261537e-73
13.43780722844602911054018933623009836760233936817184938860317424019424 6.437807228446029110540189336230098367602339368171849388603174240194242 9.500467379913715759007161482670389903337144240905830404934901655129168e-74
14.43780722844602911054018933623009836760233936817184938860317424019424 6.437806022813356999999999996673350681579837990135299968972489427740503 -1.979264037482024116459825308889664563195238383522048001028104511485243e-74
15.43780722844602911054018933623009836760233936817184938860317424019424 6.437807228446029110540189336230098367602339368171849388603174240194242 -4.413079443941904499867518233742220824468838976143141911312703313135935e-74
16.43780722844602911054018933623009836760233936817184938860317424019424 6.437807228446029110540189336230098367602339368171849388603174240194242 -8.312908957424501289131266297336591165420001210792601604318038948238022e-73
14.43780722844602911054018933623009836760233936817184938860317424019424 5.431690248656428000000000000228808687227174910281796436717346678563216 3.483504705968362444969292543645809631223619554998804481809463940214028e-73
15.43780722844602911054018933623009836760233936817184938860317424019424 5.437807228446029110540189336230098367602339368171849388603174240194242 -4.373947069620936870764030264779198392806023275279054228856197059967692e-74
16.43780722844602911054018933623009836760233936817184938860317424019424 5.437807228446029110540189336230098367602339368171849388603174240194242 0.0
15.43780722844602911054018933623009836760233936817184938860317424019424 4.437807228446029110540189336230098367602339368171849388603174240194242 -4.808932251438309323159483295520153737107886652847551511518324215432984e-74
16.43780722844602911054018933623009836760233936817184938860317424019424 4.437807228446029110540189336230098367602339368171849388603174240194242 -4.750233689956857879503580741335194951668572120452915202467450827564584e-74
16.43780722844602911054018933623009836760233936817184938860317424019424 3.437807228446029110540189336230098367602339368171849388603174240194242 -4.55230728620865546785759821044622849534904828210071040236464037641606e-74
9.437807228446029110540189336230098367602339368171849388603174240194242 7.437807228446029110540189336230098367602339368171849388603174240194242 5.262885720986135768327893863124314102721684217015592820075321287080731e-73
8.383180777913596471131778006094354899849563798043505581363250866911891 7.383180777913596471131778006094354899849563798043505581363250866911891 -6.661547717948048232978881882464052346504972727819478540127076316338362
7.23180369318622549020024266642576620296389947474087668895358772240233 7.304256419452437906824897863524341645926759920094015337584517501126848 -19.39122183838879254991421546892206540972520246986812351757207781111911
10.37431645446032579855543276840952495807705877230335954476588799471925 6.374316454460325798555432768409524958077058772303359544765887994719254 -7.834734144215601009690764002142348479814987552334506884319806930058344
11.43780722844602911054018933623009836760233936817184938860317424019424 6.437807228446029110540189336230098367602339368171849388603174240194242 1.858551576517054288016994331834091054025874197357670258306981527326113e-73
6.159274832014496782543532867430967648519302251620887711138700275763702 7.269053085413935458558008482724707849621930705583099728179619669680558 -19.39122183838879254991421546892206540972520246986812351757207781111911
0.6297125995956391588495563032464558246585205346524548861736571681954166 14.95048101906864435945628738761124529237275700593190576831793814698881 17.94220171475665748967295767429430267897966099995060721841927634410695
1.575786978697436329182425433983844355831910230875859110875650066516734 15.27488590186226733849793288481649979565921796234421223606686602697084 17.94220171475665748967295767429430267897966099995060721841927634410695
0.6297125995956391588495563032464558246585205346524548861736571681954166 13.79261357549722326505130344546816026417710927655461256384294672570923 17.94220171475665748967295767429430267897966099995060721841927634410695
1.549794736948391826693581157116168197342690810653249196697408616176424 14.19728978958810977730296726292133656281660480020823623184509566958504 17.94220171475665748967295767429430267897966099995060721841927634410695
2.495869116050188997026450287853556728516080506876653421399401514497742 14.52169467238173275634461276012659106610306575662054269959402354956707 17.94220171475665748967295767429430267897966099995060721841927634410695
0.6297125995956391588495563032464558246585205346524548861736571681954166 12.63474613192580217064631950332507523598146154717731935936795530442966 17.94220171475665748967295767429430267897966099995060721841927634410695
1.549794736948391826693581157116168197342690810653249196697408616176424 13.03942234601668868289798332077825153462095707083094302737010424830547 17.94220171475665748967295767429430267897966099995060721841927634410695
2.469876874301144494537606010985880570026861086654043507221160064157431 13.44409856010757519514964713823142783326045259448456669537225319218128 17.94220171475665748967295767429430267897966099995060721841927634410695
3.415951253402941664870475141723269101200250782877447731923152962478749 13.76850344290119817419129263543668233654691355089687316312118107216331 17.94220171475665748967295767429430267897966099995060721841927634410695
4.367319012929992825737741621839666590065210774290894395804886526768617 14.07656088256542533102313876181319649699899462878833627158676184426427 17.94220171475665748967295767429430267897966099995060721841927634410695
1.562572468281559415871115322679226776514906914355687462603563158119441 11.88569239308418707513676153118186994266576765991224083628093192515243 17.94220171475665748967295767429430267897966099995060721841927634410695
2.482654605634312083715140176548939149199077190356481773127314606100448 12.29036860717507358738842534863504624130526318356586450428308086902824 17.94220171475665748967295767429430267897966099995060721841927634410695
3.402736742987064751559165030418651521883247466357276083651066054081456 12.69504482126596009964008916608822253994475870721948817228522981290405 17.94220171475665748967295767429430267897966099995060721841927634410695
4.348811122088861921892034161156040053056637162580680308353058952402774 13.01944970405958307868173466329347704323121966363179464003415769288608 17.94220171475665748967295767429430267897966099995060721841927634410695
1.630295875466158874188699987679684225383933293169292404374409646308571 10.63309683829669245209300810700564960299251336520672413064854771630679 18.04628459590128954850337645927184105887814582113313058615104821845524
2.515722808193478228079900188066800765399486466315551459824675349277078 11.14354815251766156177940709789905840309397404330884988025101175350541 18.04628459590128954850337645927184105887814582113313058615104821845524
3.435631101402931457093216069284310126307239211601542358308270541362839 11.54816772592091976913117507319095998419052855020609113884780055118761 18.04628459590128954850337645927184105887814582113313058615104821845524
4.355539394612384686106531950501819487214991956887533256791865733448599 11.95278729932417797648294304848286156528708305710333239744458934886982 18.04628459590128954850337645927184105887814582113313058615104821845524
5.31536163831636922217196655935442176691760373213327427570310418297292 12.27061123151256212720300721335632699405761071542050137769921927303871 16.76417051610730472337218944276219316172032393754582388232141217468498
2.579336425182289686420315170294660048907156117528790206447390962836603 9.902390168072943861166561365607250218920629681983496163943398730996467 22.10902756700918687075810184917036122663612206878036354200162408948495
3.453238457098487772551749294729041056593920445070237883060003941304776 10.40815958994588097576742722412363151322445289042701969335402203441965 22.10902756700918687075810184917036122663612206878036354200162408948495
4.368927981795244008646709805120724692375433307699246044724587594090341 10.8110653247364324851372456101549439301312537328462861952692169688452 22.10902756700918687075810184917036122663612206878036354200162408948495
5.320287538699008588327144712094795442124762743217983008087343963291644 11.21559436148423997298776265156723671144130402441940878842765898794871 18.10928794700790022671879886815186508296477409478707551101071197473182
3.466651847768609952606208978998838517813589361393600530122657878747868 9.186451510844188104928863193278254232183803353821434869391836671544562 27.5216585057739247725199338180907337503055787229448117260436770762583
4.36481504043826738979416498883396237650573435212846997683251037469662 9.700942252967886367917585344426541739860285958186264478638617421386208 23.44734138221737756695371686993219339528228853828541329769832806377129
5.280141115696242860835865556757186948349196882932271494492830384489532 10.10369035247344215939872139447741825017658820648577839743348079441511 23.44734138221737756695371686993219339528228853828541329769832806377129
4.286708231849130178007462290654742553024737887458397741186693917534461 8.425258991386376434367616702556952839571810577160264620031663668190983 43.1441423433483035739878301407223006983957396560182035144747137493539
5.272419102421698641578521290640978869318490532864525960614154867810297 9.005139864950264395487716203890789341244894225823350517765486582391515 23.9961586830004576415239124957696536064174089060346457800384090914625
5.261062213644233565953559644047143084662158507438817638637274220460612 7.729089716693738780559018786541149756538058863685332939622082117263198 -19.39122183838879254991421546892206540972520246986812351757207781111911
2.527154738224487490049691914100241844696870222289305774757383630806602 15.5829433415264944953297790111930139561112990402356753445324467990718 17.94220171475665748967295767429430267897966099995060721841927634410695
3.44723687557724015789371676796995421738104049829010008528113507878761 14.82975211204595991317645888650310522655514683451200580805960432166804 17.94220171475665748967295767429430267897966099995060721841927634410695
6.415913766630425358777628076710841642734987688677166484983583560188976 8.369590148859034403335691300186651196696905030286256558109573652914967 -2.567166772344947952442842620821215798750254800276408576170033010099373
6.282296803921168557741639395475141629893685219959627244179486284280835 4.433964389458188012093849152057913810398892810417817238927549643113557 -18.01741874280131228617431786067244138116895717650413285818174351751551
6.588180581830159252188909296656898886401548194961189507485060928234498 5.38875187486961380584714332593747602409125665509520319583019900895692 -17.72004024475290062027613625804848899666742813302277274444248530501865
6.903996314250817005749351023520835178153818064243692660516957096017216 6.352200974451215669573436470649769414408146787919854353624764765737603 -18.59658515724517000489535192527014081529338366106949657625679722630868
5.527972329013168649896397704587907350961298814553520638530861607570703 5.356203065790951686420452109959218522847436940880709727149205416694561 -17.72004024475290062027613625804848899666742813302277274444248530501865
14.83412566776534696786123205458342231852119640083765197231904211831514 0.6747787686323898907108246924072724348774655482739462463060351807392681 -27.60784914834302791149448072994217220534592940222591971386315587538096
15.26302845981363921982936464382282593272487381989790314229713905945497 1.578968711219095354242130703083939525939814624058189235701253531082924 -27.60784914834302791149448072994217220534592940222591971386315587538096
13.69808517125599596654721517683948284125831017181081490886907375392458 0.6564315064318379467409439499044749371947101260761335324954521720370716 -23.1766399115244474827237338389978334191076622947907060794105099178058
14.12698004090808557509498764146274420749756387917689104800505964513717 1.560602943850037526394860437668422635939271211643913987733214699976022 -23.1766399115244474827237338389978334191076622947907060794105099178058
14.4994249725171167538161833543402121778413829682256564096621163921003 2.488941617283925663698325395736551724367477667715270390247127356244873 -23.1766399115244474827237338389978334191076622947907060794105099178058
12.54165366482415801980627122693500790406360004573468137637362158188751 0.5 0.0
12.96830173733207886450462876280851836082216146640627093040683758345615 1.559223303043333895291504592080227503978069366387493735551363673171325 -20.09018566058778032108928909950597586249647669466900499962532199789145
13.39858385817467153191222864554096353654349199901161115293261584678355 2.466635088000789529726014455092613043735596124689419012573454991946912 -20.09018566058778032108928909950597586249647669466900499962532199789145
13.77111292051013113418205078129265781217052393594556098184325002790495 3.395170274361986317607018171230899820766697336104830536753899850567677 -20.09018566058778032108928909950597586249647669466900499962532199789145
14.21807510818321894913122524317560489663490996319945019413040475091097 4.296481261262863527509196885843908158810676790711071956726774848704299 -20.09018566058778032108928909950597586249647669466900499962532199789145
11.54165366482415801980627122693500790406360004573468137637362158188751 0.5 0.0
11.78121358532966375040233701926850188053233932532541663147707545069992 1.634273236552913498103781684430753577935242786761407644775620876092012 -18.76620693730737164105506600334850145402103234639395811988344794799138
12.24718520453452576445070472506825827295364905379451087896323408728522 2.532095754817062887074065935188158924611675426341021246819583108067741 -18.76620693730737164105506600334850145402103234639395811988344794799138
12.67829265706061999946345824056513151818623533587345580373945393765923 3.441764062201660140222758806732909351011490142187059593313480641631411 -18.76620693730737164105506600334850145402103234639395811988344794799138
13.05115884910107016637777445548486933786892281839454244343100424865162 4.371220987974264610837629365094113068419887492518514916822818551693658 -18.76620693730737164105506600334850145402103234639395811988344794799138
10.5 0.5 3.45467621377275910618642707396445662631093308927072603567644030618571e-79
10.71794595196747352467533796536971390491903830354919282560273342850497 1.618405356169104813307261913180885306568974256380962739399680257708177 -18.12196590169162758009824790941790844219315356263006972286176730820297
11.03591766631602116810605142286975090176383712934681726450600902496512 2.566533602502275985551796080822823862978313439605633409601444798860846 -18.12196590169162758009824790941790844219315356263006972286176730820297
11.50246079605698612642965221624518580220706638016862262343020128829858 3.466038173214494925210555685882584408673672115474585475778368140796025 -18.12196590169162758009824790941790844219315356263006972286176730820297
11.93400655794535413840220102631299993334605870052074098161113969946165 4.376996499398835898305234527307528634469326839776095337267588970108867 -18.12196590169162758009824790941790844219315356263006972286176730820297
12.3070885442272247110884770261106212645043137892362652741623658517091 5.307088544227224711088477026110621264504313789236265274162365851709097 -18.12196590169162758009824790941790844219315356263006972286176730820297
9.659561800213331614884657213454843900354664330397142634415934679085982 1.619382015310736833888757006691270460513770350712775422399361896655512 -16.1562357417181394606745459402733584766190661442376588974077497211355
9.964998715364380469727720650532714533251473588761637426659559357758578 2.575612395879500902271663979185302351814328450117030722379580241492915 -16.57347238426189068002986979241033474464773802165266938854958915891761
10.28314537869320188915708579599432899136457529178268546478111582142049 3.524275205206703210829807372952091656539736982594628914217069968512756 -16.57347238426189068002986979241033474464773802165266938854958915891761
10.75117789600787751574517805269269977851460888582618499774400297606111 4.428330654005948570206877647243165308239984779476539302170564912232905 -16.57347238426189068002986979241033474464773802165266938854958915891761
11.18390341733016458399773922216741693023922404428899094772743757596084 5.342893778196230144180749123137480400436667688979489376700222581229609 -16.57347238426189068002986979241033474464773802165266938854958915891761
8.880549916597846794472110623992319157612375114689145336229965439819508 2.572659915472669444530765147624878626647669448195315153172291306436106 -14.58725974708408734563778189861927269008607080410588176530687597458885
9.186808555642487715065335004803768359648591716030288191110621518349212 3.526266727429070137229488300727080728100804844238631532159991105983668 -14.58725974708408734563778189861927269008607080410588176530687597458885
9.50546628083493729376148064042500135495260164072937152886815079568318 4.476646763307291988839909041634273644733720329087812978691449420255292 -14.58725974708408734563778189861927269008607080410588176530687597458885
9.975556836281496454081326621919946150834586865618548215551863596132106 5.387617456570273021678342127979666566852747772927951160650628775721462 -14.58725974708408734563778189861927269008607080410588176530687597458885
8.609809684679962712967442950269094498654875298171652596276855056152724 1.609809684679962712967442950269094498654875298171652596276855056152724 -14.58725974708408734563778189861927269008607080410588176530687597458885
8.105534157815660189294242412779501104431044834695047888011079047398265 3.533727651650718197380179572996320055867945927880967506348559266894541 -16.59246895589092243359863391632545781199589489375886699267439182833261
8.411405948667522245693641832023459714427133680652761812754635902778331 4.486036183870525037123338209468508568608580471919611943591132887710094 -16.59246895589092243359863391632545781199589489375886699267439182833261
8.729548808237849609602677869472768063587542911505217444347410315410729 5.434688307826841743785053605320113217990511009310444917717231147570055 -16.59246895589092243359863391632545781199589489375886699267439182833261
7.344097193757171227191370889797602287431842350273601787572601210978922 4.465429598600483000377222353345777790438299368253219683388575514493067 -18.01741874280131228617431786067244138116895717650413285818174351751551
7.649901635264861998584099275478754489921272507524922588924759525512947 5.417531065070843576233669425090530358512653622626472744609324267237941 -18.01741874280131228617431786067244138116895717650413285818174351751551
15.65970278788350221834899753549497749179137327926643741874173083304107 2.520863318602472986513564524503351865414022661627546861234964413159806 -29.76624705364346889630577784141306169741338585988041813374360986214111
14.9453403615377182722054291897453524747102797943817850973038586717272 3.389059618778230273072071895524038260525732651016672223058819994329967 -23.55849194264579572279292400860340057265848469623498729736435940106953
7.796132362145044369846409979955035027960350246198189631174180957134151 2.58247095436767027197309072576467900596599806527763177045181964474856 -16.59246895589092243359863391632545781199589489375886699267439182833261
7.034791078778138213545229500222126254142934427372116735118994263040207 3.51446707187475696232636957595796234710063990093425381704633607439443 -18.01741874280131228617431786067244138116895717650413285818174351751551
9.19756099237999518296504041204003806610006126285464340360182282108136 6.338683894575157629786059508920864972468231630561278804290910659915437 -16.59246895589092243359863391632545781199589489375886699267439182833261
7.970709603491759711274901455483913979293648017234983696815643601149139 6.369496124647398656667926432629158452417326903388187249699266189231773 -18.54308459683919022660858107193332371292395158315759730992236279831099
5.832338582077294561211952105419871016542950615748359352742380529496874 6.308758147660606331905954211798128132172427281122756908690939522095668 -17.72004024475290062027613625804848899666742813302277274444248530501865
5.314840657379963162556703546198064519364989448295078002479565873858809 13.31484065737996316255670354619806451936498944829507800247956587385881 16.76417051610730472337218944276219316172032393754582388232141217468498
13.43780722844602911054018933623009836760233936817184938860317424019424 5.437807228446029110540189336230098367602339368171849388603174240194242 3.641845828966924374286078568356982796279238625680568321891712301132848e-73
