110 10.99678339663159163950277843399023984453989872042677421189558845495345
0.5 10.49678339663159163950277843399023984453989872042677421189558845495345 -7.640030199613034146609732113792624413659312915267514879724093218376644e-79
10.49678339663159163950277843399023984453989872042677421189558845495345 0.5 -4.441976553260882481775397651914548955051699197427777561295169227612845e-79
0.5 0.5 1.101600465128223172496905030635840883108131471120151933100288439735029e-74
1.5 0.5 1.091294478324413177924833078812286369826692416461443176142657841624855e-74
2.5 0.5 1.19207399276257566706884617228476238330262813361585712957864543535937e-74
3.5 0.5 1.213225210193799115980941172749599255649286790456733451177257087219853e-74
0.5 1.5 1.104762416636714871194816254685374909276736424564974935603535894950994e-74
1.5 1.5 1.11203715098197648957840131857403699000778379698254261302314558816839e-74
2.5 1.5 -3.724942767578686610619789229186824001184016177673521249001929974497746e-74
0.5 2.5 6.729623726148787426987189985775695582351596165129702664955358339672355e-74
1.5 2.5 -3.562282634663290061594349976116974363357985607172420679558502523226612e-74
0.5 3.5 4.609507420038343914739187797144465930896738930155728524864294884442049e-74
10.49678339663159163950277843399023984453989872042677421189558845495345 10.49678339663159163950277843399023984453989872042677421189558845495345 1.322601959351978584430163834524647418648152386935992070750385800535165e-73
9.49678339663159163950277843399023984453989872042677421189558845495345 10.49678339663159163950277843399023984453989872042677421189558845495345 9.418291396200143112140819098744354693420941858256261474069888638165991e-74
8.49678339663159163950277843399023984453989872042677421189558845495345 10.49678339663159163950277843399023984453989872042677421189558845495345 8.61693543353973216564466996655345608533211988043561871309263143808366e-74
7.49678339663159163950277843399023984453989872042677421189558845495345 10.49678339663159163950277843399023984453989872042677421189558845495345 1.315327687950845518165849598990642570908971473518861759677825804366599e-73
6.49678339663159163950277843399023984453989872042677421189558845495345 10.49678339663159163950277843399023984453989872042677421189558845495345 -1.074681542145886717529830463120613890367683800475766631184547006555618e-73
5.49678339663159163950277843399023984453989872042677421189558845495345 10.49678339663159163950277843399023984453989872042677421189558845495345 -4.801749974577801611708145421934303947425098868498838711884913850796071e-74
4.49678339663159163950277843399023984453989872042677421189558845495345 10.49678339663159163950277843399023984453989872042677421189558845495345 -6.334218860584007041022579237445494775813435656226205405639802956765992e-74
3.49678339663159163950277843399023984453989872042677421189558845495345 10.49678339663159163950277843399023984453989872042677421189558845495345 2.274207451628315793484509751767014303577776172206759109631030790833041e-73
2.49678339663159163950277843399023984453989872042677421189558845495345 10.49678339663159163950277843399023984453989872042677421189558845495345 4.496087342323895756428266309284883819333995606101592825290427583478703e-80
10.49678339663159163950277843399023984453989872042677421189558845495345 9.49678339663159163950277843399023984453989872042677421189558845495345 -6.072243603372908244229650567416063647418803601382130432006238801680517e-79
9.49678339663159163950277843399023984453989872042677421189558845495345 9.49678339663159163950277843399023984453989872042677421189558845495345 -5.691603876934159841086297121660970651016093864707811948794597029228555e-79
8.49678339663159163950277843399023984453989872042677421189558845495345 9.49678339663159163950277843399023984453989872042677421189558845495345 1.473612472120846308265283639362906046718459920831456150603363638366789e-73
7.49678339663159163950277843399023984453989872042677421189558845495345 9.49678339663159163950277843399023984453989872042677421189558845495345 1.17674001060249115403672432083933634002273306738567195052343924167884e-73
6.49678339663159163950277843399023984453989872042677421189558845495345 9.49678339663159163950277843399023984453989872042677421189558845495345 1.405022236758212479017413517266079049422426564365466304462994846883746e-74
5.49678339663159163950277843399023984453989872042677421189558845495345 9.49678339663159163950277843399023984453989872042677421189558845495345 -2.593465815164184161231152364737410295895439950909969756626253166636388e-74
4.49678339663159163950277843399023984453989872042677421189558845495345 9.49678339663159163950277843399023984453989872042677421189558845495345 1.268212146005522565055722536847337763306475504575117942366087047765181e-74
3.49678339663159163950277843399023984453989872042677421189558845495345 9.49678339663159163950277843399023984453989872042677421189558845495345 -3.173824556295809829473675327795785640429673362493969647491006913072551e-75
10.49678339663159163950277843399023984453989872042677421189558845495345 8.49678339663159163950277843399023984453989872042677421189558845495345 6.883596759763663595675315706430139640948951416957364165468463926020805e-74
9.49678339663159163950277843399023984453989872042677421189558845495345 8.49678339663159163950277843399023984453989872042677421189558845495345 2.687426918870258430298900998627339351418310461764652726445867372139902e-74
8.49678339663159163950277843399023984453989872042677421189558845495345 8.49678339663159163950277843399023984453989872042677421189558845495345 2.465598184517303164868117879902020623325536236697294908862674020149117e-74
7.49678339663159163950277843399023984453989872042677421189558845495345 8.49678339663159163950277843399023984453989872042677421189558845495345 2.496397763433076912793302819609817640336475996748267562685422984343196e-74
6.49678339663159163950277843399023984453989872042677421189558845495345 8.49678339663159163950277843399023984453989872042677421189558845495345 4.667329950066922939177823573311514264702644477939606069842779705351371e-74
5.49678339663159163950277843399023984453989872042677421189558845495345 8.49678339663159163950277843399023984453989872042677421189558845495345 2.921198846632796058810216438152860991235237652180173402400374300701445e-74
4.49678339663159163950277843399023984453989872042677421189558845495345 8.49678339663159163950277843399023984453989872042677421189558845495345 -2.969683823352864464112915029075863981609966237313745289789263243790444e-75
10.49678339663159163950277843399023984453989872042677421189558845495345 7.49678339663159163950277843399023984453989872042677421189558845495345 9.596670390948105635047644072915614149791319086588188074358859799906355e-74
9.49678339663159163950277843399023984453989872042677421189558845495345 7.49678339663159163950277843399023984453989872042677421189558845495345 -7.484202291165132801062817277260438929821617160342039396117495947959754e-74
8.49678339663159163950277843399023984453989872042677421189558845495345 7.49678339663159163950277843399023984453989872042677421189558845495345 -7.474006745711986441594964437225115880405284950233844936818892612772504e-74
7.49678339663159163950277843399023984453989872042677421189558845495345 7.49678339663159163950277843399023984453989872042677421189558845495345 -7.438497768051067740655628066929851712720727999273158213627973408259637e-74
6.496779181487948738575298410610425197916026787541601537260460549916127 7.49678339663159163950277843399023984453989872042677421189558845495345 3.171112676490158044714719704822287277735212978762310516484455439568982e-74
5.491853835138000564584980184225507885143495805099426978673966969728841 7.49678339663159163950277843399023984453989872042677421189558845495345 -1.16290621519947568141390054694201517538200687919486032183705737351406e-74
4.491853835138000564584980184225507885143495805099426978673966969728841 7.49678339663159163950277843399023984453989872042677421189558845495345 -1.118069305931344475301773621871912406608553469679797248074873615634975e-74
10.49678339663159163950277843399023984453989872042677421189558845495345 6.49678339663159163950277843399023984453989872042677421189558845495345 5.231973191912998567121046035625654100009260852193233175900319014735847e-74
9.49678339663159163950277843399023984453989872042677421189558845495345 6.49678339663159163950277843399023984453989872042677421189558845495345 -2.212573904023221203147390563284696015564722084673745777949203554842332e-74
8.49678339663159163950277843399023984453989872042677421189558845495345 6.49678339663159163950277843399023984453989872042677421189558845495345 4.797501009477134235329903849480774863805150478801620908700176913093802e-74
7.49678339663159163950277843399023984453989872042677421189558845495345 6.49678339663159163950277843399023984453989872042677421189558845495345 1.308780143958390692816199532929388426887291992567178512702237252256531e-74
6.49678339663159163950277843399023984453989872042677421189558845495345 6.49678339663159163950277843399023984453989872042677421189558845495345 2.121938541252683938823200185828258399111354106867915983658473478558819e-73
5.49678339663159163950277843399023984453989872042677421189558845495345 6.49678339663159163950277843399023984453989872042677421189558845495345 1.625964439810195593570084600013042956596215691680736357224164545445077e-73
10.49678339663159163950277843399023984453989872042677421189558845495345 5.49678339663159163950277843399023984453989872042677421189558845495345 -3.022987109807620433362491879839768485637693334110771033652026862929574e-74
9.49678339663159163950277843399023984453989872042677421189558845495345 5.49678339663159163950277843399023984453989872042677421189558845495345 1.580039424525957022137932573112254595592296545022476230195632618084292e-73
8.49678339663159163950277843399023984453989872042677421189558845495345 5.49678339663159163950277843399023984453989872042677421189558845495345 3.415497371576136869220547073570598957264206869669089058538703891364217e-74
7.49678339663159163950277843399023984453989872042677421189558845495345 5.49678339663159163950277843399023984453989872042677421189558845495345 -4.829970160821633287520283742788527182756921577848995332255370395691299e-75
6.482729509079074019787349025795732899765916137603233024591354477358047 5.49678339663159163950277843399023984453989872042677421189558845495345 -2.371832843244029654269630479387767032219613514036113313147283013861311e-74
5.482729249102933074109857324930899244956172815929232355456169071301495 5.49678339663159163950277843399023984453989872042677421189558845495345 -1.290339665347162206356184162721846026524156460118508026888031774007268e-73
10.49678339663159163950277843399023984453989872042677421189558845495345 4.49678339663159163950277843399023984453989872042677421189558845495345 -8.263937841754738555467349166808714673116190132259507122556605720337668e-79
9.49678339663159163950277843399023984453989872042677421189558845495345 4.49678339663159163950277843399023984453989872042677421189558845495345 -6.220821198778039892835856516412373705339642751435027437915223405112769e-74
8.49678339663159163950277843399023984453989872042677421189558845495345 4.49678339663159163950277843399023984453989872042677421189558845495345 -3.210237241197207920153338521469166635891249525554323349303757349558251e-75
7.49678339663159163950277843399023984453989872042677421189558845495345 4.49678339663159163950277843399023984453989872042677421189558845495345 2.072373364701839494951529966759642404343850177768893217129142821430925e-75
10.49678339663159163950277843399023984453989872042677421189558845495345 3.49678339663159163950277843399023984453989872042677421189558845495345 -2.311426991916865298258526755505935510188740455016702731529857036274349e-74
9.49678339663159163950277843399023984453989872042677421189558845495345 3.49678339663159163950277843399023984453989872042677421189558845495345 -3.182117153850407997819404088960461101575363879961413545384571420470912e-75
10.49678339663159163950277843399023984453989872042677421189558845495345 2.49678339663159163950277843399023984453989872042677421189558845495345 1.156819942261294037964475121094023851389434393124267113473568269598163e-74
4.49678339663159163950277843399023984453989872042677421189558845495345 6.49678339663159163950277843399023984453989872042677421189558845495345 -2.447167573285453636959969856506104307966722060182161104061253413718678e-73
4.482729249102933074109857324930899244956172815929232355456169071301495 5.49678339663159163950277843399023984453989872042677421189558845495345 -1.921924329256930739425081540197497754095571282595213261549120010897043e-73
6.484659279096532796678290989523947484776961413272185594509675207350093 4.49678339663159163950277843399023984453989872042677421189558845495345 2.622903094301933299047235258747689843028644368306700090641269005237933e-73
5.358151032791774223366019832042821934556804682898647571273782040304426 4.49678339663159163950277843399023984453989872042677421189558845495345 3.571993723660667845005047738779997168302700864544112706798316074208583e-74
1.574881123183418621785299214708063211226787469950143346964429517527658 9.721394135218283023287481240881899039047441746254299767237308362571991 26.06812623473842639471356480680470530046079786985267226497924753875836
0.6654628647794233955083381238178261972657562643793738026217934967993791 9.288492734861560688068054857793655843311137036246913800082244116077858 25.23823505932083545387417774053279080737124317257519176710015323062608
2.435908067891577339697507013701313364902480237336462603042210513508594 9.017851438457490852740601831391353159364483641118460520688767458986586 24.87040308351811904146473745377968719630354186929979165422359466381734
1.53282093017621861352366157429138118234206886430386889951952687654165 8.588279403896679973888448148283149811224157341596582052724747522094178 24.87040308351811904146473745377968719630354186929979165422359466381734
0.6639142981565989345041105816350103875088388984478630415238023392087785 8.084972061138852146190974415428822653392211378435488202326423116574604 24.87040308351811904146473745377968719630354186929979165422359466381734
1.545402909135802587939850294230946293898637522876440145046165957391819 7.39119968257358864562117039357168029272808306502780513207152007730198 27.4875362554376878189745214649216182224763218544706288183217291747124
2.422998242433352774050345589713539239834553155007392633863496082655718 7.898985655297507424303206188016941287983271990083415167918535990951652 25.99000264109048218572747049969324795376332712360268552941796545617673
3.330575917431442920578136696571083785609003432628017288226006690373628 8.330575917431442920578136696571083785609003432628017288226006690373628 25.41746337324742855683240495561694295914651223900511853978192952680024
0.6743334528869183870293826441666206308528589362829918623672957496074018 6.898811646622739719791296728976955123366627651786529487045968449542363 27.4875362554376878189745214649216182224763218544706288183217291747124
2.426620278222581967737282354500873855389318224380928355096975848361902 6.72101318903209739964670495469101836648948965139115832631095264765166 29.47810382772361342401501376111300792703484721125046917075591366311111
3.330575917431442920578136696571083785609003432628017288226006690373628 7.22340696052274670524417287781244493523919697637045947999433473849659 25.41746337324742855683240495561694295914651223900511853978192952680024
0.680119700648746000004792173602385929598312941379845142364501953125 5.739159802812525499995207826397614070401687058620154857635498046875 29.08416268432268176763774886240787183403556312483386281330249287134266
1.556076461108100325894593557753938458261019001830311761055833384004272 6.228922280272600055430648741269441492118895114900154384639058357214921 29.47810382772361342401501376111300792703484721125046917075591366311111
3.276652334167255295577183612390897395153732347525688650141416839056651 6.052802190711970426455696122023127728905936760182947730110540917320946 29.47810382772361342401501376111300792703484721125046917075591366311111
0.5 4.5 -1.895484489940533348570166184219303619865368743274227837247020970555446e-80
1.535564699938292011891806018897026600897133902424455462059131910341392 5.06862037319297573802358369517997398016474768720093984676675233644747 29.47810382772361342401501376111300792703484721125046917075591366311111
2.406108517052773653734494815643961998025433124975072056100274374699022 5.560711281952473082239639908601550854535342223691943788438646626884208 29.47810382772361342401501376111300792703484721125046917075591366311111
1.681317362936989493029372505084256135749446879520810267856518377397184 3.987782614405948174001705166881108387151360918262939534271710251657213 29.47810382772361342401501376111300792703484721125046917075591366311111
2.54564105815391268825648803686524656540200252624046156803320099393317 4.490877361202746782680652254846520135832337165048477791593493296989206 29.47810382772361342401501376111300792703484721125046917075591366311111
3.4161848752683943300991768336121819625303017487910781620743434582908 4.982968269962244126896708468268097010202931701539481733265387587425944 29.47810382772361342401501376111300792703484721125046917075591366311111
9.73549405936677321621430119743632885890334774751480878760890160748572 1.569591471028843027352509370599347428312204995178250189776472563214109 -28.28544560850575386638806859532216302791324169024408834617136689346654
9.283488296284470564742119950403955176374485615013251683503877582839724 0.6772311435248787934350783025011763585249339353858861740817966934506483 -28.28544560850575386638806859532216302791324169024408834617136689346654
9.025184131605446128612495198066532783817524774378034345163992046562569 2.43722545826283603451255813144771011947068775325643158493537478290957 -23.91626345387654203461186771709983727856922509463117177479115025698608
8.5726959610681928629334191376875063443651446409376401836212309225382 1.543968657417527652733720794984653936829792369126075028867809379234294 -23.91626345387654203461186771709983727856922509463117177479115025698608
8.099782581577937113886893657789764465186698876739779478990677490956409 0.6597700004108361939282653882310508557526455335048482916394788033455244 -23.91626345387654203461186771709983727856922509463117177479115025698608
7.402740978478691893125803760724478543109938734667470662591085411865768 1.552293026529791934740956625681978965805558799644947583112863351682661 -26.41327857664115517510328202162632774163832056366433910484470932253937
7.874645414431184781104856828950113845578378496497719060199648120423713 2.43446036214430562022643190049514512180398596272295380170936007359671 -26.41327857664115517510328202162632774163832056366433910484470932253937
8.3265576753175165919241999010266182315207796743499675443420676679197 3.3265576753175165919241999010266182315207796743499675443420676679197 -26.41327857664115517510328202162632774163832056366433910484470932253937
6.930635149800700654924051136928352031962430972670753532921638370329889 0.6702257213140750475785785329636216130191190460768066675535207870337501 -26.41327857664115517510328202162632774163832056366433910484470932253937
6.726814512662413172225808010078658807315093837806067031449612013486386 2.440281928157760531216922512098284065952186448742822509910016504451593 -28.11580597285302361869183093822778285287812713317324614836345744554732
7.20183670598099392804149052997512284044400733344543567094136555729136 3.327979658978042126416516691196745427915771391673373657010110763364305 -27.33079988666256508353433635734024984519120792344633035515792555723771
5.78367164299063838590244392576447715173455628653074169437322005896064 0.6766260542518512050849145295866975056423366677770104075223887251206843 -28.11580597285302361869183093822778285287812713317324614836345744554732
6.254926855330666797405748548423641637617327383295007571503525354667063 1.55862295041552520375143896610092803104423890656676534543686087965563 -28.11580597285302361869183093822778285287812713317324614836345744554732
6.091207224193617158510486969878270309354669342277826650922288124833486 3.372643221528513167729841946668498647811809285015314502600922484569744 -28.15689049678571867852030484942688577014635897749318040478701227383924
4.676626054251851205084914529586697505642336667777010407522388725120684 0.7266822153361387069489586429172070441113318795312209162399697850632296 -28.11580597285302361869183093822778285287812713317324614836345744554732
5.147881266591879616588219152245861991525107764541276284652694020827107 1.608679111499812705615483079431437569513234118320975854154441939598175 -28.11580597285302361869183093822778285287812713317324614836345744554732
5.619319688178366469710403996041277958472482688766695369275964618893032 2.490984470449925231685387344209494549173594514432811309109556076264569 -28.15689049678571867852030484942688577014635897749318040478701227383924
3.993593996049781626752688683494395271693164838919617634993429186834512 1.570318177920736087925801800172000843285830433228392990711249116250801 -28.11580597285302361869183093822778285287812713317324614836345744554732
4.464547410006636359064325839864849242053487898731711089239225624984428 2.452476326421878626425199132098645127422377631622766915038293784781959 -28.11580597285302361869183093822778285287812713317324614836345744554732
4.936554320425920483311744920081646673402520798940531542754181139476836 3.334477693324118333355833139967893848789000327004327559839042293645019 -28.15689049678571867852030484942688577014635897749318040478701227383924
4.168708882370120448322259484979929206324203072019499038650937918014525 4.24786214096053034038373603667647758360614029367776986641001258047684 32.16618739658359794288380049455466528494812643914992265204904216674742
3.303946417818471146403379748650051632096564109905744375042272928784908 3.74451171161396928472488617624965574629227338743733057524170869821916 32.16618739658359794288380049455466528494812643914992265204904216674742
2.432386907484606717878048881760366908622084799050676326934131058477871 3.251676274823507003732975939502786462997150143032083290218376579030596 32.18404491735391988142388323023567757642269205633995508764239555560012
3.304926650743022981557486420535059629189932090691153562573677054517113 2.404023471528579119505879756800584364421743435906224782361182991882559 -28.08251590675854126062014466411245030310614765033957574403008192594296
