10 3.707106781186547524400844362104849039284835937688474036588339868995366
0.5 3.207106781186547524400844362104849039284835937688474036588339868995366 6.185200117131325363936954090280201759985119948506400003212826598391385e-77
1.5 3.207106781186547524400844362104849039284835937688474036588339868995366 6.185200117131325363936954090280201759985119948506400003212826598391385e-77
0.5 2.207106781186547524400844362104849039284835937688474036588339868995366 6.185200117131325363936954090280201759985119948506400003212826598391385e-77
3.207006781186547499995207826397614070401687058620154857635498046875 3.207006781186547499995207826397614070401687058620154857635498046875 -0.00572957795130823236225113759212816596443687516613718669750712865734238
3.207106781186547524400844362104849039284835937688474036588339868995366 0.5 0.0
2.207106781186547524400844362104849039284835937688474036588339868995366 0.5 0.0
3.207106781186547524400844362104849039284835937688474036588339868995366 1.5 0.0
0.500100000000000000004792173602385929598312941379845142364501953125 0.500100000000000000004792173602385929598312941379845142364501953125 -0.00572957795130823236225113759212816596443687516613718669750712865734238
2.207106781186547512200422181052411308700756095630128028333146461311727 2.207106781186547512200422181052411308700756095630128028333146461311727 45.0
1.499999999999999987799577818947562269415920157941653991744806592316361 1.499999999999999987799577818947562269415920157941653991744806592316361 45.0
