110 10.996783897492044
0.5000000000003039 10.49678389749174 89.99999999996533
10.496783897490687 0.5000000000013575 89.9999999998446
0.5000000000003011 0.5000000000003011 3.435e-11
1.5000000000005422 0.5000000000005396 6.1681e-11
2.5000000000008233 0.5000000000008178 9.356e-11
3.5000000000016342 0.5000000000000092 9.031425238953222e-13
0.5000000293796185 1.5000000293796212 3.366656242396998e-06
1.5000000574113843 1.5000000013478583 1.544527261874718e-07
2.5000000796752015 1.5000000209175948 89.99999760320745
0.500000004297692 2.5000000544615504 4.924790708536665e-07
1.5000000188967972 2.500000012997128 89.99999881954504
0.5004503332323205 3.500000072055695 89.99999847496538
10.496783897492001 10.496783897492001 4.831690603168681e-12
9.496783897491923 10.496783897492005 89.99999999999626
8.496783897491566 10.49678389749172 3.697125337555887e-11
7.496783896825248 10.49678389682605 89.99999992368294
6.496783896158737 10.496783897491527 5.910294476052513e-11
5.496783881216521 10.496783882549314 1.7123106852158793e-06
4.496783867228133 10.496783868560929 3.3152616043825594e-06
3.496783840963111 10.496783894825947 3.055120261277162e-07
2.4967838125022306 10.496783866365071 3.5668884898850873e-06
10.49678389749188 9.496783897491877 1.8687273950490635e-11
9.49678389749174 9.496783897491941 3.126388037344441e-12
8.496783897491552 9.496783897491609 2.454214609315386e-11
7.496783897491225 9.496783896160165 89.9999999999874
6.496783897491003 9.496783897323377 1.2505552149377763e-11
5.496783897491 9.49678386760669 1.2491341294662561e-11
4.496783896517013 9.496783840603904 1.1162290431737409e-07
3.496783889810575 9.49678388981151 8.801238154723121e-07
10.496783897491825 8.49678389749182 2.488320660631871e-11
9.496783897491678 8.496783897491893 8.341771717823576e-12
8.496783897491408 8.496783897491197 89.99999999997752
7.4967838815098915 8.496783880178565 89.99999816863102
6.4967838506024025 8.496783882397708 1.7103681188500117e-06
5.496783826921557 8.496783829000176 4.423993001182341e-06
4.496783810910277 8.4967837869601 6.258750280470699e-06
10.496783879332295 7.496783897491333 89.99999999996933
9.496783879279905 7.496783897439844 5.9724243328673765e-09
8.496783865554066 7.496783897465116 2.9656774813702214e-09
7.495132777389266 7.496783860737224 4.024916705082074e-07
6.495132771640555 7.496783865243005 89.99999974373827
5.491839064310357 7.496783816860151 3.063142076461021e-06
4.491839049143526 7.49678374379196 1.3251512569669409e-06
10.496783897490475 6.496783897490029 89.99999999982028
9.496783897463699 6.496783897412927 2.888256744881801e-09
8.49678388841046 6.496783888412554 1.0403125875486135e-06
7.496783873596461 6.49678385150086 89.99999934275348
6.496783866167284 6.496783854307192 89.99999849143289
5.49678379584889 6.496783787002652 6.549327732873226e-06
10.496783897491973 5.496783897488529 89.99999999999186
9.496783897438096 5.496783897333777 89.9999999938186
8.49678388830574 5.496783888412523 1.0403093385586405e-06
7.496783869823221 5.49678384783231 89.99999892236892
6.496697692161841 5.496783832888751 9.460651142489951e-07
5.482924695439085 5.496783757909127 9.701663528352831e-06
10.496783897491962 4.496783897488516 89.99999999999065
9.49678389744089 4.49678389733098 89.99999999413873
8.49678388831136 4.496783888412489 1.0403057579590804e-06
7.496783863671697 4.496783841675132 89.99999821680863
10.496783897491964 3.4967838974885113 89.99999999999089
9.49678389744047 3.496783897330556 89.99999999409036
10.496783897465127 2.4967838974616723 89.99999999691563
4.496783777920368 6.496783716518852 4.494870440205236e-06
4.482924668933305 5.4967836964995325 6.664325110224166e-06
6.484659580818404 4.496783820726602 2.316966771331863e-06
5.3581538868308005 4.496783703202573 1.354960217158896e-05
1.5747520250765417 9.721811519655182 26.130645673652875
0.6660293675573637 9.288936247362967 25.37444061453034
2.4359325453273875 9.018070560875081 24.84486258309231
1.5329580467482 8.58824448677537 24.84486258309207
0.6638057563829696 8.085370714594529 24.844862583093292
1.54546123636802 7.391450853983345 27.469472241973723
2.422719192543264 7.898513152974586 26.048103362356578
3.3305153209655467 8.330515356918339 25.432229164028108
0.6742663355291251 6.899280245638555 27.469472241766297
2.422604399027366 6.718800961506945 29.46372722462893
3.3305152055352814 7.223210700333353 25.43222916371288
0.6812698469716018 5.735056012045494 29.46372299121155
1.5519371604640435 6.226928449744232 29.463726758514365
3.2766345336101845 6.052730073928338 29.463725089575114
0.5000000046523632 4.500000090012307 5.331213941417445e-07
1.5352999817615856 5.0689851048049395 29.463726481033234
2.405967266805166 5.560857560881125 29.463728445795578
1.6812698510451591 3.9883422678785645 29.463721909005415
2.5457007437990757 4.491253810836554 29.463723807017292
3.4163680410990014 4.9831263278989635 29.46373043206332
9.735494254197567 1.5695920897503859 61.714639732873714
9.28349024754942 0.6772308294492981 61.71464287779498
9.0251844421452 2.4372259857324767 66.08372460469798
8.572698103087605 1.5439683844082817 66.08372460467884
8.099784026413857 0.6597700534257803 66.08372460467523
7.402742409730017 1.5522928070835615 63.586674405213586
7.874647522096154 2.434459779041838 63.58667440523454
8.32655799117833 3.326557974961697 63.58667440524476
6.930635823021449 0.6702259062682597 63.586674405134325
6.726816222671535 2.440281410667855 61.884161154508185
7.2018404150765845 3.327981217643158 62.66948951923472
5.78367212945285 0.6766261613494542 61.88416414829093
6.254927807994175 1.5586228380431486 61.88416115423349
6.0912091263431405 3.3726424163232207 61.843062258898634
4.676626133743808 0.7266820956078436 61.88417185037304
5.147881793613863 1.6086787896883221 61.884168107328605
5.619320825222325 2.490984054128495 61.84306017547676
3.993371043558347 1.5706611068941816 61.843060175311614
4.4645915412986525 2.452676875582443 61.843060175326954
4.936479836362566 3.3343352203975507 61.84306017535203
4.168709216154833 4.247759634476408 32.167141824905656
3.3038465655272726 3.7445673844415306 32.167139016669985
2.4321721431976258 3.252014675819248 32.178803945690326
3.3045597030905185 2.404218065213395 61.91667965388423
