110 10.997189570921925
0.5000000000001321 10.497189570921792 89.99999999998495
10.49718957092159 0.500000000000335 3.8288e-11
0.5000000418692904 0.5000000418692904 89.99999520213262
1.5000000837387515 0.5000000000001705 1.9454660105111543e-11
2.500000083738884 0.5000000000003016 3.447553353908006e-11
3.500000654456786 0.5000005707176008 89.99993460054311
0.5000005751556827 1.500000658894174 6.590802418426915e-05
1.5000014248661349 1.5000002745551466 89.99996853828934
2.500002195306419 1.500001044992805 89.99988025233397
0.5000004735820819 2.5000017076319385 89.9999457314653
1.500001348231386 2.5000009501781353 4.5959010932961064e-05
0.6027707452351182 3.5000024089454884 89.99983053538982
10.497189570921334 10.497189570921334 6.753706962762929e-11
9.497189570921183 10.497189570921483 5.035069295001756e-11
8.4971895709204 10.49718957092158 89.99999999996076
7.497189570919879 10.497189570921746 2.023190887957023e-11
6.497189570919591 10.497189570921813 89.99999999998745
5.497189569793118 10.49718956979556 1.290716790942227e-07
4.49718956796871 10.497189567971155 3.3813319072450895e-07
3.4971895650195766 10.497189570920286 1.8759248370593497e-10
2.4971889079507026 10.497188913851414 7.529478356206387e-05
10.497189570921664 9.497189570920483 89.99999999997029
9.497189570921512 9.497189570920934 89.99999999998755
8.497189570920307 9.497189570920142 1.2539658200694248e-10
7.497189570919637 9.497189570921497 4.864375569013646e-11
6.497189570919431 9.497189570921481 2.5366375666635577e-11
5.497189570919092 9.497189568669755 6.410516562027624e-11
4.4971895709183 9.497189565020154 89.99999999997353
3.4971895709155487 9.497189570919403 2.8861153566832276e-10
10.497189570921734 8.497189570920412 89.99999999997826
9.49718957092012 8.49718957091924 89.99999999979362
8.497189570918476 8.49718957091889 89.99999999998197
7.497189569131378 8.497189569134981 2.0476807686109368e-07
6.497189568013341 8.497189568016728 3.3288550022929737e-07
5.497189563044873 8.49718956079687 9.02229974878637e-07
4.497189563044417 8.497189557146932 9.021780485947603e-07
10.497189570918083 7.497189570920363 89.99999999997273
9.497189570914834 7.497189570917554 89.99999999960053
8.497189536431303 7.497189570917878 9.772837144704462e-11
7.497189139184868 7.497189173674628 4.5521204138507876e-05
6.492147374424553 7.497189567769237 3.07627515798797e-07
5.492147347039551 7.497189538521354 3.445717620974277e-06
4.492147281051514 7.497189513717683 89.99999588404533
10.497189570907043 6.497189570916293 89.99999999950649
9.497189570905572 6.4971895709169045 89.9999999996748
8.497189570901234 6.4971895709172305 1.7172426750321043e-10
7.497189559944271 6.497188787385334 1.2556926801322303e-06
6.497189553667038 6.4971895533923965 1.9750083957306174e-06
5.497189532246729 6.497189526456242 4.42959504289174e-06
10.497189570914298 5.497189570912973 89.9999999991262
9.497189570909278 5.497189570916673 89.99999999970119
8.497189570904464 5.497189570916523 2.5276983542895414e-10
7.495784277390608 5.495783482915773 89.83873807284128
6.491409779174933 5.497187210563924 89.99973039070444
5.483553387287557 5.497189520388118 5.004145161663095e-06
10.497189570912864 4.497189570911538 89.999999998962
9.497189570906292 4.49718957091655 89.99999999971507
8.497189570902957 4.49718957091516 9.684697488410166e-11
7.4971865077027156 4.49080879717465 89.99964898212903
10.497189570921423 3.4971895709019782 5.727902278701256e-11
9.497189570918163 3.4971895709162752 89.9999999996838
10.497189570921506 2.49718957090106 89.99999999995221
4.49718950454637 6.49718946695453 1.2553676619404007e-06
4.483552794516847 5.497188921873268 89.99993707757973
6.497185833228133 4.497187180300049 89.99973074698356
5.361337063560223 4.497188847922943 8.083985107589401e-05
1.574180613787061 9.725137470798241 26.548654444220833
0.6694745519085077 9.292343531030534 26.223256570039634
2.4365005569373133 9.02004003197428 24.664507188402464
1.5342228120563821 8.588604433048792 24.664507188402123
0.6630355305834739 8.089462871632227 24.664507188403373
1.5460621127005143 7.394603117806534 27.311169413628093
2.421176698630291 7.895813156074168 26.441638057916407
3.3305332120293527 8.330533213568698 25.526273476337547
0.6736752903732781 6.904522713247887 27.311169413635387
2.4245940362577336 6.721338159727165 29.325828259807068
3.3305331365103203 7.222362136344552 25.526273466905053
0.6807790898145567 5.741819216302182 29.315946378683357
1.5527462239343317 6.231560514086403 29.32587123281435
3.276103098540724 6.052699440674533 29.325827195852103
0.5000006993130397 4.500003332227005 89.99991986457258
1.5324062402731902 5.073145577699827 29.32583608601781
2.4042549496702814 5.562921931091643 29.325896156010618
1.680812729150485 3.991909170721506 29.32595573120536
2.5451386575634647 4.495076973018748 29.32588281079453
3.4169871551253332 4.984853957161817 29.32595711754505
9.735728171843713 1.5700587929963192 61.771035848063654
9.285017654730957 0.6770303377957444 61.77103597839055
9.025380948009383 2.437791507844171 66.09764105456892
8.57422380377896 1.5439311065589152 66.09764105456854
8.101320718934948 0.6597082508734751 66.09764105455756
7.403752629364768 1.5513551452016145 63.386523192071984
7.875587498441723 2.4334460759453114 63.386523192520535
8.326180427798292 3.326180427794336 63.386523192541794
6.928435264477548 0.6710091431221984 63.38652319201744
6.728202881519961 2.436224209361075 62.140073599563664
7.203692917042918 3.3248600605979934 63.045486495538505
5.779080793325486 0.6757018446618871 62.14015362282294
6.253085888214378 1.5562572842455162 62.14007358813117
6.09441828288297 3.376465037755877 61.63429348690614
4.675702263916406 0.7281518368443347 62.14022449092314
5.144703844560617 1.614996982480992 61.76967435574075
5.619319576120836 2.496531910714283 61.634231078479836
3.987734973352342 1.5740885667942264 61.7695870209076
4.460752689966991 2.4551414822140982 61.769587020884764
4.936232435168259 3.336209016538678 61.634234491836146
4.1705403598310005 4.246492772445164 32.670260454341616
3.3055888891705023 3.7428058810240032 32.67021525874823
2.4322532191632087 3.252192969986937 32.670303615976685
3.2996899468527876 2.406607725871255 61.76967307888411
