110 10.9988563414038
0.5000000001658522 10.498856341237946 89.99999998099494
10.498856341309772 0.5000000000940278 89.99999998922542
0.5000000000125323 0.5000000000125323 89.9999999985641
1.500000000027117 0.5000000000271134 89.99999999689324
2.5000000000308624 0.5000000000233713 89.99999999732205
3.5000000000314473 0.5000000000239523 89.99999999725547
0.5000000000165202 1.5000000000165237 89.99999999810713
1.5996754060123537 1.5000000165276188 89.999998110897
2.599675683757928 1.5000002942742174 89.99996628359128
0.5000000150852781 2.500000015118322 1.7286453581178884e-06
1.5000000363751076 2.5000000621368557 4.168279862779592e-06
0.542726148159765 3.500000037183452 4.1094059142215e-06
10.498856339915795 10.498856339915795 89.99999982948758
9.498856338427915 10.498856341393205 89.99999999998568
8.498856338424373 10.498856341400133 89.99999999958014
7.498856326176952 10.498856329160045 1.4030307727085771e-06
6.498856312703885 10.498856340174488 89.9999998591314
5.498856308973465 10.49885633890269 2.866057344578173e-07
4.498856303536532 10.498856338467975 89.99999966357957
3.4988562982556495 10.49885633905874 2.6872371297382055e-07
2.498856280610449 10.498856321413543 2.2907143855171055e-06
10.498856337166698 9.498856337166695 89.99999951446422
9.49885633293238 9.498856341390542 89.99999999968088
8.49885633292994 9.498856341398572 89.99999999940165
7.498856329854672 9.498856248682673 89.99999964700226
6.498856328007622 9.498856340170354 89.9999998586583
5.498856323638264 9.498856338267878 3.593494241373794e-07
4.498856323580836 9.49885633233881 3.6592979488499044e-07
3.4988563235464567 9.49885633824483 3.6199069587078037e-07
10.49885633409992 8.498856334099912 89.99999916303724
9.49885632677046 8.498856341386592 89.99999999922852
8.498856326768957 8.498856341398557 89.99999999940033
7.498856323207322 8.498856248196294 89.99999959126762
6.4988563227151 8.498856337344707 89.99999953486339
5.498856312135584 8.498856334883362 7.471861467625242e-07
4.498856309596339 8.498856326472476 1.0381618097564933e-06
10.49885633235547 7.498856332355458 89.99999896313793
9.498856323316248 7.498856341384209 89.99999999895584
8.498856319627137 7.49885634139046 89.99999999847283
7.498765043450222 7.49885624096353 4.2015544610383753e-07
6.498764506459434 7.4988558080783525 89.99993888551089
5.4941601796485555 7.498856334812484 7.482898313614672e-07
4.494160178558589 7.498856322801804 6.233892953954259e-07
10.498856330506268 6.498856330506253 89.99999875123511
9.498856319618717 6.498856341383335 89.99999999885611
8.498856317865288 6.498856341390436 89.99999999847516
7.498856315350053 6.498856239799573 2.866994561723686e-07
6.498856311911851 6.498855268815114 6.806839942029685e-07
5.4988563116700355 6.498856334525639 7.083920518389325e-07
10.498856329616585 5.498856329616567 89.99999864928496
9.498856317840676 5.498856341382006 89.99999999870427
8.498856317839492 5.498856341389613 89.99999999856892
7.49885629968994 5.498856219135607 89.99999791878385
6.4967867054966755 5.49679315560793 89.7654628337366
5.490924064073704 5.498856334397247 7.11865985855889e-07
10.498856303686866 4.498856327261269 89.9999983793881
9.49885628954757 4.498856341373909 89.99999999963177
8.498856289534615 4.498856341385934 89.99999999814764
7.49885625868292 4.498856206429786 89.99999646280422
10.498856341397152 3.498856313125404 89.99999999923853
9.498856341392123 3.4988563413654474 89.99999999866263
10.49885633690796 2.498856308636207 89.99999948481485
4.498856309068249 6.498856319540726 1.0065344783445539e-06
4.49050875741029 5.498856311463374 1.915326143911206e-06
6.4850321048557 4.496823294399835 89.76655384854861
5.482999052401892 4.498856334218844 7.210260217998736e-07
1.5782785063148166 9.718267104857603 25.185280922615583
0.6628172108862733 9.293255810656111 24.613658347291913
2.437642489904382 9.017333397989177 25.18527546410456
1.5327060650255158 8.591786612127802 25.18527546241541
0.6652415944036522 8.086554721220125 25.185275461783174
1.5443721044001189 7.394418760154662 27.735413917367477
2.428678266766366 7.908067939362591 25.185280499395223
3.333614712105786 8.333614733887485 25.185277953517417
0.6752476758459112 6.898634532007331 27.73541386946076
2.4215916726669335 6.724503053185481 29.350373745380807
3.3336146956243606 7.228564723182161 25.185277955410175
0.6816876090630202 5.733992457178628 29.59060823012458
1.5512635234768224 6.227791784461125 29.590610897428743
3.2765636155619124 6.058015440209706 29.35037540918581
0.5000000000025807 4.5000000699777765 2.9552e-10
1.535797320920552 5.069023190618483 29.590608155982434
2.4053732188376022 5.562822579320594 29.590612654893786
1.6816875959008966 4.001882871642686 29.59060421511247
2.551263520015824 4.495682171349036 29.590606288692804
3.4208393651251323 4.98948159967121 29.590607767431337
9.742413184363645 1.5693131943156151 61.04579176012649
9.284958340842225 0.6795586673004563 61.045794077424695
9.029775425122729 2.440108183776297 66.48251439205869
8.571536549761493 1.548936553128946 66.48251439206769
8.112795099964663 0.6579836304637453 66.4825143920591
7.4104939837484025 1.547164606620887 62.78785171919798
7.868266890915891 2.436233931608392 62.787851720369545
8.325553374659949 3.325553374665349 62.78785172117935
6.9231455478715445 0.6733029667379834 62.78785171990256
6.7432763341322906 2.4364069280204492 62.75556907930056
7.2039784219421055 3.3311551044499477 62.7878534640529
5.798184776507847 0.6733888153973258 62.76506727087004
6.255936544492848 1.5625620798889388 62.755569040962875
6.076263469629565 3.3254317738863586 62.75557087010743
4.673424565098322 0.6734245650688945 62.7555708742938
5.131136181911097 1.5625252810442845 62.75557087238084
5.58892367964281 2.4515869251115743 62.75557087059966
4.004968220275277 1.5598325172556917 62.7555676698307
4.462755728547428 2.4488941558917707 62.75556766843917
4.935704027974075 3.367682962192221 58.791440809017146
4.27709878164718 4.287697401175973 41.65249010886886
3.352066896435839 3.758752189398797 33.91184681943116
2.4207662504901184 3.271591832416679 29.590605202086362
3.3342275171384093 2.441617564421348 62.75556954203103
