110 10.997188780169726
0.5000000015745968 10.497188778595127 1.80435393e-07
10.497188780153282 0.5000000000164431 89.99999999811587
0.500000000000128 0.500000000000128 1.4563568564223095e-11
1.5000000000002849 0.500000000000283 3.232623430953469e-11
2.500000000000482 0.5000000000000879 9.979623751043099e-12
3.50000000000066 0.5000000000000902 89.99999999998977
0.5000000170632631 1.500000017063519 89.99999804469415
1.5000000177925923 1.5000000163345022 89.99999812826883
2.500000034090449 1.5000000000362614 89.99999999586551
0.5000000006360058 2.5000000334907777 89.9999999271192
1.500000001295825 2.500000032692252 2.7287272605357613e-09
0.5000000384273171 3.500000071282091 89.99999559655376
10.497188780169656 10.497188780169656 7.758047598702328e-12
9.497188780169456 10.497188780169456 3.0667024475405924e-11
8.497188780168619 10.497188780168623 1.262038841265169e-10
7.497188780168511 10.497188780168516 1.3853537929685265e-10
6.4971887794234915 10.497188779423498 8.55112979942889e-08
5.497188771874313 10.49718877187432 9.505832244036156e-07
4.4971887718718 10.497188771876832 9.502955172466584e-07
3.497188764189308 10.497188779559322 6.99469200108719e-08
2.4971887635423062 10.497188778912323 1.4408763375718528e-07
10.49718878016822 9.497188780168218 1.724353746050038e-10
9.497188780166482 9.497188780168957 89.9999999999735
8.497188780166436 9.497188780167244 89.99999999996848
7.49718878016591 9.497188780167555 2.8684027659617288e-11
6.497188780165736 9.497188778677693 4.8460385735169096e-11
5.497188780165535 9.497188763579537 7.12048895660125e-11
4.497188780165424 9.497188763584669 8.378359525425279e-11
3.497188779555925 9.497188779559146 6.992698049251003e-08
10.49718878016924 8.497188780167194 5.540812253457261e-11
9.497188780168557 8.497188780168921 89.99999999997729
8.497188780168008 8.497188780166617 4.013145371573046e-11
7.497188760153661 8.497188760153108 2.2935152699003244e-06
6.497188741407059 8.497188739916817 4.441717431027966e-06
5.497188739485167 8.497188722896972 4.661949696823645e-06
4.497188739463147 8.4971887228802 4.6644723654024275e-06
10.49718866141847 7.49718878015025 89.99999999811376
9.497188661396681 7.497188780163395 6.104836614611127e-10
8.49718866139155 7.497188780166466 2.2879476091475226e-11
7.4971886532973695 7.497188732044432 89.99999907249818
6.497188544465149 7.497188716777585 7.093275997717616e-06
5.49214638058655 7.497188697583543 7.5156401494157385e-06
4.492146369655589 7.497188708519513 6.263045309327512e-06
10.497188772176905 6.497188777079638 3.4997980103852944e-07
9.497188769122626 6.497188780157937 89.99999999998535
8.497188769091359 6.497188780134873 89.9999999964027
7.497188748544352 6.497188703434838 2.3509164527907275e-06
6.497188707131677 6.497188716749816 7.096459325148942e-06
5.497188687712806 6.49718868264306 9.321697460399908e-06
10.497188774614848 5.497188774578911 6.365418635658656e-07
9.49718876905876 5.497188780156852 89.9999999998612
8.497188769025025 5.497188780131318 89.99999999599564
7.4971886084380355 5.497188470068584 89.99999757916274
6.4835483039014115 5.497188686393397 1.0381450638395666e-05
5.48354828570459 5.497188652978929 1.2466651395187534e-05
10.497188776768963 4.497188772424795 3.8969850219269245e-07
9.49718877336748 4.4971887801563595 89.99999999991743
8.497188773333201 4.497188780131264 89.99999999598961
7.497188754877231 4.490813895050764 89.9999978811423
10.497188780169042 3.4971887690233494 89.99999999992181
9.497188780167283 3.4971887801546395 89.99999999972053
10.4971887800424 2.4971887688967063 89.99999998540979
4.49718866203339 6.497188525632027 1.2264343089390433e-05
4.483548271634328 5.497188510743127 1.085431733629197e-05
6.497188625075143 4.497188668484374 1.2782382066196962e-05
5.361335984171776 4.497188601595662 1.5307580861907728e-05
1.5741814512848873 9.725133799842446 26.54822339503994
0.6694707150767625 9.292339287251574 26.222290733327096
2.4364995942996504 9.020037531977227 24.66470263407408
1.5342211767363036 8.588603525040822 24.664702634073155
0.6630363688110537 8.089457313109833 24.664702634072214
1.546061711206124 7.394598719518127 27.311306089947276
2.421177994267999 7.8958155390301465 26.441225010193094
3.3305327989419404 8.330532806363644 25.526180125985835
0.6736758028897206 6.904516727835032 27.311306089433298
2.427374659857511 6.722897167757503 29.326062258926115
3.330532583991632 7.2223625247586485 25.526180124876632
0.680355122912671 5.7436122397020615 29.13911805935415
1.5555223454935514 6.233114940841684 29.326054457652713
3.276101182213907 6.052697232985969 29.326060597644652
0.500000017118058 4.500000092591354 89.99999803841513
1.532407885825518 5.07313917967785 29.326052241897305
2.4042545782627416 5.562918159696835 29.326058222554696
1.6808127798066705 3.9919024716028595 29.32604578606875
2.5451373554542682 4.495071388669839 29.32604898694389
3.416984062837456 4.984850491760984 29.32606336816622
9.73572655889097 1.5700583871503002 61.771116426890345
9.285015870690893 0.677030042728523 61.771118837404494
9.025379698734584 2.437790618549517 66.09757843917993
8.574222396759222 1.5439303472904393 66.09757843918896
8.101317170887892 0.6597085290338522 66.0975784391513
7.403749819776879 1.551355763946903 63.3866025210161
7.875586843457461 2.4334456775356066 63.386604681186554
8.326179965315113 3.3261799653064212 63.386607519726205
6.928434189599991 0.6710088270146958 63.38660439542275
6.7282003052686745 2.4362270087237468 62.13972638401195
7.203693431056473 3.3248635485963525 63.045381940538796
5.7790822583228785 0.6757033916759866 62.13972827704013
6.253085067270382 1.5562592163855287 62.13972638402875
6.094418694591791 3.376467115151656 61.634351325987375
4.675703383273066 0.7281601056679964 62.13973058760217
5.144708342190199 1.6149966138726437 61.76987891948172
5.619321933577755 2.4965335427419926 61.63434994059509
3.987740160573398 1.5740835013796788 61.769877142944495
4.460754183335072 2.4551383999523924 61.76987714133152
4.93623261891276 3.3362083690925277 61.634349941053046
4.170538654871979 4.246490925882238 32.6703234964467
3.305588550293176 3.742802459331094 32.6703217839994
2.432254664767597 3.2521879367821165 32.67032523980232
3.2996943168008097 2.406603950828754 61.76987889511074
