110 10.996874385467128
0.500000000008321 10.496874385458808 9.53369e-10
10.496874385467127 0.5000000000000034 89.99999999999976
0.5000000074612477 0.5000000148585249 89.99999914500414
1.5000000206633852 0.5000000206633821 89.99999763215094
2.500000030643816 0.5000000106829543 89.99999877582376
3.5000000362848 0.5000000163239355 89.9999981294149
0.5000000110367656 1.5000000184340458 89.99999873527996
1.5000000313675734 1.500000050620807 1.0650187086255057e-06
2.5000000431019385 1.5000000189255887 89.99999972035978
0.500000010825789 2.5000000402966003 1.2405439057413454e-06
1.5000000277527665 2.500000069079532 3.1802324489155728e-06
0.6002178192808122 3.50000006800831 89.99999757995245
10.49687438546709 10.49687438546709 89.99999999999547
9.496874385467077 10.496874385467098 89.99999999999649
8.4968743854668 10.496874385466883 2.8097274423603617e-11
7.496874385462938 10.496874385463027 4.70103550753202e-10
6.496874385461344 10.496874385461433 6.525832026930024e-10
5.496874385460657 10.49687438546075 7.309138116466772e-10
4.4968743854575655 10.49687438545766 1.0848685295141756e-09
3.4968743854491855 10.49687438546604 1.2482445684542949e-10
2.496874385448397 10.496874385465253 2.1488821666960816e-10
10.49687438546683 9.496874385466748 3.410605131648481e-11
9.496874385466421 9.496874385467017 89.99999999998754
8.49687438546605 9.496874385466864 2.9894742084693915e-11
7.4968743854624496 9.496874385462778 4.4202373257914296e-10
6.496874385458866 9.496874385459686 8.524338745120269e-10
5.496874385456681 9.496874385459625 6.024085253567139e-10
4.4968743854562145 9.49687438545391 6.555401769518007e-10
3.496874385455346 9.496874385460538 7.548253816610075e-10
10.496874385436586 8.496874385435907 89.99999999650014
9.49687438540618 8.496874385466985 89.99999999998404
8.496874385405889 8.496874385466732 1.725589211558243e-11
7.496874385405024 8.49687438545993 1.1584865410586624e-10
6.4968743845593755 8.496874384620465 9.701978939000309e-08
5.4968743845225845 8.496874384581435 1.0123536245276123e-07
4.496874384518357 8.49687438458041 1.0075120639385793e-07
10.496874385247363 7.496874385355414 89.9999999872768
9.496504828228776 7.49687438546686 89.99999999999787
8.496497665264224 7.496874385455055 89.99999999932594
7.496497625905487 7.49687438545939 1.7726124349208602e-10
6.491940337668583 7.496874369316223 89.99999832677165
5.491940330395485 7.4968743764417285 89.999999160207
4.491940318998107 7.496874381382151 4.6625005639320733e-07
10.49687438525895 6.496874385345365 89.99999998612556
9.4968743851371 6.496874385466069 8.829693801573463e-11
8.496874385129065 6.496874385453668 89.9999999991679
7.496874385120471 6.49687438545917 1.5227436847164675e-10
6.496874379453814 6.496874360323968 89.9999993508015
5.496874372199111 6.4968743675394585 1.8212898567071534e-07
10.496874385296401 5.496874385295713 89.9999999804361
9.496874385123737 5.496874385464904 2.2146998157713135e-10
8.496874373798434 5.496874385452919 89.99999999925338
7.496874373790203 5.496874385458785 1.9614954719113633e-10
6.482687104377057 5.496874344390815 89.99999745271903
5.482687079053643 5.496874365989542 3.545682289995966e-07
10.496874385466404 4.496874385125708 89.9999999999169
9.496874385466096 4.496874385462547 89.99999999995174
8.496874385459352 4.496874385452269 89.99999999917912
7.496874385454708 4.4968743854545465 89.99999999971082
10.496874385466404 3.4968743851242556 8.309583641893887e-11
9.496874385465723 3.496874385462076 5.453660784975358e-12
10.49687438546651 2.4968743851241464 7.087683840568918e-11
4.4968743659482096 6.49687437585771 8.984291816147171e-07
4.482687063123702 5.496874355545896 89.99999852913174
6.48450980333819 4.496874337274757 89.99999826182253
5.358710617427859 4.496874353581991 1.6884522997110218e-06
1.5749061530657156 9.721677330028546 26.09155160960661
0.6655994433432516 9.288732358494372 25.270992345484654
2.4360077550326276 9.018048005728117 24.858654955611183
1.532954427273988 8.588398104885755 24.858654955620867
0.6638643874580269 8.085442095911198 24.858654955389035
1.5454675878659243 7.391623770111815 27.471582027102126
2.4229724942843442 7.898918185610279 26.011663331337
3.330648884757672 8.330648884991831 25.42182061366978
0.6742741779513914 6.8994530722257075 27.47158202651164
2.426722165626068 6.721316921629889 29.463778432303556
3.330648857788143 7.22343989888927 25.421820616796687
0.6796437024675038 5.739161993655354 28.979143119336797
1.556055307289253 6.229443695485887 29.463775636074573
3.276553254483868 6.052874274058127 29.46377786803335
0.5000000100512871 4.500000081090562 89.99999884820748
1.5352195461207534 5.069127839801082 29.463774121030625
2.4058864234044086 5.561001042615975 29.46377749267221
1.6812700082096503 3.988011585932664 29.463770689505306
2.5454783993557304 4.491316953821914 29.463772343059897
3.416145272226318 4.983190214163537 29.463778516871656
9.733042733177005 1.5707799710053993 62.13762826476174
9.286494642424508 0.6757110286268345 62.13762837571032
9.023725962705978 2.4373149147442996 65.94063612337204
8.576877438708715 1.541677650344683 65.94063612337264
8.097859144334503 0.6604032470496157 65.9406361233536
7.40187620060161 1.5523327759907501 63.48461755766943
7.879810031378327 2.4314335434112313 63.484617557763414
8.326248085171038 3.3262480851632463 63.48461755805496
6.9291650851512765 0.6706262952608522 63.4846188445496
6.7269885737938155 2.4404342816588 61.879223231993386
7.211162415091981 3.3311874777695896 63.48461886545236
5.78409750843376 0.6766438505536875 61.879228382690684
6.2544801513552155 1.5591071021342244 61.87922475679758
6.091206218127704 3.3723441824628955 61.80278053492796
4.67664388020031 0.7260243080563966 61.87923042389078
5.1470264871208755 1.608487558176177 61.879228885666485
5.618698208430377 2.4910178004120374 61.80277990885811
3.9929366990961004 1.5704979970593507 61.915698593174824
4.463706840005384 2.4527538978224075 61.915698593004436
4.936542827170192 3.335021425571363 61.80277942529883
4.168949682996401 4.247564083540466 32.28300359722525
3.3042959389099114 3.7439067647559847 32.283002761436755
2.4325740443234247 3.251437504963507 32.283003382745505
3.3043959978690167 2.4043038879415617 61.91570155149457
