110 10.997237609320944
0.5000000000108933 10.497237609310051 1.248207e-09
10.49723760931463 0.5000000000063161 89.99999999927631
0.5000000000000033 0.5000000000000033 89.99999999999969
1.5000000000000568 0.5000000000000555 89.99999999999372
2.5000000000002 0.5000000000001972 89.99999999997748
3.5000000000002576 0.5000000000001408 89.99999999998394
0.5000000192514734 1.50000001925148 2.2060563202891867e-06
1.500000038502806 1.5000000000002534 1.623628447104612e-11
2.5000000524888986 1.5000000139862315 89.99999839732826
0.5000000153063204 2.500000023196635 1.7539750646163554e-06
1.5000000313714843 2.5000000313715947 3.5949070954373236e-06
0.5000100322752329 3.5000000532366102 89.99999831161374
10.497237609319997 10.497237609319997 1.085282974599977e-10
9.497237609319892 10.4972376093201 9.669065548223443e-11
8.497237609319829 10.497237609320038 1.0382450454926584e-10
7.497237609319311 10.497237609318741 4.465471218600981e-11
6.497237609319162 10.497237609320408 6.156430040455068e-11
5.497237609318946 10.49723760932062 3.6978917367928424e-11
4.497237609318552 10.497237609320873 89.99999999999193
3.497237609318423 10.497237609320887 6.536993168992922e-12
2.4972376093183697 10.497237609320939 6.164060480800425e-13
10.49723760932033 9.497237609318532 89.99999999994091
9.497237609319374 9.497237609319692 5.020694970880868e-11
8.497237609319235 9.49723760931943 3.453237695794087e-11
7.497237609318377 9.492697374442288 89.99999999993597
6.497237609317945 9.49723760931887 89.99999999988547
5.497237609317442 9.497237609319798 89.99999999994284
4.497237609317016 9.49723760932087 89.99999999999164
3.497237609316908 9.49723760932086 3.751665644813329e-12
10.497237609320566 8.497237609317636 4.334033498483207e-11
9.497237609319386 8.497237609318574 1.781933024969432e-10
8.497237609316635 8.497237609317933 89.999999999863
7.4972376093060005 8.492697267619093 89.99999999864576
6.4972376093060555 8.4972376093081 89.9999999986516
5.497237607450164 8.497237607475174 2.1132091245672958e-07
4.497237607442145 8.497237607468653 2.1223970014200986e-07
10.497237609319946 7.49723760931626 89.99999999988565
9.497237609319365 7.497237609315442 89.99999999981934
8.497237609316905 7.497237609315092 89.99999999953762
7.497237609305809 7.492697102096251 89.99999999827038
6.4972376092513855 7.4972376092568656 4.522456437511471e-09
5.497237609240201 7.497237605681699 5.803898670104788e-09
4.497237591984231 7.497237592014176 1.9831923306959094e-06
10.497237609317786 6.497237609314098 89.99999999963805
9.497237609315432 6.497237609314671 89.9999999999075
8.497237609310957 6.497237609313846 89.99999999939489
7.497237592875788 6.4908623878108225 89.99999811607091
6.497237559905302 6.497237592556607 1.918231077525169e-06
5.497237541591344 6.497237570678668 4.016855852540007e-06
10.497237609310753 5.497237609313382 89.99999999955621
9.497237609305762 5.497237609313779 9.535483513900544e-12
8.497237576645992 5.497237609312343 89.9999999992229
7.497237554987641 5.490862382586158 89.99999751736861
6.4915623708944565 5.497237591995688 1.960734660794854e-06
5.488105526415412 5.4937807432592285 0.39750927116985707
10.49723760931831 4.497237609312142 89.99999999969822
9.497237609318235 4.4972376093109885 89.9999999996898
8.497237609284138 4.497237609282322 89.99999999578283
7.49723757152854 4.490862322715172 4.378078450163029e-06
10.497237609320262 3.4972376093101896 89.99999999992174
9.497237609320104 3.497237609308807 89.99999999993953
10.497237609319768 2.497237609309695 89.99999999986518
4.493828248363621 6.4869065658111555 0.3975083399918061
4.48812957664596 5.486842953359418 0.3975073777729764
6.497237550722206 4.497237591682039 2.0195992897918936e-06
5.357739346521198 4.492852179737256 0.39751170623580356
1.5743044337158654 9.724952976165767 26.510182760367655
0.6690926514596778 9.292084219130276 26.127355306573882
2.4365292721301306 9.01997005059207 24.67953587246788
1.5341826441361652 8.588694041451419 24.67953587319623
0.6630999631084668 8.089381337214116 24.679535873107614
1.5460285608362259 7.394610153993197 27.318146563272244
2.4213805939664845 7.89616474614218 26.405026511775855
3.3306381708529518 8.330638171240729 25.512443663779873
0.6737014488772457 6.904423470940265 27.318146562914475
2.4244114265422447 6.721322240483699 29.332931619750152
3.3347332589586345 7.224549166390955 25.512443669939618
0.6808357161617081 5.741554993872474 29.3329283148973
1.5526235926726726 6.231438594598336 29.332930829702512
3.276059051474067 6.052820373292978 29.332930021069583
0.5000000000080361 4.500000067962526 89.99999999907921
1.5324833443247148 5.073053112452826 29.332931012203954
2.4042712025784527 5.562936725718238 29.33293240704754
1.680835725146733 3.992345226088832 29.33293100999733
2.5453618350569047 4.495151688526053 29.332931009778967
3.417149697867911 4.985035324595413 29.332934140026012
9.735731454173264 1.570124836890048 61.78172895022304
9.28522494684541 0.6769922476109389 61.78172895127065
9.025399668027013 2.4378442258566384 66.09591567801064
8.574453357154804 1.5438920341313087 66.0959156786015
8.101450328831833 0.6597159153321442 66.0959156785413
7.403879741720382 1.5513232124658136 63.37886630693813
7.875811332365612 2.433361689563788 63.37886690721215
8.326198674561624 3.3261986745527863 63.37886860069372
6.928448314672666 0.6710389436840307 63.378866306936814
6.728390977769691 2.4361707751655377 62.1365263150301
7.204133448992753 3.325046436006488 63.08041485222541
5.779146499829538 0.675715030042091 62.13652802317239
6.253159608065244 1.556264932129912 62.136526315802016
6.094625443263821 3.376373922788295 61.62680981563208
4.675715020580954 0.7281283225286375 62.13653062505165
5.144729688568008 1.6148757431733187 61.7752377272921
5.619412876065737 2.496502892276085 61.626808993001625
3.987842666825257 1.573998522145592 61.775234101230375
4.460774295331895 2.4550976509385123 61.775234101320855
4.936404688133798 3.336213194675714 61.62680899373797
4.170006007895072 4.246867328506037 32.552470112550914
3.304899035480387 3.7435846827481365 32.552468731437315
2.4317330103657824 3.2529266625521123 32.552465375223996
3.299778855256075 2.406566207312198 61.775237673978275
