110 10.99719262382774
0.5000000000000202 10.49719262382772 2.239e-12
10.497192623821512 0.5000000000062295 89.99999999928623
0.5000000000015999 0.5000000000015999 89.99999999981674
1.5000000000017604 0.5000000000014407 89.99999999983498
2.5000000000023004 0.5000000000009022 89.9999999998967
3.500000000002441 0.500000000000763 89.99999999991266
0.5000000093243292 1.5000000093243304 89.99999893151065
1.5000000186481206 1.500000000002344 89.99999999993831
2.5000000307366994 1.500000012090642 89.99999861468939
0.5000000000310842 2.500000018617577 89.99999999643808
1.500000010380838 2.5000000103215525 1.1824323564724182e-06
0.6037483128295917 3.5000000276578076 89.99999868833889
10.497192623827534 10.497192623827534 2.3561597117804922e-11
9.497192623824931 10.497192623825343 89.99999999972543
8.497192623824308 10.497192623825965 89.99999999979669
7.49719262381663 10.497192623821839 6.762321791756878e-10
6.497192623810841 10.49719262381605 1.3396087852621548e-09
5.497192623808316 10.497192623818572 1.0505058085439982e-09
4.497192623784603 10.49719262379486 3.767797590132728e-09
3.497192623761516 10.497192623817945 1.1224694389588736e-09
2.4971926237599096 10.497192623816339 1.306368438447415e-09
10.497192623822432 9.497192623822018 89.99999999939173
9.497192623814117 9.497192623819942 3.44358627896526e-10
8.497192623810253 9.497192623825045 89.99999999990185
7.4971926238025155 9.497192623820858 7.884525985194024e-10
6.497192623800734 9.497192623813019 9.92609512007267e-10
5.497192623800235 9.497192623817568 9.356312503480507e-10
4.4971926237981465 9.49719262377223 1.1747980161650256e-09
3.4971926237941093 9.49719262381345 1.637219376344839e-09
10.497192623820718 8.497192623820304 89.99999999919537
9.497192623816472 8.497192623814156 89.99999999968169
8.497192623810607 8.49719262381726 89.99999999900977
7.4971926117279075 8.497192611753679 1.3835850504912645e-06
6.497192602312353 8.497192602332069 2.4625280604056808e-06
5.497192590086052 8.497192590109822 3.863558667720861e-06
4.497192590079728 8.49719259006025 3.864282983095515e-06
10.49719262380269 7.497192623816317 89.99999999873869
9.497192623796824 7.49719262381179 89.9999999994106
8.49719261052225 7.497192616869532 89.99999920285897
7.497192543674396 7.497192385244899 89.99999154265909
6.492110950500246 7.4971925993199 2.782669699963657e-06
5.492110933276648 7.497192581976094 4.756348403572399e-06
4.492110926864699 7.497192588344723 4.021593593078649e-06
10.497192613685325 6.497192613684908 89.99999883776479
9.497192603554396 6.497192623805444 89.99999999868355
8.497192583803123 6.49719260406314 89.99999773535458
7.497192570154102 6.497114141136035 89.99999617164748
6.497192503310417 6.497192590502878 3.831970284998886e-06
5.497192501924929 6.497192540457581 3.990735468890387e-06
10.497192602566093 5.497192602565675 89.99999756359475
9.497192581314954 5.497192623804462 89.99999999879587
8.497192554414204 5.497192596914641 89.99999691619716
7.497192489993526 5.497114083217007 89.99998953461522
6.487855676739112 5.497192589840456 3.827536883998579e-06
5.4841163984074655 5.4971925252749045 5.62617498859208e-06
10.497192586697231 4.497192586696811 89.99999574515697
9.497192549570533 4.4971926237977655 89.99999999956317
8.497192522655858 4.497192596907412 89.99999691536878
7.497192507079732 4.490822933967937 89.99999516977249
10.49719262382051 3.49719254957353 89.99999999917158
9.497192623819853 3.4971926237950033 89.99999999924684
10.497192614904902 2.49719254065792 89.99999897751806
4.497192483396598 6.497192524337349 1.8675452166509796e-06
4.484116382087346 5.497192474790784 7.496322905319977e-06
6.497192432062806 4.497192590463526 3.8276128767202144e-06
5.361238773633353 4.4971924967331205 7.51415982945174e-06
1.5738341060936802 9.726162501091151 26.70511277952679
0.6708811776906239 9.293563642514934 26.580632604976053
2.43656603683817 9.020587323682273 24.600713768831024
1.5345551727850628 8.588525746844494 24.600713768866022
0.6627615211267409 8.090466226120299 24.60071376891534
1.5462260110521604 7.395244145529905 27.268128366650874
2.4204596724393403 7.894610511820704 26.5915449648207
3.3303823688144685 8.330382375430329 25.563712108086808
0.6735137013809446 6.905736925949406 27.268128366357505
2.425101420630256 6.721790918010827 29.288209036661787
3.330382219090504 7.2218651279154 25.563712100749505
0.6806598277346968 5.743407844126265 29.28023541473646
1.5529314724229877 6.232587910783794 29.288208988771785
3.2760492326891093 6.052524810967259 29.288209036668153
0.5000000000027383 4.500000039102042 89.9999999996863
1.531709288432644 5.074118811578815 29.288207687784162
2.403879275813937 5.563321796110324 29.288210378578356
1.680686453703227 3.993483020429388 29.288203890931555
2.54533341113543 4.49609834442161 29.28820598745036
3.4175033972898374 4.985301379729287 29.28821140206332
9.735754779348772 1.5700511824695567 61.767350155776484
9.28500217799809 0.6770434534881467 61.767352506299346
9.0254025804474 2.437789213604762 66.09824012191106
8.574202149359738 1.5439474171109027 66.09823969291097
8.10133995872869 0.659705591466669 66.09823969246868
7.403781543418797 1.551385569014222 63.394187979579755
7.875578017179864 2.433499746650296 63.39418912576316
8.326213332298646 3.3262133266031406 63.394190105712
6.92857534163758 0.6709792998017867 63.39418797957843
6.728149020206936 2.4362404381911498 62.13716838214768
7.203557330449009 3.3248161543948247 63.03197396858891
5.779040347835822 0.6757126969492617 62.13716961065658
6.253144037066127 1.5562148014679844 62.13716871700646
6.0944144862419165 3.3765292223160928 61.64148472322195
4.675712690780823 0.7283111364740197 62.13717130759166
5.144829286330594 1.6152416340896185 61.75171501056717
5.6194272718735245 2.496536509446631 61.64148308932987
3.987023460035638 1.5751907848106539 61.641482590242084
4.461021558651027 2.455717369252525 61.641482589116336
4.936008767192154 3.3357100724779323 61.6414822449034
4.170525366987496 4.2463862796724365 32.63849795860396
3.3052499960912325 3.7432495733453757 32.63849673911809
2.431586869238515 3.2532090501872553 32.63849737668397
3.2986340988489142 2.407145301694627 61.74991642035675
