110 10.996821120173783
0.5000000000010973 10.496821120172687 1.256e-10
10.496821120173738 0.5000000000000459 89.9999999999949
0.5000000000001305 0.5000000000001305 1.4802e-11
1.500000000000689 0.5000000000006862 7.848789947885923e-11
2.500000000000817 0.5000000000005608 6.410589947885977e-11
3.5000000000013607 0.5000000000000195 2.092787418622871e-12
0.5000000181403351 1.500000018140338 2.0787291723127877e-06
1.5000000365553512 1.5000000002760534 89.99999996852404
2.500000054859377 1.5000000185798243 89.99999787103746
0.5000000129658199 2.5000000492464927 89.99999851422662
1.5000000405687555 2.500000015187851 1.6772899042114826e-06
0.600159081487533 3.500000059529968 89.99999666845972
10.496821120173768 10.496821120173768 1.5916157281026244e-12
9.496821120173763 10.496821120173767 1.7337242752546445e-12
8.496821120173715 10.49682112017372 7.048583938740194e-12
7.496821120128775 10.496821120128908 89.99999999485775
6.4968211200886286 10.496821120169052 89.9999999994579
5.496821120078543 10.49682112016843 6.133415274966147e-10
4.496821120069957 10.496821120170551 89.99999999962976
3.4968211200658867 10.496821120172944 9.594332581388059e-11
2.496821120042757 10.496821120149818 2.746128816707352e-09
10.496821120169976 9.496821120173733 89.999999999998
9.496821120169967 9.496821120173726 89.99999999999744
8.496821120169912 9.496821120173687 3.5983196730804944e-12
7.49682112016963 9.49682112008372 3.5464503016723086e-11
6.496821120168692 9.496821120163071 1.427228455087005e-10
5.496821120168468 9.49682112016454 1.6803063672821814e-10
4.496821120167274 9.4968211201628 3.146691052041122e-11
3.4968211201662527 9.496821120172486 1.4818778684082153e-10
10.496821120171465 8.496821120171433 89.99999999973451
9.496821120170756 8.496821120172136 89.99999999981537
8.496821120169542 8.496821120173253 89.99999999995416
7.496821120091271 8.496821120006159 8.923106570136248e-09
6.4968211068004065 8.496821106795585 1.5319436996810906e-06
5.496821104503463 8.496821104500334 1.7951536140813506e-06
4.496821088427041 8.496821119751774 89.99999995293163
10.49682112017124 7.496821120170468 89.99999999984453
9.496821120171045 7.496821120171686 89.99999999986653
8.49682112016951 7.496821120172482 4.214939508528914e-11
7.4968211190672776 7.496821119877849 89.99999999422025
6.496821089555088 7.496821090702562 3.3760678127260045e-06
5.496821086705121 7.496821087854288 3.702649501609178e-06
4.496821086671996 7.49682108699619 3.7064447367493606e-06
10.496821119591447 6.496821119589487 89.99999993326931
9.496821119012976 6.496821120168979 89.99999999955674
8.496821118912537 6.496821120067807 89.99999998804753
7.496820985475208 6.496821119318997 5.825961631608007e-08
6.496820934659243 6.496821068839922 5.881340290276647e-06
5.4967733056793895 6.496821068552585 5.914107449868813e-06
10.496821119426853 5.496821119563644 89.99999993030819
9.49682111882316 5.4968211201683586 89.9999999994859
8.496821118714927 5.496821120059391 89.9999999870834
7.496821117589047 5.496821118814247 1.1609937566249043e-07
6.496821079542273 5.496821056575485 4.475938562946962e-06
5.496821052292905 5.496821053859934 7.598485523668865e-06
10.496821119433315 4.49682111943135 89.99999991514875
9.496821118697223 4.4968211201682475 89.99999999949831
8.49682111858079 4.496821120051298 89.99999998615642
7.496821118531093 4.496821117729973 89.999999991851
10.496821120172653 3.49682111869201 89.9999999998706
9.496821120172116 3.4968211201655284 89.99999999980963
10.496821117522797 2.496821116042153 89.99999969621959
4.493091877994266 6.486701786392313 0.4289339603118679
4.487112104275927 5.486628977826508 0.42893604790397677
6.484772987619012 4.496821038202178 2.429043671519565e-06
5.354141184058488 4.493091963321386 0.4289372618074642
1.5750815682406198 9.720891958843872 25.985146825303353
0.6648298452301761 9.28801879256997 25.08707768862972
2.435911695514021 9.01761038182252 24.903709660728946
1.5326715975288636 8.58838111643046 24.903709660731433
0.6640556459310688 8.08457315710085 24.903709660738357
1.545334571893972 7.390997768531549 27.508535482267963
2.4233928577994845 7.899656587685685 25.913176724219312
3.3307059772201475 8.330706009297144 25.39514486884273
0.6744113918620522 6.898356274430204 27.508535482222452
2.422172453029985 6.718521939104449 29.4948548953649
3.3347102471879038 7.2256428283658884 25.395144855854777
0.6813726538124494 5.733830994611263 29.494854139127238
1.5517725642410134 6.22617644500769 29.494856809116733
3.2766346487830984 6.052954927133341 29.49485480289208
0.5000000163195116 4.5000000755527285 89.99999812992185
1.535834854166305 5.0682639755122505 29.494856721977992
2.406234748110397 5.560609440262876 29.494858557642576
1.6813726744704645 3.98804050936479 29.494858648988348
2.5459228877080644 4.490727407818706 29.494860122324347
3.416322764920654 4.983072880356726 29.494859516113728
9.735624628373422 1.5695861947961978 61.70177413491192
9.283513088643932 0.6772764818002818 61.701776203192004
9.025297064119938 2.437240522465135 66.08595156470858
8.572700350350289 1.5440296740504555 66.08595156470831
8.099939703972401 0.6597601661763722 66.08595156470847
7.402934128136192 1.552411495848474 63.61744983246207
7.87469613971216 2.43466772763566 63.61744987271568
8.326716370970873 3.3267163709455136 63.61744987277764
6.931273956420109 0.6701047493597563 63.617449832591994
6.726656924907151 2.440304752308331 61.87210400737981
7.201392402954547 3.3278170740281756 62.622428783631165
5.783475922506425 0.6766693691156342 61.87210554497121
6.255215571861638 1.5584073369704132 61.872104038381224
6.091291697209086 3.372919316649317 61.87210400738136
4.676669363181844 0.7273864354315892 61.872107201952744
5.148110664392534 1.609283905397517 61.87210445063643
5.619850333568425 2.491021879698911 61.87210121988112
3.9934407054107117 1.5704658099583662 61.87210128518232
4.464882034042663 2.4523632510903917 61.87210260398612
4.936621723519828 3.3341011963460305 61.87210121179152
4.168249740463701 4.248684406579594 31.9701491803422
3.3032419993603654 3.745937454369264 31.970147331266837
2.43184203552117 3.2524625116911468 32.029005868844436
3.3050492518340726 2.403887345158608 61.87210361388526
