110 10.996791229351098
0.500000000029487 10.496791229321612 89.9999999966212
10.496791215542343 0.5000000138087555 89.99999841763332
0.5000000000406675 0.5000000000406675 89.99999999534
1.5000000000888931 0.5000000000075582 8.659502222879449e-10
2.5000000000894627 0.5000000000081252 9.30924775371699e-10
3.5000000000904663 0.5000000000071245 8.162514304709006e-10
0.5000000214374961 1.5000000214374989 89.999997543444
1.5000000368393818 1.5000000060507293 89.99999930836982
2.500000044444236 1.5000000136567142 89.99999843691806
0.5000000023371161 2.5000000405378815 89.99999973218638
1.5000000129600959 2.500000012975213 89.9999985148828
0.5000000346559756 3.5000000728567437 89.99999602871773
10.496791229207355 10.496791229207355 89.99999998352823
9.49679122919552 10.496791229219188 89.9999999848841
8.496791229085888 10.496791229328815 89.99999999744665
7.496791229064448 10.496791229350253 89.99999999990311
6.496791228794885 10.496791229082383 3.0792407265613064e-08
5.496791227336116 10.496791228161046 89.9999998636301
4.496791213864004 10.496791214688937 89.99999831983999
3.4967911992017493 10.496791229351008 1.0388134796812665e-11
2.496791185751417 10.496791215900679 1.5413046392872574e-06
10.49679122933921 9.496791229075496 89.99999999863776
9.496791229336093 9.496791229096047 89.99999999899451
8.496791229334587 9.496791229316809 89.99999999882209
7.496791229298531 9.49679122932363 2.9533160653319563e-09
6.496791229298402 9.496791228839566 2.967878401787843e-09
5.496791229297941 9.496791226945549 2.915370903209839e-09
4.496791229297238 9.49679120000203 2.835096564744347e-09
3.4967912292944647 9.496791229323582 3.1526268236370304e-09
10.496791228980594 8.496791228716878 89.99999995754345
9.49679122861975 8.496791229095157 89.99999999889268
8.496791228566204 8.496791229263877 89.99999999275681
7.496791226943453 8.496791227789863 1.7870992394233427e-07
6.4967912179853124 8.496791218347786 1.2052370076314362e-06
5.496791207818839 8.496791206286842 2.3702287779662853e-06
4.496791207247967 8.496791178771753 2.43564553793103e-06
10.496791228737605 7.496791228473885 89.99999992969893
9.496791228148 7.496791229080926 89.9999999972624
8.496791228066758 7.496791229221954 89.99999998795309
7.496791227544155 7.496791225602593 89.99999992806758
6.49187580791426 7.496791202692761 89.99999940545887
5.4918757968844645 7.496791191386706 6.693799980544503e-07
4.491875767884983 7.49679113458636 89.99999734628443
10.496791228630428 6.496791228366705 89.99999991741728
9.496791227942795 6.496791229071772 89.99999999621373
8.496791227813059 6.496791229164304 89.99999998134723
7.496791227350727 6.496791225599966 89.99999992836821
6.496791211603482 6.4967911825309335 1.7328693229569415e-06
5.496791208541982 6.496791179223271 2.0836910148314178e-06
10.496791228628254 5.496791228364528 89.99999991716813
9.49679122788563 5.496791229018951 2.266171903623836e-09
8.496791227689055 5.496791229150282 89.99999997974064
7.496791227225188 5.496791225584409 89.99999992658573
6.496791219907872 5.4967911594508205 89.99999908808341
5.496791196760764 5.496791176228765 1.7405463328078319e-06
10.496791228603197 4.496791228339468 89.99999991429677
9.49679122784911 4.496791229005353 7.082601655730876e-10
8.496791227656551 4.4967912291407 89.99999997864296
7.496791227202581 4.496791225584088 89.99999992662215
10.496791229350846 3.4967912275913116 2.8939927781161433e-11
9.49679122934848 3.4967912289970604 89.99999999975816
10.496791229348089 2.496791227588553 3.447759690817348e-10
4.496791185940873 6.496791115754611 89.99999949932149
4.48279986091627 5.496791072465007 4.473954887793912e-06
6.484752174656071 4.4967911408585 89.99999688249738
5.357678929741791 4.496791143937766 4.956559308618908e-06
1.5750061433030942 9.721018429311016 26.01026823350895
0.6649322848993391 9.288094752981793 25.111471156005486
2.4358937661730957 9.017658925827822 24.893853697381495
1.5327009998918892 8.588323964112718 24.893853697269616
0.6640138421769025 8.084632146693696 24.89385369734216
1.5453534403623814 7.390997409916775 27.503517917580155
2.42326287509697 7.899432065782922 25.936398919647676
3.3306406449263544 8.330640649861262 25.40371208193262
0.6743927773208926 6.898421324082858 27.503517916476273
2.4265834119763867 6.72096136315469 29.490540294906406
3.330640610669061 7.223597905656233 25.403712102319965
0.68014417263344 5.73733712511877 29.118317258382405
1.5561464402224023 6.228681451769228 29.490542182797714
3.27666036480269 6.0528782534844225 29.490539535898442
0.5000000152556563 4.500000092257068 89.99999825183069
1.535786364615349 5.068318450848716 29.49054036998558
2.406223364259608 5.560598345568276 29.490544099642616
1.6813584090125158 3.9877302927266527 29.490535370050132
2.5457669239403313 4.490669585465459 29.490537995225925
3.4162039056031155 4.982949517767521 29.490542051396698
9.735612436018835 1.5695494968784138 61.696768436203826
9.28339520742361 0.6772942406576087 61.696768438276614
9.025278079014532 2.437209176047678 66.08665180181127
8.57257199243046 1.5440461346646017 66.0866518012193
8.09985325692854 0.6597570570642377 66.08665180088994
7.4028473592661745 1.5524220023950854 63.61982495616771
7.87456859141372 2.4346998754995313 63.61982495664163
8.326695838431965 3.32669583837151 63.61982495721096
6.9312243952922845 0.6700953909191123 63.619824956611055
6.726558619568772 2.4403344637170177 61.874525639847654
7.20117358268367 3.327722361701644 62.60551309813159
5.78344932576134 0.6766607015228183 61.87452520369409
6.255154435669256 1.558417154700507 61.87452308784348
6.09117407051906 3.3729598027424506 61.87452749271702
4.6766606908651145 0.7273685661180187 61.874528203873325
5.148064762572352 1.6092859688322843 61.87452224325392
5.619769896650317 2.491042424897962 61.87451852678861
3.9934201855177456 1.5704636304869504 61.874519655878146
4.464824323859778 2.4523809387166695 61.87451966740274
4.936529474543683 3.3341373604000704 61.874518528586044
4.168563757868867 4.248424666684043 32.04746177550924
3.3036750013485263 3.7454057859634697 32.04745863547883
2.432181731508522 3.251960312777941 32.106872552872716
3.305020493112254 2.403906466496583 61.874518415464394
