110 10.997640809114936
0.5000000000017916 10.497640809113143 1.8074e-11
10.497640809108699 0.5000000000062363 5.27407e-10
0.5000000000174256 0.5000000000174256 1.809614e-09
1.5000000000365634 0.5000000000017123 89.999999999991
2.5000000000400293 0.5000000000019108 89.99999999996825
3.500000000044922 0.5000000000029818 1.5447050497248912e-10
0.5000000000018903 1.5000000000362288 2.938754156544215e-11
1.5000000000060614 1.5000000000055485 89.99999999992586
2.500000000009988 1.5000000000054676 1.3926637620897964e-12
0.5000000000016545 2.5000000000397735 89.99999999999763
1.500000000005493 2.5000000000088716 89.99999999993223
0.500002136864142 3.5000021369055285 89.99975513307052
10.49764075921599 10.49764075921599 5.717811008549811e-06
9.497640709317874 10.49764080911084 2.8221280898118015e-10
8.49764070930982 10.497640809106052 8.307239340865635e-10
7.49764070929293 10.49764080909243 2.391871589679795e-09
6.497640709274018 10.497640809108072 5.992325263818073e-10
5.497640709267087 10.497640809101277 1.7941346187361145e-10
4.4976407092554 10.497640809106448 89.99999999921462
3.4976407092437514 10.497640809111775 1.7499809130261943e-10
2.497640709204692 10.497640809075982 4.2764738885732396e-09
10.497640809112664 9.49764070931605 7.316258395436944e-11
9.49764080910359 9.49764080910359 7.385688528275277e-10
8.49764080910031 9.497640809098653 7.398570782746077e-10
7.497640809080202 9.497640809072239 2.669756348954966e-09
6.4976408090767155 9.497640809044773 2.6947891779066185e-09
5.497640809056625 9.497640809092884 7.669407071866839e-10
4.497640809053328 9.497640809089663 7.636617340081528e-10
3.497640809049684 9.497640809102995 8.067915116315098e-10
10.497640809109292 8.497640709308133 89.99999999954042
9.49764080910573 8.497640809089571 89.99999999950674
8.497640808997321 8.497640808979481 89.99999998745837
7.497640808972434 8.497640808957845 89.99999998993592
6.497640784053462 8.497640784237143 2.8450652997913e-06
5.497640766336245 8.497640766554483 4.874934350421261e-06
4.497640763558601 8.497640763776861 5.1928540765226114e-06
10.497640809098469 7.497640709294043 89.99999999830018
9.497640808888827 7.497640809084316 89.99999999973473
8.497640808735897 7.497640808933684 89.99999998258473
7.497628047057004 7.497640808760687 89.99999996771662
6.492270243522447 7.497638942794385 89.9997895717926
5.492268379677357 7.497640751226435 3.1527193355228585e-06
4.492268317635996 7.497640684302937 89.9999960436768
10.497640809089829 6.497640709285529 89.99999999890147
9.497640809078185 6.497640809080916 89.99999999974989
8.497640808901934 6.497640808907229 89.99999997992755
7.497640808783992 6.497640808749297 89.99999996678683
6.497640805792442 6.497637103792491 3.0922110529080684e-07
5.4976408046340515 6.497640725549471 1.7685497575356632e-07
10.497640809096772 5.497640709256144 1.894201300100427e-09
9.49764080907543 5.497640809077011 89.99999999982283
8.497640808895872 5.4976408089012905 89.99999997962155
7.497640808727 5.497640808692429 89.99999996064464
6.497640808461482 5.49763710100957 89.99999999069618
5.497640806817323 5.497640725529853 1.7872859249450177e-07
10.497640809093708 4.497640709249813 2.245276205979544e-09
9.4976408090645 4.497640809068943 89.99999999927266
8.497640808885654 4.497640808893933 89.99999997915285
7.497640808720875 4.497640808689159 89.99999996064498
10.497640809112932 3.497640709227322 4.24287228612393e-11
9.497640809109248 3.4976408090585407 9.02078823588399e-11
10.497640809111534 2.4976407092226567 2.0253990354833144e-10
4.497640801894801 6.497640650954054 89.99999986333447
4.49764080679439 5.497640648218119 1.764750919215546e-07
6.485307221403257 4.497635324353783 89.99979125248319
5.366306879288668 4.497640682400834 5.073629612569507e-06
1.5731574548703535 9.729652251812789 27.14935858952055
0.6730658328240634 9.293370492690693 27.14935857611581
2.4373564153017973 9.022573803804965 24.38690232200736
1.5371960275344954 8.586256780707938 24.386902322003934
0.6618371553134674 8.095231880970989 24.38690232201609
1.545125286336546 7.397897420990792 27.413897566182218
2.4177032197589456 7.8874800192830445 27.413677623837103
3.3297281453122 8.32972815459905 25.83396110465294
0.6740594259874781 6.905403637755975 27.413897565958102
2.4300757131369415 6.729716166499694 28.64829069464001
3.329728148560514 7.2186919009831385 25.833961103566846
0.6785046292758777 5.764282148619984 28.648056404018455
1.5594875142906288 6.237483485598811 28.64805668200437
3.3191353623129123 6.075921461078404 28.648290691551942
0.5000000000022538 4.585777519342497 7.1043e-11
1.5724160873103636 5.088438066812593 29.40059081301451
2.4431937532783428 5.5801194492722255 29.400794500138243
1.6552805679611693 3.9297244847274198 34.5301516564479
2.5381127713370755 4.484845703204955 29.49339146595375
3.4092789876904463 4.976797221998095 29.54762852750162
9.734559246971868 1.5711955934076953 62.06724794858162
9.288247730496765 0.6759657171351037 62.0674541709044
9.024965895041237 2.4380938612581944 65.9869673665992
8.578360709075666 1.5423098615693684 65.98696736723487
8.101064675624126 0.6601986732505021 65.98696736616664
7.404475261817484 1.551764653119548 63.4456960654212
7.880684941248524 2.431702153073465 63.44585322587356
8.327080964688458 3.327080964616929 63.50159416115631
6.930367063516825 0.6707784384271008 63.4456960733827
6.730237373363684 2.4403453126737973 61.92806505732705
7.212150987098529 3.332005092399694 63.501605024047365
5.786627773469928 0.6761995330359948 62.002783611280016
6.256058090098812 1.5591714099994172 62.00254539400488
6.092453124208626 3.3691350358326786 61.32412880235653
4.676199021008504 0.717791194789766 62.00292550535632
5.14562710932072 1.6007632315313143 62.00279098876126
5.615061643337961 2.483735521364025 62.00228413116741
3.995905610477709 1.568447146112991 62.002787789014235
4.465334614886758 2.4514187642099867 62.00264635207768
4.934770920319512 3.334387710855696 62.00238247077569
4.17378896955494 4.244473234768382 33.341169626698566
3.3117853651059392 3.73526753687874 33.34116962669821
2.438902597158934 3.242594139930599 33.341404991866796
3.3070625547911567 2.4030217103949347 62.00292789684036
