110 10.997567279254081
0.500000002186295 10.497567277067786 2.5053086e-07
10.49756726559491 0.5000000136591719 89.99999843477428
0.5000000000070446 0.5000000000070446 8.071481261140434e-10
1.5000000000070464 0.5000000000070446 8.071427743173195e-10
2.5000000000072036 0.500000000006889 7.893277143011801e-10
3.500000000007233 0.5000000000069168 7.925109457573853e-10
0.5000000000031434 1.5000000000109477 3.6010565278096356e-10
1.5000000000124938 1.500000000012494 1.4313977918371556e-09
2.5000000000160463 1.5000000000089435 1.0245315706924885e-09
0.5000000000027274 2.500000000011365 3.1242564091371605e-10
1.500000000004495 2.500000000024027 1.1003765137643065e-10
0.5000000131081458 3.500000013116786 1.5020827837940954e-06
10.497567279249647 10.497567279249647 89.99999999949202
9.497567279245915 10.497567279253378 89.99999999991951
8.49756727924169 10.497567279249154 89.99999999943554
7.497567279229904 10.497567279247221 7.859826304807656e-10
6.497567279224121 10.49756727924144 1.44836568311809e-09
5.497567279217425 10.497567279248136 6.812540443011346e-10
4.497567279176335 10.497567279207045 5.389773102625506e-09
3.4975672791354575 10.49756727924792 7.058531537040835e-10
2.497567279130727 10.49756727925265 1.6395911806970027e-10
10.497567279253342 9.497567279245951 89.99999999991545
9.49756727924916 9.49756727924916 89.99999999943655
8.497567279244914 9.497567279244898 89.99999999992319
7.497567279227518 9.497567279237353 1.9164735751909096e-09
6.4975672792241514 9.497567279240718 1.5309849211801274e-09
5.49756727922399 9.497567279240878 1.5126196473725212e-09
4.497567279223344 9.497567279173852 1.5863300634328404e-09
3.497567279211603 9.497567279243862 2.4105327526497203e-10
10.49756727924953 8.497567279242135 89.99999999947856
9.497567279247782 8.497567279247049 89.99999999967847
8.497567279244361 8.49756727923934 89.99999999928657
7.497567279240859 8.497567279217904 89.99999999968782
6.4975672701408085 8.497567270156752 1.0424766216000385e-06
5.497567268908455 8.4975672689244 1.1836937728311376e-06
4.497567253761571 8.497567253711136 2.9193985747738125e-06
10.49756727924998 7.497567279241684 89.9999999995302
9.49756727924683 7.497567279242605 89.99999999916942
8.497567279244592 7.497567279238124 89.99999999942574
7.497567279242057 7.497567279217655 89.99999999971612
6.497567256067968 7.4975672560824655 2.655270941062728e-06
5.497567235660312 7.497567235674811 4.993815905208838e-06
4.497567205820118 7.497567205768236 8.413249922614036e-06
10.497567279232893 6.497567279239091 89.9999999992332
9.497567279184915 6.4975672792245724 1.2355807341630105e-09
8.497567132628209 6.497567279221527 1.3274966353004058e-09
7.49756712641202 6.497567279203407 89.99999999808361
6.497567122695224 6.497567236610923 4.239968278635798e-07
5.497567049380782 6.497567202880011 8.751820804387194e-06
10.497567279252744 5.497567279233734 89.99999999984679
9.49756727923514 5.497567279219089 1.8637825431217318e-09
8.49756727922355 5.497567279205256 3.1917377961185366e-09
7.49756727917046 5.497567279194894 89.99999999710828
6.49756726305476 5.497567224220531 1.8438313629676632e-06
5.497567202770259 5.497567202879098 8.751926610717558e-06
10.497567279249822 4.497567279229581 3.2245850434264867e-10
9.497567279249097 4.4975672792049135 2.396376430624514e-10
8.497567279242382 4.497567279186206 1.0088973961410137e-09
7.497567279197214 4.497567279183765 89.99999999583318
10.497567279253834 3.497567279227012 2.823696831910638e-11
9.497567279252634 3.4975672792042665 1.6564172256039456e-10
10.497567279253634 2.4975672792263177 89.9999999999489
4.4975670216739845 6.486884794817778 1.2187159659212751e-05
4.497567175064006 5.486884794817399 1.218720394707272e-05
6.485139624078506 4.49756719391072 89.999998329051
5.359536723243286 4.49136473938693 0.7152389677219257
1.5737622359282908 9.72773906990504 26.86735233019563
0.6719908338356034 9.294991373207631 26.867352330181806
2.437006021111786 9.021625431520926 24.52528170027118
1.5352732301170782 8.588897295695904 24.52528170027157
0.6624364605239518 8.092836698759015 24.52528170027081
1.54506306335496 7.396449585694899 27.404345185286843
2.4199750732232634 7.893662218826401 26.7612525669095
3.3306163186973423 8.330616323704536 25.59800413938425
0.6740237977278587 6.903891385725171 27.40434518393562
2.433297898605636 6.7298210517618555 28.895718843044175
3.3347786463971807 7.223775573466523 25.59800243935444
0.6788323888944374 5.7669794110664006 28.742654381345005
1.5627908416614356 6.237556593434559 28.89572119461156
3.3182082963150608 6.076027925986114 28.895717062485172
0.5000000000001782 4.5881470221719685 2.0322e-11
1.5704702412401972 5.09442015259884 29.4169091782438
2.443997450676371 5.581221261540281 29.416912311729128
1.6553362957097595 3.938958789580133 35.242664106440515
2.5467804164757513 4.489941423498701 29.53883795985515
3.4172716483954817 4.982126290210783 29.538839158402116
9.734771867313572 1.5710031749443951 62.0156931753932
9.287700637146378 0.6761529193572626 62.015695406913004
9.025027129053168 2.438070410027484 66.0097765385082
8.577635594580045 1.5426173487496948 66.00977653850585
8.101181566639056 0.6600978016491282 66.00977653850694
7.404474193141398 1.5518529882280923 63.44642297227157
7.879846459867748 2.4322079288701355 63.4464213673322
8.326814130297493 3.32681413022427 63.452171367137616
6.930547574765182 0.6707755999247244 63.446422972239624
6.730104403865749 2.4402056903660494 61.91969437057146
7.211430639060863 3.3317829404520474 63.45217257328668
5.786362574494726 0.6762867771744464 61.97859173755104
6.256164023540049 1.5590589205423753 61.97858837821416
6.092607332155623 3.369405186216556 61.38961131840916
4.676286763346328 0.7189772141480482 61.97859557655149
5.146088190169737 1.6017493757528711 61.97859156872557
5.6158897303605 2.484521550529278 61.97858012532119
3.9956976989488555 1.568687221020415 61.978593000675154
4.465499109517676 2.451459369454292 61.97859120026911
4.9353007392869115 3.334231475050546 61.978581932523404
4.172604114891929 4.245106291773114 33.054761825464745
3.3097450652162355 3.7376355919339064 33.054761825446676
2.437529072125272 3.24437396168477 33.065341731803905
3.3069397738283572 2.4030476867984794 61.97859630507292
