110 10.997680907158461
0.5000000000178793 10.49768090714058 2.048639e-09
10.497680907157585 0.500000000000874 89.99999999990003
0.5000000139904424 0.5000000139904424 89.99999839681355
1.5000000225902033 0.5000000053906849 89.99999938227319
2.5000000358286587 0.5000000186291368 89.99999786525831
3.500000049340291 0.5000000051175075 89.99999941357702
0.5000000257007482 1.5000000536816325 2.9450887054773373e-06
1.5000000425246807 1.5000000196581897 1.0172084664690157e-06
2.500000085295074 1.5000000338935764 89.9999961160826
0.5000000155972214 2.500000063785163 1.7873097593260625e-06
1.5000000323721232 2.500000043153492 3.7095714475429717e-06
0.500000030754056 3.5000000789420023 3.524155153158318e-06
10.497680907157513 10.497680907158152 89.99999999996497
9.497680907155175 10.497680907155814 89.99999999969732
8.497680907154486 10.49768090715513 89.99999999961872
7.497680907153345 10.49768090715627 89.99999999974905
6.497680907152429 10.497680907156019 89.99999999985377
5.497680907151265 10.497680907156022 89.99999999972088
4.497680907150344 10.497680907146572 89.99999999961564
3.497680907149429 10.497680907154193 89.9999999995111
2.4976809069814023 10.497680906994702 1.8765141126402854e-08
10.497680907155356 9.49768090715634 89.99999999975736
9.497680907154033 9.497680907153967 89.99999999990882
8.497680907150684 9.497680907149254 2.9197622097854037e-10
7.497680907147801 9.49768090715441 89.99999999996196
6.497680907147231 9.497680907147698 2.69579913947382e-11
5.497680907144059 9.497680907155523 89.99999999966386
4.497680907143393 9.497680907146327 89.99999999958786
3.4976809071411767 9.497680907151308 89.99999999984149
10.497680907155932 8.497680907155926 89.9999999997105
9.49768090715332 8.497680907153084 9.634959496906959e-12
8.497680907152338 8.497680907145808 89.99999999989754
7.49768090714837 8.497680907151002 3.5193882721888714e-10
6.497680907141244 8.49768090708779 89.99999999953572
5.497680907115824 8.497680907131222 2.448153230242162e-09
4.497680907114297 8.497680907119838 2.6228992233392784e-09
10.496489704247752 7.497680907153284 1.3644803840370532e-11
9.496489620109445 7.497680907147543 3.0236435577535303e-10
8.49648956932322 7.497680907140573 89.99999999929638
7.4924043626990855 7.497680890644187 1.8918895702272544e-06
6.492404340454605 7.49768090141773 89.99999934286004
5.492404334524806 7.497680906957191 2.2364457943196016e-08
4.492404320511404 7.497680893424538 89.99999841654709
10.497680907153462 6.497680907148417 5.724416496377671e-10
9.497680907153015 6.497680907145641 5.212115183894639e-10
8.497680907146156 6.49768090713673 89.9999999997358
7.497680896663736 6.49768086382384 89.99999879853932
6.49768088962378 6.49768088956716 89.99999799182002
5.497680873211102 6.497680872826733 89.99999611106621
10.497680907154542 5.497680907147333 4.4872194848721847e-10
9.497680907153873 5.497680907145602 5.253184554021573e-10
8.497680907150858 5.497680907132848 1.8034995719062863e-10
7.497680888846218 5.497680856005495 89.99999790262333
6.497680871203532 5.497680871146087 89.9999958809208
5.4976808546110885 5.497680858242688 89.99999778227424
10.497680907156827 4.497680907145046 1.8697221548791276e-10
9.497680907156168 4.497680907143304 2.623465888973442e-10
8.497680907155997 4.497680907132295 2.432614110148279e-10
7.497680873968022 4.497680841122706 89.99999619718169
10.497680907154619 3.497680907142834 4.4005332711094525e-10
9.497680907152692 3.497680907139826 6.605915814361651e-10
10.497680907153518 2.49768090714173 5.662315061272238e-10
4.497680860481756 6.497680860430254 89.99999465239125
4.49768085444323 5.497680833284724 89.9999977630395
6.485498220445934 4.485788144581312 88.62044910313779
5.365772349375679 4.4976808265824575 1.9953429620298558e-06
1.5734219268607796 9.729083572943297 27.051571257238926
0.6726949126487061 9.294127326777721 27.051570372394597
2.437296500694731 9.022331536393434 24.433742148007273
1.536546034670211 8.587363314837877 24.43374214888487
0.6620404456158819 8.094629033758766 24.433742148373312
1.5448123242325273 7.3974556301120415 27.446277051191398
2.4186020414136884 7.889875312031658 27.170204221496288
3.3301244713432405 8.330124471361724 25.746236964006933
0.6741800548563752 6.904170976753414 27.44627705130469
2.429824719198071 6.729584431830422 28.707166971877882
3.3301244651954818 7.219909868735523 25.74623822761618
0.6787096410707555 5.763335715414532 28.707164321155158
1.5596840058708943 6.236568978259951 28.707165767524288
3.318971225809416 6.0763835354130205 28.70716501776187
0.5000000000003783 4.58462607434379 4.3168e-11
1.569153382894424 5.093910707026904 29.486916642726474
2.4432883154622433 5.579651015736774 29.486918569635172
1.6567932615912164 3.93525497232602 35.11681839537563
2.546072566807321 4.488965383273533 29.486919902325962
3.417048735571001 4.981553063442502 29.55810942893722
9.735178691910344 1.57098594838099 61.97553003858739
9.28776495780829 0.676297810109666 61.97553003858866
9.025303115556168 2.438212050701694 66.03055349757174
8.577556740100338 1.5428989490553833 66.03055349597112
8.101874553022979 0.660005826297633 66.03055349609215
7.404956362119776 1.5517204320645503 63.43034948912247
7.879557193659824 2.4324512781644785 63.4303513047522
8.326842573443272 3.326842573421809 63.43035130475806
6.930657995651211 0.6708383407929533 63.43034948911899
6.731062316245551 2.4406182303140755 61.99908199607025
7.211258505146215 3.3318311751552288 63.43034937216593
5.789317211234076 0.6762128608160141 61.999090121074495
6.256971629273452 1.5601267084025154 61.99908763526646
6.090072865610193 3.364844901925123 61.38279646444212
4.676212903423286 0.7128391821832298 61.99909200451132
5.143867298908947 1.5967530329775574 61.99909039970046
5.613352948068534 2.4796931976871037 61.99908414161968
3.996171851960465 1.568325364715218 61.99909230512064
4.46565743269325 2.4512655212090024 61.99909055958965
4.935143108631186 3.3342056561329496 61.99908587449007
4.173485903048288 4.2444809820017735 33.24871385760436
3.311077811632639 3.736032275574101 33.24871384934819
2.438602798559599 3.2429389044440198 33.24871534670995
3.3073426671844155 2.4028666131683445 61.999089066089695
