110 10.998006521264587
0.5000000000000404 10.498006521264546 4.533e-12
10.498006510060412 0.5000000112041754 89.99999871609616
0.500000000000001 0.500000000000001 1.4210854715202004e-14
1.5000000000034777 0.5000000000034759 3.9820235997467535e-10
2.500000000005731 0.5000000000012242 1.4019008176546777e-10
3.5000000000081792 0.5000000000012242 89.99999999985981
0.5000000000134065 1.5000000000134084 89.99999999846384
1.5000000000297924 1.5000000000039742 3.413163085497217e-10
2.500000000039536 1.5000000000092129 89.99999999922497
0.5000000000017832 2.5000000000250333 89.99999999979576
1.5000000000024813 2.500000000009433 89.99999999971598
0.5000000000243257 3.500000000051142 2.787417e-09
10.490159360228228 10.498006521246417 89.99999999791802
9.489218282321222 10.498006521168923 1.0961841212520085e-08
8.488938862355162 10.498006511789644 1.0152687231246193e-06
7.488938841716568 10.498006510100934 89.99999872073965
6.488938839055133 10.498006507439502 89.999998415762
5.488938818234144 10.498006513507557 8.016710094231855e-07
4.488938796817396 10.498006506843744 89.99999834749322
3.488938501821413 10.498006510465416 1.141145801852872e-06
2.488938473239917 10.498006502641466 89.99999786594773
10.498006521263715 9.498006521227394 9.939245291654782e-11
9.498006521115476 9.498006521115194 1.7086193793147686e-08
8.49800649780695 9.498006497617313 2.6880464936621307e-06
7.498006493201492 9.498006471383125 3.2157929102503725e-06
6.498006480058583 9.498006478964816 1.7097267175358866e-06
5.498006466834107 9.498006492869209 3.225139884596754e-06
4.498006451483708 9.498006449716643 4.984165849878381e-06
3.4980064399292954 9.498006489062414 3.6601283568415965e-06
10.498006521253746 8.498006521215684 89.9999999987579
9.498006521245749 8.498006520947252 89.99999999784161
8.498006517196183 8.498006478190408 4.6188751993783415e-07
7.498006508057248 8.4980064564897 1.5091322257712686e-06
6.4980064962004525 8.498006465357504 1.5044362555727275e-07
5.4980064838227936 8.498006478415078 1.5688186696985235e-06
4.49800646826181 8.498006435473096 3.351975877032277e-06
10.4980065212359 7.498006521197837 89.99999999671287
9.498006521216615 7.498006520918116 89.99999999450304
8.498006511678657 7.498006464573754 89.99999890153386
7.498006027587065 7.498006423615021 89.99999774196951
6.498005997410599 7.498006427700397 89.99999583525324
5.498005985166708 7.498006440624192 89.99999723829944
4.493296917148024 7.498006395171196 89.99999872167761
10.498006521228476 6.498006521190411 89.99999999586207
9.498006521201168 6.498006520902668 89.99999999273301
8.498006497675428 6.498006450570523 89.999997296882
7.498006483252833 6.498006413076538 89.99999894958957
6.498006471716632 6.498006412058863 89.99999762763852
5.498006459390868 6.4980064249007965 89.99999904006687
10.4980065211844 5.498006521146334 89.99999999081149
9.498006521181589 5.498006520888709 89.99999999113368
8.498006483267718 5.498006436168432 89.9999956465242
7.498006477026777 5.498006390492788 89.99999636168262
6.498006463274955 5.498006391501051 89.99999527188703
5.498006415996043 5.498006410505456 6.896512208216648e-07
10.498006521187502 4.498006521143232 89.99999999116682
9.49800652117725 4.498006520878168 89.99999999234137
8.498006466347533 4.49800641926312 89.99999370931845
7.498006443536147 4.498006344535173 89.9999910953278
10.498006521214073 3.498006521116659 89.99999999421166
9.49800652119967 3.4980065208762463 89.99999999256141
10.498006506948633 2.498006506851217 89.99999835951265
4.498006438872779 6.498006377326505 89.99999668886744
4.494497285436459 5.498006359063052 89.99999880494317
6.48596985744366 4.498006383806334 89.99999626745691
5.368389589523286 4.498006377013067 4.348815380180279e-06
1.5701336903268133 9.71369117684236 25.198935727878656
0.6652987125310617 9.287928677855072 25.198933287849957
2.4368018956442494 9.016320695833205 25.198936887918602
1.531966933682486 8.590558181147555 25.198935323755872
0.6652987140040402 8.083683295781702 25.198933640178485
1.5453413260820128 7.392204390259802 27.60954295181005
2.427872806435679 7.906945236440245 25.198939157565995
3.3327077598998547 8.332707761758787 25.19893795572184
0.6747850128504834 6.898989984142852 27.609541909313332
2.4292081644056185 6.724903536014253 29.22814060376792
3.332707729249227 7.227533794627408 25.198939365585158
0.680485338731315 5.754328520550364 29.228138107010295
1.5591318042093953 6.231957666746657 29.228139531789672
3.3096489887966887 6.071321844345629 29.533928659181484
0.500000000000379 4.573843181819039 89.99999999995667
1.5644443380150996 5.089037860887477 29.22814112512366
2.439585012332854 5.578382983150118 29.53392613720548
1.6630550187400621 3.936072052876655 35.8501150181632
2.555597286885566 4.494769501669724 29.533925557766597
3.425661270500105 4.987708344570617 29.53392775928055
9.734196292232083 1.571851778517483 62.209806687626475
9.290242833292515 0.6754480029711513 62.20980834524069
9.025014743906565 2.4383071151366655 65.92615584083316
8.580841558785119 1.5414864169168878 65.92615584080993
8.101300645868447 0.6604670956080089 65.92615584089609
7.4050151507174276 1.5515089378781286 63.451134709511514
7.883458804493543 2.430332190600218 63.451136740598386
8.328051722281149 3.3280516638309288 63.65547137575887
6.9304312039528035 0.6707572030123187 63.451133485406686
6.730944755307579 2.4405081135402034 61.9192719171012
7.21452724597885 3.33283829395162 63.65547312148815
5.7871557998143714 0.676099640790986 62.03044171496101
6.256158189727535 1.5592965496442768 62.03044048010725
6.092899028861486 3.368601418794175 61.19447647860936
4.6760996307955045 0.7160112377422434 62.03044448259187
5.145102015797421 1.5992081591427658 62.03044224182022
5.6141044255906465 2.4824050715284876 62.03043958103167
3.996321072909618 1.5680787850627766 62.03044221132763
4.465323469665826 2.4512756898396932 62.03044102126054
4.934325898607319 3.334472596429033 62.03043791800673
4.175161424307259 4.243872334755718 33.62947162693364
3.314158834239229 3.732699245100387 33.62947162721753
2.4404563542888322 3.240619686319004 33.62947323322008
3.30738237981957 2.4028964867462017 62.030439286295405
