110 10.996888657958241
0.5000000000008505 10.49688865795739 89.99999999990274
10.49688865795562 0.5000000000026202 3.00048e-10
0.5000000000005214 0.5000000000005214 5.95434812566964e-11
1.5000000000010445 0.5000000000000018 0.0
2.50000000000183 0.5000000000007838 8.961364983406384e-11
3.5000000000028324 0.5000000000017825 2.0405366285558557e-10
0.5000000000077397 1.5000000000087823 89.9999999991133
1.5000000000095004 1.5000000000095004 89.99999999891195
2.5000000118405543 1.5000000118421148 89.99999864317341
0.5000000000069006 2.500000000009625 89.99999999920945
1.500000000012176 2.5000000000173723 89.99999999981357
0.5000000245621442 3.5000000245648724 89.99999718538574
10.496888657956058 10.496888657956058 2.500751888877272e-10
9.496888657953217 10.496888657957586 89.9999999999251
8.496888657952766 10.496888657958035 89.99999999997648
7.49688864608301 10.496888646088694 1.3601498453695492e-06
6.496888644300572 10.496888644306258 1.5644017909621777e-06
5.496888619278127 10.496888646587779 89.99999869704116
4.496888618506014 10.49688864581567 89.99999860856393
3.49688860624418 10.49688865783898 1.3666163362833265e-08
2.496888595858752 10.496888647453556 1.2037481663523094e-06
10.496888657957673 9.496888657953305 89.999999999935
9.496888657957482 9.496888657957308 89.99999999995643
8.496888657948874 9.49688865794925 89.99999999897044
7.496888654962729 9.496888637196301 3.4115713276605675e-07
6.496888651970876 9.496888630639583 89.9999999983165
5.496888651949423 9.496888635210556 7.744243677443984e-10
4.496888651949295 9.496888633666213 7.887276509388864e-10
3.496888651943251 9.49688865772056 9.662261448993937e-11
10.496888657957546 8.496888657953175 89.99999999992066
9.496888657956976 8.496888657957049 89.99999999998568
8.49688864587817 8.496888645879306 89.99999861585697
7.496888641480057 8.496888617742103 89.99999811187065
6.496888630092747 8.49688862556454 89.99999941675986
5.49688861276438 8.496888622978679 1.4024439902060768e-06
4.496888598130041 8.496888606800123 3.0794154022310937e-06
10.496888648258594 7.496888648252833 1.1114975649159424e-06
9.496888638556685 7.496888657954913 89.99999999974118
8.496888626433844 7.496888645833132 89.9999986105663
7.496888611351389 7.4968886070115905 89.99999688224486
6.496888520267027 7.496888610485137 1.1447318631658337e-06
5.496665352042956 7.496888608271153 89.99999971695964
4.491983057987316 7.496888572085373 89.99999909249472
10.496888647975783 6.496888647970019 1.1439052204756105e-06
9.49688863799184 6.496888657954135 89.99999999982991
8.49688862582846 6.496888645793364 89.99999860600965
7.4968885989859 6.4968885952117175 89.99999553007947
6.496888565596478 6.496888594877469 89.9999993562251
5.4968885426749985 6.496888593388394 1.423032955472081e-06
10.49688864808861 5.496888647857189 1.1309761591390602e-06
9.496888638217232 5.4968886579538685 89.99999999979983
8.496888626036593 5.496888645775839 89.9999986040019
7.496888586654234 5.49688858265439 89.99999409111638
6.496888551514647 5.496888584070308 89.99999811781608
5.496888509282144 5.496888579999347 2.95730416155493e-06
10.49688865266003 4.496888643285765 6.071300554145302e-07
9.496888647359706 4.4968886579535 89.99999999975797
8.496888635166469 4.496888645762872 89.99999860251646
7.496888609196192 4.496888569255261 89.99999562654249
10.49688865795824 3.4968886379875523 1.7667803752531005e-14
9.496888657956076 3.4968886579534484 89.99999999975243
10.4968886579446 2.4968886379739104 1.5628494682493985e-09
4.4968885068657425 6.496888556536201 89.99999731959468
4.482821181111818 5.496888513926134 2.2777606070314397e-06
6.484615572019283 4.496888574231196 89.99999691460341
5.357719832386297 4.496888561579135 4.244976222601956e-06
1.5751584053079977 9.720912626593778 25.974184081091725
0.6645238038246238 9.287926093740928 25.014404315662063
2.435977112758108 9.017655267496227 24.90628337256042
1.532709598745927 8.588486002145306 24.906283373027307
0.6640665590129896 8.084746106996612 24.906283372767838
1.545366515570925 7.391207141244359 27.504174259579802
2.4235078785190214 7.8998215975957145 25.902951391674677
3.330778431970766 8.330778469881343 25.393956024913965
0.6743952125533369 6.898652351384637 27.504174256243907
2.4222512875908198 6.7187213582347285 29.48918330770495
3.3307783359904732 7.223825181752275 25.393957460131872
0.6813539249521801 5.734202923446851 29.48917827486326
1.5518026063499302 6.226462126575579 29.489179994424482
3.276570918315756 6.053026391638544 29.48918187909981
0.5000000119270938 4.500000037199927 89.99999863325593
1.5356735914981396 5.068507946797885 29.489179852199598
2.406122266893595 5.560767160844588 29.489181588924847
1.6813539376656217 3.9878856645298733 29.489180847856428
2.5457287707964125 4.490885084061284 29.489182287180757
3.4161774331828885 4.983144310306636 29.48918341442202
9.732712427972874 1.5709374348032596 62.19442648723142
9.286904151006452 0.6755041378243001 62.1944283852124
9.023569410635382 2.4372789342540657 65.9144333840047
8.577484762551727 1.5413215741383637 65.91443338395533
8.097498808951856 0.660518753064204 65.91443338394782
7.401836333043438 1.552618371480597 63.5319249238697
7.880748659415419 2.4312648218708204 63.53192663585677
8.32644770446806 3.326447701913405 63.53192821046891
6.930015932763366 0.6704409663796232 63.53192492393686
6.7264227347503125 2.440600609369222 61.86051635998664
7.211795491785274 3.3313443605881683 63.531928314046944
5.783717381590014 0.6767108600912076 61.86051818979602
6.254803074962917 1.5587985349845488 61.860516468108656
6.091035860898637 3.3729504977195104 61.86051637089788
4.676710856031665 0.7272586595735072 61.86051932466924
5.147796541742617 1.6093463499674217 61.86051644939941
5.619416200781184 2.4911484245204196 61.86051636473807
3.9930935027385623 1.5707145114489918 61.86051647379349
4.464713147408538 2.4525165939374776 61.86051636380525
4.936332821202613 3.3343186597712053 61.86051636485098
4.168546075096668 4.248511510883408 32.06865573669373
3.3036854347207734 3.7454249587410824 32.06865398489257
2.4321662974195384 3.25199603444529 32.12769171211555
3.3047415130139366 2.4040338933692587 61.860518131956205
