110 10.997188996781393
0.5000000001892254 10.497188996592167 2.1678984e-08
10.497188996770083 0.5000000000113103 89.99999999870859
0.50000000000113 0.50000000000113 89.99999999987517
1.5000000000034395 0.5000000000011796 1.305142306951554e-10
2.500000000003873 0.5000000000008276 9.016787316795671e-11
3.500000000004865 0.5000000000001645 89.9999999999858
0.5000001216365556 1.500000121636637 89.99998606148043
1.500000252751982 1.500000009478952 1.0861939330197856e-06
2.5000003823129457 1.5000001200836888 89.9999862396083
0.5000000545540277 2.5000002978272056 6.2514267751547235e-06
1.5000001440159951 2.500000053865779 89.99999599984714
0.6027694287575692 3.500000470582853 89.99998295083306
10.49718899678106 10.49718899678106 89.99999999996662
9.497188996779995 10.497188996780077 89.99999999985388
8.497188996778345 10.497188996781057 3.379161645730246e-11
7.497188996777536 10.497188996780919 89.99999999995042
6.4971889967743355 10.497188996778666 3.0777629592611336e-10
5.49718899677292 10.49718899678 1.5481059431333695e-10
4.497188996772261 10.497188996780578 8.862444291342159e-11
3.4971889967714485 10.49718899678131 4.840347831878514e-12
2.497188996770889 10.497188996780832 5.961474997536358e-11
10.497188996780052 9.49718899677997 89.999999999851
9.497188996778643 9.497188996778693 3.0600367832719977e-12
8.497188996778299 9.49718899678097 3.328726024919518e-11
7.497188996777957 9.497188996780375 3.3764773856564586e-12
6.497188996775896 9.497188996777908 2.3017321382212685e-10
5.497188996774583 9.497188996779345 8.905010970753275e-11
4.497188996774408 9.497188996780407 7.835644546039143e-11
3.497188996773561 9.497188996779819 1.6620951568453698e-10
10.497188996746168 8.497188996746006 89.99999999596814
9.497188996707763 8.497188996775503 3.595248652670908e-10
8.497188996706104 8.497188996779622 1.786165955302994e-10
7.497188871024475 8.497188871097219 1.4402224912115877e-05
6.497188870042016 8.497188870114384 1.4514793552348775e-05
5.497188737327967 8.497188737400654 2.97226962145406e-05
4.497188737314984 8.497188737388855 2.9724159205254644e-05
10.49718899611842 7.497188996118175 89.99999992403346
9.497188994542492 7.497188994533505 89.99999974345488
8.497187789158085 7.4971889963212925 89.99999994766709
7.496514390495535 7.4971887561265715 1.2292253174885054e-06
6.4921466326293915 7.497188700421812 89.99999501923537
5.492146486444686 7.497188579704526 1.1770762284787412e-05
4.492146342450597 7.497188437138127 89.99999527026115
10.497188988223282 6.497188988222958 89.99999901931756
9.497188979658821 6.497188992288333 7.232373418322961e-10
8.497188979192947 6.497188996318417 89.99999994734704
7.497188812663086 6.497188601007078 1.9030265862165717e-05
6.497188713539656 6.497188590684418 7.67156665812434e-06
5.4971885886606975 6.497188492532123 2.1981634203523053e-05
10.497188987802138 5.4971889878017315 89.99999897105786
9.497188978816354 5.497188992288075 7.434551081946842e-10
8.497188978348882 5.497188996316915 89.9999999471842
7.496544351603738 5.4965438077321265 89.92608346374152
6.483549505932669 5.497188458430029 2.261752685623393e-05
5.483549396788739 5.497188372606253 3.512448700394941e-05
10.497188986371082 4.497188986370594 89.99999880707088
9.497188975955773 4.497188992286463 5.680684350836673e-10
8.497188975488877 4.49718899631588 89.99999994707497
7.4971884933985535 4.49081238542155 89.99994470425095
10.49718899678085 3.4971889759597397 5.758590261522885e-11
9.497188996777044 3.497188992278204 89.99999999963089
10.497188991994905 2.4971889711727084 89.99999945151353
4.497188492813333 6.49718830085253 1.0998341462539966e-05
4.48354923869926 5.49718792960457 5.324020991975067e-05
6.4971883481068815 4.497187935336632 89.99996205847165
5.361335866869636 4.497188145642308 5.254723580202964e-05
1.5741813883438356 9.725134848131217 26.548336056017273
0.6694715407003281 9.292340305954847 26.222498561566024
2.436499852730475 9.020038201246246 24.66465171431001
1.5342216093530339 8.588603781878753 24.664651714363302
0.6630361504266253 8.089458795838672 24.664651714194083
1.5460618268878332 7.394599906702731 27.311265621680576
2.421177643152111 7.895814928459583 26.441332400193765
3.3305328514310992 8.33053290214357 25.526209622228844
0.6736756511397227 6.904518378756749 27.311265621240953
2.4271768205566815 6.72278680150248 29.326012581537857
3.3305323450253823 7.22236220461814 25.526199705510532
0.6797528862687212 5.744276378891979 29.011240046140493
1.55532988498701 6.233008195142663 29.326021881205637
3.2761015529534903 6.052697707246772 29.32600106035057
0.5000000000079676 4.500000619371258 9.08372e-10
1.532407218322452 5.073140573591493 29.32601274577129
2.4042543431514374 5.562919111946046 29.326037136880203
1.6808125688911115 3.9919044330798146 29.32598440193197
2.5451376242283206 4.495072732890141 29.32599935920889
3.41698460012749 4.984851408811916 29.326016592175847
9.73572695574749 1.5700585012255348 61.771100559482925
9.285016352381232 0.6770300967485577 61.771103667866
9.025380023636778 2.4377908479930843 66.09759199246214
8.574222810720434 1.5439305242495838 66.09759199270718
8.101318076740677 0.6597084688235803 66.09759199283621
7.403750541618121 1.5513555804796677 63.38658158282833
7.875587117695317 2.433445824616023 63.38659574874534
8.326180136105442 3.3261801360079324 63.38659574940893
6.928434429511671 0.6710089158194337 63.38658158282996
6.7282009553057405 2.4362262217201462 62.13982837892847
7.2036931674812665 3.3248624616702673 63.04540228418389
5.779081743520422 0.675702979726102 62.13984154214634
6.253085212688175 1.5562586302024497 62.13982341324378
6.094418406979675 3.376466423268544 61.634329045613974
4.675702924693679 0.7281578297743551 62.139856674535366
5.144706968577719 1.6149966141239545 61.76982228132771
5.619321165821477 2.4965329932876195 61.63431588168146
3.987738627881762 1.5740847353143943 61.76980364909781
4.460753629585392 2.455139108304032 61.76980364906051
4.936232420289039 3.3362084465421673 61.63432084769149
4.1705388316945 4.246491216870067 32.67031095729771
3.305588285121232 3.742803339092025 32.67030126849885
2.4322540898877083 3.25218909291728 32.67031990132981
3.2996930173350862 2.406604819062608 61.76982200905558
