110 10.99678340475479
0.5000000000000693 10.496783404754721 89.99999999999217
10.49678340475291 0.5000000000018798 2.15315e-10
0.5000000000006035 0.5000000000006035 6.9054055279346e-11
1.5000000000007498 0.5000000000007481 8.562422256486872e-11
2.500000000000794 0.5000000000007905 9.047893834822436e-11
3.50000000000164 0.5000000000000554 89.99999999999375
0.5000000228771395 1.5000000228783463 89.99999737847297
1.5000000430460045 1.5000000027097724 89.99999968965449
2.5000000621731755 1.500000021837025 89.99999749784229
0.5000000000004907 2.500000045754997 89.99999999994387
1.5000000228776302 2.5000000282946973 2.6214707986582653e-06
0.5000000341364322 3.50000007989094 89.99999608825298
10.496783404754574 10.496783404754574 2.4712676349736284e-11
9.496783404753705 10.496783404754138 89.99999999992545
8.496783404753392 10.49678340475445 89.999999999961
7.496783404752893 10.49678340475395 89.9999999999038
6.496783404752273 10.496783404754568 89.99999999997469
5.496783404751219 10.496783404753957 9.525977942833745e-11
4.496783404747047 10.49678340475145 89.99999999961742
3.496783404743099 10.496783404754181 6.964739895920502e-11
2.4967834047428066 10.49678340475389 1.0295341958641658e-10
10.496783404754215 9.496783404754213 6.581046818610048e-11
9.496783404753373 9.496783404753751 89.99999999996955
8.4967834047531 9.4967834047541 7.815970093361102e-13
7.496783404752972 9.496783404753227 89.99999999998634
6.496783404752653 9.496783404754147 2.2649071909899405e-11
5.496783404752488 9.496783404753485 4.1353347407913196e-11
4.496783404752135 9.496783404747397 8.167261084459291e-11
3.4967834047518505 9.496783404754002 4.930577824671186e-11
10.496783404754497 8.496783404753929 3.342393029015511e-11
9.496783404754169 8.496783404752867 7.082689990056679e-11
8.496783404753945 8.496783404753264 9.629275155020878e-11
7.496783404752579 8.4967834047509 2.5279689452872844e-10
6.496783404747754 8.496783404747314 8.054570344029344e-10
5.496783393902477 8.49678339390154 1.243582448347962e-06
4.496783393890017 8.496783393883346 1.2450100307546307e-06
10.496783404752206 7.496783404751052 89.99999999970392
9.496783404715957 7.496783404751483 2.2927792997506913e-10
8.496783404714135 7.496783404752603 2.0605739337042905e-11
7.496779273905381 7.49678340474675 7.283046938673104e-10
6.496723550648153 7.49678338190243 89.99999738266142
5.491853850243588 7.4967833768851575 89.99999928661539
4.491853834363103 7.496783361130589 89.99999746684598
10.496783404736368 6.496783404749606 89.99999999953839
9.496783404732783 6.496783404749035 89.99999999994905
8.496783404731755 6.496783404750951 89.99999999983146
7.496783404722298 6.49678340474512 9.149273714155475e-10
6.496783402443814 6.496783356775648 2.6200982006230333e-07
5.4967833904974635 6.496783356567207 1.630960582588159e-06
10.496783404752236 5.496783404748128 89.99999999970747
9.496783404751117 5.496783404748042 89.99999999983547
8.496783404748387 5.496783404748185 1.4816828411866165e-10
7.496783404739981 5.496783404743404 1.1112935946032531e-09
6.496783384084041 5.496783333842939 89.99999763411506
5.496783332782639 5.496783340144859 3.5128226301139875e-06
10.49678340475343 4.496783404744215 1.5572143131617651e-10
9.496783404749852 4.496783404747259 89.99999999974592
8.496783404746974 4.496783404747549 7.544101733342399e-11
7.4967834047420085 4.496783404739327 6.443669245267997e-10
10.496783404754314 3.4967834047423803 89.9999999999457
9.49678340475272 3.4967834047471054 89.99999999976333
10.496783402194612 2.496783402182676 89.99999970662539
4.496783339196063 6.496783294803992 89.99999575225283
4.482729474518478 5.4967832602541336 89.99999983076914
6.484659246684679 4.496783327956589 89.99999688403254
5.35815105461794 4.496783303172848 6.775521412518243e-06
1.5748810795457058 9.721394309060086 26.068150585302256
0.6654630783318302 9.288492912149847 25.23828623748016
2.4359080849553507 9.017851534100544 24.87039298997773
1.532820990689133 8.588279401652258 24.87039298997847
0.663914255286935 8.084972243712818 24.870392989909355
1.5454029214105562 7.391199800932456 27.48753028362655
2.4229981390093207 7.898985480563607 25.990025230938482
3.3305758999199617 8.330575902022566 25.41746906212429
0.6743334306951335 6.898811823304408 27.48753027974172
2.4224050887773028 6.718630535975228 29.478097165586124
3.330575872765798 7.2234068799699145 25.417469061713486
0.6813173313660393 5.734448884995901 29.478094268374573
1.5518612361469224 6.226539685102253 29.478096886817678
3.2766524024414383 6.052802223375907 29.478096099062554
0.5000000154204632 4.500000098606913 89.99999823294515
1.5355646497757058 5.068620555744146 29.478097749635566
2.4061085305416015 5.560711367082205 29.478098605765794
1.6813173326764845 3.9877828379984437 29.478093012196496
2.5456411011637736 4.490877499066682 29.478095270920026
3.4161849951109278 4.982968355548508 29.478099987605333
9.735494050323425 1.5695914838601528 61.71455760596693
9.283488333417955 0.6772311315264359 61.71455777189254
9.02518412720155 2.4372254703930634 66.08373622685824
8.57269600501066 1.5439686484210853 66.0837362268499
8.09978260305303 0.6597700018283148 66.08373622684124
7.40274099225355 1.5522930040118563 63.58671601519706
7.874645448916763 2.434460326157264 63.58671601543239
8.326557662166083 3.3265576621601607 63.58671601549124
6.930635081866664 0.6702257425876169 63.58671601530041
6.726814587635671 2.4402819214759486 61.88419612567151
7.20183684270902 3.3279797164579104 62.669212166162175
5.783671695997661 0.6766260396023346 61.884198114170424
6.254926848510533 1.5586229874047497 61.884196125851986
6.091207225646164 3.372643112498881 61.843104969071646
4.676626019708388 0.7266819691575388 61.88420366477755
5.147881161118278 1.6086789306908 61.88420088827241
5.619319604768713 2.4909843986760865 61.8431041441819
3.9935939973294237 1.5703181772780885 61.88419401975087
4.464547337665444 2.4524763784796364 61.88419266902052
4.936554342222455 3.3344777345739955 61.843104144315255
4.168708914206506 4.247862067679807 32.16620125850303
3.30394642602791 3.7445116352655323 32.16619961758793
2.4323868785695266 3.2516763741841817 32.18404887355005
3.3049266009302523 2.404023558358904 61.91749398525942
