110 10.997203943976677
0.5000000000026491 10.497203943974029 3.03359e-10
10.497203930533887 0.50000001344279 89.99999845956992
0.5000000000010644 0.5000000000010644 1.21767e-10
1.5000000000020608 0.5000000000000716 8.001e-12
2.500000000002397 0.500000000000265 89.99999999996983
3.500000000002772 0.500000000000636 89.99999999992731
0.5000000114706058 1.5000000114706094 1.3144344115911422e-06
1.5000000212864946 1.5000000016547244 1.8961682712870243e-07
2.5000000368175104 1.5000000138775669 89.99999840989392
0.5000000000005995 2.5000000229418147 89.9999999999315
1.500000013278493 2.5000000132773006 1.5214656059470144e-06
0.500000030848379 3.5000000537895977 89.99999646503626
10.497203943976375 10.497203943976375 3.433342499192804e-11
9.497203943976297 10.49720394397645 2.5792701308091637e-11
8.497203943975782 10.497203943976388 89.99999999996709
7.497203943975167 10.497173046938823 89.99999999989704
6.497203943975069 10.497203943975682 89.9999999998861
5.497203943962538 10.497203943965143 1.321533767501849e-09
4.497203943958098 10.497203943960706 1.8298813455207145e-09
3.4972039439414675 10.497203943976016 89.99999999992451
2.497203943938811 10.497203943974682 2.2849811547418358e-10
10.497203943976626 9.497203943976023 89.99999999999434
9.497203943975986 9.497203943976084 6.73452404953423e-11
8.497203943974863 9.497203943976142 89.99999999993922
7.497203943974636 9.497172987945993 89.99999999991351
6.497203943971347 9.497203943972153 2.9004767046102137e-10
5.497203943968459 9.497203943953254 89.99999999995954
4.497203943968363 9.497203943944474 89.99999999997011
3.497203943968286 9.497203943975542 89.99999999997853
10.49720394397589 8.497203943975284 89.99999999991003
9.497203943975164 8.497203943975432 89.99999999999291
8.497203943974492 8.497203943975002 6.94910795573378e-11
7.49720392470566 8.490828947258452 89.99999779202352
6.497203893055264 8.497203931346847 1.4470429943463782e-06
5.497203880433498 8.497203943946827 6.955113635105246e-10
4.49720386359091 8.497203927108218 89.99999807067745
10.497203935009548 7.4972039439742675 2.6065726150313728e-11
9.497203935006654 7.497203943972827 89.99999999969494
8.497203935003656 7.497203943974723 3.807087978202617e-11
7.497203921747692 7.49082894124585 89.99999848101642
6.497203894799062 7.497203930112673 1.588468598371677e-06
5.4972038833905685 7.497203918682401 2.8957852376933744e-06
4.4972038648541535 7.497203866464795 5.01990177806883e-06
10.497203939480023 6.497203939477384 89.99999948472156
9.49720393499368 6.497203943965173 89.99999999881827
8.497203934752068 6.49720394397358 89.9999999999074
7.4972039189142095 6.490828911948634 1.8382295736267189e-06
6.497203904914924 6.497203914138343 3.418991584460765e-06
5.497203889558827 6.497203898760468 5.178670150470046e-06
10.497203939464912 5.4972039394622705 89.99999948299008
9.497203934962812 5.497203943964522 89.99999999889242
8.497203934954475 5.497203943973052 89.99999999984729
7.497203832955679 5.490828864003119 89.99999634407796
6.494721607587866 5.49720390007605 5.0134371868152245e-06
5.493503173657135 5.49598546582704 0.13979794463245457
10.497203939473733 4.4972039394534455 89.99999948400091
9.497203934978863 4.497203943962928 89.9999999990747
8.497203934972159 4.497203943973006 89.99999999984254
7.497203920548842 4.490828846523844 89.99999834705457
10.497203943967621 3.497203934959555 89.99999999896242
9.49720394396696 3.497203943961288 89.99999999888713
10.497203943849406 2.4972039348413366 89.99999998541598
4.48730230422609 6.487302278012064 1.1461838628744971
4.484817164535832 5.4870524213389285 1.1461848464220643
6.497203853342255 4.4972038911236485 6.069437418661594e-06
5.360051131362698 4.495656864726652 0.13979643787972912
1.5742056035748333 9.725119474528102 26.54279069576844
0.6694078650682329 9.292303099218355 26.20647059306428
2.436508473508637 9.020040950991207 24.66708961910933
1.5342213816665191 8.588627381520219 24.667089619413726
0.6630466054941109 8.089468313459632 24.667089619517583
1.546045091104357 7.394617923419409 27.31257065256383
2.4212019920228482 7.895873613219849 26.43610131474483
3.3305709869824884 8.330571080918157 25.52056386735229
0.6736805446549478 6.90449625774325 27.31257065256106
2.424470580927859 6.721304113456545 29.328631839060765
3.3346724360137183 7.224410864832455 25.520563864584656
0.6808213976873869 5.741667587724678 29.32863258706754
1.5526460004479543 6.231485815015189 29.328634521638488
3.2760833762614774 6.052746970879913 29.32863183912302
0.5000000128725156 4.500000071765466 89.99999852491855
1.5324341966611905 5.073110449033692 29.328635157007025
2.404258783673755 5.562928685362539 29.328636025606635
1.680821403124166 3.9920649809553717 29.328632804152527
2.545218017826377 4.495104232389069 29.328634263180977
3.417042615644832 4.984922497800894 29.328637843729027
9.735727855426282 1.5700791258025497 61.77444789124685
9.28508103944862 0.6770181865355144 61.77444789377294
9.025385724107492 2.437807316848053 66.09705641879637
8.57429441946474 1.5439182966555671 66.09705641697907
8.10135843679126 0.6597108480054167 66.09705641919922
7.4037899989068485 1.551345382633895 63.38413011176526
7.875656749155251 2.4334191000208545 63.38413100215566
8.326185496615546 3.3261854966216653 63.38413291593159
6.9284374128702275 0.6710184582670671 63.38413011176048
6.72826007350849 2.436209344855886 62.138755271443046
7.203831557420105 3.3249208720763637 63.05640619695785
5.7791025236900495 0.6757069238720685 62.13875707446298
6.253107772743104 1.556261313058211 62.13875526713931
6.094483098461602 3.3764376479732614 61.631944571654714
4.675706914022713 0.7281490009640211 62.138759783457516
5.144713955445152 1.6149571056097554 61.77169167860911
5.61934938466174 2.496524037295295 61.631944099217925
3.987773012919716 1.5740557308136107 61.771689121786096
4.460759165085263 2.4551255917559764 61.77168912170811
4.936286378368891 3.3362109745708213 61.63194292041294
4.170341832132534 4.246630970832064 32.627758884340984
3.305335976786808 3.7430881908481997 32.627757351369965
2.4320641207336786 3.252456816408936 32.62775853241908
3.2997210936146684 2.406592160685124 61.77169164126873
