110 10.997198748886404
0.5000000000095246 10.497198748876881 89.99999999890872
10.497198748838608 0.500000000047798 89.99999999452291
0.50000000002046 0.50000000002046 89.9999999976556
1.5000000000245701 0.5000000000245675 89.99999999718493
2.5000000000660774 0.5000000000169398 1.94100402236784e-09
3.500000000067665 0.5000000000185245 2.1225989653693683e-09
0.500000013000396 1.500000013041316 1.4897355044731746e-06
1.5000000260257833 1.500000000024994 89.99999999713636
2.5000000408575747 1.500000014890659 89.99999829753854
0.5000000101549633 2.5000000158867515 1.1636729340125385e-06
1.5000000303531351 2.5000000304031174 3.4782126618893017e-06
0.6029655600408325 3.500000052245808 89.99999621850485
10.497198748886404 10.497198748886404 1.4210854715202004e-14
9.497198748883077 10.497198748883081 3.8081866792360503e-10
8.497198748877448 10.497198748884099 89.99999999973592
7.497198748866588 10.497198748873243 89.99999999849193
6.497198748848436 10.497198748881415 5.717756774786358e-10
5.497198737720862 10.497198737753843 1.275697470210129e-06
4.497198708406888 10.497198730704993 89.99999791656373
3.4971986904730765 10.497198748638803 89.99999997162698
2.4971986698381667 10.497198728499098 2.3362131950658016e-06
10.497198748879642 9.497198748879638 89.9999999992251
9.497198748845673 9.497198748859198 3.117237843592998e-09
8.49719874882971 9.497198748870549 1.2882370565033597e-09
7.497198748826339 9.49719874884547 1.674154364591027e-09
6.497198748787843 9.497198748833299 6.08503498024853e-09
5.497198748753326 9.497198726639866 2.1299053179120733e-09
4.497198748738851 9.497198712519463 4.715473013807258e-10
3.497198748728693 9.497198748397238 89.99999999930769
10.497198734338507 8.497198734338502 89.99999833293384
9.497198719749345 8.497198748845136 4.728343993201855e-09
8.497198719734039 8.497198748855832 2.9746018981313682e-09
7.497198707166966 8.49719873626705 1.4430547026381368e-06
6.497198686788091 8.497198715914498 3.778301495314665e-06
5.497198669190167 8.497198676088631 5.794874804253153e-06
4.497198648839397 8.497198641602992 8.126900828892253e-06
10.497198734607375 7.4971987197756285 1.7157901766040595e-09
9.497198602931151 7.497198748841694 5.122419834940576e-09
8.497198602903497 7.497198748846919 1.9537083062459715e-09
7.497198594325217 7.497195444898674 89.99999901895552
6.497198441221211 7.497198712409317 4.17996322039424e-06
5.492161477745677 7.497198649915918 8.735666184385798e-06
4.492161455430666 7.497198613261015 1.1292777159385936e-05
10.497198741765589 6.497198712639839 89.99999918401474
9.497198734633558 6.497198748808203 1.2849677014649801e-09
8.497198720142325 6.497198734349849 89.99999834071222
7.4971986967049995 6.497154992866591 89.99999565513802
6.497198622277994 6.497198712372138 4.184224510391295e-06
5.497198568245256 6.497198636514167 1.0375920492000905e-05
10.497198733208803 5.49719870408305 89.99999820347928
9.497198730173249 5.497198730083834 89.99999785563068
8.497198729396477 5.497198730585133 89.99999790930788
7.497198633810354 5.497154914101264 89.99998695612769
6.483780948528478 5.497198711391953 4.184259722026896e-06
5.483780878371359 5.497198617959592 1.222367420850687e-05
10.497198711315724 4.497198682189968 89.99999569471704
9.497198692448395 4.497198730074034 89.9999978567535
8.49719869199616 4.497198730578738 89.99999790857527
7.497198672633876 4.490851623697431 89.99999571637015
10.497198729114519 3.4971986643911683 89.99999773430875
9.4971987180887 3.497198717979683 89.99999647084333
10.497198719197822 2.497198654474469 89.99999659793903
4.497198562271674 6.497198477930239 1.1060443779107267e-05
4.483780849337282 5.497198436154857 1.5550735977949474e-05
6.497198574999113 4.497198688808566 6.958867181406444e-06
5.360763499940752 4.497198568704018 1.4860495569526562e-05
1.574233917915163 9.725015624134372 26.528046900835104
0.6692806786102756 9.29219263887607 26.174513067299838
2.4365015363754425 9.019979990672471 24.672680412167093
1.5341874024296027 8.58862889622168 24.672680414735037
0.6630705773383739 8.089364708555976 24.672680414381865
1.546045891166539 7.394553979177348 27.31586150372711
2.4212788999163712 7.895982587727889 26.42199126555729
3.3305631037813788 8.330563146257868 25.52122943902064
0.6736928829088363 6.904414376125959 27.315861504248918
2.4244537569958577 6.721260900567576 29.329854840366092
3.3305628656251565 7.222438572747633 25.521229444847428
0.680825462059683 5.741587243672289 29.329851834727222
1.5526396190234555 6.231424067482591 29.32985402589031
3.2760971121543982 6.052731079583467 29.32985394883078
0.5000000118640266 4.500000075824728 89.99999864048283
1.5324688246883003 5.073057401359024 29.329857405420576
2.4042829655390237 5.562894240502943 29.329855963298062
1.6808254808952834 3.992270051887048 29.32985618083254
2.5453330999858164 4.495111075282559 29.32985756538666
3.417147240023549 4.984947900717531 29.329858156790028
9.735871646931601 1.5700077772714656 61.749472366012455
9.284903077636697 0.6771070693811191 61.749475159721186
9.025494060231841 2.437772365743366 66.1013271524463
8.574071186351333 1.5440261711404657 66.10132715280929
8.101407829266982 0.6596918744979664 66.10132715277119
7.403887012605617 1.5515162202231954 63.42735870228024
7.875495687760658 2.433741851699506 63.42735976405788
8.32634872295451 3.326348746595759 63.42736146004702
6.929160550013102 0.6708500091366846 63.427358702280074
6.727896773386964 2.43630832721377 62.12705244284088
7.20289990668801 3.3245812142347977 62.9687646492537
5.77885300120843 0.6757494693965357 62.12705468127212
6.253374876515926 1.5560289150561009 62.12705244168117
6.094355282770211 3.376806225761533 61.67274793669593
4.675749456094112 0.7289488580245144 62.12705835979987
5.14534131858083 1.6163027045641236 61.67274738196289
5.6198482937622956 2.4965544661397017 61.672745476719726
3.987040807847149 1.5750050863260874 61.672745476493816
4.461547802185942 2.4552568187427233 61.67274547082618
4.936054784176972 3.3355085579825596 61.67274544830966
4.170479740518696 4.247417722751906 32.47693612962397
3.3052520699277386 3.744424383687314 32.47693252613093
2.4318228172284626 3.2527972851736493 32.57048501012859
3.299317797410064 2.4066696189871193 61.67274348508408
