110 10.997242434063706
0.5000000000002888 10.497242434063416 89.999999999967
10.497242433560718 0.5000000005029875 89.99999994236197
0.5000000000001322 0.5000000000001322 1.506151153676972e-11
1.5000000000002152 0.5000000000000508 5.738983725627499e-12
2.5000000000007216 0.5000000000004555 89.99999999994789
3.500000000001176 0.5000000000000028 89.99999999999977
0.5000000000000009 1.5000000000002653 1.0625295207605026e-14
1.5000000000000127 1.5000000000001126 89.99999999999885
2.500000014904534 1.5000000149045323 89.99999829206666
0.5000000000000366 2.500000000000303 89.9999999999959
1.5000000000000386 2.50000000000014 89.99999999999586
0.6031904400088178 3.5000000158529527 89.9999981834049
10.497242434061482 10.497242434061482 89.99999999974538
9.497242434059089 10.497242434063534 1.948633414276873e-11
8.497242434058473 10.49724243406292 8.980629686265891e-11
7.497242433283422 10.497242433287871 8.89039316084897e-08
6.497242433250672 10.49724243332062 8.515116667932962e-08
5.497242417757727 10.497242417827676 1.8605117716041562e-06
4.497242409926285 10.497242409996236 2.7579287516702535e-06
3.4972423946278766 10.497242425294642 1.0048605653209176e-06
2.497242379197785 10.497242409864551 2.7730186516839062e-06
10.49724243406135 9.497242434061349 89.99999999973026
9.497242434058588 9.497242434063297 4.650319343395092e-11
8.497242434056975 9.497242434061684 2.3127641670412716e-10
7.497242433262559 9.49724243326727 9.12644332929244e-08
6.497242433216168 9.49724243331366 8.5948518772239e-08
5.497242431821603 9.497242403736252 2.4575370477209004e-07
4.497242431617407 9.497242387869177 2.2235466085848512e-07
3.497242424731863 9.49724242523775 1.011379623404018e-06
10.49724243405856 8.497242434058556 89.99999999941045
9.497242434052957 8.497242434063244 5.2283509292565875e-11
8.497242431493758 8.497242431500924 89.99999970678996
7.497242416089415 8.497208082194927 1.4720986331087305e-06
6.497242398450974 8.49724240357966 3.4932138432551896e-06
5.497242381842742 8.497242358788585 5.396377016588195e-06
4.4972423683831755 8.497242329257752 6.938729423766954e-06
10.497242434057013 7.497242434057009 89.99999999923328
9.497242434049815 7.497242434063193 5.805149470094113e-11
8.497242431483745 7.497242431494103 89.9999997060084
7.497242418362847 7.497182890334182 1.209696383545789e-06
6.497242383603465 7.49724238874898 5.192684215798208e-06
5.49724236402804 7.497242340990708 7.435862654967802e-06
4.497242348252892 7.497242317820906 5.628164346640845e-06
10.497242434047331 6.497242434047324 89.99999999812377
9.497242434030753 6.497242434062887 2.3205039729866444e-11
8.497242430844402 6.497242430873514 89.99999963489434
7.497242415081791 6.497182219679258 1.441329829338018e-06
6.4972423661405925 6.4972423725460295 7.049404662864181e-06
5.497242341686755 6.497242319909342 9.851607802344133e-06
10.49724243404558 5.497242434045574 89.99999999792317
9.497242434027259 5.49724243406288 2.24179377641946e-11
8.497242429958568 5.497242429991167 89.99999953378497
7.497242412458944 5.497130653288872 89.99999752858007
6.4972423098340135 5.497242353001126 9.289083889529999e-06
5.49724226971758 5.49724228470183 1.388608835779232e-05
10.497242434038174 4.4972424340381645 89.99999999707444
9.49724243401244 4.497242434062871 2.317480479868222e-11
8.497242429927079 4.497242429974501 89.99999953187547
7.497242414109417 4.490896487408948 1.3617287560060408e-06
10.497242434063581 3.49724243401251 1.4069118126560541e-11
9.497242434063526 3.497242434062843 2.014712912347733e-11
10.497242417889485 2.497242417838166 89.99999814657087
4.487541163111099 6.487348912107769 1.1227553079126398
4.489777041401188 5.482840751650456 0.6075904455446585
6.4972423215213935 4.497242329743128 1.1954252756226096e-05
5.355777729301921 4.491968341114067 0.6075921856145159
1.5743429856750446 9.724856051802345 26.49437717263847
0.6689390232498311 9.291963777715923 26.0889090211594
2.4365278749884958 9.019921109995469 24.68585455411949
1.5341534326678468 8.588709589309182 24.68585455414334
0.66312703958375 8.089298174680948 24.685854553660516
1.5460151068122017 7.394564368402209 27.32201205121261
2.421457129648542 7.896291869953475 26.38999006404388
3.3306585529971304 8.33065856232925 25.50866126757843
0.6737159369413215 6.904328765452448 27.322012051241778
2.4243721808493652 6.721296285394568 29.336158262122947
3.334750615162196 7.224602668363254 25.50866324329047
0.6808451592296259 5.7414313298051205 29.335750563680733
1.5526119305658999 6.231363556716767 29.336158984276835
3.276058966439071 6.052843232710451 29.336156767112396
0.5000000000004429 4.500000031705386 89.99999999994934
1.5325383978862728 5.0729777796641 29.33615732497056
2.4042986816629455 5.562910502108197 29.336161043000704
1.680846469810724 3.992697946415324 29.33615530412298
2.5455487717284977 4.495189202688369 29.33615530405046
3.417309035088591 4.985121954296437 29.336158619866584
9.735888259298845 1.570061924665556 61.75696227899535
9.285077097749875 0.6770804277435153 61.75696425082388
9.025521206537215 2.4378179579329027 66.10019668863218
8.574261117533505 1.544000720408553 66.10019668862981
8.101532590060359 0.6596968971462469 66.10019668865695
7.404012795610597 1.551501036610475 63.42396084673164
7.875684941766402 2.4336931098151573 63.423960923418555
8.326379170952558 3.3263791700854455 63.42396092397679
6.929233540755972 0.6708632634122943 63.42396084671712
6.728038819317346 2.436265093507538 62.12327421454361
7.203220818914423 3.324718393644323 62.99330556850886
5.778889558974822 0.6757632150213417 62.123272209379124
6.2534641782842435 1.5560141501120912 62.123272209380154
6.094531104780035 3.376752775702849 61.669314517839254
4.675763207334602 0.7289856643058554 62.12327432513899
5.145411651853088 1.6163061456510517 61.669312421241614
5.619971375612388 2.496529452219022 61.66931246936728
3.9870710675918617 1.575008122421568 61.669312450597914
4.4616307914008475 2.4552314284893284 61.66931245022458
4.936190514902695 3.335454734810757 61.66931245948212
4.170013227267618 4.247820409556784 32.358925067368894
3.3046201937547393 3.745239051931123 32.35892248354343
2.4313282432347334 3.253505695792856 32.4582735747167
3.299359365677363 2.406642398310217 61.6693124184454
