110 10.996866449886614
0.5000000000113065 10.496866449875307 1.295533e-09
10.49686644988308 0.5000000000035328 89.99999999959526
0.5000000000010648 0.5000000000010648 1.219184164331751e-10
1.500000000010905 0.5000000000087752 89.99999999899454
2.5000000000195035 0.5000000000001782 89.99999999997968
3.50000000001984 0.5000000000005127 89.99999999994135
0.5000000001684338 1.5000000001705636 89.999999980699
1.5000000001688538 1.5000000001688538 89.99999998065107
2.5000000003450173 1.5000000003450156 89.99999996046442
0.5000000000003553 2.500000000338644 89.99999999995939
1.5000000000012577 2.5000000003364518 89.99999999985619
0.5000000001864637 3.500000000524754 89.99999997863293
10.496866449835354 10.496866449835354 89.9999999941262
9.496866449827886 10.496866449842821 89.99999999498182
8.496866449780148 10.496866449882669 4.519674997539446e-10
7.496866449775176 10.496866449877697 1.0216187085239864e-09
6.496866449670627 10.496866449773151 1.3001830559987046e-08
5.496866449599624 10.49686644970215 2.1137938919125176e-08
4.496866449584846 10.496866449716926 1.944464210442933e-08
3.4968664494909585 10.496866449810812 8.68615401690124e-09
2.4968664493206365 10.496866449792094 89.99999998916891
10.49686644974054 9.496866449638022 1.6738568909750443e-08
9.496866449551359 9.496866449842138 89.99999999506
8.496866449364589 9.496866449742953 1.646199695117369e-08
7.496866449341136 9.496866449719501 1.9149408875467144e-08
6.496866449307513 9.49686644968588 2.300208109077193e-08
5.496866449111015 9.496866449521919 4.852246707171378e-10
4.496866449062251 9.496866449600233 6.072904713800303e-09
3.4968664488539813 9.496866449625347 2.993869212603758e-08
10.496866449672593 8.496866449599809 2.1117324428215088e-08
9.496866449486834 8.4968664498005 89.99999999983098
8.49686644947139 8.496866449582376 89.99999999806145
7.4968664494668715 8.496866449539988 89.99999999857907
6.496866449248 8.49686644968014 2.365973410423904e-08
5.496866449081622 8.496866449153305 4.272495539888853e-08
4.496866448976845 8.49686644938516 3.071846303032654e-08
10.496866449670545 7.496866449568023 2.475960059200588e-08
9.496866449526701 7.496866449726798 8.27657231639023e-09
8.496866449329595 7.496866449474414 89.99999998568998
7.496866449323874 7.496866449433229 89.9999999863454
6.496866449180047 7.496866449498335 2.8266242679819698e-09
5.496866448622258 7.496866448943697 6.67442054839629e-08
4.496866448366702 7.4968664488152195 9.602868176129906e-08
10.496866449877363 6.496866449342702 89.99999999894003
9.496866449693874 6.496866449624786 1.9966066133747518e-08
8.496866449413112 6.496866449456058 89.99999998779323
7.496866449412895 6.496866449420808 89.99999998776858
6.496866449371735 6.496866449408085 89.99999999248493
5.4968664485135905 6.496866448733587 9.082087001608479e-08
10.496866449697615 5.496866449144453 2.165761973482687e-08
9.49686644958199 5.496866449523923 8.408250096181291e-09
8.496866449376373 5.496866449430341 89.99999998484647
7.496866449372577 5.496866449391511 89.99999998441162
6.495163669970786 5.495163669936768 89.80454206832944
5.493460889263519 5.496866448350365 1.3411615163441045e-07
10.496866449854638 4.4968664489874275 3.6640542004187185e-09
9.496866449760732 4.496866449388618 89.99999999290355
8.496866449585706 4.496866449325626 89.99999997284726
7.496866449584988 4.496866449289873 89.99999997276495
10.496866449733995 3.4968664488028334 89.99999998251133
9.496866449679692 3.496866449243625 89.99999997628886
10.49686644955194 2.4968664486207763 89.99999996164937
4.487377890735513 6.48725957046081 1.0978944402383821
4.483975849609734 5.487010756068195 1.097894421423528
6.484700188744405 4.488262347515208 89.00468081696552
5.35582050296621 4.495444154577315 0.16321565041859287
1.575386604651056 9.720061210590808 25.85204284888026
0.6638629651780062 9.288244788701144 24.85832027115159
2.435906821402593 9.017200602211355 24.957023556487027
1.5324181612550165 8.588524178259032 24.95702355630376
0.6642814344581002 8.083886584217009 24.957023556185042
1.5452383840863977 7.390632987575225 27.542857130081874
2.424023463634889 7.900712907708307 25.790592035255543
3.3308818042385555 8.3308818047081 25.36366255004701
0.6745385821847214 6.897607710716155 27.54285713010097
2.4299970393035304 6.72294853447003 29.520285579740023
3.334861965713788 7.2260930092875615 25.363662564687463
0.6781503421042779 5.740665620743628 28.54639712054292
1.5598157408122677 6.230216855116615 29.52028557590197
3.276624487589608 6.053157265570046 29.520285558867844
0.5000000001725307 4.500000000538689 89.99999998022955
1.5362618900998228 5.0676939072177705 29.520285598492546
2.4064431887738067 5.560425586168244 29.520285598681003
1.6814564887846468 3.987177519029314 29.520285562808994
2.545829894122131 4.490166140032366 29.520285575548236
3.416011192931823 4.982897819308988 29.520285607684293
9.735940792115779 1.5695080573036324 61.65996599594245
9.283370921346673 0.6774245930204945 61.65996601867656
9.025517396714292 2.4372771897968253 66.10022570753051
8.572445446747562 1.544262822048444 66.10022570751892
8.100308590056185 0.6596967682188853 66.10022570748887
7.403215578398038 1.5524501159889759 63.63896749105652
7.874364691878501 2.4350229714180704 63.638967493473935
8.326846526143731 3.3268465259541733 63.63896751471425
6.931778580563458 0.6700199236472726 63.6389674923663
6.7269847277434565 2.440773507328148 61.93100933362346
7.200504850458937 3.3275278430513375 62.53735438704424
5.785076143605145 0.6764580236342472 61.931009364041834
6.255767721222368 1.5587558593432163 61.93100934092896
6.089096024998053 3.3697676918264734 61.886685042711136
4.676458023563012 0.7227366975234293 61.93100938938734
5.146992415207295 1.6051183534699072 61.931009362406726
5.617879159299475 2.4877503075913308 61.886685077764206
3.994691193396645 1.5694791737450435 61.93100933338625
4.465054829135749 2.451951886039765 61.931009351811966
4.936402981687134 3.3343375032076197 61.886685063155554
4.167898277813101 4.248436697576687 32.03323023914726
3.3031701403411655 3.7451763439573806 32.03323021593274
2.4321512187539582 3.251970368942311 32.033230231964566
3.305965072252668 2.403520746337206 61.94986724232413
