110 10.99686644932894812173789486345983765432077028528818364671720295201797
0.5 10.49686644932894812173789486345983765432077028528818364671720295201797 -6.634036650791001386998680846274904489248662839469077869140968013119067e-81
10.49686644932894812173789486345983765432077028528818364671720295201797 0.5 4.400880121432362712910823300696574531647794705986907118304241921081191e-79
0.5 0.5 -3.740892560976135689643392916886781532838280649322243417968041873008062e-80
1.5 0.5 -1.062776423334398120025356808176064532315941659041213882872240211217808e-79
2.5 0.5 -1.784399419312123736691378281579468122332207054997990595886456808768907e-79
3.5 0.5 -1.465787656721373285020882163767147403965786508470746289973672847227662e-79
0.5 1.5 -3.138797142526105244780012196896547516573663421611324515394384929004605e-81
1.5 1.5 -5.238210344702368837179775681101385235249886156010016972590972678546843e-80
2.5 1.5 -1.332099421419300166324443757334302453720636792777032575026968618314575e-79
0.5 2.5 1.161321477877780726351668484027503002317141703668177232135027116810715e-81
1.5 2.5 -1.994159994046964154446556848048889209798214322638880821772316709006841e-80
0.5 3.5 1.432334724114503910397289380953614763604544352398339100892559407028568e-79
10.49686644932894812173789486345983765432077028528818364671720295201797 10.49686644932894812173789486345983765432077028528818364671720295201797 -7.008457172828775121872034856196274639788290338975988796331971663893813e-75
9.496866449328948121737894863459837654320770285288183646717202952017969 10.49686644932894812173789486345983765432077028528818364671720295201797 -6.648739824828198475592895174173810172607143778187580821661190892396099e-75
8.496866449328948121737894863459837654320770285288183646717202952017969 10.49686644932894812173789486345983765432077028528818364671720295201797 -6.654224852370811161264943765191115205529395483606229964254490367550746e-75
7.496866449328948121737894863459837654320770285288183646717202952017969 10.49686644932894812173789486345983765432077028528818364671720295201797 6.923731902195049214992148824819937425221843251870779300122726490521082e-75
6.496866449328948121737894863459837654320770285288183646717202952017969 10.49686644932894812173789486345983765432077028528818364671720295201797 7.340177207619506399909124245133856235074653619754717264410043434507394e-75
5.496866449328948121737894863459837654320770285288183646717202952017969 10.49686644932894812173789486345983765432077028528818364671720295201797 6.787718848317619686763585770832174580633448580073022699775142262207153e-75
4.496866449328948121737894863459837654320770285288183646717202952017969 10.49686644932894812173789486345983765432077028528818364671720295201797 7.050976048704788611234192538756381966564376784464879892671033139313915e-75
3.496866449328948121737894863459837654320770285288183646717202952017969 10.49686644932894812173789486345983765432077028528818364671720295201797 7.168320586966748179233895496236115552068908123418948329871005213444391e-75
2.496866449328948121737894863459837654320770285288183646717202952017969 10.49686644932894812173789486345983765432077028528818364671720295201797 7.04629250611885086687857781130976923844302492572346859359541608297456e-75
10.49686644932894812173789486345983765432077028528818364671720295201797 9.496866449328948121737894863459837654320770285288183646717202952017969 -6.783321407801626280197056266054110233453227888573413293636491621365577e-75
9.496866449328948121737894863459837654320770285288183646717202952017969 9.496866449328948121737894863459837654320770285288183646717202952017969 6.740121493252064486415422118851264108887909873880499827705945006181854e-75
8.496866449328948121737894863459837654320770285288183646717202952017969 9.496866449328948121737894863459837654320770285288183646717202952017969 6.268925829260164936525216819324586950462633472726932197862122436217074e-75
7.496866449328948121737894863459837654320770285288183646717202952017969 9.496866449328948121737894863459837654320770285288183646717202952017969 7.36972135976607302401815610616702160621987958552251202159886086506002e-75
6.496866449328948121737894863459837654320770285288183646717202952017969 9.496866449328948121737894863459837654320770285288183646717202952017969 6.816340104972456290804768659348805284346796098095102128285964019061048e-75
5.496866449328948121737894863459837654320770285288183646717202952017969 9.496866449328948121737894863459837654320770285288183646717202952017969 6.267620799258268736393669414862461350183837397889288040898459483329761e-75
4.496866449328948121737894863459837654320770285288183646717202952017969 9.496866449328948121737894863459837654320770285288183646717202952017969 6.417653423594999889683150078404317167546105650401996209796008233799898e-75
3.496866449328948121737894863459837654320770285288183646717202952017969 9.496866449328948121737894863459837654320770285288183646717202952017969 6.185020177119266303741860314939677809032515965026526546016675254761614e-75
10.49686644932894812173789486345983765432077028528818364671720295201797 8.496866449328948121737894863459837654320770285288183646717202952017969 -6.017761082273491737575516129587414024770750814363692856627382205889394e-75
9.496866449328948121737894863459837654320770285288183646717202952017969 8.496866449328948121737894863459837654320770285288183646717202952017969 -6.801121169269400326636310981512687649147329996907773314791730047483674e-75
8.496866449328948121737894863459837654320770285288183646717202952017969 8.496866449328948121737894863459837654320770285288183646717202952017969 5.826590911886769306005651058466168611582184568838993946040883579738091e-75
7.496866449328948121737894863459837654320770285288183646717202952017969 8.496866449328948121737894863459837654320770285288183646717202952017969 -1.684856618259691710901657644953634674982958960489781187796078992323928e-75
6.496866449328948121737894863459837654320770285288183646717202952017969 8.496866449328948121737894863459837654320770285288183646717202952017969 -1.909212954573490988982370279428084792389527740081155282130996495455363e-75
5.496866449328948121737894863459837654320770285288183646717202952017969 8.496866449328948121737894863459837654320770285288183646717202952017969 -2.795921601883974230653597984333019532264834100295265946994469600016153e-75
4.496866449328948121737894863459837654320770285288183646717202952017969 8.496866449328948121737894863459837654320770285288183646717202952017969 4.278942565924270097391359999606529057711894442175545525186980682903986e-75
10.49686644932894812173789486345983765432077028528818364671720295201797 7.496866449328948121737894863459837654320770285288183646717202952017969 -6.182743923694084339259051348909011679928989597946883413723639647668739e-75
9.496866449328948121737894863459837654320770285288183646717202952017969 7.496866449328948121737894863459837654320770285288183646717202952017969 5.30996541506504340212497025454817533423140486942548834987166116382541e-76
8.496866449328948121737894863459837654320770285288183646717202952017969 7.496866449328948121737894863459837654320770285288183646717202952017969 4.486470712109213279479861871746474993025182731887565661556906844159066e-75
7.496866449328948121737894863459837654320770285288183646717202952017969 7.496866449328948121737894863459837654320770285288183646717202952017969 4.485110875870887665847842801474610118254140574083821269703022701191906e-75
6.496866449328948121737894863459837654320770285288183646717202952017969 7.496866449328948121737894863459837654320770285288183646717202952017969 -1.905713485918482758489086264802938167584175324078861851178361750211907e-75
5.496866449328948121737894863459837654320770285288183646717202952017969 7.496866449328948121737894863459837654320770285288183646717202952017969 -3.234326358503444870528051276273043271606780773222615091142009207103476e-75
4.496866449328948121737894863459837654320770285288183646717202952017969 7.496866449328948121737894863459837654320770285288183646717202952017969 6.995803444965829309221435395472459500731604360365313659973869267129713e-75
10.49686644932894812173789486345983765432077028528818364671720295201797 6.496866449328948121737894863459837654320770285288183646717202952017969 -2.753688072709194834872109924940817954416617804302299842221121307363773e-75
9.496866449328948121737894863459837654320770285288183646717202952017969 6.496866449328948121737894863459837654320770285288183646717202952017969 -2.929611997076953830714581202806880744488319949122361336653019778328657e-75
8.496866449328948121737894863459837654320770285288183646717202952017969 6.496866449328948121737894863459837654320770285288183646717202952017969 -2.654996783943482892742407470780316922972264485290015800206607361266004e-75
7.496866449328948121737894863459837654320770285288183646717202952017969 6.496866449328948121737894863459837654320770285288183646717202952017969 -2.753202485673490012740235423918615380646970659665953361477657933114993e-76
6.496866449328948121737894863459837654320770285288183646717202952017969 6.496866449328948121737894863459837654320770285288183646717202952017969 -3.54710977257018722013504140054029526851111737051514308388811109477627e-76
5.496866449328948121737894863459837654320770285288183646717202952017969 6.496866449328948121737894863459837654320770285288183646717202952017969 2.77601632890794141623596666178548821634931517564268511158897229007906e-75
10.49686644932894812173789486345983765432077028528818364671720295201797 5.496866449328948121737894863459837654320770285288183646717202952017969 -1.584811031797272926125791425208815925576036835828667761315653113154003e-75
9.496866449328948121737894863459837654320770285288183646717202952017969 5.496866449328948121737894863459837654320770285288183646717202952017969 -5.168662044685155155443624279048720212258420235018946473473116596499376e-76
8.496866449328948121737894863459837654320770285288183646717202952017969 5.496866449328948121737894863459837654320770285288183646717202952017969 -1.004927376525938711150513694461490125562790911858817326273560972978428e-75
7.496866449328948121737894863459837654320770285288183646717202952017969 5.496866449328948121737894863459837654320770285288183646717202952017969 7.248677383440853847853054014750503456383791086034657526223137169653109e-76
6.495163670231966217327676554026530802416927319892220716957312659033123 5.495163670231966217327676554026530802416927319892220716957312659033123 -0.1954578810873325421593331291606720657834381454571566346535891578873399
5.493460891134984312917458244593223950513084354496257787197422366048276 5.496866449328948121737894863459837654320770285288183646717202952017969 5.218706793439237281273782137232288676800502401080020534924585426991075e-75
10.49686644932894812173789486345983765432077028528818364671720295201797 4.496866449328948121737894863459837654320770285288183646717202952017969 -4.650210205695546867767294311299398198793931388569611302817092788062017e-76
9.496866449328948121737894863459837654320770285288183646717202952017969 4.496866449328948121737894863459837654320770285288183646717202952017969 -6.252703791812773356078283019060084141398998463149297593486668241234176e-76
8.496866449328948121737894863459837654320770285288183646717202952017969 4.496866449328948121737894863459837654320770285288183646717202952017969 -6.436776222635017107776351532810302094446674976947496528739881404947818e-76
7.496866449328948121737894863459837654320770285288183646717202952017969 4.496866449328948121737894863459837654320770285288183646717202952017969 1.149905461260705378928259430872709284340910881099298193686371268279169e-75
10.49686644932894812173789486345983765432077028528818364671720295201797 3.496866449328948121737894863459837654320770285288183646717202952017969 -6.973029000897133366552227143332162379015209127671742652488329658506927e-79
9.496866449328948121737894863459837654320770285288183646717202952017969 3.496866449328948121737894863459837654320770285288183646717202952017969 3.418387014254264251366690785110682354603617230445674629557919100420888e-76
10.49686644932894812173789486345983765432077028528818364671720295201797 2.496866449328948121737894863459837654320770285288183646717202952017969 -9.8612564605125547970143154825506051168896574358199447236126784017705e-79
4.487377888659658846798945567094796821090045377944212893065904074848911 6.487259570385733606707467278654032015425991550523283701127710000479261 1.097894685482056376057851137270935109031309029435968459765857703653792
4.483975848048174086187033077886791414987891156405197680002288627412038 5.487010756063174444611584912009332218441574897516559734359781973136953 1.097894685482056376057851137270935109031309029435968459765857703653792
6.484700188463712325581297458513972673647507834137307128641526693707038 4.488262346418488588808759769178152223687378164545911068497087737979284 -0.9953192937203517707562790524983966711705962592341524158315205924757328
5.355820502335464169090088172373336048065762648066561475099047663505973 4.495444155487620471989738024669508693699834691957221297285179645595086 0.1632155611744723046038557909878042885827348172202862310956916107589485
1.575386605357610042550574035268698804320372053916941841776122617265211 9.72006120796525665773503072438107621079424898985783139552120983199742 25.85204253450026103437025398259684920138392959788334449321847495865241
0.663888313887101164307444487749965134071317152120172977447509765625 9.288306614390084994380352923764920802796041243709623813629150390625 24.86404984910289823236225113759212816596443687516613718669750712865734
2.435906821614043068382576642687004154215286248082987875727809558693931 9.017200600769843230902361822798401398199523556680479123708981466457348 24.95702369021210204819755872854328051154199884386487460734799411450857
1.53241816090930136094917189245780664474517534392199588867157182118865 8.588524178059611348499715762483198140122155428795845441682409201999329 24.95702369021210204819755872854328051154199884386487460734799411450857
0.6642814350249911476320415519818589483942697010315825153889973229603149 8.08388658256437378714801922524975438804156363720524925722176413435504 24.95702369021210204819755872854328051154199884386487460734799411450857
1.545238384131975704369728588292093921344136208485507559574842619991975 7.390632986901485910888267004906656632404486078929943667428444541422654 27.54285715328131820189439592667895132381007310826869284635342146358835
2.424023465246492186359683130704805946475363315932098147039936257606419 7.900712909672981222120043798337747576930070623681846773863559094843629 25.79059174775829548132700094616482837765251036739157832410294559739079
3.330881804601222228909631813399034972209464032130874851019314006236881 8.330881804601222228909631813399034972209464032130874851019314006236881 25.36366249532452004106152859137582641218186596429342028167445996750283
0.6745385822705409370097689972856692702396454906030717584874615275728403 6.897607709995825308108449140624871851651037609421252485951871992882553 27.54285715328131820189439592667895132381007310826869284635342146358835
2.429997038547475139213734720187591906710421254798301755724568382211012 6.722948533534888991617556373926800228349894330258194357805898506787032 29.52028561812067916655018803372671585128292593631942923562975324050109
3.334861966736286232258789072043664796482785186485095316839091888249 7.22609301013128424609712141058276432161958776207761477789645607415195 25.36366249532452004106152859137582641218186596429342028167445996750283
0.67817137011304037076260401082381523707454107352532446384429931640625 5.740726187814102584167407740287192297046203748323023319244384765625 28.55212669849422823236225113759212816596443687516613718669750712865734
1.559815740123033831854250406433724910926427182329828602553730650095745 6.230216854147056835260861303792361678478223827604229262316607776301085 29.52028561812067916655018803372671585128292593631942923562975324050109
3.276624486922180724943621022365831213842770631696907278197285998728719 6.053157265207482275630131858298215047529369763521380628235118124135246 29.52028561812067916655018803372671585128292593631942923562975324050109
0.5 4.5 3.807972908072594628262062365798731261837921898235823023118827656861924e-79
1.536261890073298110224652394858097222274782486759960971855610534498183 5.067693906431817962916741718029337947786028758213450437256536663163352 29.52028561812067916655018803372671585128292593631942923562975324050109
2.406443188497739417584136708611964218058776559228434125026448266613451 5.560425585819650119273436788163776497657699260867415532745827393649299 29.52028561812067916655018803372671585128292593631942923562975324050109
1.681456488906136731858089691944152772827832287561219124330064231300607 3.987177518644599020304416815763271585742061458413740565401536721032835 29.52028561812067916655018803372671585128292593631942923562975324050109
2.545829894076445596451595972839257370663470145555085776712998217734087 4.490166139699487154426727853113031316288652820016206114946861604535291 29.52028561812067916655018803372671585128292593631942923562975324050109
3.416011192500886903811080286593124366447464218023558929883835949849355 4.982897819087319310783422923247469866160323322670171210436152335021238 29.52028561812067916655018803372671585128292593631942923562975324050109
9.735940792729468221087915171562761815004323594358803488128831821289694 1.56950805748239634443606819425555089241473825588058086404651531446181 -28.34003414718757061279225281058846299745062396153040925736200414364139
9.283370921468308123255805885886593025413269800050311991087936669384315 0.6774245936073461071158213386004962163357823235444292831431484769326942 -28.34003414718757061279225281058846299745062396153040925736200414364139
9.025517396802270056871496383792348985034363791260613462652132815490041 2.437277189731056076000066962661612723352683152863434492278269130508943 -23.89977425963097346663204526905253305308366237213421989685457660378569
8.572445446231495305189549049140229601742824473462100912773449413488733 1.544262822217580820129424310931951209050737823707327174453310939622351 -23.89977425963097346663204526905253305308366237213421989685457660378569
8.100308590148311073552177864957039892121340078340570060593875625134754 0.6596967680728013069227430659221241582955682414200750018081776496722721 -23.89977425963097346663204526905253305308366237213421989685457660378569
7.403215578300425333040158474394302344208932801832244373259458027006473 1.552450116111155244352163439099026685132550368572532573962973279351171 -26.36103244023948392080715566128791358544476151725435541798542164811517
7.874364691176940450531783440770907186336519771214031226722882530854627 2.435022971856504580465133186290493368405803000932874314404279692010594 -26.36103244023948392080715566128791358544476151725435541798542164811517
8.326846525947502529291406830404314971584692181323602168815452896892863 3.326846525947502529291406830404314971584692181323602168815452896892863 -26.36103244023948392080715566128791358544476151725435541798542164811517
6.931778581191944894926173913987758171259910330453434002553022282393409 0.6700199233814455924464880330555226827360781039645814779017500551251062 -26.36103244023948392080715566128791358544476151725435541798542164811517
6.726984727024352934242514297296085308845638286113012501244891620681452 2.440773507519194089243385881928006687414074247497041465331338989861416 -28.06899066452669134928270444098316921075939701560508857009617174802009
7.200504848529355732187883267619002600899689528444173131668414023150186 3.327527842408579322469001282430701115189315763948928559606187416110021 -27.4626457622931267951838128069227899242314664282552066611128701352265
5.785076143615897452367982386127716977128326727777624281080482639408758 0.6764580237369225283300178889773181562647268237417785251106189949244036 -28.06899066452669134928270444098316921075939701560508857009617174802009
6.255767721267342759817485498647998337616732776539856410499968544227126 1.558755859199037585440959140548523317750063018567542145099205517616909 -28.06899066452669134928270444098316921075939701560508857009617174802009
6.089096024229921514053901089493336925283737142088921826906887342471067 3.369767692009392059837442464047220440859084653153959435834066456794278 -28.1133148877755847375599041244946761710658738588704525687316802064798
4.676458023736922528330017888977318156264726823741778525110618994924404 0.7227366984235234492361594533509453632730319121147469911148515799567286 -28.06899066452669134928270444098316921075939701560508857009617174802009
5.146992415702411020453516261121349574877106153231223924623966717716077 1.605118353931880013772696859161550257190106230108858641822741847013863 -28.06899066452669134928270444098316921075939701560508857009617174802009
5.617879159475777438101342168053822461101382411218462590912310182832429 2.487750307616502278467884402746502832191004445124735475728519086941471 -28.1133148877755847375599041244946761710658738588704525687316802064798
3.994691193566679024966852462278719782352384364852617668204080554666757 1.569479173632260841064548738793707041551335926651653505314833778480882 -28.06899066452669134928270444098316921075939701560508857009617174802009
4.465054829424173317096817709031126326184639341246584790880735231342133 2.45195188568168200308789963867177876076965972366813570915149856309443 -28.06899066452669134928270444098316921075939701560508857009617174802009
4.936402981251235944103775013785783565477169155106677409293774564677049 3.334337502589809520560133459970484831361077500368476427234915725486424 -28.1133148877755847375599041244946761710658738588704525687316802064798
4.167898276900729399174595392687230251471027487285269613990302526532169 4.248436697740056637542596188916872814160416121927984156309046008135919 32.03323011576253253518009641150502426919070239047225488341471388724676
3.303170139536829570246967406726003834277570827658004696985147375628067 3.745176344435588190100580630997510877389274723155389706331002580713564 32.03323011576253253518009641150502426919070239047225488341471388724676
2.4321512182885321965590973624319758297087242043668497875913940966471 3.251970369287275477921072277658128698299006048532362719295723945209376 32.03323011576253253518009641150502426919070239047225488341471388724676
3.305965072332977747736286587329546453345340011681003418186940826856137 2.403520745915257402466613365624942121373772874535799866729181673332405 -28.05013276490853926691585550569201886658800881886718953410835816149286
