110 10.996793274060735
0.5000000000003768 10.496793274060359 89.99999999995703
10.496793274059486 0.5000000000012497 89.999999999857
0.5000000000004798 0.5000000000004798 5.4784000000000006e-11
1.5000000000006124 0.5000000000003508 4.0004e-11
2.500000000000675 0.5000000000004099 4.6768e-11
3.5000000000007603 0.5000000000004918 5.616003014118161e-11
0.5000000001273803 1.50000000012834 89.99999998540349
1.5000000002232192 1.5000000000322466 89.99999999638543
2.5000000003728435 1.5000000001819855 89.99999997924014
0.5000000000086116 2.5000000002643317 9.866027994576143e-10
1.5000000001285714 2.5000000001120535 89.99999998724063
0.6001191615693551 3.500000000431361 89.99999997730184
10.496793274057659 10.496793274057659 3.5233182493718605e-10
9.496793274053923 10.496793274060074 89.99999999992451
8.49679327405326 10.496793274060733 89.99999999999993
7.496793274051706 10.496793274059183 89.99999999982224
6.496793273913522 10.496793273924105 1.565653316275576e-08
5.496793273900427 10.496793273911013 1.7156752532357057e-08
4.49679327388885 10.496793273899439 1.8483010775965805e-08
3.4967932737422402 10.496793274046045 1.6832313886623852e-09
2.496793273573705 10.496793273877513 2.0995565327243717e-08
10.496793274058968 9.496793274056348 2.0237428337829479e-10
9.496793274054152 9.496793274057685 89.99999999965101
8.496793274052553 9.49679327405928 89.99999999983392
7.496793274045511 9.496793274052242 89.99999999902735
6.496793274037674 9.496793273786817 89.999999999925
5.496793274027541 9.496793273770763 1.0856952276363996e-09
4.496793273996623 9.49679327377853 4.628259374149387e-09
3.496793273984491 9.49679327403247 3.2384474102393252e-09
10.496793274059076 8.49679327405292 89.99999999980999
9.496793274058371 8.496793274055593 89.99999999989028
8.496793274056998 8.4967932740584 89.99999999973335
7.496793274039508 8.496793274040913 89.99999999772946
6.496793273862286 8.496793273628755 1.8037168780578397e-08
5.496793273726286 8.496793273486833 3.362111723676705e-08
4.4967932737037115 8.496793273502945 3.620761444932866e-08
10.496793274059009 7.496793274052849 89.99999999980233
9.496793274058266 7.496793274055561 89.99999999988695
8.49679327405351 7.496793274054984 89.9999999993424
7.49679327403572 7.496793274037197 89.99999999730407
6.496793273878757 7.49679327360478 1.5290211372547653e-08
5.496793273533725 7.496793273301769 5.4827666321848954e-08
4.496793273352547 7.496793273159277 7.558866078258498e-08
10.49679327405778 6.496793274051616 89.9999999996615
9.496793274055586 6.496793274055333 89.99999999991252
8.496793274049764 6.496793274054139 89.9999999992459
7.496793273877764 6.496793273882141 89.99999997953648
6.496793273666449 6.496793273504078 3.750992344967023e-09
5.4967932729912405 6.496793273072289 8.112379359322687e-08
10.496793274058481 5.496793274050912 89.99999999974177
9.496793274042432 5.496793274055323 89.99999999991338
8.496793273694939 5.496793274051805 89.99999999951301
7.49679327352089 5.496793273881856 89.9999999795688
6.493713780422504 5.496793273319318 89.99999998247144
5.493713583522908 5.496793272969867 6.981765823460919e-08
10.49679327405925 4.496793274050138 89.99999999983004
9.496793274055507 4.496793274055278 89.99999999991806
8.496793274051946 4.496793274051778 89.99999999951035
7.496793273878062 4.4967932738817105 89.99999997958504
10.496793274059836 3.4967932740489625 89.99999999996437
9.496793274058643 3.496793274053681 1.0070020491445074e-10
10.496793274060598 2.4967932740485135 1.5429302020829335e-11
4.487099866150361 6.487099866244536 1.1218366468020327
4.484021357660733 5.486847868225724 1.1218366599710012
6.484666648557967 4.496793273188762 89.99999996691257
5.356827596254757 4.495411217577553 0.1585916214631053
1.5748982281914385 9.721378315538285 26.063692240800137
0.6654131198243977 9.288465636425846 25.226316720796866
2.4359136891112483 9.017850310360826 24.872310692888455
1.532818910280451 8.588295542357137 24.872310694210167
0.6639223998055951 8.08497358476792 24.872310693688206
1.545392328230183 7.391209055639818 27.488624924754095
2.4230180942007657 7.899029976650839 25.98591302218752
3.3306010330917886 8.330601033169732 25.413779726728265
0.6743374957217577 6.898794344449151 27.488624923251916
2.4303072110959794 6.723121754439502 29.47984558459015
3.3346196261201224 7.225375251889477 25.413779732003455
0.6782148079938705 5.741945137383975 28.56484917734343
1.5597783465362416 6.231004377374827 29.479845606448578
3.2766411638551203 6.052834544550396 29.47984557249508
0.5000000000007464 4.500000000630039 8.5334e-11
1.5355834486730908 5.068599798699235 29.47984559110661
2.406112306159925 5.560717171644087 29.4798456181198
1.681323114917675 3.9878996492827534 29.479845561905996
2.5456996746910643 4.4909001019712615 29.479845578378693
3.4162285319949546 4.983017474998709 29.479845591799986
9.73549847106697 1.569603418352654 61.71614300307637
9.283526842692511 0.6772255045566901 61.716143020828746
9.02519070482533 2.4372357308035815 66.08351481633422
8.57273785311292 1.5439634847038917 66.08351481634503
8.099811295105335 0.6597709847921261 66.08351481629627
7.402769905766932 1.5522899809269446 63.58604877175285
7.87468718372518 2.43445054182045 63.58604877297778
8.32656490680275 3.3265649067993612 63.58604877297778
6.9306534217432665 0.6702283672606144 63.58604877175272
6.726846070795435 2.4402723529145214 61.883358668072944
7.201906408403288 3.3280098901527655 62.674534345306675
5.783679698413537 0.6766290483056236 61.88335870523309
6.2549477697177425 1.5586190741080594 61.88335866823376
6.09124593698227 3.372631002326598 61.842417755973955
4.67662904819857 0.7266905104660103 61.883358735308136
5.1478971191033365 1.6086805361990284 61.883358726895786
5.619347756364121 2.4909779485763766 61.842417752662065
3.9936001912346493 1.5703194038660455 61.88335868967895
4.4645675129840745 2.4524701268827154 61.883358689717646
4.936584644896048 3.3344646035654595 61.84241774106033
4.168585598362561 4.247964323691516 32.13652391597191
3.303779263899437 3.744716851244359 32.13652390106568
2.4322567861243423 3.2518666027837684 32.154452562927936
3.304936525773157 2.4040167181421745 61.91653214071474
