110 10.996783397038815
0.500000000002479 10.496783397036335 2.8397942800526805e-10
10.496783397032988 0.500000000005826 6.67526e-10
0.5000000000003184 0.5000000000003184 3.639745762777762e-11
1.5000000000006268 0.5000000000000117 1.2406154262926476e-12
2.5000000000041034 0.5000000000034867 3.9944809234584996e-10
3.500000000004652 0.5000000000029393 3.367269850932317e-10
0.5000000001668788 1.5000000001675156 89.99999998087718
1.500000000344249 1.500000000010493 1.2021274898201656e-09
2.500000000544389 1.500000000196622 89.99999997826795
0.5000000000411862 2.50000000029321 89.9999999952805
1.5000000002134213 2.500000000131052 1.5017017402235595e-08
0.6000576191034578 3.5000000004929452 89.99999996548584
10.496783396846288 10.496783396846288 89.9999999779383
9.496783396653528 10.496783397038579 2.6812776950914404e-11
8.496783396647148 10.496783397032669 89.9999999992959
7.4967833965852275 10.496783396983039 6.391267831037346e-09
6.4967833964087065 10.496783396799271 89.9999999861636
5.496783396236238 10.496783396987091 5.926863346488001e-09
4.496783396041328 10.496783396312894 2.8261727736090942e-08
3.4967833958461267 10.496783396987382 5.893531398668367e-09
2.4967833956493584 10.496783396790615 2.844138847744852e-08
10.49678339695425 9.496783396738325 89.99999999030975
9.496783396869427 9.496783397038554 2.940218739317412e-11
8.496783396716138 9.49678339688578 89.99999998246393
7.496783396708225 9.49678339676632 89.99999998155725
6.496783396653146 9.496783396784389 89.99999998786875
5.4967833965739805 9.49678339675034 89.99999997879728
4.496783396449629 9.496783396005583 89.99999999304667
3.496783396301972 9.496783396951834 9.96680076071508e-09
10.496783396883728 8.496783396498675 1.7771379510692684e-08
9.49678339672872 8.496783397038374 8.921495525904273e-12
8.496783396557262 8.496783396867432 89.99999998036161
7.496783396422459 8.496783396641948 89.99999999580889
6.4967833962234645 8.496783396516104 1.8611776205681073e-08
5.496783396075679 8.496783396255106 3.554671327315007e-08
4.496783396026858 8.496783395173273 4.114092222055873e-08
10.496783396901952 7.4967833962067285 89.99999998431687
9.496783396386322 7.4967833970380156 4.990393381517258e-11
8.496783396219136 7.496783396862803 89.9999999808919
7.496783394857181 7.496783396451285 1.7657212656913542e-08
6.49678339451717 7.496783396184423 5.661954670935056e-08
5.491853833857351 7.49678339604472 5.930440743888736e-08
4.491853833755426 7.496783395110943 4.762484867056296e-08
10.496783396815339 6.496783396019618 5.758025167779124e-09
9.496783396764434 6.496783397036923 89.99999999992494
8.49678339659689 6.496783396861353 89.99999998072597
7.496783396289841 6.496783396436045 1.591104125619184e-08
6.496783396125253 6.496783395993758 3.477122656315001e-08
5.496783395719977 6.496783395860525 8.121224173719514e-08
10.496783396732663 5.496783395833655 2.7067688509761528e-08
9.49678339642921 5.496783397035751 5.912560304792267e-11
8.496783396260463 5.496783396861322 89.99999998072255
7.496783393149215 5.496783396309079 1.3619107958629177e-09
6.49678339206733 5.496783395857642 1.9173526766280702e-08
5.482729251558536 5.496783395639146 1.0429748864722609e-07
10.496783397003844 4.496783395632413 4.00725956012177e-09
9.496783396968478 4.496783397034839 89.99999999995488
8.496783396799783 4.496783396860462 89.99999998062412
7.4967833967327415 4.496783396195147 89.99999998830648
10.496783397038797 3.496783395597425 89.9999999999981
9.496783397038122 3.4967833970345414 89.99999999992093
10.49678339683881 2.496783395397436 89.9999999770812
4.496783395594155 6.496783394949403 6.679426982973441e-08
4.4827292512968935 5.49678339486738 7.431572851840072e-08
6.484659278405988 4.496783395668733 89.99999999746488
5.358151034329574 4.496783395121526 1.3762570923919725e-07
1.5748811210810927 9.721394139496743 26.06812687285203
0.6654628714935327 9.288492740147476 25.238236668365175
2.4359080678277563 9.01785144099964 24.870402828882167
1.532820931283797 8.588279403778046 24.870402830303934
0.6639142970784756 8.084972064763905 24.87040282967503
1.5454029094427322 7.39119968458021 27.487536114034995
2.422998239240918 7.898985650764313 25.990003233581326
3.33057591654657 8.330575917194341 25.41746351096604
0.6743334523618731 6.898811650042209 27.487536114055775
2.426624967704694 6.721015840402951 29.47810372894985
3.3305759151860155 7.2234069582167 25.41746352729349
0.6796555526361754 5.7384824970957355 28.982632354013926
1.5560811487524446 6.228924932512802 29.478103699683185
3.276652334771132 6.05280219057683 29.478103707294427
0.5000000001391182 4.500000000682862 89.99999998405832
1.5355646982306648 5.068620376226392 29.47810368613898
2.4061085167502676 5.560711283148042 29.478103722674234
1.6813173623830113 3.9877826170140462 29.478103645071613
2.545641058137802 4.4908773632993375 29.47810366579006
3.416184876670771 4.982968270905692 29.478103742268814
9.735494057703496 1.5695914707537024 61.7145546467004
9.28348829575286 0.6772311425299705 61.71455467179643
9.025184131109803 2.4372254587555533 66.0837364817511
8.572695961844854 1.543968657407792 66.08373648157367
8.09978258189096 0.6597700006971331 66.08373648163622
7.402740978954623 1.552293025851432 63.586721238006376
7.87464541539564 2.4344603612400393 63.58672125092541
8.326557675047006 3.326557675003054 63.586721251225896
6.930635147659609 0.6702257220416128 63.586721238407954
6.726814515030414 2.440281927611703 61.884194133842584
7.201836709679227 3.3279796600463305 62.66920045817816
5.783671644217555 0.6766260538137328 61.88419414937657
6.254926854996788 1.5586229511384366 61.88419411631802
6.091207224486311 3.37264321895898 61.84310936138092
4.676626053744856 0.726682209508065 61.884194169855384
5.147881264182763 1.608679106796967 61.88419415884756
5.619319685810804 2.4909844688665634 61.84310931716303
3.993593996869526 1.5703181769119816 61.8841941335063
4.464547407366285 2.452476327415965 61.88419414916388
4.936554321290139 3.3344776952767416 61.84310933869551
4.168708883166548 4.247862137710428 32.16618802276594
3.3039464189837653 3.744511706932015 32.16618801350337
2.43238690798288 3.2516762746234096 32.18404526771845
3.304926649987422 2.404023472800529 61.917484394713405
