110 10.99719765402827360197956626752835990245104188400600721760435981504166
0.5 10.49719765402827360197956626752835990245104188400600721760435981504166 8.410154454991370553644218617591474799938272900979830583752985737385491e-79
10.49719765402827360197956626752835990245104188400600721760435981504166 0.5 -4.913212791660764606038581832966325908050262748190436477335661296814142e-80
0.5 0.5 -1.139713643452545439716968232820258720164923424877046757173363614091789e-80
1.5 0.5 2.099005240520564455315073544194956444594771594530462206042695724007233e-79
2.5 0.5 2.128559610224710680659197700211547896654837519758093843002293718419989e-79
3.5 0.5 -2.859243145901933315344226986245826565338468345603627924997892956705241e-80
0.5 1.5 -3.245505961059652251836030840803213865387757637968962371288943290651625e-80
1.5 1.5 1.360607148061382025663409572589802487350342462120014661711316007291998e-79
2.5 1.5 2.623648802683527317778743436497887276053174126143231970279774911391761e-79
0.5 2.5 8.694214874270583903002090536828263138879761469901204197152318075507792e-81
1.5 2.5 6.672318331185990501107094336667035234456918541602523719516054364895055e-80
0.602826208522714485975275581605843548470856742984242779571212579160054 3.5 3.379032054680048866270872006578654499128205633024322340143914648083556e-81
10.49719765402827360197956626752835990245104188400600721760435981504166 10.49719765402827360197956626752835990245104188400600721760435981504166 9.875541987497741374970467348904423133896314998067071655583346040005105e-79
9.497197654028273601979566267528359902451041884006007217604359815041659 10.49719765402827360197956626752835990245104188400600721760435981504166 -8.948223972912779117491691655241634133086730037436629686188578766303266e-80
8.497197654028273601979566267528359902451041884006007217604359815041659 10.49719765402827360197956626752835990245104188400600721760435981504166 -1.064081214635700699351187496246816852327398206579094024142623424426733e-79
7.497197654028273601979566267528359902451041884006007217604359815041659 10.49719765402827360197956626752835990245104188400600721760435981504166 1.608073043164368734052419806198906574172718513618038833929398942589799e-79
6.497197654028273601979566267528359902451041884006007217604359815041659 10.49719765402827360197956626752835990245104188400600721760435981504166 1.200436378340124385215068338661418083478611020473834396122382902137334e-79
5.497197654028273601979566267528359902451041884006007217604359815041659 10.49719765402827360197956626752835990245104188400600721760435981504166 1.661561201389730317500347290717812377922295539940211536710741436585846e-79
4.497197654028273601979566267528359902451041884006007217604359815041659 10.49719765402827360197956626752835990245104188400600721760435981504166 -8.830735084325995918641920836844391128909320222112120980367763104061925e-80
3.497197654028273601979566267528359902451041884006007217604359815041659 10.49719765402827360197956626752835990245104188400600721760435981504166 1.466403434987388991550267773866813970767022503572787110753796585935088e-79
2.497197654028273601979566267528359902451041884006007217604359815041659 10.49719765402827360197956626752835990245104188400600721760435981504166 1.007522396378996086514913136644195352389958753431979801522060484646565e-79
10.49719765402827360197956626752835990245104188400600721760435981504166 9.497197654028273601979566267528359902451041884006007217604359815041659 5.476140059322168351247841921674562746125978496102542596253752711575751e-79
9.497197654028273601979566267528359902451041884006007217604359815041659 9.497197654028273601979566267528359902451041884006007217604359815041659 1.296124691156245628576662824044598525303115044277575243252976464467668e-79
8.497197654028273601979566267528359902451041884006007217604359815041659 9.497197654028273601979566267528359902451041884006007217604359815041659 4.811206178074673920554898416272127477364782768894646787411363944862205e-79
7.497197654028273601979566267528359902451041884006007217604359815041659 9.497197654028273601979566267528359902451041884006007217604359815041659 4.522081021208365037793970417899875929416450736196452334369734093597091e-79
6.497197654028273601979566267528359902451041884006007217604359815041659 9.497197654028273601979566267528359902451041884006007217604359815041659 5.469941991583108350264153905639036342985923054760303488176040251113778e-80
5.497197654028273601979566267528359902451041884006007217604359815041659 9.497197654028273601979566267528359902451041884006007217604359815041659 1.656514002280717800719574835148028788279209611884223046100161637707075e-79
4.497197654028273601979566267528359902451041884006007217604359815041659 9.497197654028273601979566267528359902451041884006007217604359815041659 1.404478321246486511589048725015288798541551898737754350787389939721232e-79
3.497197654028273601979566267528359902451041884006007217604359815041659 9.497197654028273601979566267528359902451041884006007217604359815041659 1.315023772746240371985075417514678594272322069184592833582462829937016e-79
10.49719765402827360197956626752835990245104188400600721760435981504166 8.497197654028273601979566267528359902451041884006007217604359815041659 5.884229009137698308911349691149661017528008404362285848159271975792482e-79
9.497197654028273601979566267528359902451041884006007217604359815041659 8.497197654028273601979566267528359902451041884006007217604359815041659 1.130297040869535806655728642939513341614145954081654346799643490124623e-78
8.497197654028273601979566267528359902451041884006007217604359815041659 8.497197654028273601979566267528359902451041884006007217604359815041659 1.879411520741371277672688108649174520960388517110932709832932534920221e-79
7.497197654028273601979566267528359902451041884006007217604359815041659 8.495398427915630022013166850422486810384805254620660704759635344652057 -1.601147211806454190726376970951656550588082851203825830721481616330385e-79
6.497197654028273601979566267528359902451041884006007217604359815041659 8.497197654028273601979566267528359902451041884006007217604359815041659 6.289727513960843595455060884826797181175878265844033637378364772603576e-80
5.497197654028273601979566267528359902451041884006007217604359815041659 8.497197654028273601979566267528359902451041884006007217604359815041659 5.091840237273360648865236872406676843415450683215176403212330417462288e-80
4.497197654028273601979566267528359902451041884006007217604359815041659 8.497197654028273601979566267528359902451041884006007217604359815041659 7.483468860113134477355834990924526570888305116760232436003950781083129e-80
10.49719765402827360197956626752835990245104188400600721760435981504166 7.497197654028273601979566267528359902451041884006007217604359815041659 4.127917640847049712799559187433666111106588057455859019511935205878445e-79
9.497197654028273601979566267528359902451041884006007217604359815041659 7.497197654028273601979566267528359902451041884006007217604359815041659 5.753209396636181237028709365470873589434711768986143389860409440496793e-79
8.497197654028273601979566267528359902451041884006007217604359815041659 7.497197654028273601979566267528359902451041884006007217604359815041659 1.501452156500801450561980706016451425214899189802421471211370581818909e-79
7.497197654028273601979566267528359902451041884006007217604359815041659 7.495398427915630022013166850422486810384805254620660704759635344652057 2.576533378632193374792055856750398291631003395746280988143927946445775e-79
6.497197654028273601979566267528359902451041884006007217604359815041659 7.497197654028273601979566267528359902451041884006007217604359815041659 -3.111976515890556340572330274668949451734970984601805302241015064069651e-79
5.497197654028273601979566267528359902451041884006007217604359815041659 7.497197654028273601979566267528359902451041884006007217604359815041659 1.510002242270036821013833770541524283767215595028556126030504245792841e-79
4.497197654028273601979566267528359902451041884006007217604359815041659 7.497197654028273601979566267528359902451041884006007217604359815041659 4.639391635709067115666626158722420383074700580939168072741091135780937e-79
10.49719765402827360197956626752835990245104188400600721760435981504166 6.497197654028273601979566267528359902451041884006007217604359815041659 5.772783226780938132426838487730838778201762941515439553534288562324002e-79
9.497197654028273601979566267528359902451041884006007217604359815041659 6.497197654028273601979566267528359902451041884006007217604359815041659 5.745868843854484724081973256901580179811437892687436201739949698736487e-79
8.497197654028273601979566267528359902451041884006007217604359815041659 6.497197654028273601979566267528359902451041884006007217604359815041659 5.416980096166005239432745145193891693423619751068984585981307603703044e-79
7.497197654028273601979566267528359902451041884006007217604359815041659 6.490822632697991059887561345475833709805497840363289941186389886648159 -3.185810497781081837314784530870060199027595093566640244816757119074445e-79
6.497197654028273601979566267528359902451041884006007217604359815041659 6.497197654028273601979566267528359902451041884006007217604359815041659 -3.216319476239547243572053112428091096458427598527356849236777527161706e-79
5.497197654028273601979566267528359902451041884006007217604359815041659 6.497197654028273601979566267528359902451041884006007217604359815041659 -3.321346558052840516447534129640230811525554106134776231438823539291807e-79
10.49719765402827360197956626752835990245104188400600721760435981504166 5.497197654028273601979566267528359902451041884006007217604359815041659 -4.060956243634507008609689057987227554625027589035033750932470370180606e-80
9.497197654028273601979566267528359902451041884006007217604359815041659 5.497197654028273601979566267528359902451041884006007217604359815041659 4.93430764405817711484650803758858880789988080364566733081645593757437e-79
8.497197654028273601979566267528359902451041884006007217604359815041659 5.497197654028273601979566267528359902451041884006007217604359815041659 2.324506391289304703044197042992825388166003264152530423567316071047361e-80
7.497197654028273601979566267528359902451041884006007217604359815041659 5.490822632697991059887561345475833709805497840363289941186389886648159 -3.200015504851144727960044536825386837178474125694771241948397260097596e-79
6.494688676181625498140956977778088960035642069698018107480394795040339 5.497197654028273601979566267528359902451041884006007217604359815041659 -3.37187718653919490031045353793990692202173427471150338767721798437143e-79
5.494688676181625498140956977778088960035642069698018107480394795040339 5.497197654028273601979566267528359902451041884006007217604359815041659 -3.112914566665777614270404494238618048311370551197206228919455308482599e-79
10.49719765402827360197956626752835990245104188400600721760435981504166 4.497197654028273601979566267528359902451041884006007217604359815041659 -4.281219854102681134782970810715186831208210436935183968955677824004106e-79
9.497197654028273601979566267528359902451041884006007217604359815041659 4.497197654028273601979566267528359902451041884006007217604359815041659 -9.009730574434736141688591277984811426098591605932557065280393583050304e-80
8.497197654028273601979566267528359902451041884006007217604359815041659 4.497197654028273601979566267528359902451041884006007217604359815041659 -1.059467169148817120361567652538652117031603497305332125089866568871203e-79
7.497197654028273601979566267528359902451041884006007217604359815041659 4.490822632697991059887561345475833709805497840363289941186389886648159 3.086226461465806591275299872236682959326405584718095666885888090954191e-79
10.49719765402827360197956626752835990245104188400600721760435981504166 3.497197654028273601979566267528359902451041884006007217604359815041659 -5.360433419689080624622126237787856279105979114548039912945294835073061e-79
9.497197654028273601979566267528359902451041884006007217604359815041659 3.497197654028273601979566267528359902451041884006007217604359815041659 2.12303810677894970626036396964220656033759243601426212155302731512518e-79
10.49719765402827360197956626752835990245104188400600721760435981504166 2.497197654028273601979566267528359902451041884006007217604359815041659 -4.913770960218163267258819432127973294292118976701177770634248381556576e-79
4.487292997674135067041620285481715156816965047885532608613398744070901 6.487292997674135067041620285481715156816965047885532608613398744070901 1.146537750262976543481221659927002737142147917821260105815479928274967
4.484785025176666241692719519603685246882801924935559528854310682034542 5.48704255364587329290809652851767240586844018925906766820977714975785 1.146537750262976543481221659927002737142147917821260105815479928274967
6.497197654028273601979566267528359902451041884006007217604359815041659 4.497197654028273601979566267528359902451041884006007217604359815041659 -3.175303181311406394741106713814131828455028479209551338757827622144273e-79
5.360017594548274967966898630187562365713502020079698029354815628578257 4.495812971839175583478978252513853587582401474194929341345698489001539 0.1588934169980397176651946479890443573606259802167164045454762517569061
1.574187252338111020519543725604334016534293998131181200320175705907482 9.725150116225661383605418076638166646582424060160737505405933666796156 26.54881726376472561515790719008895316842569859889553266335160150193756
0.6694664453812181012108591586541731494678394726054198343779289238024341 9.292343770750776582505554996365171832586593870861963491615361798619428 26.22121598911167666745022194861281267972590708352966365541228141966138
2.436504583965274108744361291903388849460390655898140119775802077104436 9.020053944631068935269384226020857713263722293214403921185322619676851 24.6647890746966301946619838302524948213433273331146286160652732062886
1.534228473146732471223585566821915173477846735814619179839877230719905 8.588614970538430364402055360146800216232889806524052380138378817937852 24.6647890746966301946619838302524948213433273331146286160652732062886
0.6630367395352280848765244962268079616152628773138713669370513039629762 8.089484166105144534757958073687205255630727634168674792139573925406563 24.6647890746966301946619838302524948213433273331146286160652732062886
1.546048210663430637796011955520789020780523810118897144170513937423824 7.394619167515311298111795309669623510593646742948007951348105190280359 27.31155004519782667232291117630725540177644261411519086617345953130923
2.421168997870613385485799761436980739431314039651408432130676709956668 7.895819715209544880620366534082463771396079579795623012027455468880145 26.44185035812809798488915832532166827209272941340601289387165628210532
3.330558613545791021691532554831742856577903506354163529846820902563795 8.330558613545791021691532554831742856577903506354163529846820902563795 25.52206495608958391643628065616079192577999886710886859846973505596397
0.6736767176825374949731218400727730209655791313115114564755886944847142 6.904509586878928403781638441101441257300844317474325703383025320502576 27.31155004519782667232291117630725540177644261411519086617345953130923
2.431327600611667551141035721649216826123317952646983141535708079645244 6.725146847048047199187989064013524083474321892373607922891819572306766 29.32784026671011322610362908585591148465125184080603693232855911971294
3.334661236150093564770472781685412500447565920080059933121408253298373 7.224385229055174222739591775226028775120499798803914796783653420907893 25.52206495608958391643628065616079192577999886710886859846973505596397
0.679073612291539100004792173602385929598312941379845142364501953125 5.746513246173960999995207826397614070401687058620154857635498046875 28.77784251712400176763774886240787183403556312483386281330249287134266
1.55949622416608931524698821787393711333261502199138362678850961496997 6.235340710862506490958973910928662145561658452025252692266333239809024 29.32784026671011322610362908585591148465125184080603693232855911971294
3.276087829789395789190678993831239476300050472168787709213349575799495 6.052733268021691755284225447528049036625485188731585291091428001452709 29.32784026671011322610362908585591148465125184080603693232855911971294
0.5 4.5 1.661571006760445682033162394367802834508391240050778347269119609952526e-79
1.532425076898239317402583986280680050718644610857588679718952646448948 5.073120995650610338826195141358325160800158308034874829840455336457225 29.32784026671011322610362908585591148465125184080603693232855911971294
2.404256453343817553296631490055959763509347541513188194466151111124221 5.562927131836151047055210294443187098712821748383230060465941668954967 29.32784026671011322610362908585591148465125184080603693232855911971294
1.680818756315559472061531328430070825351683185501977372686342398586508 3.992013087978055036724553186032457631239899351549995844559162742324893 29.32784026671011322610362908585591148465125184080603693232855911971294
2.545191399214493331116927886813621900265026864482078323456564495143287 4.495095411320321162966668420746120677874540616476496040063904530736865 29.32784026671011322610362908585591148465125184080603693232855911971294
3.41702277566007156701097539058890161305572979513767783820376295981856 4.984901547505861871195683573830982615787204056824851270689390863234607 29.32784026671011322610362908585591148465125184080603693232855911971294
9.735727309640219257368366448373534153185036666478134604422056671508378 1.570070536409957527475221841122620755990636524202802035506831069960585 -28.22693082230154295848109131342829744275873991814107651705544157142546
9.285054056843031168101605429630171507957062710068923821569374307021516 0.6770230970101769226462054640983652221632092893179378557365112232985601 -28.22693082230154295848109131342829744275873991814107651705544157142546
9.025383212825983618368501575286878082261825972430584024575781314184241 2.437800397161520942909361909751014191152389022842915539880961745152207 -23.90272674168497458321955705214252319902178329267749078386817349788053
8.57426458724037778426967803740143843365783483918204154124574471321535 1.543923277662659795577343418323162532976153693347365253978614987081103 -23.90272674168497458321955705214252319902178329267749078386817349788053
8.101341324719454917651247568103428133487257462556071328431034086222595 0.6597098847466915757771847450989491849985831957272128314482944369338309 -23.90272674168497458321955705214252319902178329267749078386817349788053
7.403773331445231561461646426084569921439781898810469431184175973241927 1.551349678413239176006371103220280520774757314894369107556935919345626 -26.61484933374188513371140575074627609115626891682452755023409851566644
7.875627781250789253160471100897097999311073482901731986074608700315911 2.43343008258877279435529688758975858764897357876600783552833272427029 -26.61484933374188513371140575074627609115626891682452755023409851566644
8.326183168160536559279634521381868533993588871144382850526638595894369 3.326183168160536559279634521381868533993588871144382850526638595894369 -26.61484933374188513371140575074627609115626891682452755023409851566644
6.928436029402777694119351091862272441408437430273061795985262173332906 0.6710144858677370426999317461464913684574530128616243670777212191472897 -26.61484933374188513371140575074627609115626891682452755023409851566644
6.72823531170282255342530999405120011893449261099255758567983985375875 2.436216630315284176646083265759500957147995561020399194411782231945739 -27.86084323579209897836246841328296510951878448643286608558116924627024
7.203774412560602868277560820906679443030694776040744814121998668927727 3.32489715028727656254335628675640432023698733135775220988655061464324 -26.94815173802699922394595156711312914895519615855003069236653553823846
5.779094082344499705994157159644507806591942733234215769943694554651951 0.6757054702518308476959069501661296864651421324077915133470623751902078 -27.86084323579209897836246841328296510951878448643286608558116924627024
6.253098341439539121302878861657454940387867979580678075607164418913508 1.556260424745310571573819468255447898946390184489715652909485476534429 -27.86084323579209897836246841328296510951878448643286608558116924627024
6.094456498253190919162964287053499956699642059554263092959402195615274 3.376449956817951777123219972665147328756636132994448887660652230683175 -28.3670609958234925029026103133349653377709262296418287341304613593717
4.675705470251830847695906950166129686465142132407791513347062375190208 0.7281537770701805488815774640807811111612545623647085960451068154294719 -27.86084323579209897836246841328296510951878448643286608558116924627024
5.144711667792471018075549648006865509103699184347741430316356773612105 1.614973590283930873226772683311616573478402117747613970463578478351778 -28.22905955333629661931871549714310735076378237023655674358371366818286
5.619338072505524740657766636101260212602665510472679196650358557376489 2.496528095789906048682173774946353966696191088449462445207825674121394 -28.3670609958234925029026103133349653377709262296418287341304613593717
3.98775939380223633674725222766790008191008336468336086603569479217524 1.574067228886868437681637859562957527809576472472136200421791245248668 -28.22905955333629661931871549714310735076378237023655674358371366818286
4.460757081663351574317371125316573034576144530201349526164849964856622 2.455130897005148638416374582319912696746474253568890825340953985754134 -28.22905955333629661931871549714310735076378237023655674358371366818286
4.936264123620522953189681366296719966829179528213505085270567882392646 3.336209905750299303676987469408527774155880592599235267046669070029623 -28.3670609958234925029026103133349653377709262296418287341304613593717
4.170404567674876159381172744752401614819422096125077394082788183633035 4.246587425959473205862278354188055732132622529530850312371320369255976 32.64171397763992218982231454422814480011105289907976306948623316234442
3.305417330821248118100488500706590149825433851270799746171179706681525 3.742996440450249044565377478136659334228519067264176199041680685248757 32.64171397763992218982231454422814480011105289907976306948623316234442
2.432125678587981450321942384350516403804671468566677348116018341610648 3.252369902452320002878615117987836450806517746790719214342149632880121 32.64171397763992218982231454422814480011105289907976306948623316234442
3.299709990840374662300251991461869103737511421739781951779076589504718 2.406597026147643147036494410298573491471548016680441755756662473884258 -28.22905955333629661931871549714310735076378237023655674358371366818286
