110 10.99678339663159163950277843399023984453989872042677421189558845495345
0.5 10.49678339663159163950277843399023984453989872042677421189558845495345 -8.987916160937922638273938483176530989206772871713635096402890747343822e-79
10.49678339663159163950277843399023984453989872042677421189558845495345 0.5 -6.519408889438171219514264156126480316865244976605843732815503607606387e-79
0.5 0.5 -3.272180829134857918872134699767286780114814824958000127852412445063924e-73
1.5 0.5 -3.281682425912764963902694739724017840539587394111023357719040572699655e-73
2.5 0.5 -3.307006351280511362519541335684160107982599475730276053921033040636304e-73
3.5 0.5 -3.296156343915275646482801330567037702423629382019279828418595561464074e-73
0.5 1.5 -3.299440506062282681137631556370531501538176392385146482874650657907538e-73
1.5 1.5 -3.296278350814376964677874750181789260861688597998830334939610949744986e-73
2.5 1.5 -4.821815933989624854965031044627134949476860570559664134532465451954291e-73
0.5 2.5 -4.475132849385025230010184237105330922809280549006008287742119418440416e-73
1.5 2.5 -4.40058961873353536449444442221489020246237125487767839489469956557918e-73
0.6000576187178178880201318958880856418539064344774464165329783387252695 3.5 -3.224052116801841055117044535706119864745836069157822348894567174721713e-73
10.49678339663159163950277843399023984453989872042677421189558845495345 10.49678339663159163950277843399023984453989872042677421189558845495345 9.022385737386355923106904995043475554887071523154882429236784788970154e-72
9.49678339663159163950277843399023984453989872042677421189558845495345 10.49678339663159163950277843399023984453989872042677421189558845495345 9.303313465906254890123410322577489494938537116211590551754741400189536e-72
8.49678339663159163950277843399023984453989872042677421189558845495345 10.49678339663159163950277843399023984453989872042677421189558845495345 9.384183433411783739671911360628525166943866307295840198296736109599348e-72
7.49678339663159163950277843399023984453989872042677421189558845495345 10.49678339663159163950277843399023984453989872042677421189558845495345 9.396209228842721381751154660262610653804827572973237363763529393038927e-72
6.49678339663159163950277843399023984453989872042677421189558845495345 10.49678339663159163950277843399023984453989872042677421189558845495345 9.241157008487185798380751519632913125055317104673726898116391267740079e-72
5.49678339663159163950277843399023984453989872042677421189558845495345 10.49678339663159163950277843399023984453989872042677421189558845495345 9.39687414394709359541547608532725243549320281887997148420462831858918e-72
4.49678339663159163950277843399023984453989872042677421189558845495345 10.49678339663159163950277843399023984453989872042677421189558845495345 9.473328695167588487621515683277467322682661934773088399160659701698339e-72
3.49678339663159163950277843399023984453989872042677421189558845495345 10.49678339663159163950277843399023984453989872042677421189558845495345 5.962755987006374085505549730805057465159928248543277106361634796016859e-79
2.49678339663159163950277843399023984453989872042677421189558845495345 10.49678339663159163950277843399023984453989872042677421189558845495345 6.36938219881636929025817289755598427275793707624409511836446693247518e-79
10.49678339663159163950277843399023984453989872042677421189558845495345 9.49678339663159163950277843399023984453989872042677421189558845495345 9.27074253852817685021077226739156091958079378074815555561228254541506e-72
9.49678339663159163950277843399023984453989872042677421189558845495345 9.49678339663159163950277843399023984453989872042677421189558845495345 9.61434041963802490473694858669237398394191261245255374895033957491783e-72
8.49678339663159163950277843399023984453989872042677421189558845495345 9.49678339663159163950277843399023984453989872042677421189558845495345 9.650796099498941413478978926042254347880584716020966409466812679501823e-72
7.49678339663159163950277843399023984453989872042677421189558845495345 9.49678339663159163950277843399023984453989872042677421189558845495345 9.564772688790479198447719018808543071675536429840065512782089820212704e-72
6.49678339663159163950277843399023984453989872042677421189558845495345 9.49678339663159163950277843399023984453989872042677421189558845495345 -2.055581730020187365545654314986914755515808979362107307625025825869476e-73
5.49678339663159163950277843399023984453989872042677421189558845495345 9.49678339663159163950277843399023984453989872042677421189558845495345 9.479395459679222712469315410676972797840345374081370464653266926583042e-72
4.49678339663159163950277843399023984453989872042677421189558845495345 9.49678339663159163950277843399023984453989872042677421189558845495345 8.945702456542863909407031745818591380406589012610894395220668790909452e-74
3.49678339663159163950277843399023984453989872042677421189558845495345 9.49678339663159163950277843399023984453989872042677421189558845495345 5.936295318482405527687525014251158466365270867357551969280583885580744e-79
10.49678339663159163950277843399023984453989872042677421189558845495345 8.49678339663159163950277843399023984453989872042677421189558845495345 9.33312333053319865902405284160516864236031041226611140044066063319335e-72
9.49678339663159163950277843399023984453989872042677421189558845495345 8.49678339663159163950277843399023984453989872042677421189558845495345 9.401585064962839304749507941290613152173221705515571124660810009364392e-72
8.49678339663159163950277843399023984453989872042677421189558845495345 8.49678339663159163950277843399023984453989872042677421189558845495345 -4.822256980209030114120593961529692217270708080378498235563343428318212e-73
7.49678339663159163950277843399023984453989872042677421189558845495345 8.49678339663159163950277843399023984453989872042677421189558845495345 -1.008906219141933570477864453893703831275366220380165564632937143868243e-73
6.49678339663159163950277843399023984453989872042677421189558845495345 8.49678339663159163950277843399023984453989872042677421189558845495345 -7.490939859769897029648378404700355859732143744820544919486795939448421e-74
5.49678339663159163950277843399023984453989872042677421189558845495345 8.49678339663159163950277843399023984453989872042677421189558845495345 1.138990170600683874916594281206229194027398057555990003966648190876631e-73
4.49678339663159163950277843399023984453989872042677421189558845495345 8.49678339663159163950277843399023984453989872042677421189558845495345 5.013444686870212284010496703175454031714596146441677198767018813441262e-73
10.49678339663159163950277843399023984453989872042677421189558845495345 7.49678339663159163950277843399023984453989872042677421189558845495345 1.020541246916019382332498774593451986027789953138243629882085029906947e-71
9.49678339663159163950277843399023984453989872042677421189558845495345 7.49678339663159163950277843399023984453989872042677421189558845495345 1.039822054836332730924921824101660143190044050198182306139431442237374e-71
8.49678339663159163950277843399023984453989872042677421189558845495345 7.49678339663159163950277843399023984453989872042677421189558845495345 1.076486468836064412390658020347286910721986542003689047992603401293765e-71
7.49678339663159163950277843399023984453989872042677421189558845495345 7.49678339663159163950277843399023984453989872042677421189558845495345 1.106092966047406204337643994878811855140309611559755707404599381801654e-71
6.49678339663159163950277843399023984453989872042677421189558845495345 7.49678339663159163950277843399023984453989872042677421189558845495345 2.817563956141595529415431787686769052846346232078093072159632954674907e-73
5.491853835138000564584980184225507885143495805099426978673966969728841 7.49678339663159163950277843399023984453989872042677421189558845495345 -2.504553999312560258223224622302117544392749336551700359425722212429612e-73
4.491853835138000564584980184225507885143495805099426978673966969728841 7.49678339663159163950277843399023984453989872042677421189558845495345 -2.521320091337436867619218876800706866597419211651664969173624735697464e-73
10.49678339663159163950277843399023984453989872042677421189558845495345 6.49678339663159163950277843399023984453989872042677421189558845495345 -2.186205306062406240800165688582347079327114801677740907265317939201821e-79
9.49678339663159163950277843399023984453989872042677421189558845495345 6.49678339663159163950277843399023984453989872042677421189558845495345 1.059689038813993966534343486319670441061713480799786394914998132703951e-71
8.49678339663159163950277843399023984453989872042677421189558845495345 6.49678339663159163950277843399023984453989872042677421189558845495345 1.093035433737781119450740332417498087608242908850377243162011645515971e-71
7.49678339663159163950277843399023984453989872042677421189558845495345 6.49678339663159163950277843399023984453989872042677421189558845495345 1.756385494623372897152867961939450052224883723868086311046751929478762e-72
6.49678339663159163950277843399023984453989872042677421189558845495345 6.49678339663159163950277843399023984453989872042677421189558845495345 2.98056367001508546720361469308325941337558735009351960152115114624273e-74
5.49678339663159163950277843399023984453989872042677421189558845495345 6.49678339663159163950277843399023984453989872042677421189558845495345 9.545988295247235549973934384171216899821258825787874221490308316992019e-74
10.49678339663159163950277843399023984453989872042677421189558845495345 5.49678339663159163950277843399023984453989872042677421189558845495345 -1.301484724873178655144394738658555963496677082813663714272947077935797e-80
9.49678339663159163950277843399023984453989872042677421189558845495345 5.49678339663159163950277843399023984453989872042677421189558845495345 1.790870024046749890500479173617351204795501060067909325078268724537563e-72
8.49678339663159163950277843399023984453989872042677421189558845495345 5.49678339663159163950277843399023984453989872042677421189558845495345 1.600479178250009217278693866597208218141525609274889849229375588517005e-72
7.49678339663159163950277843399023984453989872042677421189558845495345 5.49678339663159163950277843399023984453989872042677421189558845495345 1.76266398675063979258524854794652205587553798674740404505392411191372e-72
6.49678339663159163950277843399023984453989872042677421189558845495345 5.49678339663159163950277843399023984453989872042677421189558845495345 8.595408973069033796944838098490774222164331198881279276618758038993176e-72
5.482729249102933074109857324930899244956172815929232355456169071301495 5.49678339663159163950277843399023984453989872042677421189558845495345 4.315620095193710175522173974885446397387810157533429526609178932990978e-74
10.49678339663159163950277843399023984453989872042677421189558845495345 4.49678339663159163950277843399023984453989872042677421189558845495345 1.975713303176997690592021095985063181022990392688973525059814111597549e-80
9.49678339663159163950277843399023984453989872042677421189558845495345 4.49678339663159163950277843399023984453989872042677421189558845495345 1.555587661917925053783413695329844645122715925307895293277644674173082e-72
8.49678339663159163950277843399023984453989872042677421189558845495345 4.49678339663159163950277843399023984453989872042677421189558845495345 1.538960682247038829985040160813685536667639840114202152751100785945809e-72
7.49678339663159163950277843399023984453989872042677421189558845495345 4.49678339663159163950277843399023984453989872042677421189558845495345 1.881398134314721649951018624620529743649397266088514414535119581946615e-72
10.49678339663159163950277843399023984453989872042677421189558845495345 3.49678339663159163950277843399023984453989872042677421189558845495345 -1.237013237157931231896747296441062083131085973116910980955205762856299e-75
9.49678339663159163950277843399023984453989872042677421189558845495345 3.49678339663159163950277843399023984453989872042677421189558845495345 1.964047299185615830412724811355504623624637741060654683392425785179375e-72
10.49678339663159163950277843399023984453989872042677421189558845495345 2.49678339663159163950277843399023984453989872042677421189558845495345 -1.979213187243323595827164789630412928523461981021367079908682796447635e-75
4.49678339663159163950277843399023984453989872042677421189558845495345 6.49678339663159163950277843399023984453989872042677421189558845495345 4.369878192981801953870049300075599987281932832989022878403328135863103e-74
4.482729249102933074109857324930899244956172815929232355456169071301495 5.49678339663159163950277843399023984453989872042677421189558845495345 4.303870410061136587985340722779226719692073267892644693974795810288204e-74
6.484659279096532796678290989523947484776961413272185594509675207350093 4.49678339663159163950277843399023984453989872042677421189558845495345 8.981379947619701105170547222485825833837870035505996620393416189172599e-72
5.358151032791774223366019832042821934556804682898647571273782040304426 4.49678339663159163950277843399023984453989872042677421189558845495345 5.428938668622620533491075561275709124202509260356648062931951397773863e-75
1.574881123183418621785299214708063211226787469950143346964429517527658 9.721394135218283023287481240881899039047441746254299767237308362571991 26.06812623473842639471356480680470530046079786985267226497924753875836
0.66548777947685601808963573289983362002431022119708359241485595703125 9.28855401738735012714268772917503014241447090171277523040771484375 25.24396624631648323236225113759212816596443687516613718669750712865734
2.435908067891577339697507013701313364902480237336462603042210513508594 9.017851438457490852740601831391353159364483641118460520688767458986586 24.87040308351811904146473745377968719630354186929979165422359466381734
1.53282093017621861352366157429138118234206886430386889951952687654165 8.588279403896679973888448148283149811224157341596582052724747522094178 24.87040308351811904146473745377968719630354186929979165422359466381734
0.6639142981565989345041105816350103875088388984478630415238023392087785 8.084972061138852146190974415428822653392211378435488202326423116574604 24.87040308351811904146473745377968719630354186929979165422359466381734
1.545402909135802587939850294230946293898637522876440145046165957391819 7.39119968257358864562117039357168029272808306502780513207152007730198 27.4875362554376878189745214649216182224763218544706288183217291747124
2.422998242433352774050345589713539239834553155007392633863496082655718 7.898985655297507424303206188016941287983271990083415167918535990951652 25.99000264109048218572747049969324795376332712360268552941796545617673
3.330575917431442920578136696571083785609003432628017288226006690373628 8.330575917431442920578136696571083785609003432628017288226006690373628 25.41746337324742855683240495561694295914651223900511853978192952680024
0.6743334528869183870293826441666206308528589362829918623672957496074018 6.898811646622739719791296728976955123366627651786529487045968449542363 27.4875362554376878189745214649216182224763218544706288183217291747124
2.426624964476900515191125636641204472200248572454246498619363722161925 6.721015838023567967835944427158248753523708040261880179926769632889447 29.47810382772361342401501376111300792703484721125046917075591366311111
3.330575917431442920578136696571083785609003432628017288226006690373628 7.22340696052274670524417287781244493523919697637045947999433473849659 25.41746337324742855683240495561694295914651223900511853978192952680024
0.679676063449041596843754808265547495693681412376463413238525390625 5.738553215243295259451437934318906997077647247351706027984619140625 28.98836193196523423236225113759212816596443687516613718669750712865734
1.556081147362418873348436839894269075071949349903629904578221257804295 6.228924929264070623619888213736671879153113503770876238254875342452709 29.47810382772361342401501376111300792703484721125046917075591366311111
3.276652334167255295577183612390897395153732347525688650141416839056651 6.052802190711970426455696122023127728905936760182947730110540917320946 29.47810382772361342401501376111300792703484721125046917075591366311111
0.5 4.5 1.020815794685099083787970309218132261034521168635129847763725007263137e-80
1.535564699938292011891806018897026600897133902424455462059131910341392 5.06862037319297573802358369517997398016474768720093984676675233644747 29.47810382772361342401501376111300792703484721125046917075591366311111
2.406108517052773653734494815643961998025433124975072056100274374699022 5.560711281952473082239639908601550854535342223691943788438646626884208 29.47810382772361342401501376111300792703484721125046917075591366311111
1.681317362936989493029372505084256135749446879520810267856518377397184 3.987782614405948174001705166881108387151360918262939534271710251657213 29.47810382772361342401501376111300792703484721125046917075591366311111
2.54564105815391268825648803686524656540200252624046156803320099393317 4.490877361202746782680652254846520135832337165048477791593493296989206 29.47810382772361342401501376111300792703484721125046917075591366311111
3.4161848752683943300991768336121819625303017487910781620743434582908 4.982968269962244126896708468268097010202931701539481733265387587425944 29.47810382772361342401501376111300792703484721125046917075591366311111
9.73549405936677321621430119743632885890334774751480878760890160748572 1.569591471028843027352509370599347428312204995178250189776472563214109 -28.28544560850575386638806859532216302791324169024408834617136689346654
9.283488296284470564742119950403955176374485615013251683503877582839724 0.6772311435248787934350783025011763585249339353858861740817966934506483 -28.28544560850575386638806859532216302791324169024408834617136689346654
9.025184131605446128612495198066532783817524774378034345163992046562569 2.43722545826283603451255813144771011947068775325643158493537478290957 -23.91626345387654203461186771709983727856922509463117177479115025698608
8.5726959610681928629334191376875063443651446409376401836212309225382 1.543968657417527652733720794984653936829792369126075028867809379234294 -23.91626345387654203461186771709983727856922509463117177479115025698608
8.099782581577937113886893657789764465186698876739779478990677490956409 0.6597700004108361939282653882310508557526455335048482916394788033455244 -23.91626345387654203461186771709983727856922509463117177479115025698608
7.402740978478691893125803760724478543109938734667470662591085411865768 1.552293026529791934740956625681978965805558799644947583112863351682661 -26.41327857664115517510328202162632774163832056366433910484470932253937
7.874645414431184781104856828950113845578378496497719060199648120423713 2.43446036214430562022643190049514512180398596272295380170936007359671 -26.41327857664115517510328202162632774163832056366433910484470932253937
8.3265576753175165919241999010266182315207796743499675443420676679197 3.3265576753175165919241999010266182315207796743499675443420676679197 -26.41327857664115517510328202162632774163832056366433910484470932253937
6.930635149800700654924051136928352031962430972670753532921638370329889 0.6702257213140750475785785329636216130191190460768066675535207870337501 -26.41327857664115517510328202162632774163832056366433910484470932253937
6.726814512662413172225808010078658807315093837806067031449612013486386 2.440281928157760531216922512098284065952186448742822509910016504451593 -28.11580597285302361869183093822778285287812713317324614836345744554732
7.20183670598099392804149052997512284044400733344543567094136555729136 3.327979658978042126416516691196745427915771391673373657010110763364305 -27.33079988666256508353433635734024984519120792344633035515792555723771
5.78367164299063838590244392576447715173455628653074169437322005896064 0.6766260542518512050849145295866975056423366677770104075223887251206843 -28.11580597285302361869183093822778285287812713317324614836345744554732
6.254926855330666797405748548423641637617327383295007571503525354667063 1.55862295041552520375143896610092803104423890656676534543686087965563 -28.11580597285302361869183093822778285287812713317324614836345744554732
6.091207224193617158510486969878270309354669342277826650922288124833486 3.372643221528513167729841946668498647811809285015314502600922484569744 -28.15689049678571867852030484942688577014635897749318040478701227383924
4.676626054251851205084914529586697505642336667777010407522388725120684 0.7266822153361387069489586429172070441113318795312209162399697850632296 -28.11580597285302361869183093822778285287812713317324614836345744554732
5.147881266591879616588219152245861991525107764541276284652694020827107 1.608679111499812705615483079431437569513234118320975854154441939598175 -28.11580597285302361869183093822778285287812713317324614836345744554732
5.619319688178366469710403996041277958472482688766695369275964618893032 2.490984470449925231685387344209494549173594514432811309109556076264569 -28.15689049678571867852030484942688577014635897749318040478701227383924
3.993593996049781626752688683494395271693164838919617634993429186834512 1.570318177920736087925801800172000843285830433228392990711249116250801 -28.11580597285302361869183093822778285287812713317324614836345744554732
4.464547410006636359064325839864849242053487898731711089239225624984428 2.452476326421878626425199132098645127422377631622766915038293784781959 -28.11580597285302361869183093822778285287812713317324614836345744554732
4.936554320425920483311744920081646673402520798940531542754181139476836 3.334477693324118333355833139967893848789000327004327559839042293645019 -28.15689049678571867852030484942688577014635897749318040478701227383924
4.168708882370120448322259484979929206324203072019499038650937918014525 4.24786214096053034038373603667647758360614029367776986641001258047684 32.16618739658359794288380049455466528494812643914992265204904216674742
3.303946417818471146403379748650051632096564109905744375042272928784908 3.74451171161396928472488617624965574629227338743733057524170869821916 32.16618739658359794288380049455466528494812643914992265204904216674742
2.432386907484606717878048881760366908622084799050676326934131058477871 3.251676274823507003732975939502786462997150143032083290218376579030596 32.18404491735391988142388323023567757642269205633995508764239555560012
3.304926650743022981557486420535059629189932090691153562573677054517113 2.404023471528579119505879756800584364421743435906224782361182991882559 -28.08251590675854126062014466411245030310614765033957574403008192594296
