110 10.997189279567655
0.5000000000017287 10.497189279565925 89.999999999802
10.497189249431143 0.5000000301365122 89.99999654661009
0.500000000000016 0.500000000000016 89.99999999999827
1.5000000000003306 0.500000000000329 89.99999999996241
2.500000000000636 0.5000000000000253 89.9999999999972
3.500000000000638 0.5000000000000251 89.99999999999723
0.5000004268938623 1.500000426893864 89.99995108154602
1.500000872277326 1.5000000184902595 2.118752206570207e-06
2.500001248191108 1.5000003574242557 89.99995904218854
0.50000001722159 2.500000871009288 1.97344878927197e-06
1.5000004344841387 2.5000004344847664 4.9788232701075685e-05
0.6027710701060668 3.500001275500211 4.791908556034236e-05
10.497189279564195 10.497189279564195 89.99999999960356
9.497189279561226 10.49718927956716 89.99999999994344
8.497189279556592 10.497189279563514 4.742588544104365e-10
7.497189279553704 10.497189279566403 1.4337276504172124e-10
6.497189279551373 10.497189279564072 4.1032565274267886e-10
5.49718927954973 10.497189279565713 2.2226486352362824e-10
4.4971892795406685 10.497189279556654 1.2604083349779833e-09
3.497189279532522 10.497189279564799 3.271328062223647e-10
2.497189279530205 10.497189279567115 6.180442942426823e-11
10.497189279566836 9.49718927956155 89.99999999990628
9.497189279561503 9.497189279562152 5.170477379579097e-10
8.497189279559278 9.497189279561661 2.6214763693133136e-10
7.497189279556531 9.497189279562619 5.767544108191806e-10
6.497189279554022 9.497189279563015 2.894319972755251e-10
5.49718927955344 9.497189279564545 3.559960439820988e-10
4.497189279548493 9.497189279553705 9.22614326252336e-10
3.497189279543548 9.497189279564545 3.5612731612490243e-10
10.49718927956471 8.497189279559423 89.9999999996627
9.497189279563827 8.497189279553814 89.99999999956165
8.497189279561532 8.497189279553254 89.99999999929882
7.4971892714034425 8.49718927141568 9.341468581248139e-07
6.497189266544631 8.497189266554761 1.4909253841936772e-06
5.4971892664513495 8.497189266463593 1.5016143824352848e-06
4.497189266450761 8.49718926645711 1.5016816472742794e-06
10.4971892795606 7.497189279555882 6.832578947069123e-11
9.497189059963116 7.49718927954409 6.757829851267161e-10
8.497189059948434 7.497189279550589 89.9999999989935
7.497188678933277 7.49718889856126 4.3660130918403606e-05
6.492145813426985 7.49718920975809 7.984305884048266e-06
5.492145736445554 7.497189246128 89.99999916288317
4.492145693170389 7.497189203282288 89.99999420391465
10.497189240928032 6.497189240915662 89.99999557222527
9.497189199413702 6.497189279531467 89.99999999922952
8.497189199408679 6.497189279547624 89.99999999865405
7.497189184542276 6.497188532409646 1.7022205753246571e-06
6.497189129668148 6.497189210408835 7.990330248643131e-06
5.497188999505696 6.497189192925865 89.99999307481106
10.497189278530483 5.497189203313209 89.99999988114907
9.497189238445134 5.497189240476564 4.47459176200482e-06
8.497189199387648 5.497189279545182 89.9999999989337
7.496197474998714 5.496196793156823 89.88624375336366
6.483552813605846 5.497188743270793 6.130251292443084e-05
5.4835522807788335 5.497189132002368 2.450026812539363e-07
10.497189278371183 4.497189203153906 89.99999986289455
9.497189277190284 4.4971892014128105 89.99999999821547
8.497189277187124 4.497189279535753 89.9999999978535
7.497188041029778 4.49081110740621 89.9998583445086
10.497189279561278 3.4971892019638084 89.99999999926946
9.497189279558734 3.4971892014061536 89.99999999897813
10.497189279349712 2.4971892017522395 89.99999997502566
4.497188504903845 6.497188722912167 4.975203968626829e-05
4.483552004517397 5.497188559550514 3.19022586891341e-05
6.497187656100193 4.497187387408837 89.99990426032797
5.36133622874267 4.497188787477551 3.966476540462579e-05
1.5741815219035855 9.725135518406304 26.548377966489213
0.6694716934711711 9.292340851924578 26.222537017722498
2.4365001562409545 9.020038701703202 24.66462704484676
1.5342219554036778 8.588604173656224 24.664627044886807
0.6630360446250021 8.089460078701153 24.664627044888537
1.5460617925028999 7.3946009967701745 27.311260010667468
2.4211777235508642 7.895814956370399 26.441372132951486
3.330533175418481 8.330533177986386 25.526211309569884
0.6736756300988287 6.904519435473198 27.31126001014759
2.427379550037278 6.722901794239987 29.325954150413153
3.3305319782077896 7.222362139023863 25.526211338094118
0.6802695929102144 5.743056270535577 29.163151568495852
1.5555326498505158 6.233123179330435 29.325947905961645
3.2761019546400623 6.052698534857838 29.32594046444383
0.5000000000194222 4.500001607740563 89.99999999777448
1.5324064777940392 5.073142156923563 29.325909712274473
2.4042547122998745 5.5629197367840515 29.325991172270992
1.6808120193717784 3.991906991479748 29.32581959083201
2.545138363871352 4.495073575509339 29.325862853630458
3.416986710540182 4.984852776077781 29.32604648092924
9.735727433385499 1.570058639004681 61.77108012756497
9.28501696589327 0.6770301805773684 61.77108012756497
9.025380469236465 2.4377909986107853 66.09759482407992
8.574223386337442 1.5439306145275518 66.09759482392458
8.10131887540497 0.6597084562468225 66.09759482392273
7.4037512416336835 1.5513554297781502 63.38659968983469
7.875587755116891 2.4334461054796983 63.38665388990947
8.326180804924693 3.3261808049155475 63.38669491622537
6.928434888692139 0.6710088256665154 63.38660474174986
6.728201265330906 2.4362256039830497 62.13990003589722
7.203692474559699 3.3248612511535387 63.04535759402692
5.779081664839667 0.6757027648563194 62.13990062001414
6.253085287282804 1.5562581725776756 62.13990003589935
6.094418064572831 3.376465898719783 61.63432640597319
4.67570256990532 0.7281561013516388 62.13995422128466
5.144706133421655 1.6149960755230688 61.76982443448453
5.619320493306083 2.4965325306641275 61.634301514316014
3.9877380686479995 1.5740851797864541 61.7697778618184
4.46075321627305 2.4551394744345085 61.76977786180116
4.936232255636216 3.336208614638886 61.63430151435264
4.170539225373531 4.246491999550913 32.670264616995944
3.3055883739287695 3.742804175290597 32.670222030922304
2.4322536467668656 3.2521903255439155 32.67027671333048
3.2996925959812384 2.4066056400429496 61.769823753797134
