110 10.997677768744778
0.5000000000116154 10.497677768733164 1.330159e-09
10.497677768728842 0.5000000000159373 89.99999999817459
0.5000000000006737 0.5000000000006737 89.99999999992366
1.5000000000013578 0.5000000000000104 3.268496584496461e-13
2.5000000000013785 0.50000000000001 89.99999999999972
3.5000000000017715 0.5000000000003834 4.305888978706207e-11
0.5000000233608701 1.5000000233622175 2.6769577203822337e-06
1.5000000467218135 1.5000000000000941 89.99999999999245
2.500000046733313 1.5000000000115776 89.99999999867643
0.50000000003194 2.5000000467550274 89.9999999963408
1.5000003142635312 2.500000314263552 89.9999639880433
0.5000000000050185 3.500000046781964 89.99999999942578
10.4976777687446 10.4976777687446 1.929834070324432e-11
9.497677768743255 10.497677768743273 1.7162466479768718e-10
8.497677768734267 10.4976777687343 1.1997601382045364e-09
7.497677768733025 10.497677768733075 1.340340764122473e-09
6.497677767253794 10.49767776725386 1.708456343327739e-07
5.497677767223839 10.497677767223918 1.7427664205188407e-07
4.497677767136856 10.49767776713695 1.8424234561536025e-07
3.497677765534645 10.497677768739116 6.441601129725941e-10
2.4976777652920816 10.497677768496601 2.8438165806135172e-08
10.497677768744458 9.497677768744104 89.99999999996432
9.497677768741458 9.497677768742085 3.061691745900585e-10
8.497677768739456 9.497677768724506 7.888054390094779e-11
7.497677768734963 9.497677768726525 5.914890925294659e-10
6.497677768732629 9.497677765770415 8.569264194622548e-10
5.497677768730216 9.497677765708136 5.82495806189411e-10
4.497677768730034 9.497677765534366 6.012678974095709e-10
3.4976777687210334 9.497677768730492 1.6306298263533842e-09
10.497677768733686 8.497677768733318 89.99999999873006
9.497677768704303 8.497677768698948 89.9999999953649
8.49767776785676 8.497677767835846 89.9999998982479
7.4976777677399 8.497677767716532 89.99999988485828
6.497677722504293 8.497677721547078 5.068475490813338e-06
5.497677722330828 8.49767772130897 5.088350869619213e-06
4.497677722330375 8.497677721135798 5.0883011472265916e-06
10.497677768710588 7.4976777687102 89.99999999608319
9.497677768673594 7.497677768668222 89.99999999184566
8.497677767109257 7.497677767088324 89.99999981258982
7.497677767090373 7.497677767104726 89.99999981475219
6.497677533399338 7.497677533703387 2.659377670031943e-05
5.49767753053892 7.497677530778429 2.6921542646892524e-05
4.497677530525082 7.497677530618534 2.6919971343305757e-05
10.497677768649426 6.49767776864902 89.99999998907457
9.49767776860922 6.497677768603834 89.99999998446914
8.497677767103564 6.497677767082612 89.99999981193703
7.497677767075859 6.497677767101588 89.99999981510999
6.497662425687378 6.497661958627095 89.99824179452098
5.4976287835886835 6.49765946657056 0.002096962040612618
10.49767776870146 5.4976777685103535 4.962871003044711e-09
9.497677768580317 5.497677768546104 89.9999999910829
8.497677766992544 5.4976777670581995 89.9999998091413
7.497677766925016 5.497677767086134 89.99999981687766
6.49766422548314 5.4976330750353 0.0015516695002076605
5.49459176666762 5.494591543104898 0.354729660640911
10.497677768741923 4.497677768464184 89.99999999967392
9.497677768683818 4.4976777685292175 89.99999999301711
8.497677767120631 4.497677767016722 89.99999981389254
7.497677767106099 4.497677767074585 89.999999815556
10.497677768742754 3.49767776846334 89.99999999976893
9.497677768681415 3.4976777685267946 89.99999999274152
10.497677768142973 2.497677767863544 89.99999993103907
4.493368172701169 6.487170421143045 0.49858645517624584
4.494623731682661 5.485907807795134 0.35503284270980623
6.485370140326806 4.497567703922696 89.99391126346163
5.361579429710489 4.492302164887076 0.5207463690221896
1.5738420083396036 9.727916865883481 26.870876702042903
0.6720043688870629 9.29529696344302 26.870876636382707
2.437146406150586 9.021756544731785 24.51723264615688
1.535351396033317 8.589158242183398 24.51723264597441
0.6624017068019064 8.093315075295854 24.517232646008498
1.545821349445158 7.397281872224695 27.31250192089995
2.4288220417322584 7.898021391500175 25.646844361721406
3.330609777826836 8.330609788560894 25.62656890433877
0.6736802869386633 6.906727354024045 27.312501920945394
2.4333747860828145 6.729365451106637 28.929175009016316
3.3347946155252357 7.22351734998521 25.62656890392925
0.6794066790909967 5.767935356955461 28.909710548867036
1.5617620694854342 6.239102556080423 28.929799111042808
3.312717139855323 6.072800831008012 28.929174999879027
0.5000000000011021 4.588528677864421 89.99999999987457
1.569183200599549 5.09243721552845 28.939759115605092
2.440984560273195 5.582461445140842 28.946304578655212
1.6543223292798799 3.9336932525198853 34.72684259936105
2.5387217830860074 4.4865986319413915 29.668737625212803
3.4106180351601783 4.976766342133715 29.693683247983778
9.734470186308114 1.571284532638057 62.090224461386974
9.288507311034122 0.675883183013058 62.0902253735004
9.024947450978368 2.4381037740328906 65.97625249283998
8.578701721959598 1.5421684258152772 65.97625248788759
8.101017477632134 0.6602460227556981 65.97625248786628
7.404428132234359 1.551607758463842 63.431476259173145
7.881389518617496 2.4321121412251148 63.52926813284823
8.327226381807332 3.3272263814193277 63.529268133598386
6.929901464819909 0.6708304611209338 63.432368912623396
6.730393835633227 2.440314331780915 61.92693721133088
7.212408791670517 3.3320799601404687 63.517123046466125
5.786486188130015 0.6761321040462911 62.02145809209308
6.255818134294621 1.5594115130181325 61.99538664010578
6.092579078220716 3.369026027443029 61.32029742618869
4.6760553250826575 0.717395507604368 62.0426978736599
5.1451398811407785 1.6006859194865872 62.02881584328819
5.614981391168905 2.4841185961105476 61.959812276851146
3.995639523542858 1.5685354071936681 62.01273104761228
4.464774188302621 2.4516620638558826 62.012731047579834
4.9350255819662445 3.3347175639489115 61.95981272295114
4.173209354588029 4.245757168824433 33.10195140472876
3.311772528850654 3.73603600397713 33.10195139429376
2.4378713332519695 3.2439912542381335 33.19229501247533
3.30665316839271 2.403280302441529 62.02830769841054
