110 10.997630217689851
0.5000000000021481 10.497630217687703 2.46051e-10
10.497630210762074 0.5000000069277779 89.99999920613523
0.5000000000000433 0.5000000000000433 4.86e-12
1.5000000000007558 0.5000000000006691 89.99999999992342
2.500000000001295 0.5000000000001318 89.999999999985
3.5000000000016573 0.5000000000004928 89.99999999994363
0.5000000000055016 1.5000000000055034 6.30337e-10
1.5000000000071898 1.5000000000051537 4.3708300000000003e-10
2.5000000000093405 1.5000000000019298 1.9082609662673572e-10
0.5000000000031053 2.5000000000079012 3.5574e-10
1.5000000000048117 2.50000000000757 1.60401e-10
0.5000000204110772 3.500000020415875 2.338937108584434e-06
10.497630217689812 10.497630217689812 89.99999999999565
9.497630217689023 10.497630217689101 8.576889329983479e-11
8.497630217688235 10.497630217689812 89.99999999999557
7.497630217687899 10.497630217689554 3.392079141684318e-11
6.497630217687294 10.497630217689542 89.99999999996479
5.497630217685974 10.497630217688839 1.1580077826279682e-10
4.497630217685962 10.497630217688851 1.1452830708460727e-10
3.4976302176844882 10.497630217689377 89.99999999994589
2.4976302176844514 10.497630217689343 89.99999999994186
10.497630217689139 9.497630217689137 89.99999999991847
9.497630217688249 9.497630217688528 2.022204625973245e-11
8.497630217687833 9.497630217689611 89.99999999997279
7.497630217687102 9.497630217689355 5.6488147492927965e-11
6.497630217686948 9.497630217688894 3.895195277436869e-11
5.497630217686335 9.497630217687556 89.99999999996894
4.497630217686047 9.497630217687863 1.7060911052501595e-12
3.4976302176855993 9.497630217689334 89.99999999995065
10.497630217686417 8.497630217684991 3.933421867967539e-10
9.497630217681355 8.497630217686721 89.9999999998135
8.497630217680529 8.497630217687394 89.99999999971895
7.497630217657613 8.497630217669384 2.3448211733434225e-09
6.497630197168494 8.497630197179653 2.350224698659314e-06
5.49763017885544 8.497630178864652 4.448745981838539e-06
4.497630178836864 8.497630178846675 4.450874113840137e-06
10.497630217676434 7.497630217679912 89.99999999981146
9.497630217660404 7.497630217670675 89.99999999797478
8.497630034129939 7.497630217686123 89.99999999957346
7.497629975721495 7.497630217628114 7.073949593392165e-09
6.49233875991283 7.497630164571518 89.99999859877882
5.492338707804792 7.497630177396346 4.569920185872686e-06
4.49233869216744 7.497630161759394 6.361828316672047e-06
10.49763021768514 6.4976302176768455 89.9999999994603
9.497630217660635 6.497630217659133 89.99999999665242
8.497630217638129 6.4976302176831355 89.99999999923132
7.497630217609812 6.497630217587987 2.475992787045122e-09
6.497630200662804 6.497630135554516 1.944460171467376e-06
5.497630199636439 6.497630153880569 1.8268477873701397e-06
10.497630217686634 5.49763021767535 89.99999999963157
9.497630217645538 5.497630217644035 89.99999999492249
8.497630217621044 5.497630217670025 89.99999999772915
7.497630217580966 5.497630217506484 89.99999999313658
6.497630215675046 5.497630116620085 89.99999977473445
5.497630180208685 5.4976301363222735 3.838879938605595e-06
10.49763021767097 4.497630217659683 89.9999999978365
9.49763021766337 4.497630217626203 89.99999999696566
8.497630217659704 4.497630217667023 89.99999999738536
7.497630217608191 4.4976302174920475 89.9999999914825
10.497630217689425 3.4976302176412255 89.99999999995133
9.497630217687972 3.497630217598695 1.176516661871574e-10
10.497630217676067 2.4976302176278646 89.99999999842045
4.497630199626045 6.497630121732446 1.8280387143685184e-06
4.4976301782766415 5.4976300981622614 4.060275699130012e-06
6.4852072342655775 4.497630101270374 89.99999796523157
5.36580170894196 4.497630096410698 7.40026188693563e-06
1.5734415644172957 9.728849860256723 27.02621998229385
0.6725984360478532 9.294142730836043 27.026219922234766
2.437253748522726 9.02216548804154 24.44286960724881
1.536392822006686 8.58744927978407 24.44286960724888
0.6620800083450545 8.0943242866724 24.442869607252966
1.5450215899714512 7.397326307530302 27.435111152251597
2.4293951273704764 7.895416708535652 25.759931913236667
3.330018066137063 8.330018073868128 25.759930504825483
0.6741384809288455 6.904509379601953 27.435111151696677
2.4298264929925453 6.729226606005933 28.716504213439926
3.3300180403615744 7.219675464977136 25.75993046561267
0.6787419575357516 5.762924227944824 28.71650067722403
1.5594327886277206 6.236677803623138 28.716502610953803
3.318888181580652 6.07606585701538 28.71650420844972
0.5000000000010706 4.584182270409112 1.22583e-10
1.5689029108857302 5.093960022262429 29.492127917153542
2.442975327293196 5.5798122774962255 29.49213150576016
1.6575457569911065 3.938635916961035 35.45803527224798
2.55024440062387 4.491616450949818 29.492133026773914
3.420667718104652 4.983920501068265 29.49213470996764
9.73488787685617 1.5710406822874294 62.01129260224863
9.287853201598955 0.676168807777942 62.01129544847452
9.02512469703884 2.438133310761511 66.01296252685582
8.5777708016545 1.5426607810424673 66.01296249679991
8.10143560265305 0.6600837037007214 66.01296249577707
7.404705726214632 1.5518544666367546 63.44994140005109
7.879960908105886 2.4322700966205755 63.44994376398286
8.326886488377513 3.326886488374679 63.45458267867332
6.930805431705666 0.670761859131114 63.44994140002015
6.730236673952375 2.440095422195389 61.90530561573647
7.211525148337278 3.3318531145193053 63.45458480452549
5.786246709234565 0.6763553054940158 61.959566077585016
6.256341262322226 1.5589713878722424 61.9595639166533
6.092995485710141 3.36952049589975 61.418528704701316
4.676355295097274 0.7197338321215141 61.95956896608956
5.146449832119768 1.6023499231211589 61.9595667985969
5.616544437809105 2.4849660150550665 61.959560837607384
3.995605557531408 1.5688382831318857 61.959565361971435
4.465700104812692 2.451454355290886 61.95956454739888
4.935794725707488 3.334070402261649 61.959562314896615
4.173614846948605 4.244117716186138 33.209174341758185
3.310545661623642 3.736738482237282 33.2091743418884
2.43828324800602 3.2433817467617794 33.21051233526851
3.306913596029205 2.403030953845721 61.95956754842843
