110 10.997261718978564
0.5000000017979769 10.497261717180589 2.06032825e-07
10.497261718977956 0.500000000000608 6.951800000000002e-11
0.5000000000029884 0.5000000000029884 89.9999999996577
1.5000000000052185 0.500000000005216 89.99999999940243
2.5000000000054885 0.5000000000054834 89.9999999993718
3.50000000000877 0.5000000000022049 89.99999999974749
0.5000000111200178 1.5000000111200207 89.99999872573997
1.5000000222403043 1.5000000000107008 3.063860276597552e-11
2.5000000349639024 1.5000000127277395 89.99999854201394
0.5000000129364482 2.5000000351764866 1.4824076401964703e-06
1.500000026140486 2.500000000278559 89.99999996933664
0.6029566321562866 3.5000000607571553 89.99999817536214
10.497261718973064 10.497261718973064 89.99999999936978
9.49726171897105 10.497261718975075 89.99999999960013
8.497261718940594 10.4972617189516 3.0898629396245636e-09
7.497261718934585 10.490940514278542 2.362509579832409e-09
6.497261718914772 10.497261718977747 9.361832562919984e-11
5.497261707021717 10.497261707084695 1.3629370458090047e-06
4.497261706777687 10.497261706840668 1.390900474065018e-06
3.4972616946535977 10.497261718964754 1.5824520905555277e-09
2.4972616891306325 10.497261713441791 6.344673583581613e-07
10.497261718973311 9.497261718972814 89.999999999398
9.497261718972204 9.49726171897441 89.9999999995244
8.49726171895882 9.4972617189071 89.99999999799093
7.497261718948011 9.49094034271738 89.99999999921928
6.497261718945984 9.497261718967975 89.9999999989743
5.497261718933462 9.49726169519439 4.0890313357522245e-10
4.49726171892895 9.497261694710845 9.256240218746825e-10
3.49726171892497 9.497261718962996 1.3814116393315768e-09
10.497261718972613 8.497261718972116 89.99999999931819
9.497261718971995 8.497261718973222 89.99999999938858
8.49726171895197 8.49726171889927 89.99999999709406
7.497261718931726 8.490940300154005 89.99999999940601
6.497261718927045 8.497261718966936 89.99999999885549
5.497261674696768 8.497261679737806 1.7716028823663057e-06
4.497261669750986 8.497261684204547 1.2048583966095668e-06
10.497261718972677 7.497261718972048 89.9999999993255
9.497261718972304 7.497261718972299 89.99999999928312
8.497261718895565 7.497261718841633 89.99999999048964
7.497261704462959 7.4909402163605225 89.99999833675552
6.49726169014442 7.497261718964419 89.99999999856736
5.497261657036947 7.497261662102982 3.7924042980212305e-06
4.497261641209421 7.497261677451468 1.9787037763085643e-06
10.497261718950694 6.497261718962575 89.99999999824023
9.497261718811293 6.4972617189718 89.99999999922629
8.497261718787847 6.497261718788833 89.99999999653983
7.4972617038483556 6.49094018674577 1.7303559802949745e-06
6.497261701466058 6.497261701660327 1.981469935685709e-06
5.4972616662889795 6.497261642729284 6.012466122167831e-06
10.497261718970156 5.497261718955622 89.99999999903666
9.497261718968536 5.497261718971759 89.9999999992219
8.497261718955112 5.497261718752002 7.600281874548859e-10
7.497261717152745 5.490940173471202 2.092027844013025e-07
6.497261701653668 5.497261701650279 1.982620929652512e-06
5.497261641588453 5.4972616178310885 8.865587902135329e-06
10.497261718970957 4.497261718954818 89.99999999912848
9.497261718970664 4.497261718970652 89.99999999909527
8.497261718965028 4.4972617187318376 89.9999999984496
7.4972617045467365 4.490940157213913 89.99999834625498
10.497261718969225 3.4972617189530824 89.99999999892982
9.497261718967945 3.497261718970483 89.9999999990762
10.497261712007475 2.497261711991331 89.99999920117217
4.48756605375757 6.48737411032065 1.1221006567675833
4.4895409573317995 5.482864611878736 0.6070923815075202
6.497261659848631 4.49726168850299 3.48918881343252e-06
5.356219567014466 4.491991946114544 0.6070938155778492
1.5743840562958427 9.724806455739301 26.482705808750918
0.6688182653150302 9.29189074342641 26.058734412694182
2.436542545416222 9.01990486754638 24.69013607258064
1.534146035716475 8.588744011375047 24.690136074007842
0.6631453819450925 8.089292702756923 24.690136074230065
1.5460126903861413 7.39458797297756 27.323292225763765
2.4215271464946904 7.8964046638926915 26.37888792809287
3.330690150729557 8.330690191478272 25.50566560530226
0.6737207344298813 6.904340118581218 27.32329222565138
2.4243557879133433 6.721323637932256 29.336972021487643
3.3347799209624456 7.224660600843981 25.5056656016712
0.6808491896813084 5.741433435241188 29.336971594311976
1.5526024941028456 6.231378523542858 29.33697235753732
3.276042902587497 6.052877531104593 29.336970551414797
0.5000000000025127 4.500000076678133 89.99999999971222
1.532536278690861 5.072987323780308 29.33697240267205
2.4042895861439058 5.562932418954023 29.33697385455265
1.6808491871155193 3.992285436768118 29.336970823968432
2.5453657015726465 4.495106844128766 29.33697082290589
3.417119003203272 4.985051958345562 29.336972762299258
9.734797605704596 1.5705677666373183 61.940851453809174
9.286332039880536 0.6764226337929811 61.940853384771245
9.024851666917165 2.437848077098278 66.03903027367134
8.576017332873251 1.5430111136909275 66.03903027362581
8.100644319006134 0.6599682764036964 66.03903027385992
7.4035389736712585 1.5514438260432375 63.36246679686736
7.877814311748965 2.4322982376910427 63.36246853056203
8.326159000776274 3.326159000549992 63.36246988032299
6.9282402755561945 0.6711027298916767 63.36246687116827
6.728208214746796 2.436298376216892 62.127454175895274
7.207416514479599 3.3261590002827996 63.362469955146594
5.779148140676228 0.6757480225817691 62.12745276345348
6.253104755450914 1.5563264522012363 62.12745276320141
6.094537319700296 3.376520890024784 61.6350579203428
4.675748017019518 0.7283796543466999 62.12745429629318
5.14486388100181 1.6149887796126918 61.77480086172662
5.619451417882748 2.4965814586026505 61.635056941885836
3.98789685997911 1.5739718498516355 61.77480177249069
4.460835173666267 2.455067390329309 61.774801772656296
4.936314385213342 3.3361786647135507 61.6350569466964
4.16994020040303 4.246939957464364 32.544409871631935
3.304847063966985 3.7436464044879276 32.544408427180315
2.431726015005575 3.252932615029141 32.54440624883236
3.2998345184182254 2.4065356979673247 61.77480108891362
