110 10.996783765764972
0.5000000002883312 10.496783765476641 3.30115099350654e-08
10.496783765764517 0.5000000000004545 89.99999999997674
0.5000000000002707 0.5000000000002707 89.9999999999978
1.5000000000009706 0.5000000000004291 2.035586442537431e-11
2.5000000000014775 0.5000000000004248 1.9865628049947306e-11
3.5000000002572196 0.5000000002556637 2.9268093726386724e-08
0.500000622459291 1.5000006224598326 7.132859617123595e-05
1.5000008836042713 1.5000008836034961 0.00010125350521412522
2.5000023099152826 1.500000542709262 89.99993781015239
0.5000000855403259 2.5000013304594493 89.99999019782867
1.5000006866891027 2.5000012515991625 5.908438785823459e-05
0.6000626182535274 3.5000019120694055 89.9999044230457
10.496783765764565 10.496783765764565 1.7834622667578515e-11
9.496783765763523 10.496783765764025 7.971815195216806e-11
8.49678376576184 10.496783765763805 89.9999999999446
7.496783765759491 10.496783765762391 89.99999999973303
6.496783761412029 10.496783761420092 4.978578560770341e-07
5.49678376140606 10.496783761414624 4.984843106165457e-07
4.4967837613617805 10.49678376137085 5.035005957854805e-07
3.4967837570078806 10.496783765724247 4.638000731550996e-09
2.4967837566698985 10.496783765386768 4.33102846279524e-08
10.496783765764633 9.496783765763995 1.0032863428932615e-11
9.49678376576329 9.496783765762073 89.99999999991371
8.496783765762741 9.496783765762986 89.99999999990834
7.4967837657575656 9.496783765758748 89.99999999937306
6.49678376575142 9.49678375707513 1.9698048624145937e-11
5.496783765750774 9.496783757064055 3.2573963876356538e-12
4.496783765744253 9.49678375698252 6.928087604412829e-10
3.496783765715853 9.496783765717213 3.8895780114593846e-09
10.496783765763823 8.496783765762506 89.99999999989707
9.496783765762855 8.49678376576125 89.99999999995039
8.496783765757476 8.496783765757241 5.091607135909726e-10
7.496783765751719 8.496783765753584 89.99999999990712
6.496783717464745 8.496783709374181 5.466088503516784e-06
5.496783265736018 8.49678325763474 5.723035778961776e-05
4.496783265716783 8.496783257577459 5.722826851765735e-05
10.496783765466049 7.496783765462432 3.4225331550849884e-08
9.496783765161888 7.496783765756195 89.99999999942874
8.496783699169589 7.496783699755488 89.99999243732539
7.4967836991683 7.496783699756333 89.99999243723639
6.496781238692935 7.4967831910195715 89.99994606683595
5.491850604518109 7.496782545728176 0.00013824418742946064
4.49185026809319 7.496782882074573 9.969301661051359e-05
10.496783691812807 6.496783707222027 6.708026815700349e-06
9.49678363326642 6.496783765753368 89.99999999916243
8.496783567275994 6.496783699754543 89.9999924372737
7.49678356727338 6.4967836997540624 89.99999243703287
6.496783389794032 6.4967826088844625 1.2774639031931656e-05
5.496782134656738 6.496782398992977 0.0001566029038240072
10.496783633522249 5.4967836335176035 1.5153873099057088e-05
9.496783501272116 5.496783765752713 89.99999999917989
8.496783435281587 5.4967836997539985 89.99999243727942
7.4967834352761455 5.49678369975079 89.99999243671452
6.49678304915786 5.496782045284599 89.99994819088478
5.482736766475485 5.496781550992743 0.0002493770711901955
10.496783765761037 4.4967835012709445 89.9999999995779
9.496783765756609 4.496783765751793 89.99999999913213
8.496783699767061 4.496783699752888 89.99999243734399
7.496783699761344 4.496783699749955 89.99999243674755
10.496783765750143 3.496783501259547 89.9999999983295
9.496783765744405 3.496783765749521 89.99999999892937
10.496783762893955 2.4967834984028574 89.99999967103456
4.49678152867384 6.496780545501959 8.716224193335564e-05
4.4827364128700555 5.4967787549378615 0.0002898975344034335
6.4846579003663845 4.496781632909877 89.99989847441286
5.358155600796617 4.496780078861044 0.0003559345212627543
1.5748791342935047 9.72140202772358 26.069232255227128
0.665472572546768 9.288500792993881 25.240561669018813
2.4359088439262653 9.017855782159288 24.86994454285781
1.5328236793260246 8.588279302088846 24.86994454292263
0.6639123506184682 8.084980355869668 24.869944542928664
1.545404040729087 7.39120538366478 27.48717969715379
2.4229935467568495 7.898977718543147 25.991028730222638
3.3305751160444026 8.330575213322913 25.417722828511902
0.6743321287138142 6.898821599016622 27.487179691924645
2.426623453451275 6.721016863356782 29.477808880240996
3.3305722314048447 7.223402503015813 25.417722831883143
0.6799942010385079 5.737700525224878 29.081367150801793
1.5560766852186052 6.228929982136528 29.477741595015654
3.276653452876772 6.052802242607453 29.477806030027033
0.5000000000045752 4.500002746138942 4.95462e-10
1.535559419198069 5.068629358889714 29.477674617617964
2.406107459368917 5.560715155610648 29.47780763430735
1.6813153420390505 3.9877911248374995 29.47749193044212
2.5456414317078355 4.490883532422442 29.477585789266364
3.416189587522009 4.982972012818843 29.47788167245334
9.735492382269339 1.5695924839344224 61.71490048448142
9.283490246691668 0.6772296370969094 61.71497880197
9.025183116776756 2.437226106965784 66.08366731339615
8.572699047199002 1.5439675555125998 66.08366731339338
8.099782710083081 0.6597703077745964 66.08366731339275
7.402740905130335 1.552291440857181 63.586303825297364
7.874648173549725 2.4344571534949333 63.58630688201362
8.32655641377908 3.3265564000037715 63.58630688243359
6.930629075524633 0.6702273639763958 63.586303829168635
6.726819043843567 2.4402813592254033 61.884328883207615
7.20184747645333 3.327983938823235 62.670173364407525
5.783674207659738 0.6766250236729422 61.884481542906045
6.254925130902316 1.5586250886178834 61.884392893766865
6.0912077415442525 3.3726372571130203 61.84264167809887
4.676624606466625 0.7266686866260462 61.88459800453459
5.147874772762447 1.6086689224088677 61.884532964986725
5.619313597828604 2.490981761768598 61.84267005916656
3.993594758988406 1.5703165993693355 61.88440975099128
4.46454036375819 2.4524792389697634 61.88444212611785
4.936555385978644 3.3344825209931455 61.84272506006273
4.16871146389905 4.247854552074522 32.16783213553262
3.3039498697605785 3.7445003886871704 32.16779934946225
2.432388411791107 3.2516764610255455 32.1849924795745
3.3049239064346274 2.4040275472609194 61.91818268145328
