110 10.997218718604099
0.5000000196956185 10.49721869890848 2.25695157367796e-06
10.497218718604092 0.5000000000000063 89.99999999999937
0.5000000000013256 0.5000000000013256 89.9999999998482
1.5000000000177613 0.50000000001511 1.7313810000000002e-09
2.50000000001848 0.5000000000143929 1.649212e-09
3.5000000000215423 0.5000000000113327 1.298525274923039e-09
0.5000000194343849 1.5000000194343865 89.9999977729836
1.5000000570962724 1.5000000182275048 2.0887179163838624e-06
2.500000098539761 1.5000000232447679 89.99999733964405
0.5000000000074695 2.500000038876241 8.5584e-10
1.500000000039383 2.50000003647945 89.99999999719905
0.5000000434566859 3.5000000823403963 89.9999950202305
10.497218718604051 10.497218718604051 89.99999999999477
9.4972187186039 10.497218718603902 89.99999999997758
8.497218718603508 10.497218718603902 2.2349312502412087e-11
7.49721871860075 10.497218718601145 3.3826675119765957e-10
6.4972187185994414 10.497218718602452 1.885227157229439e-10
5.497218718587377 10.49721871859039 1.5707628435880265e-09
4.497218718586691 10.497218718589705 1.6492276192113148e-09
3.4972187185742616 10.497218718602133 2.2521249815052216e-10
2.4972186993574645 10.497218699389267 89.99999779814263
10.49721871860288 9.497218718602879 89.99999999986055
9.49721871860203 9.49721871860373 89.99999999995796
8.497218718583493 9.497218718585929 2.081680803056971e-09
7.497218718564099 9.497218718596963 89.9999999998593
6.49721871856153 9.497218718602145 1.5348672766608883e-10
5.497218718560343 9.497218718576836 1.7652915855805415e-11
4.4972187185590125 9.497218718576795 1.6994949623846427e-10
3.497218718558671 9.497218718601987 2.088488902329548e-10
10.497218695786342 8.49721869578634 89.99999738527794
9.497218674900365 8.497218674900365 89.99999499192145
8.497218647735725 8.497218702028672 89.99999810475967
7.497218614872785 8.497218702271887 1.870575204618251e-06
6.497218588957113 8.497218676363964 4.840292407543056e-06
5.497218577943291 8.497218665323652 6.102382986610268e-06
4.497218564035916 8.497218679232308 4.508715945852424e-06
10.497218674988064 7.4972186749880585 89.99999500197048
9.497218671420553 7.497218671245163 89.99999541077636
8.497218647389314 7.49721870150687 89.99999816455357
7.497218592157648 7.497218679381358 4.493636249202521e-06
6.497218564226501 7.497218651457959 7.694309774656314e-06
5.497218549140571 7.497218636345541 9.423028941588185e-06
4.497218549081409 7.497218636287686 9.429806745759009e-06
10.497218609942443 6.497218652801605 89.9999975443508
9.49721850973969 6.49721865404405 89.9999973818796
8.497218493848907 6.497218678785977 89.99999556093017
7.497218439127221 6.497218531487155 1.8315742296040291e-06
6.497218304373468 6.497218615753637 1.1785718583147924e-05
5.497168605989078 6.497218610465952 1.2387668495419102e-05
10.497218707706452 5.497218642269664 89.99999875122188
9.497218689740208 5.497218648027562 89.99999669244214
8.497218677867249 5.497218657038705 89.99999805298299
7.497218644669512 5.497217643674719 1.8571670432056545e-06
6.497218557993507 5.497218615720644 1.1789502543497883e-05
5.497218534049773 5.497218591754848 1.4533250361467761e-05
10.497218706851772 4.497218641414981 89.99999865328265
9.497218695169247 4.49721864259852 89.9999973145642
8.49721868874137 4.497218657022659 89.9999980511444
7.497218669436249 4.490843480041018 89.99999586378914
10.49721871860374 3.4972186296630094 89.99999999995916
9.497218695168224 3.497218642597494 89.9999973144469
10.497218714829579 2.497218625888845 89.99999956747195
4.493416447444258 6.48687712751759 0.4373460860974109
4.4878844629718335 5.486805749887498 0.4373480822426479
6.49721853090909 4.497218615711286 1.179057173949926e-05
5.357764535828737 4.493416691551877 0.4373494642937377
1.5742488937322858 9.725046695693875 26.528523384912873
0.6692663697577846 9.292204811831352 26.1709203640175
2.4365176032259592 9.020009994764694 24.672536070663543
1.5342044892036169 8.588656587650553 24.672536070776978
0.6630699585107277 8.089430399901492 24.672536070781792
1.5460378285141405 7.394614656843379 27.315000100422907
2.421280147585455 7.8960010627117505 26.422498221623222
3.3306003560946786 8.330600478990853 25.517010873550575
0.6736896534960273 6.904464543207769 27.315000099925424
2.424444701744222 6.721312096928944 29.330515131361057
3.334698991444238 7.224471410549866 25.517010874591666
0.6808276589119303 5.741618391811833 29.330510894300684
1.5526362029981113 6.231465214914717 29.330513624195486
3.2760727380203614 6.052779141408791 29.330512938527633
0.5000000191631148 4.500000106633972 89.99999780406887
1.5324557063241693 5.073085421317051 29.330515583371973
2.404264223473959 5.5629322554872065 29.3305162435015
1.68082766407636 3.992187261366867 29.330510337572274
2.5452807849842527 4.495124946927646 29.33051265617389
3.417089317813493 4.984971829891693 29.330517621624594
9.73572929566336 1.570099165656878 61.777661694246554
9.285144133567908 0.6770067340960291 61.77766297251056
9.025391731154446 2.4378234800385963 66.09655341424246
8.57436414491919 1.543906701264869 66.09655341426482
8.10139856398577 0.659713082454598 66.09655341428206
7.40382913940694 1.551335516906083 63.38178234043039
7.875724511326011 2.4333936742723714 63.38178387831827
8.32619111657624 3.3261910893972693 63.381786163994704
6.928441430086433 0.6710275958864339 63.381782345938205
6.728317708610092 2.436192395149151 62.137792377492936
7.2039645829207855 3.324976172007856 63.066997744498764
5.77912205970808 0.6757104255583772 62.13779420806855
6.253130180051876 1.5562631536756908 62.13779239026781
6.094545451980423 3.3764093364652727 61.62965714741625
4.675710411072831 0.7281390387216974 62.13779819709975
5.144720173139709 1.6149200214739696 61.77334842629358
5.619376607072563 2.4965146915921967 61.62965615921405
3.987804292188832 1.5740296760914871 61.773345878822
4.460764967382252 2.455113213470873 61.773345885719436
4.936338370963963 3.3362126781392507 61.62965604271001
4.170194518308463 4.246733954304316 32.59486778504755
3.3051446446163237 3.7433047865123714 32.59486515454665
2.4319192759319956 3.2526618324761327 32.59486630077427
3.299746833752809 2.4065807370591514 61.77334838216572
