110 10.997319582559067
0.5000000000028941 10.497319582556173 89.9999999996685
10.497319582553903 0.5000000000051642 89.99999999940837
0.500000000001062 0.500000000001062 89.99999999987845
1.500000000014 0.5000000000118758 1.3607232497953868e-09
2.5000000125840893 0.5000000125819627 1.4417865929595922e-06
3.5000000125861104 0.5000000125799449 1.4415553692970207e-06
0.5000000059183439 1.5000000059204681 6.781921148301037e-07
1.5000000243526124 1.500000012539676 89.99999856578084
2.5000000348890854 1.5000000271433793 89.99999977317142
0.5000000108428162 2.5000000403462073 89.99999875750493
1.5000000223068262 2.500000025676794 7.118339340195234e-08
0.5846842969960366 3.5000000508006472 89.99999706189156
10.497319582559008 10.497319582559008 89.99999999999345
9.497319582558445 10.497319582558564 5.755193615112891e-11
8.497319582558434 10.497319582558555 5.857972868575397e-11
7.49731958255723 10.497319582558086 89.99999999992092
6.497319582554558 10.497319582557086 2.2678848311827962e-10
5.497319570020984 10.497319570019558 1.4364682678393304e-06
4.497319562087174 10.497319562089709 2.345615609541506e-06
3.497319541616391 10.497319582557642 89.99999999983683
2.4973195362092167 10.497319577153318 6.194530976453713e-07
10.497319582558854 9.49731958255885 89.99999999997564
9.497319582558033 9.49731958255846 6.921944101130151e-11
8.4973195825578 9.497319582558227 9.571411109132608e-11
7.49731958255408 9.49731958255284 5.216520548856352e-10
6.497319582550459 9.497319582556038 1.0700773600547109e-10
5.497319581625624 9.497319557573842 1.0608493994368473e-07
4.497319580701808 9.4973195416223 2.2365043150784913e-10
3.4973195807007276 9.497319582553185 3.4719960240181535e-10
10.497319582559058 8.497319582558644 89.99999999999898
9.497319582558177 8.497319582558193 9.937033712459983e-11
8.497319582556178 8.49731958255626 89.99999999987057
7.497319582554448 8.497319562224185 89.99999999967262
6.497319582551659 8.497319582555033 89.99999999999191
5.497319582492051 8.4973195565884 89.99999999316158
4.497319582432647 8.49731954162007 89.99999999996842
10.497319582558024 7.4973195825576076 89.99999999988061
9.497319582557386 7.497319582556916 89.99999999995333
8.497319582552752 7.497319582553971 1.3247832477048313e-10
7.497319519250567 7.49731954260456 89.9999977514295
6.492300179874156 7.497319569476191 1.4987163534758134e-06
5.492300170318719 7.497319533631026 2.593688478586209e-06
4.492300159197365 7.497319530106944 1.3192754977353616e-06
10.497319568048857 6.497319568048438 89.99999833725244
9.497319551112401 6.497319582554938 1.7963512345366738e-10
8.49731955089338 6.497319582334538 2.527743840779924e-08
7.4973195393263525 6.497319511194466 1.3507609242446758e-06
6.497319525371023 6.497319557070442 2.949923414472286e-06
5.49731952486646 6.497319530281215 3.0077418719083606e-06
10.497319566840876 5.497319566840455 89.99999819882812
9.497319551113357 5.4973195825527545 89.99999999992971
8.497319551107987 5.4973195821079655 89.99999999931443
7.49731953728496 5.491084088369746 89.99999841532122
6.497319494407924 5.497319553592812 3.3484298621938267e-06
5.497319491435231 5.497319530280835 3.007784696761746e-06
10.497319566832209 4.497319566831783 89.9999981978349
9.497319551103677 4.497319582550467 1.915437718156842e-10
8.497319551103335 4.497319582100649 1.5252654517007108e-10
7.497319538168059 4.4910840874747695 89.9999985178776
10.497319582558982 3.4973195511048405 9.637079656579312e-12
9.497319582556857 3.4973195825467553 89.99999999976647
10.497319579679372 2.49731954822506 89.99999967001145
4.4973194819031574 6.4973195019938625 89.99999808451022
4.485483514086095 5.497319445009799 4.659746295487821e-06
6.497319496174277 4.4973195535922486 3.348493857205725e-06
5.356756834491593 4.497319508481248 4.66026851527073e-06
1.5744717175533443 9.724763507274165 26.46383850526342
0.6686029014760358 9.291799829381114 26.00505420536833
2.4365967354932625 9.01990943107515 24.695893325787466
1.534159960867 8.588839681916198 24.695893325831907
0.66317004061342 8.089386657467271 24.69589332583407
1.5460386603651337 7.394736893575712 27.32148178075404
2.4216762784952626 7.896620910115912 26.36088535696603
3.330753585570831 8.33075358569201 25.504322767726045
0.6737139496367245 6.904550020403675 27.321481779966028
2.4244109436082133 6.721475150961538 29.333012510989036
3.3307535014064875 7.222785126787761 25.504322767516786
0.6808359788862768 5.741705230636178 29.333007146400373
1.5526231804882284 6.2315900094413115 29.333008371493577
3.2759935719782294 6.0529374326345105 29.33301095946026
0.5000000107384348 4.500000067520802 89.99999876946616
1.5324192132031291 5.073167819233177 29.333009815762587
2.4042064009273827 5.563052602364281 29.333009897326885
1.6808359813412754 3.9953739078190287 29.33300668231128
2.5465907206078695 4.495993906336824 29.333007576023334
3.418377937757832 4.985878736144713 29.33301321747885
9.737465969328529 1.5694557544773389 61.51287460866562
9.283702532705387 0.6779427906209364 61.512875048272456
9.0265889268547 2.437814689248151 66.17439825480635
8.572269022484091 1.5452762893157383 66.1743982548015
8.102937818955349 0.6593666751396019 66.17439825480223
7.405074849520513 1.5519336957754255 63.586217985337065
7.873424198563125 2.435866571347338 63.58621900082365
8.327091889243242 3.327091888785757 63.586220104496185
6.932242204942651 0.6702277016497006 63.58621798533777
6.72743196797604 2.4365253033758 62.08908602829073
7.197055417587338 3.322638422057171 62.41859108467614
5.778559131523691 0.675887315106101 62.08908602710884
6.254821639961367 1.5552389988359863 62.089086027108365
6.095345538940771 3.3795755790443955 62.08908603734547
4.675887318916497 0.7305657083330963 62.08908828891032
5.1453992371665445 1.6165264668368553 61.78111417265394
5.621645100927685 2.495847131267257 61.78111276981263
3.987713798254552 1.574034834011406 61.781115089317154
4.460555003887822 2.4551824914797855 61.78111508893151
4.936800894871681 3.3345031395282243 61.78111387371637
4.167844916860124 4.248346666844845 31.9741879213421
3.3016963843342135 3.747422995489497 31.974186101216517
2.428982117464959 3.2570172587316573 31.97418553870655
3.299630255787057 2.406654328591091 61.78111669325283
