110 10.99793561696431
0.5000000032517604 10.49793561371255 3.68524553e-07
10.497935616922202 0.5000000000421083 7.255081352548774e-10
0.5000000000362602 0.5000000000362602 5.5370000000000005e-11
1.5000000001080265 0.5000000000364723 7.9667e-11
2.5000000001798277 0.500000000036225 5.13305647959544e-11
3.500001022249791 0.5000010220337386 89.99988288754058
0.5000076148876215 1.5000076149601418 89.99912739561063
1.5000149248905488 1.5000149244459593 89.99828977140395
2.5000220780658666 1.5000220766767374 89.9974701557426
0.5000015243900588 2.500016754200685 0.00017467839991208733
1.5000104196858564 2.500022478343301 89.9991553625539
0.5000084384635977 3.5000267170543413 89.99903301924047
10.497935615687695 10.497935615687695 89.99999985781038
9.497935581845901 10.497935581917455 89.9999959880259
8.49793549412814 10.497935564293401 6.03154207112766e-06
7.497935455517044 10.497935602832941 1.6152359764223248e-06
6.497935444367743 10.497935591755192 2.8846523000305744e-06
5.497935443097238 10.497935592954143 2.747262853964188e-06
4.4979354075655404 10.497935557494 6.810696219293683e-06
3.497935383494234 10.497935533494255 9.56086486705791e-06
2.497935370846774 10.497935546070146 8.119773597738936e-06
10.49793560281957 9.497935602748017 89.99999838323204
9.49793558813584 9.49793554633161 5.766418098573922e-08
8.49793558659314 9.49793551061879 89.99999988908317
7.497935535459868 9.497935566763195 5.740325310441226e-06
6.497935516417405 9.497935547792288 7.914231103437676e-06
5.49793549084816 9.497935522294606 1.0836050510317807e-05
4.497935481066754 9.49793551258477 1.1948715839878784e-05
3.4979354809411216 9.497935512530717 1.1954910194706881e-05
10.49793561364534 8.497935591850695 89.99999962377387
9.49793561029571 8.497935545751725 89.99999999941369
8.497935574263973 8.497935475549866 89.99999587867987
7.497935473554952 8.497935552113242 7.410885567484877e-06
6.497935455804266 8.49793553443411 9.43676417436363e-06
5.497935393401876 8.49793547210326 1.6579351806117436e-05
4.497935241584522 8.497935320357435 3.3968142472026944e-05
10.497935605427848 7.497935583561647 89.99999868211862
9.497935564227134 7.497935493055444 89.99999396906402
8.497934577921407 7.497935469668594 89.99999521292614
7.497918378483352 7.497928459851802 0.0008201214910189931
6.497917818003104 7.497927899544503 0.0008843288128925191
5.491340563409083 7.497935470052512 1.658746988711513e-05
4.491340131897619 7.497935036610634 6.602687270236179e-05
10.497935076608973 6.497935031669875 6.191609406837265e-05
9.497934536226177 6.497935440345835 9.529230737825856e-10
8.497934494365524 6.497935469591359 89.9999952122747
7.49793153186953 6.4979242236749455 0.00033468768813522026
6.497929993758884 6.497924641050675 0.0005109320221265759
5.49792574851142 6.497935404012395 2.446916839642838e-05
10.49793503620661 5.497934991195283 6.654586933014244e-05
9.497934455409924 5.497935440262758 89.99999999963252
8.497934413557338 5.497935469516355 89.99999521187904
7.497927548270985 5.497914395914176 89.99920851101324
6.497925619099082 5.4979113463431455 89.99898746773145
5.4979165698146595 5.497935403917785 2.4471350800428436e-05
10.497935470396936 4.497934556933359 1.679128665525946e-05
9.497935323797389 4.497935440184392 4.131026291075123e-10
8.497935281937156 4.497935469443885 89.99999521178292
7.497921834278715 4.497907813363385 89.99845421137874
10.497935616924883 3.497934410326557 89.99999999958177
9.497935616845815 3.497935440112578 4.4292121761493173e-10
10.497935594208903 2.4979343875390225 89.99999739652206
4.497924275449795 6.497933640609654 0.00019326172159846858
4.497912202707307 5.497930746417155 0.000524899194119454
6.4838788691115985 4.497902998127431 89.99797398572342
5.483860831148296 4.497935252973106 4.107220355617453e-05
1.5702186837196146 9.737714972809261 28.382939271043906
0.67757292448857 9.286129422016648 28.382008757420305
2.4387594612966903 9.026756869902014 23.798371102617406
1.5452031427771789 8.574679946486446 23.798371102580624
0.6592452122162208 8.105373844743786 23.798371101075066
1.5499381803239851 7.406395264892276 26.838157574258318
2.4337588523198943 7.874619878266532 26.836956418822854
3.3260633979320033 8.326063446432798 26.836458105037984
0.6718786138769766 6.926807665872217 26.838157530234668
2.433919072659884 6.732501112045471 27.95859603796462
3.3260523939730215 7.205357033310475 26.835980512870663
0.6760592989700037 5.778388290373904 27.958400801093507
1.556229614849081 6.2531096084405595 27.959311921381023
3.3218488993449875 6.0716635319888885 27.95857960347269
0.5000094456863222 4.6023295802975595 0.0010824020460613749
1.5636084652295215 5.1109160004530345 28.368489489646553
2.441163045812541 5.59043843413755 28.36959225453032
1.640559658622857 3.9022625841996614 30.82022612741939
2.4841722761330445 4.471571396307677 28.937146036356687
3.3617180341963597 4.951099852882562 28.93770116040393
9.741762965880563 1.568277050501463 60.93230217691167
9.281611669634513 0.6799413103158973 60.93323757327464
9.028998336907845 2.4391849180717826 66.49508352094999
8.567943522193861 1.5492225063038707 66.49508352080007
8.109954339274125 0.6579268070906404 66.49508352060664
7.407649259409369 1.5473259963473254 62.80429285242659
7.864688321567664 2.4367726197491977 62.80429285242667
8.324694664078644 3.3246945492234645 62.8042928525135
6.920714286318153 0.6732409527313593 62.80429285243469
6.7403922679885575 2.4367795564377572 62.8032626028339
7.198806766501287 3.329073061385714 62.43990971502217
5.796420205639194 0.6732431436894968 62.80371223715821
6.253456085662682 1.5626919514940685 62.803656249802636
6.068251892367316 3.326702967732853 63.329047733664694
4.671233462476992 0.6712325447102208 63.329047736156774
5.124102330305498 1.5628209331048795 63.329047735865906
5.581157167037235 2.4523066568491845 63.329047731938886
3.9991777411847456 1.5612200579728972 63.0726266117986
4.452042065575408 2.452799501350985 63.072626611840505
4.927844681965288 3.3772987247918183 58.31614817190798
4.276895910325725 4.279062824443418 46.14711856538572
3.4317286205088937 3.7039800594188246 46.09880176245029
2.5120541119497446 3.2011803694666288 46.099194609701094
3.3062835315005272 2.405252331110124 63.0720985298065
