110 10.997249876495317
0.5000000000315377 10.49724987646378 3.613851e-09
10.497249876495292 0.5000000000000251 2.771e-12
0.5000000000013469 0.5000000000013469 1.54245e-10
1.5000000000017 0.5000000000016982 1.9449827295813717e-10
2.500000000008078 0.5000000000046797 89.99999999946385
3.5000000000141043 0.5000000000013468 1.5423251691042212e-10
0.500000016705412 1.500000016705414 1.914299144162376e-06
1.5000000348267573 1.5000000014252926 89.99999983774613
2.5000000467063774 1.5000000132955535 89.9999984764421
0.5000000072970617 2.5000000261137663 8.361815861690037e-07
1.5000000213691602 2.500000024210384 2.4487251148171935e-06
0.6028991202273074 3.5000000448061463 89.99999835582436
10.497249876490653 10.497249876490653 89.99999999946556
9.497249876485652 10.497249876494982 3.831255483464438e-11
8.497249876483858 10.49724987649319 2.436756936501626e-10
7.497249876480614 10.4972498764942 89.99999999987202
6.497249876477632 10.497249876493452 2.1355229426649936e-10
5.497249876472746 10.497249876488569 7.732925776789232e-10
4.497249876468601 10.497249876484425 1.2480835160468719e-09
3.4972498764570106 10.49724987649462 89.99999999992015
2.497249876456087 10.497249876495092 2.576441917998062e-11
10.497249876493447 9.497249876484117 2.141717914128094e-10
9.497249876491784 9.497249876491766 4.0463013640842e-10
8.497249876488981 9.497249876488983 7.256483079417158e-10
7.497249876485422 9.497249876490304 3.1805984165202066e-10
6.497249876481523 9.497249876488642 7.646620393221444e-10
5.497249876480791 9.49724987648776 6.809710645171773e-10
4.497249876479788 9.497249876480474 7.956553491632923e-10
3.497249876475907 9.497249876490857 3.5106133571624605e-10
10.497249876492035 8.497249876482703 3.7612027346335524e-10
9.497249876491447 8.49724987649093 3.08994901966599e-10
8.497249876491349 8.49724987648544 3.199933858225459e-10
7.4972498615215235 8.497249861520462 1.7157355551005316e-06
6.497249845404766 8.49724984540594 3.5625797204391774e-06
5.497249842869262 8.49724984286883 3.853126567653849e-06
4.497249842869256 8.497249842862542 3.853126908654034e-06
10.497249876493797 7.497249876480939 1.7419814760728413e-10
9.497249876493733 7.497249876489814 1.8130698912915787e-10
8.49724986172585 7.497249861718768 1.6924558323852818e-06
7.497249845661826 7.497249816115829 3.533257338861914e-06
6.497249829496891 7.497249829496892 5.3856220161034185e-06
5.497249827484418 7.497249831507747 5.155010335703962e-06
4.497249827042355 7.497249831059404 5.205666432573685e-06
10.497249872874702 6.497249872858803 89.99999958510811
9.497249869256528 6.497249876485786 89.99999999971999
8.497249695198418 6.497249845812237 89.99999986970171
7.497249655001754 6.497237436568887 4.476010953740219e-06
6.497249622100939 6.497249816383849 6.888263140280832e-06
5.497200072583823 6.497249814913722 7.0560318243784426e-06
10.497249870457837 5.497249863200708 6.918441127540704e-07
9.49724986441903 5.497249876484668 89.99999999984793
8.49724984999041 5.497249830247881 1.6532458033680086e-06
7.497249827278671 5.490930078647949 89.99999902977605
6.497249756489826 5.49724981406623 7.153843589642517e-06
5.497249750565622 5.4972498081427394 7.832706338238774e-06
10.497249875390839 4.497249858267705 1.2656384719598351e-07
9.49724987428303 4.497249876482665 89.99999999961867
8.497249850488446 4.497249820883913 2.726277244846642e-06
7.497249836453351 4.490930060725693 1.0835152295385342e-06
10.497249876493255 3.4972498571611634 89.9999999997637
9.49724987649005 3.4972498764807267 89.9999999993967
10.49724987542613 2.4972498560940366 89.99999987748018
4.493452842863897 6.486923894865583 0.43675471243471975
4.487897551672773 5.486852485458146 0.43675555671362076
6.497249764701313 4.4972497954073 9.291998402939832e-06
5.357579668150281 4.4934529992250996 0.43675672366502005
1.5743494987903948 9.724864969454178 26.494145774020428
0.669518371358624 9.292315956074038 26.234287435088767
2.436535220040541 9.019929726754132 24.68576591699537
1.5341596636249388 8.588720574512802 24.68576591890306
0.6631266598282513 8.08932320867432 24.68576591929951
1.5460184418759015 7.39459063918373 27.32132741938809
2.421464614384558 7.896302630420543 26.3897664550664
3.3306666237255413 8.330666630278113 25.508511209932216
0.6737133711267544 6.904365542824184 27.32132741939667
2.424376509267322 6.7213171433004355 29.335470186981695
3.3347586334552766 7.224612101045588 25.508509606481386
0.6808441731558303 5.741472698036338 29.33546606222156
1.5526103469430215 6.231394909040502 29.335468044355544
3.2760514313583675 6.052851709447527 29.335468946862598
0.5000000000006697 4.500000059153756 89.99999999992336
1.532519123578559 5.073007255746625 29.33546753358391
2.404285287070279 5.562929478098512 29.335469124302698
1.6808441933856249 3.9921764934681763 29.335472133119136
2.5453108050448856 4.495087515979544 29.335470506032557
3.4170769516092045 4.985009745326164 29.335470798444998
9.734762142905444 1.5705666277680579 61.943913131064036
9.286317914606986 0.6764116214324964 61.943915444981535
9.024826392465409 2.4378343022029156 66.03739108621771
8.576014233078544 1.5429889464811903 66.03739108631355
8.10058034098361 0.6599755386998094 66.0373910862773
7.403492642311165 1.5514563213804609 63.36381918630048
7.87782877324901 2.4322810037371894 63.36381786827706
8.32615240619845 3.3261523318503823 63.36381964924906
6.928227747374721 0.6710974699684084 63.36381973251126
6.72815241778411 2.436317186945793 62.12802329548761
7.207423175335731 3.3261524045189543 63.36381974166067
5.77913150483431 0.675745943721727 62.1280247332914
6.253082670468703 1.5563273515412175 62.12802329562313
6.0944801238924065 3.3765499343496908 61.637244918798054
4.675745937014442 0.7283950780065901 62.12802658254464
5.144861485003531 1.6150222967945196 61.773546156915934
5.619427793175512 2.4965923568172843 61.63724175743176
3.987872687600946 1.5739918551906988 61.77354386658286
4.460830323457259 2.4550770316472974 61.77354309387227
4.936266309424781 3.336177551480935 61.63724325215781
4.170065295410007 4.246851979941815 32.572884773681366
3.30501146469747 3.7434587144373346 32.572883085315304
2.4318518399572016 3.2527533531403123 32.57288468787014
3.299814545989203 2.406544637172773 61.77354561002154
