110 10.996816415700716
0.5000000000003757 10.496816415700339 89.99999999995707
10.496816415696468 0.5000000000042468 89.99999999951348
0.5000000000032478 0.5000000000032478 3.7205400000000006e-10
1.5000000000072722 0.5000000000007766 89.99999999991114
2.50000000000805 0.5000000000000011 0.0
3.5000000000080527 0.5000000000000017 5.684341886080802e-14
0.5000000138245231 1.5000000138310186 89.99999841582647
1.5000000255713866 1.500000002077664 89.99999976191762
2.500000040645662 1.500000017151937 89.99999803453315
0.5000000108497478 2.5000000168057968 89.9999987567106
1.5000000341842483 2.5000000166400786 1.4306471545774025e-06
0.5000559341644506 3.5000000304402317 89.99999719400599
10.496816415699564 10.496816415699564 89.99999999986824
9.49681641569822 10.496816415700522 2.2026690651818997e-11
8.496816415696149 10.496816415698836 89.9999999997849
7.4968164156938535 10.496816415700298 4.766320671478752e-11
6.496816415692097 10.496816415698543 2.4862046158222384e-10
5.49681641566426 10.496816415675049 89.99999999705899
4.496816404216957 10.496816404227747 89.99999868529491
3.496816392754519 10.496816415690184 89.99999999879327
2.496816378054302 10.49681640101103 1.6833138762492803e-06
10.496816415698532 9.49681641569853 89.9999999997501
9.496816415697813 9.49681641569743 89.99999999966792
8.496816415695926 9.496816415697971 89.99999999988395
7.496816415694143 9.496816415699943 8.806466667010682e-11
6.496816415691578 9.496816415697381 3.816487907795814e-10
5.496816415674196 9.496816415663432 89.99999999839
4.496816415670614 9.49681639277241 89.99999999797984
3.496816415667869 9.496816415680339 89.99999999766551
10.496816415696893 8.496816415692528 4.3773339932060006e-10
9.496816415694829 8.496816415692772 2.0137513094376606e-10
8.496816415690141 8.496816415696053 89.99999999966442
7.496816415684855 8.496816415690962 89.99999999905899
6.496816400353506 8.496816400377574 1.7559020049508337e-06
5.496816385405784 8.496816385378525 3.4687845795744364e-06
4.4968163854056655 8.496816362483807 3.4687978035750044e-06
10.496816415696854 7.496816415692486 4.423307956631902e-10
9.4968164156963 7.496816415691218 3.7915336718596743e-10
8.496816415675722 7.496816415681711 89.99999999802132
7.49681641565424 7.4968164156604225 89.99999999555988
6.49681638901831 7.496816389103526 3.0478123370086952e-06
5.496816371289216 7.496816371323103 5.079416618260194e-06
4.496816359096551 7.496816336235839 6.4765927583696496e-06
10.496816415666737 6.496816415685661 89.99999999966052
9.496816415661115 6.496816415690565 3.0453861654677894e-10
8.496816415594004 6.496816415677485 89.99999999753732
7.496816350971311 6.496816415660409 89.99999999556108
6.49681633832376 6.496816375115154 1.4448634004793348e-06
5.496768708148176 6.4968163593338915 3.7059079237474824e-06
10.496816415696541 5.496816415684449 89.99999999952188
9.496816415692999 5.496816415687273 89.99999999992755
8.49681641567374 5.496816415675883 89.99999999772068
7.49681641565517 5.4968164156601285 89.99999999559311
6.496816388700963 5.496816360808216 3.084317668822223e-06
5.496816383274639 5.496816359335049 3.706128198575058e-06
10.496816415698891 4.496816415682096 89.99999999979124
9.496816415696957 4.496816415686527 1.2747136679536197e-11
8.496816415675797 4.496816415674725 89.99999999758823
7.4968164156568 4.496816415658541 89.99999999541153
10.496816415700513 3.4968164156800703 2.3070369392173496e-11
9.49681641569906 3.496816415685164 89.99999999985684
10.496816407245475 2.4968164072246286 89.99999903110105
4.493088496512201 6.4866987173092605 0.4287891745853735
4.4869851396163964 5.4866250199503295 0.42879102536391267
6.484726352842373 4.496816353173421 2.264183109446094e-06
5.354371117467953 4.493088500778342 0.42879224694640217
1.5750863150105616 9.720857160073601 25.980932496321444
0.6646440695666497 9.287908712967331 25.042935869229385
2.435905420178892 9.017589690616298 24.90554204789082
1.532658066746251 8.58837673167264 24.905542048167373
0.6640634157782436 8.084529819883208 24.90554204829695
1.5453286012443699 7.390963948631045 27.51023554118538
2.4234075728239994 7.899682701305726 25.909289104865433
3.330705105789414 8.330705111639872 25.39422556500109
0.6744176976931128 6.89830110881281 27.510235540668784
2.426782119718609 6.7211141439844235 29.496267806097045
3.334708622268705 7.225649925828667 25.394225566320333
0.6802019457840135 5.7366191751591655 29.14386544869438
1.5563943534945588 6.228747234124442 29.49626995569462
3.2766405952568953 6.052954637792115 29.496265986716384
0.5000000119582992 4.50000004297019 89.99999862967996
1.535865017728747 5.068220835968753 29.496268058277824
2.4062527932562867 5.5605877419214425 29.496270915343334
1.681377312366982 3.987789354960708 29.496264967757323
2.5458371102230037 4.4906354907658415 29.496266214557412
3.4162248675632045 4.98300240959911 29.496267984370487
9.73556566233979 1.569605967229832 61.71044310500639
9.283555940563927 0.6772457282797538 61.710444844169835
9.025250004444187 2.4372477280063634 66.08452800269906
8.572758195251838 1.5439917623041113 66.08452800263939
8.09990232368091 0.6597664866182295 66.08452800241216
7.402879108623109 1.5523479657817103 63.60113402598094
7.8747307086494915 2.4345500490188994 63.601134025961336
8.326647410081893 3.3266474100740786 63.60113402595042
6.930980925154178 0.6701690056171917 63.601134025978595
6.72678088265985 2.4402796470406023 61.87696027765038
7.201714621464322 3.327941873828081 62.65349241993945
5.783585325460638 0.6766519730557646 61.876961515787
6.255101234599905 1.5585095727137923 61.876958651879264
6.091304819505375 3.372763733576016 61.85662319310191
4.676651967881445 0.7270460267695873 61.87696296220307
5.148018515698574 1.6089834444924795 61.87696117567725
5.619625215356517 2.4909937101557906 61.85662186541411
3.9935262246798047 1.5703936818749769 61.8769613408358
4.464892773884697 2.4523310909639706 61.87696232975705
4.936631456959856 3.3342707724781047 61.85662131468212
4.168365643781185 4.248574334743844 32.00982971279108
3.303443107885647 3.745649474959281 32.00982906938832
2.4320380972356155 3.252168051044249 32.06614805474704
3.3051182023720336 2.40385804436341 61.87696135709972
