110 10.997231737499327
0.5000000144259876 10.49723172307334 1.653096287827867e-06
10.497231737479 0.5000000000203279 89.99999999767076
0.500000000029166 0.500000000029166 89.99999999665798
1.5000000000565579 0.5000000000017767 89.99999999979656
2.5000000000690403 0.5000000000142565 89.99999999836648
3.500000000105224 0.5000000000219269 2.512481e-09
0.500000015511753 1.5000000155117557 89.99999822248417
1.5000000310359873 1.5000000000160347 1.4301093642643536e-09
2.5000000460505043 1.5000000150020383 89.99999828089346
0.500000000005644 2.5000000310178674 89.99999999935339
1.500000015515759 2.5000000155080273 1.7766813869002362e-06
0.6029743778155358 3.500000040766656 89.99999859231359
10.497231737445418 10.497231737445418 6.177477556700006e-09
9.497231737371994 10.497231737479815 89.99999999776412
8.497231737320671 10.497231737428493 89.99999999188316
7.497231737308521 10.497231737416348 89.9999999904913
6.497231737225432 10.497231737499218 1.233502189279534e-11
5.497231720325199 10.497231720598988 1.936636085871948e-06
4.4972317201313485 10.497231720405141 1.9588493207983133e-06
3.497231703072799 10.49723173746369 4.083759108652885e-09
2.4972317030641684 10.497231737472317 3.095081524406851e-09
10.497231737416612 9.497231737416609 9.478217472300848e-09
9.497231737339945 9.49723173745425 6.93152881346982e-10
8.4972317373386 9.497231737350264 8.471916651390929e-10
7.497231737334136 9.497231665136338 1.3582576820506136e-09
6.497231737286986 9.497231737440321 6.760944088907723e-09
5.4972317372849515 9.49723170375968 6.9937987042714176e-09
4.497231737283972 9.497231703371009 6.8819112135531416e-09
3.4972317372607935 9.497231737462442 4.2260741963934245e-09
10.497231737436218 8.497231737270788 89.99999999276841
9.497231737413045 8.497231737361922 89.99999999011334
8.497231733994932 8.49723173383848 89.99999959842663
7.497231725853981 8.49723122214161 5.313111113086172e-07
6.49723171365123 8.497231720660013 1.929642499519089e-06
5.497231701678277 8.497231675008452 3.301641739819462e-06
4.497231701366987 8.49723167430752 3.337312333823844e-06
10.49723173712907 7.497231736963635 89.99999995757182
9.497231736734888 7.497231737251718 2.741429510345714e-09
8.497231733116404 7.497231733748307 89.99999958809394
7.4972316833424175 7.4972310296840705 5.291779475823551e-06
6.497231668453959 7.49723170620824 3.5856931277633795e-06
5.497231643879053 7.497231647954722 6.401769827515578e-06
4.497231632843984 7.497231636530014 7.666294751054822e-06
10.497231736473404 6.497231735567456 1.1756191547013755e-07
9.497231735458545 6.497231737238857 1.2679430210212923e-09
8.497231735395367 6.497231730205857 89.99999999402853
7.497231672560886 6.497230996160442 7.194339380847979e-06
6.497231660229939 6.497231687047725 5.7813258660070884e-06
5.497231630720714 6.497231623859882 9.162833960523267e-06
10.497231736792617 5.497231735248241 8.098297012121758e-08
9.497231736025574 5.497231737167459 89.99999999308666
8.497231735870935 5.497231730042999 89.99999997536668
7.497231721751334 5.496874579370033 89.99999835739747
6.497231635248239 5.497231665320375 8.271095611115909e-06
5.49723159791377 5.49723159430728 1.2549310412614752e-05
10.497231737496781 4.497231734544075 2.91725850239996e-10
9.497231737457536 4.497231737143821 89.99999999579508
8.497231737148594 4.497231729912326 89.99999996039305
7.497231719217226 4.490856426114983 89.99999790611508
10.497231737499021 3.497231734541833 3.505817858240334e-11
9.497231737497586 3.4972317371082484 89.99999999987108
10.497231737306757 2.4972317343489556 89.99999997793323
4.4875205993915 6.4873279918494955 1.123906427181554
4.489531018764537 5.4828110376626675 0.6080085057757542
6.497231608297435 4.497231644619093 1.0643285924610493e-05
5.356396014377279 4.491954037998668 0.6080096967284887
1.5742871892383872 9.724982030647988 26.51587264715366
0.6691416933983918 9.292118556375756 26.13964421528733
2.4365256445082686 9.019982423139632 24.677364139585645
1.5341894199797808 8.588682397830377 24.677364139989887
0.6630906550499662 8.0893965273654 24.677364139877014
1.5460314429390838 7.394611522313054 27.317170701267386
2.421349455022594 7.896113964381232 26.410444902397728
3.3306264541144226 8.330626466771639 25.513860394666956
0.6736977908087647 6.90443619536258 27.317170701197416
2.4313217932540203 6.7251962861521095 29.332181391801132
3.33472257652369 7.224525003756297 25.5138604090327
0.6782907517383037 5.7475708014885525 28.5866047444749
1.5595275360241347 6.23532405052274 29.332183350143353
3.2760633161225545 6.052807569349438 29.3321806880264
0.5000000000073632 4.500000053045194 89.99999999915639
1.5324747605975617 5.073063109879583 29.332181711774837
2.4042690333008316 5.5629353394995 29.332184878570267
1.680833223840584 3.992295936369451 29.332180502914124
2.5453365723317662 4.4951433024032745 29.33218050365217
3.4171308244402487 4.985015545412987 29.33218236466198
9.735730765992571 1.5701168904272509 61.78046945009252
9.285199894782927 0.6769967305726826 61.78047080300141
9.02539718829084 2.437837802498521 66.09611329595663
8.574425706672606 1.5438965781983038 66.09611329532808
8.101434280061756 0.6597150375103781 66.09611329523283
7.403864038087661 1.5513269921267883 63.37976333079619
7.875784408108394 2.433371568111423 63.37976473681187
8.326196290014682 3.326196282701664 63.37976477191805
6.928446032309475 0.6710354479859786 63.37976464266914
6.728368334105667 2.436177473197836 62.1369266336088
7.204081193923185 3.3250246768920015 63.07626693020306
5.779139011047104 0.675713586881304 62.13692488706932
6.253150410951811 1.556264434420351 62.13692488828601
6.094600575308758 3.3763847702017635 61.62768479001758
4.675713577403144 0.7281313590660132 62.136927522196586
5.144726547428167 1.6148890456419172 61.77467966818418
5.619401437928332 2.4965064819443152 61.62768351152228
3.9878309715514084 1.5740079091493555 61.774677827770326
4.460771192044972 2.4551024318575427 61.77467840685098
4.936384148383418 3.336213239672873 61.62768360218055
4.170064487925752 4.246825748054999 32.56566232794255
3.304975325100601 3.7434975057239828 32.56566044075182
2.431790947601596 3.2528441202376306 32.56566280258355
3.2997690489439426 2.4065706704365724 61.774677269778635
