110 10.996793281434707
0.5000000000000295 10.496793281434677 89.99999999999676
10.496793281434705 0.5000000000000014 2.8000000000000004e-14
0.5000000000000907 0.5000000000000907 89.99999999998974
1.5000000000003217 0.5000000000001402 1.5929075806002727e-11
2.500000000000373 0.5000000000000914 1.0334135218764228e-11
3.5000000000004725 0.5000000000000083 89.99999999999919
0.5000000096581577 1.5000000096583392 1.106743219053026e-06
1.500000018700577 1.5000000006157435 7.05585551799045e-08
2.5000000293076505 1.500000009991515 89.99999885507775
0.5000000196419987 2.500000019642183 2.250807152021647e-06
1.5000000298687508 2.500000009415255 1.0789080132684194e-06
0.6001192435669435 3.5000000402696356 89.99999985880221
10.496793281434394 10.496793281434394 3.56090328620941e-11
9.496793281433845 10.496793281434469 89.99999999997276
8.496793281433082 10.496793281434183 6.002665031701326e-11
7.496793281432214 10.496793281433318 1.5915450487663415e-10
6.496793271976685 10.49679327197779 1.083682693468237e-06
5.496793262474724 10.496793281389662 89.99999999483845
4.496793253883664 10.496793272798605 89.9999990103758
3.4967932452467627 10.496793281433908 9.154948563119785e-11
2.4967932305351406 10.496793266722287 1.6859190427450026e-06
10.496793281433847 9.496793281433224 89.9999999999015
9.49679328143281 9.496793281434053 2.0177487239469064e-11
8.496793281430891 9.496793281431916 89.99999999980064
7.496793281429496 9.496793281431579 89.99999999996024
6.49679328142509 9.496793262516123 89.99999999945571
5.496793281424311 9.496793281348591 89.99999999954463
4.496793281388566 9.496793264130735 3.6403235981197213e-09
3.496793281386638 9.49679328140101 3.861075015265669e-09
10.496793281434533 8.496793281432188 1.985798648594003e-11
9.496793281433973 8.496793281433492 89.99999999995607
8.49679328143313 8.496793281431401 89.99999999985954
7.496793281411467 8.496793281409039 89.9999999973774
6.496793274969057 8.496793256055577 89.99999925913185
5.496793274907263 8.49679327483949 89.99999925365678
4.49679326703997 8.496793262808284 1.5518195084496256e-07
10.496793281431977 7.49679328142963 3.127451930764993e-10
9.496793281430712 7.496793281431639 1.6805111437343554e-10
8.496793281426546 7.496793281429926 89.99999999969083
7.49679328140488 7.4967932814075615 89.99999999720846
6.496793272812507 7.496793253904137 89.9999990125953
5.496793259896384 7.496793272745186 89.99999901366742
4.496793243187867 7.496793256061361 9.283221174838089e-07
10.496793281432682 6.496793281428922 2.3195899353265282e-10
9.496793281431618 6.496793281431132 1.1024135279081247e-10
8.496793281424093 6.496793281426061 89.99999999924826
7.496793281407052 6.496793281406797 89.99999999729575
6.496793278226967 6.496793248491085 89.99999963288515
5.496793269609526 6.496793258724054 6.203705005882046e-07
10.496793281434273 5.496793281427328 4.9539039537194185e-11
9.49679328143344 5.496793281430827 1.4482623607062094e-10
8.49679328142116 5.496793281421605 89.99999999873796
7.496793281406163 5.496793281404384 89.99999999701953
6.496793261323748 5.4967932315863415 89.9999976957446
5.493713668863556 5.496793246343366 2.035271485599881e-06
10.496793281434318 4.496793281426504 89.99999999995545
9.496793281433344 4.496793281428202 89.99999999984428
8.496793281423981 4.4967932814213105 89.99999999877147
7.496793281409118 4.496793281403954 89.99999999706853
10.496793281434128 3.4967932814255347 6.622258297284134e-11
9.496793281432137 3.496793281428147 89.99999999983824
10.496793281434694 2.496793281424943 89.99999999999868
4.487099883715289 6.4870998725393685 1.1218347479940172
4.4840214731985855 5.486847874646926 1.1218350525488576
6.484666629805252 4.496793226241794 89.99999701080728
5.356827674677683 4.495411208275546 0.1585910565765115
1.5748981823501778 9.721378342889425 26.063697759367237
0.6654130909525986 9.2884656381805 25.22631015476156
2.4359136963170402 9.017850340701473 24.872308562629946
1.5328189283547886 8.588295548407958 24.87230856262962
0.6639223907553666 8.084973641273159 24.872308562629463
1.5453923315049594 7.391209099419052 27.488622043174466
2.4230180640560484 7.899029939729327 25.985918284314845
3.3306010213386545 8.33060103461234 25.413781159293425
0.6743374850265275 6.898794411316626 27.48862204311901
2.4304814621050794 6.723220274477981 29.479845096012138
3.3346195893333954 7.225375228450238 25.413781160264822
0.679084377259548 5.740807598021505 28.74839958882569
1.5599525640262035 6.231102911677591 29.479842347504277
3.276641194583712 6.052834563216121 29.4798441680139
0.5000000069504866 4.500000047060552 7.964669658244078e-07
1.535583419986194 5.068599871046787 29.479841195620338
2.4061123279096517 5.560717202165503 29.479843895272094
1.6813230995762687 3.987899735195597 29.47983745255714
2.5456997084104582 4.490900140953277 29.479839566232524
3.4162286179707424 4.983017524363227 29.479845377999453
9.73549846420553 1.5696034318151961 61.7161458719275
9.283526872697244 0.6772254912144068 61.716146779488085
9.025190701560536 2.4372357410809005 66.08351444002936
8.572737891947847 1.543963476680507 66.08351444003581
8.099811313279467 0.6597709864625471 66.08351444003543
7.402769916720134 1.552289958844802 63.58604398891604
7.874687216672869 2.4344505134314636 63.58604475314132
8.326564898373556 3.3265648983710565 63.5860447554893
6.930653356075412 0.6702283860740784 63.58604398891621
6.726846140077961 2.4402723522200134 61.88336117512928
7.201906520571369 3.3280099373046155 62.674544101693364
5.7836797265295266 0.6766290367533025 61.88336192833389
6.254947756624647 1.5586191045371898 61.88335987375555
6.0912459418267115 3.3726309242848824 61.84241379626234
4.676629033199432 0.7266903620163896 61.88336291999719
5.147897041873869 1.6086804272264814 61.88336228233713
5.619347694131419 2.4909779061662665 61.8424137655778
3.993600198982667 1.5703193736994625 61.88336348234792
4.464567446496975 2.452470136349008 61.883363482344926
4.936584667819335 3.334464660630411 61.842412883526876
4.168585638541727 4.24796428357618 32.1365362687236
3.3037793086878664 3.744716771774322 32.13653505824604
2.4322568170609626 3.2518666080314222 32.15445886641902
3.3049365253354583 2.404016746611701 61.916536989935196
