110 10.9968326079852
0.5000000002488856 10.496832607736314 2.8520091000000002e-08
10.496832607985054 0.5000000000001458 1.6597e-11
0.5000000000001366 0.5000000000001366 1.5550950732548598e-11
1.5000000000001563 0.5000000000001188 1.3504950732548599e-11
2.5000000000003246 0.5000000000000495 89.99999999999443
3.5000000000004787 0.500000000000202 89.99999999997696
0.5000000280467413 1.5000000280467432 3.213919798228795e-06
1.5000000575762247 1.5000000014829797 89.99999983009035
2.5000000791848835 1.5000000230918031 89.9999973539206
0.5000000325356488 2.5000000325356546 3.7283107488142494e-06
1.5000000556305069 2.500000058596225 6.374786352858525e-06
0.5000000077105992 3.500000057360706 8.835694842446173e-07
10.496832607983999 10.496832607983999 1.3754997860178693e-10
9.496832607982691 10.496832607985093 89.99999999998799
8.496832607982236 10.49683260798485 3.990094791922156e-11
7.4968326079821495 10.496832607984937 3.001622804333706e-11
6.496832607981885 10.496832607984674 6.016935957253695e-11
5.496832607981843 10.496832607984635 6.471817278361062e-11
4.496832607981483 10.496832607984992 2.3765525423706574e-11
3.496832607981067 10.496832607984992 89.99999999997625
2.4968326079794214 10.496832607983762 1.646594137411907e-10
10.4968326079848 9.496832607983194 4.56017777243183e-11
9.496832607984462 9.496832607984926 7.078631827877645e-12
8.496832607983926 9.496832607984027 89.9999999999457
7.496832607983537 9.496832607984587 89.99999999999011
6.496832607982929 9.496832607984667 5.955770852628315e-11
5.496832607982766 9.496832607984425 4.1042736932526055e-11
4.49683260798274 9.496832607984864 3.826113516166258e-11
3.496832607982549 9.49683260798426 5.987210991095102e-11
10.496832607984794 8.49683260798239 89.99999999995362
9.496832607983098 8.496832607982762 89.9999999997595
8.496832607977925 8.496832607977229 89.99999999916692
7.496832607977378 8.496832607977948 89.99999999922953
6.496832607769203 8.496832607769248 89.99999997537468
5.4968325760828725 8.49683257651335 3.6063605722843854e-06
4.4968325760659145 8.496832576496809 3.6083034291901177e-06
10.496832607971319 7.4968326079813234 7.570564956123519e-11
9.496832607969509 7.49683260798181 89.99999999986858
8.496832607851742 7.496832607865584 89.99999998637354
7.496832607431963 7.496832607862325 89.99999998598027
6.496832582722828 7.496832583152665 89.99999715452208
5.49063206859327 7.49683257610863 3.608015195097642e-06
4.488472424624231 7.494699731703735 89.75198906297565
10.49683260773815 6.496832607976663 6.094840612510485e-10
9.496832607731914 6.496832607981577 89.99999999989517
8.496832607189958 6.496832607864836 89.99999998628796
7.496832607187325 6.49683260786227 89.99999998598629
6.496832582475016 6.496832583149541 89.99999715416439
5.496832526150236 6.496832576494826 3.608508748883173e-06
10.49683260752775 5.4968326075245315 5.241973989631044e-08
9.496832607069502 5.496832607981458 89.99999999990861
8.496832606949564 5.496832607863761 89.99999998616492
7.496832606947955 5.49683260786222 89.99999998598064
6.496832549365696 5.496832550279539 89.99999338753963
5.488003890817172 5.496832550345789 6.230513975553069e-07
10.49683260798517 4.496832607067052 89.99999999999666
9.496832607984798 4.496832607981056 89.99999999995437
8.496832607864308 4.496832607863605 89.99999998614732
7.496832607863116 4.496832607861954 89.9999999860108
10.496832607984969 3.49683260706685 89.9999999999737
9.496832607984938 3.4968326079808567 89.99999999997706
10.496832598624003 2.496832597705882 89.99999892728597
4.490154192769962 6.49468306225117 89.75199152170222
4.4855597623167816 5.490079426148473 0.2831999051653948
6.48467965980631 4.493588452507372 89.62028156590654
5.355532997305692 4.494367305234208 0.28319777286862124
1.575101621805796 9.72087252840348 25.979855431099264
0.6647144015826627 9.287969785209295 25.059625291558767
2.43592598209852 9.017602608658567 24.90496147496177
1.5326726895800218 8.588402226757065 24.904961474962317
0.6640609540548001 8.084589917440525 24.904961474959812
1.545356520545594 7.391035292368775 27.50737242642821
2.423442642049132 7.899712404782635 25.90821507688329
3.3307033948921996 8.330703401409181 25.398549164944402
0.6744070775287109 6.89844270840265 27.50737242579726
2.422216588452503 6.718563962943488 29.491677321487177
3.326139758803901 7.221541210340451 25.398549165433263
0.6813621740358319 5.733969566326811 29.491677946594383
1.5517893884728569 6.226266746313711 29.491680757276086
3.2766288805851316 6.052942217991953 29.49167732145922
0.5000000216045679 4.500000086675873 89.99999752429893
1.5357744422323383 5.06834780691402 29.491681591802653
2.4062016447845167 5.56064500399729 29.491684181506045
1.681362172662103 3.9877966281892183 29.491675214384344
2.5457766920272142 4.490724798408814 29.49167716624996
3.416203883301048 4.983022025941135 29.491680348736033
9.735654109323994 1.5695891778795001 61.69958532741232
9.283531659540559 0.6772842369797984 61.699589523695565
9.025308610345363 2.43726756915314 66.08917996180796
8.572699595104018 1.5440589885412002 66.08917996218712
8.10002714676833 0.6597458309785397 66.08917996222193
7.402960021001608 1.552325524171705 63.59986814396007
7.874629117312407 2.4346174538656915 63.59986814397557
8.32665861923847 3.3266586192127883 63.599868143997185
6.931008103904555 0.6701739887466391 63.5998681439589
6.726981876324295 2.4404406148439497 61.901998516951714
7.201570822683267 3.3279079348273486 62.63966935453699
5.784255100300751 0.676562191269538 61.902001846878605
6.255248730182454 1.5586988354078863 61.90199851685513
6.090486599853953 3.3714796163544656 61.853151332738705
4.676562181057858 0.7250908718128775 61.902004693025106
5.147543242088064 1.607234211644731 61.90200286764844
5.6187536074658855 2.4897381274124855 61.85315531072839
3.994049473991202 1.5699783519357162 61.901999368516684
4.464683314463649 2.452307075167866 61.90200124178472
4.936559226161709 3.3344553060193394 61.853153445975664
4.1682613649506495 4.248065291062594 32.10105305112086
3.3034646593397676 3.744841548098493 32.10105089126857
2.4321340247593497 3.252033327871366 32.10105476545411
3.3052858355410675 2.4038677272978983 61.94032751209369
