110 10.997189512420231
0.5000000000007081 10.497189512419522 8.1059e-11
10.497189512420048 0.500000000000182 2.0761e-11
0.5000000000006307 0.5000000000006307 89.99999999992781
1.5000000000006637 0.5000000000005995 89.99999999993139
2.500000000001646 0.5000000000003827 4.376667649751192e-11
3.500000000001664 0.5000000000003993 4.5669854337318743e-11
0.5000004941181856 1.5000004941186629 89.99994337819888
1.5000005533704253 1.5000004348663274 89.99995016796818
2.5000009882367378 1.5000000000007805 89.99999999999837
0.50000000000022 2.50000098823663 89.99999999997488
1.5000000000004878 2.5000008697321685 89.99999999994438
0.6027708136251955 3.5000014462797715 89.99993393251759
10.497189512420157 10.497189512420157 8.39825244139711e-12
9.497189512419952 10.497189512420102 89.99999999998525
8.497189512419839 10.497189512419988 89.99999999997235
7.497189512418533 10.497189512419167 1.2177272688988653e-10
6.497189512418433 10.497189512419068 1.3306295033867415e-10
5.497189510284778 10.497189510285414 2.4463187989905414e-07
4.497189502115506 10.497189502116145 1.1807611921565065e-06
3.497189491809151 10.497189512417961 89.99999999974004
2.4971890756454718 10.49718909625882 4.768860450598662e-05
10.497189512420006 9.497189512419858 89.99999999997442
9.497189512419828 9.49718951241983 89.99999999995428
8.497189512419359 9.49718951241936 89.99999999990072
7.4971895124189025 9.49718951241678 89.99999999984853
6.497189512417473 9.49718951241801 1.2198518618155348e-11
5.4971895124163765 9.497189508149608 89.99999999988673
4.497189512415896 9.497189491811548 89.99999999994162
3.4971895124149754 9.497189512417119 89.99999999983632
10.497189512419757 8.49718951241916 5.4157567319634836e-11
9.497189512419524 8.497189512419187 2.7782220968219917e-11
8.497189512418732 8.497189512419041 89.99999999993715
7.497189509753185 8.49718950975046 3.053862044007335e-07
6.497189508399695 8.49718950839963 4.6048450825424954e-07
5.49718950213639 8.497189497866827 1.1782063569625417e-06
4.497189502136083 8.497189481528942 1.178241404094318e-06
10.497189512419377 7.497189512418779 9.775646958587458e-11
9.497189512418034 7.497189512418455 89.99999999994407
8.497189512416968 7.497189512418372 89.9999999998606
7.492148894254185 7.497189391091968 89.99998657276319
6.492148660709289 7.49718915719726 89.99995981049288
5.492148301605568 7.497189495884734 9.607620511547096e-07
4.492147816274439 7.4971889991087215 89.99994534588362
10.49718951210407 6.4971895121045735 89.99999996409271
9.497189511787742 6.497189512414989 3.409610371818417e-10
8.497189511706647 6.497189512341469 89.99999999104836
7.497189506552513 6.497189268892391 5.816687440049881e-07
6.497189500531761 6.497188795492872 1.27159723158797e-06
5.497189500529338 6.497189493286447 1.271321534869634e-06
10.49718951202635 5.497189512024044 89.99999995486476
9.497189511630502 5.497189512413981 2.255120534755406e-10
8.497189511625686 5.497189512266197 89.99999999967386
7.495769793523693 5.495769545711592 89.83708044012427
6.483551982139259 5.497188297532781 5.829896581436367e-05
5.483551920095458 5.49718893328144 6.540852860174257e-05
10.497189512027818 4.497189512022574 89.99999995503298
9.497189511632959 4.497189512413501 2.8033775609642156e-10
8.497189511628175 4.497189512265684 89.99999999973248
7.497187920500067 4.49080943334158 89.99981766959523
10.497189512418494 3.4971895116284255 1.9888151160028506e-10
9.497189512418261 3.497189512413018 2.2522783638123656e-10
10.497189512419764 2.497189511627153 5.324807261786191e-11
4.497189465538544 6.497188545817269 89.99999726166958
4.483551312326304 5.49718853374978 89.99999576327532
6.497187633838095 4.497186518473057 89.99985284354082
5.361334838608572 4.497188373792843 0.00011353306556355635
1.5741814547880024 9.725135386227608 26.54833462722224
0.6694715093106933 9.29234091916192 26.222490660053005
2.436500371119675 9.020038846177512 24.66463901702795
1.534222078869201 8.588604524985929 24.664639017030968
0.6630360959709657 8.08946063217651 24.664639017006557
1.5460618863627915 7.394601687463206 27.311244479734217
2.4211781147251736 7.8958155527320555 26.441332278825385
3.3305334660054315 8.33053346801148 25.526197413378853
0.6736755718618754 6.904520399933178 27.311244479741763
2.4245075954600552 6.721288932086131 29.325925276855855
3.330533444525406 7.222363119127212 25.526197413270015
0.6808123400956279 5.741732534900226 29.32591578487145
1.5526602249021773 6.231510360351282 29.325976091282886
3.276102292426848 6.0526991363976625 29.325925276951978
0.5000000000061512 4.500002022822103 89.99999999929521
1.5324069682766324 5.073142449980519 29.3260167099058
2.4042543148356 5.562920540280097 29.32603810639854
1.6808121736650914 3.9919076855348137 29.32586586806466
2.545138522596785 4.495074528597259 29.32592605295
3.4169858927340417 4.984853289199195 29.325987425432842
9.73572830937862 1.5700586489390953 61.77099939627857
9.285017243893122 0.6770304662233756 61.77099991398642
9.025381131274928 2.437791282774808 66.09762872515866
8.574223430688068 1.5439311398975701 66.09762872515836
8.101320336824985 0.6597083056452032 66.09762872515914
7.4037523947200645 1.5513553024910565 63.38662924554451
7.875587560184416 2.4334467924394696 63.386696089297104
8.326181206299191 3.326181206148657 63.38673820520591
6.928436041304913 0.6710087302782131 63.386629245544476
6.7282020628403085 2.436225204891573 62.140066123001716
7.2036905997549265 3.3248594753742937 63.045234810516405
5.779081275648728 0.675702348706149 62.14001503884907
6.253085850041453 1.5562573190480105 62.14000944431739
6.0944173756237 3.3764658007538015 61.63435351495935
4.675702145643036 0.7281536161468002 62.14007087042918
5.1447050414130295 1.6149963065405795 61.76970014940034
5.619319986754716 2.496531640088015 61.63425863215728
3.9877364610733923 1.5740862505631463 61.769740726807626
4.460752902925248 2.4551398503730684 61.7697407268127
4.936231819384301 3.336208444302271 61.63432628948451
4.170538633736958 4.246492599342073 32.67015813385293
3.3055872700986906 3.7428057743334264 32.67011912070541
2.432252931764271 3.252191377013099 32.67018219375705
3.299691202743714 2.406605869479853 61.76969204605056
