110 10.996826314348267
0.5000000000007481 10.49682631434752 8.4665e-11
10.496826309028492 0.5000000053197752 89.99999939039972
0.5000000000000123 0.5000000000000123 89.99999999999964
1.500000000000064 0.5000000000000454 89.99999999999585
2.500000000000166 0.5000000000000566 5.432747437097692e-12
3.500000169507484 0.5000001695072618 89.99998057589637
0.5000001695077062 1.500000169507731 1.942415456281821e-05
1.5000003385528766 1.5000000004626457 5.300381360641217e-08
2.500001169593586 1.500000830577706 89.99990482267623
0.500000000014781 2.5000003390006746 1.6927116134339203e-09
1.500000008306085 2.5000000083061704 9.51804041366862e-07
0.600286557341915 3.5000009176002567 89.9999170644939
10.496826314341593 10.496826314341593 89.99999999923631
9.496826314327775 10.496826314327793 89.99999999765481
8.496826314297955 10.496826314338923 1.0695915775329107e-09
7.496826304307474 10.496826304367127 89.99999885624679
6.496826294333368 10.496826314341213 89.99999999919297
5.496826293570401 10.496826313578275 89.9999999117655
4.496825589637818 10.496825609645713 89.99991924697986
3.4968248847764034 10.496826314189398 1.8203084741174265e-08
2.4968247240888672 10.496826153501887 1.8431639262173304e-05
10.496826314343137 9.49682631432979 5.868418873822031e-10
9.496826314340222 9.496826314299291 9.188078531354003e-10
8.496826314329413 9.496826314326766 89.9999999996803
7.496826314329298 9.49682629438885 89.99999999967133
6.496826314328849 9.49682631433659 89.99999999972079
5.496826314328696 9.496826312810846 89.99999999970441
4.496826314328361 9.496824904946045 89.99999999966823
3.496826314323102 9.496826314032859 2.6781776796269696e-10
10.496826314338476 8.496826314314868 89.99999999887908
9.496826314332479 8.496826314275491 89.99999999819381
8.496826314320808 8.496826314302114 89.9999999968588
7.496826308924945 8.496826289017527 6.151772197165743e-07
6.496825600222101 8.496825600262875 8.182659724599024e-05
5.496825333379967 8.49682533189589 0.00011240438638802249
4.496824999114143 8.496824258296702 7.41002704895158e-05
10.496826314333909 7.496826314310283 89.99999999835579
9.496826314331813 7.4968263142748075 89.99999999811757
8.496826314283354 7.496826314264641 89.9999999925668
7.496826308938277 7.496826288929268 6.050654526269567e-07
6.496824786065578 7.496824786177898 0.00017511368763785273
5.496823603877412 7.496823602463166 0.00031058250996775856
4.496823603868841 7.496822194599958 0.0003105826809362543
10.496826314323554 6.496826314287764 9.341363238490885e-10
9.496826314257643 6.4968263142662215 89.9999999990993
8.496826314234125 6.496826314184117 1.7919846402367766e-09
7.496826305207784 6.496826285299349 1.02102130294569e-06
6.4968239433928145 6.496823943595889 0.0002716657225686645
5.496822654889249 6.496822653557166 0.0004193169558178668
10.496826314312058 5.496826314269261 89.99999999881597
9.496826314275745 5.49682631423238 2.975104636960062e-09
8.496826314185334 5.496826314132297 7.728160615143551e-09
7.496826305285068 5.4968262852750485 1.0238037956366413e-06
6.4968228438429225 5.496822843922745 0.0003976772335408181
5.496821059068898 5.496821057597933 0.0006021962950579767
10.496826314324485 4.496826314255803 89.99999999727592
9.496826314276746 4.49682631423035 2.7445429313995236e-09
8.496826314260067 4.496826314105445 4.65341166687666e-09
7.496826306051662 4.496826284589653 9.452653832000934e-07
10.496826314347237 3.4968263142330325 89.9999999998831
9.496826314333676 3.496826314218904 1.4350566428783957e-09
10.496826261552538 2.496826261438316 89.99999395005594
4.487327483581123 6.487133130320587 1.0991014560832228
4.488680214802666 5.482718817757474 0.5956483113374078
6.484687572819134 4.496821978010571 0.0003058763540792583
5.353254863172212 4.491653493990478 0.5956894786425051
1.5749923205464282 9.721200409309718 26.030256573907153
0.6650840845065729 9.288259517860832 25.147659140370543
2.4359338042917833 9.01777501106351 24.885185363475024
1.532775408662465 8.588362598773998 24.8851853634835
0.6639770594757898 8.08487765814136 24.885185363496063
1.5453771227010429 7.391195657430778 27.494931159793406
2.4231954690189763 7.899322228742924 25.9548978020627
3.330667201258767 8.33066799460395 25.405582099214733
0.6743609095252279 6.898715018772914 27.494931158768335
2.427146110928007 6.721387085759392 29.48417468076747
3.3346774895150757 7.225512810147865 25.405582112517127
0.6794234471102211 5.738891867828086 28.91461012504196
1.556654084104572 6.229202908598219 29.484081116123626
3.2766188785886303 6.0529099023016375 29.48417466881527
0.500000000095021 4.50000164127262 89.99999998911245
1.5356335504303311 5.068542900362621 29.48400537967319
2.4061277298222077 5.560725222084665 29.484209018782977
1.6813364821484016 3.9882160805218603 29.483893966984127
2.545860339545936 4.490954225207597 29.48389399507952
3.416354457217684 4.983140230531318 29.484299233764943
9.735513020919269 1.5696434157656793 61.721485370155264
9.283655878292683 0.6772065376334512 61.721485371096904
9.025212508774288 2.437270188130818 66.08277600265907
8.572878102119914 1.5439461376994155 66.08277600362635
8.099907383672761 0.659774264718482 66.08277600368041
7.402866453462496 1.5522792675510142 63.583677049334106
7.874826729603645 2.434417072932653 63.58367705157057
8.326588618407003 3.3265886181480258 63.58367705449809
6.930712454245431 0.6702376959499872 63.583677048216686
6.72695336047789 2.4402411223476372 61.88073589686246
7.202141139752371 3.328111656659543 62.69252958038269
5.783710067705318 0.6766381590667462 61.88081661410888
6.255017580071747 1.5586079077350956 61.88073589698345
6.091371474092303 3.372583334694349 61.839930167893414
4.676637642803378 0.7267039929307773 61.88100999294475
5.1479446737135195 1.6086742475765616 61.880904140974884
5.619435761019236 2.490950255525503 61.83994183090845
3.993622278350488 1.5703224115234373 61.880664837609494
4.464631360122032 2.4524508664409055 61.88066770569146
4.936685017023682 3.334422885987052 61.84002086688519
4.168266750000209 4.248233545049463 32.05598119839785
3.3033378613823285 3.7452686398426818 32.05591520667007
2.4319091739041823 3.2523780573168373 32.07453261831026
3.3049684502898415 2.403996491741051 61.91380218019967
