110 10.99726941178637
0.5000000000000164 10.497269411786354 89.99999999999832
10.49726941002414 0.5000000017622295 89.99999979806358
0.5000000000006523 0.5000000000006523 89.99999999992546
1.5000000000009976 0.5000000000003105 89.99999999996461
2.500000000001068 0.5000000000003773 89.99999999995697
3.500000000002489 0.5000000000017951 89.9999999997945
0.5000000150751864 1.500000015076491 1.727488940912365e-06
1.5000000281874384 1.5000000019635593 2.2493594543508523e-07
2.5000000301539163 1.5000000000071299 89.99999999959459
0.5000000012207804 2.5000000289309003 1.398909222961114e-07
1.500000003201391 2.500000003202012 3.668517636191103e-07
0.5000000256682725 3.5000000558199535 89.99999705863276
10.497269411786286 10.497269411786286 89.99999999999062
9.497269411785185 10.497269411785352 1.1640111097221961e-10
8.497269411784206 10.497269411786329 4.547473508864641e-12
7.497269411783421 10.497269411785547 9.414440723172811e-11
6.497269411104349 10.497269411108121 89.99999992227868
5.497269396621587 10.497269396625365 89.99999826267684
4.497269395773808 10.49726939747314 89.99999835982481
3.4972693814605997 10.497269411786345 89.9999999999972
2.4972693702589743 10.497269400584772 1.2836085286507588e-06
10.49726941178623 9.497269411786062 1.5987211554602254e-11
9.49726941178618 9.497269411784426 1.0700773600547109e-11
8.497269411786009 9.497269411786212 89.99999999999152
7.497269411785836 9.497269411784817 1.0885514711844735e-11
6.49726941178578 9.497269410429725 1.6925127965805586e-11
5.497269411785772 9.497269381464212 1.6413537196058314e-11
4.4972694117857595 9.497269383159773 1.5432988220709376e-11
3.497269411785423 9.49726941178585 5.3574922276311554e-11
10.49726941117679 8.49726941117634 89.99999993014742
9.497269410566679 8.497269411783988 6.066613877919735e-11
8.497269410552768 8.497269411771697 1.6542626295750636e-09
7.497269409889681 8.497269411107387 7.763807043831563e-08
6.497269396084438 8.49726939594711 1.6596018578595252e-06
5.497269394593597 8.497269365490755 1.830439329818755e-06
4.497269394301525 8.49726936689424 1.8639079018183474e-06
10.497269410944055 7.497269410943602 89.99999990347807
9.497269410102094 7.497269411783099 89.99999999995934
8.497269410086242 7.497269411770636 1.7754638007719208e-09
7.497269409845704 7.497269410204825 89.99999997421233
6.492481992148892 7.49726937464587 89.99999923618596
5.492481597593287 7.497269350982276 1.6951365364689685e-07
4.492481592507985 7.497269347057089 89.9999995867814
10.497269410881099 6.497269410880642 89.9999998962637
9.49726940997629 6.497269411782986 89.99999999994672
8.497269409960905 6.497269411770055 1.7091762193154441e-09
7.497269409722744 6.497269410203025 89.99999997441824
6.497269397530718 6.497269356126149 1.3715212520438288e-06
5.497269390849299 6.497269333989948 2.1371551200590436e-06
10.49726941077488 5.497269410774419 89.99999988409192
9.497269409763854 5.49726941178298 89.99999999994655
8.497269409748352 5.497269411769934 1.7225329531904705e-09
7.497269409517756 5.497269410195338 89.99999997529855
6.497269385320444 5.49726933777587 89.99999926873457
5.490040623577889 5.497269319274628 3.7925080799010155e-06
10.497269410759909 4.497269410759444 89.99999988237633
9.49726940973363 4.497269411782696 89.9999999999788
8.497269409718532 4.497269411769808 1.7084422524177654e-09
7.497269409487601 4.497269410194877 89.99999997524613
10.497269411785794 3.497269409733555 89.99999999993419
9.49726941178526 3.497269411781771 89.99999999987327
10.497269411709471 2.497269409656079 8.811862447545267e-09
4.49726937586983 6.497269310143432 3.853675465848028e-06
4.490040606103622 5.497269291909527 1.7901047814276133e-06
6.48508382117035 4.49726932470778 89.99999771556809
5.36054917761325 4.4972692914334145 6.000680934334748e-06
1.576402595993231 9.71821860592297 25.497871457138793
0.6623790374540756 9.291877649443194 24.511983995749343
2.4361778259069893 9.016458164234662 25.092635141155508
1.5319866890012777 8.589316743954198 25.092635141155395
0.6648531674153344 8.08303930669225 25.09263511473244
1.5451326976974313 7.390684087792685 27.60775710756798
2.4259336798056426 7.903844872251903 25.467913544319376
3.331642630810572 8.33164263514418 25.277554293539623
0.6747784290957859 6.897081092259135 27.607757107077457
2.421282697376548 6.718713347919748 29.558817936389666
3.331642566269307 7.225753622163839 25.277554296193074
0.6815832473073744 5.732079724219678 29.558815530353996
1.5514329976986363 6.225396508177791 29.558817684131583
3.2763069858772784 6.0539983301363 29.55881706666777
0.5000000147574682 4.500000066730762 89.99999830891889
1.5366075349699053 5.067364690088693 29.558818208351276
2.4064572691867343 5.560681484562685 29.558819344364792
1.681583275797771 3.9999607005970796 29.558822510206063
2.551433006109861 4.493277512504742 29.558820777882566
3.4212827326780375 4.986594337865928 29.55882289754933
9.73581026844693 1.5701345449801416 61.77615618918902
9.285279636974392 0.677012101663181 61.77615619330473
9.025578643487552 2.4377172434368717 66.07652316454795
8.574616370331205 1.5437905955659705 66.07652316452004
8.101252349252412 0.6598020195316908 66.07652316451369
7.404226790449721 1.5522164592397014 63.57395737582872
7.8765729011595855 2.434156806251677 63.573957376351764
8.32699349749861 3.3269934974712427 63.57395737807778
6.931881078027116 0.6702759142956125 63.5739573758284
6.728213099166557 2.4398488023244975 61.837803384670885
7.204725556246391 3.329262153632536 62.88090155472616
5.783950780594439 0.6767921199663671 61.83780198001213
6.256086692115939 1.5583179101025322 61.83780187294873
6.093112863276467 3.3722954620170658 61.83780483190839
4.676792110305733 0.7274570179698769 61.83780468313208
5.14880964226979 1.6091534399516185 61.826967762537286
5.620945552422953 2.490679224327938 61.82696626273809
3.993738356607165 1.57055206120289 61.82696775380006
4.465874265624908 2.4520778442005327 61.8269690529022
4.9380101824864955 3.333603622471926 61.82696780685017
4.1745251051778105 4.258184342054102 30.973707437830388
3.292465820228682 3.7616788472850486 29.558819710392534
2.4216566898594527 3.270053745401735 29.558819710394076
3.305500245872324 2.4035756981122365 61.82696753100072
