110 10.99777528075239
0.5000000000000429 10.497775280752347 4.704e-12
10.49777528074033 0.5000000000120598 89.99999999861825
0.5000000000000205 0.5000000000000205 89.99999999999784
1.5000000000000249 0.5000000000000212 89.99999999999777
2.50000000000038 0.5000000000003342 3.808509063674137e-11
3.5000000000076357 0.5000000000069212 89.99999999920709
0.5000000134344124 1.5000000134344158 89.99999846052994
1.5000000134610716 1.5000000134610714 89.99999845747544
2.500000034827343 1.500000034828002 89.9999960090816
0.5000000000000078 2.500000026868836 6.82e-13
1.5000000000000626 2.5000000269220957 89.99999999999481
0.500000028716753 3.5000000555855966 89.99999670930262
10.49777528075212 10.49777528075212 3.0811228325267753e-11
9.497775280751531 10.497775280752073 89.99999999996393
8.497775280750515 10.49777528075169 7.997869033715688e-11
7.497775268070854 10.497775268070637 1.4530617104764593e-06
6.4977752553966255 10.497775280746257 7.024930334990005e-10
5.497775240477025 10.49777526582666 1.7103624312165562e-06
4.497775213043941 10.497775268245034 89.99999856676287
3.4977752005288294 10.497775280744632 8.885730953175357e-10
2.497775193896027 10.497775274111834 7.609512958281276e-07
10.497775280751346 9.497775280751101 89.99999999991455
9.497775280750513 9.49777528075167 9.777068044058979e-12
8.497775280750075 9.497775280751508 5.95292704019812e-11
7.497775280745592 9.4977752248325 5.728082680270255e-10
6.497775280733357 9.497775280735153 1.9744375413700562e-09
5.497775280733241 9.497775250918272 1.9873233870419183e-09
4.497775280733234 9.49777525088359 1.9868996050859917e-09
3.4977752807331 9.497775280735175 1.9719608145740366e-09
10.49777528075215 8.49777528075059 89.99999999997262
9.497775280751252 8.497775280751098 7.494997666821085e-11
8.497775280750574 8.497775280750963 89.99999999999756
7.497775267956933 8.497775212043878 1.4660404560901284e-06
6.49777524813961 8.497775248141446 3.736937867493976e-06
5.497775237670822 8.497775207855893 4.936572216852744e-06
4.497775237669498 8.49777520781989 4.936723205852731e-06
10.49777528075148 7.49777528074944 1.040336274441531e-10
9.497775280749323 7.497775280749195 89.9999999998574
8.497775280748336 7.49777528074875 89.99999999974442
7.497775150451617 7.497775166760915 89.99999627699472
6.497775037885783 7.497775229471327 5.876373744244476e-06
5.492887557912858 7.497775184980438 7.509648798847788e-06
4.492887551889128 7.497775190969457 6.819381482614517e-06
10.497775269877396 6.497775269873538 89.9999987538178
9.497775239581458 6.4977752807472315 8.194451771652164e-11
8.497775239578338 6.497775280748577 89.99999999972498
7.497775222089488 6.497775116785114 2.0037998873729248e-06
6.497775178769096 6.49777521994553 6.967950391246629e-06
5.497775164371371 6.497775176045053 8.617807654650447e-06
10.49777526016655 5.497775260162689 89.99999764103686
9.49777523957833 5.497775280745562 2.729487843002104e-10
8.497775239574324 5.497775280747794 89.99999999981439
7.497775054183298 5.497774881236634 89.99999895192713
6.4925918288689655 5.497775199438159 9.245686084670147e-06
5.492591814280716 5.4977751551979015 1.0917375366255842e-05
10.497775258117567 4.497775258113701 89.99999740624067
9.49777523547935 4.497775280744546 3.88939056063995e-10
8.497775235474775 4.497775280747348 89.99999999986503
7.49777523285562 4.491454733410727 89.99999969973408
10.49777528075208 3.49777523547857 3.52762369042178e-11
9.497775280751803 3.4977752807417293 6.662193657420444e-11
10.497775274171671 2.497775228897541 89.99999924590533
4.497775155839675 6.497775053414125 7.640146961307437e-06
4.49259180071544 5.497775037689 9.362908995072343e-06
6.497775123191283 4.497775174154837 1.227013799144893e-05
5.364169065039167 4.497775108579813 1.3455333616508934e-05
1.5759292588873817 9.721969719222237 25.94758259257233
0.6654319147337414 9.289439532958756 25.23080801467421
2.4368506461709445 9.01867790463468 24.896087404261905
1.533452586155584 8.589786144925469 24.896087404261905
0.6640233180953524 8.087701800080474 24.896087404234756
1.5457607053845468 7.394318222321964 27.422583201516122
2.424396215502084 7.901090429004957 25.877441278500868
3.3317381355909275 8.331738143891599 25.37632336905688
0.6740918052083655 6.90299856906931 27.422583201508413
2.4233765019710174 6.721536372604878 29.407951394011228
3.331737953694535 7.224946467309702 25.37632336911143
0.6810851551725026 5.739486978633368 29.407948387736763
1.5522308497451334 6.230511650269499 29.40795121401121
3.275678341655364 6.05402597729843 29.40795016539775
0.5000000124380607 4.500000071864294 89.99999857470343
1.5333870021742468 5.071976569645899 29.407951392779545
2.4045326760246293 5.5630012552740595 29.407952937729554
1.6810851803323381 4.007313556739183 29.407954492296657
2.5522308410539214 4.49833823829985 29.407954486808244
3.423376505850813 4.989362939034767 29.40795597800116
9.736084665811601 1.5707228697673405 61.84896846968206
9.287205959564613 0.6767521859294077 61.848969262019004
9.025849108824628 2.438373206625082 66.08599563404148
8.576585977935293 1.5436840992303782 66.08599563399176
8.103046313340267 0.6597599705075058 66.08599563402764
7.405542651098216 1.551318323836196 63.38291614774176
7.8780050945603755 2.4330928931750266 63.382917788336414
8.326752110768215 3.326752110764748 63.382919547378506
6.93012808763207 0.6710231832150526 63.382916147741746
6.729768088171341 2.4357522678355163 62.075339333888344
7.2071220945203995 3.32639113029219 63.28994471472164
5.779349910636765 0.6759371504061963 62.07533907824088
6.254558961640728 1.5558447278738552 62.07533780882999
6.096681738772433 3.3761000729129345 61.62797785575414
4.675937135481815 0.729457316662616 62.07534319889405
5.146292541697831 1.6163386107225928 61.62797700415648
5.621487115277032 2.4962193592726 61.627977830821706
3.9874647348396195 1.5750287201121764 61.62797934458862
4.462659311338233 2.454909458886655 61.627979344587956
4.937853934523142 3.3347902000844916 61.62797655802524
4.177537951612427 4.2591096881661255 31.17813197022555
3.2920818344479454 3.762504501790902 29.407952681789308
2.418823070892276 3.275228756932614 29.407952681823556
3.299888672505109 2.406298885146563 61.627981051835604
