110 10.996813440658833
0.5000000000009511 10.496813440657881 1.08867e-10
10.496813440647724 0.5000000000111087 89.99999999872716
0.5000000000000637 0.5000000000000637 89.99999999999282
1.5000000000050797 0.5000000000050777 89.99999999941826
2.5000000000102873 0.5000000000001298 1.4740325865889078e-11
3.500000000010601 0.5000000000004406 5.036745465647392e-11
0.5000000197051491 1.500000019705151 89.99999774195634
1.5000000411744234 1.500000001774281 2.0215375091817103e-07
2.500000058313943 1.5000000153756523 89.99999823810974
0.5000000015528023 2.5000000378575002 89.99999982206208
1.5000000118282208 2.5000000087327736 9.995380734099712e-07
0.5000000352719095 3.50000007157661 89.99999595813689
10.496813440658578 10.496813440658578 2.9022341237433275e-11
9.496813440658222 10.496813440657691 6.949181565722472e-11
8.49681344065763 10.496813440657634 1.3702706380499577e-10
7.496813440642666 10.496813440642672 1.8516812790441015e-09
6.496813440626204 10.496813440658531 89.99999999996568
5.496813425354089 10.496813425387016 1.7500210811344236e-06
4.4968134093304535 10.496813409363384 3.586194164217798e-06
3.496813378058336 10.4968134406355 2.673638400633404e-09
2.496813357003971 10.496813419581136 2.4153259982226795e-06
10.496813440658544 9.496813440658542 3.293879958981321e-11
9.496813440658038 9.496813440656865 89.99999999997519
8.496813440657922 9.496813440656334 89.99999999998822
7.496813440657866 9.496813440626356 89.99999999998217
6.496813440657818 9.496813440658432 89.99999999997695
5.496813440657578 9.496813410115237 4.255391804407409e-12
4.496813440657056 9.496813378067452 89.9999999999447
3.4968134404263798 9.496813440428637 2.6377990367893898e-08
10.496813440658709 8.49681344065813 89.99999999998603
9.49681344065815 8.496813440656211 4.985167834092863e-11
8.496813440657384 8.496813440656107 89.99999999996227
7.496813401234482 8.496813440292996 3.818211983942258e-08
6.496813383702913 8.496813422793462 2.0471515716283856e-06
5.496813365288153 8.496813373835746 4.157327693347677e-06
4.496813344977877 8.49681332147717 6.484713702877699e-06
10.496813421114476 7.496813421113895 89.99999776038192
9.496813401605506 7.4968134406203895 89.99999999594523
8.496813401568902 7.496813440654559 1.3935678844193882e-10
7.496813401105871 7.49681344016195 5.319860499373392e-08
6.496813385843421 7.496813420415461 1.8021462864226123e-06
5.4968133457312645 7.496813354276417 6.398660965512538e-06
4.4968133236429315 7.49681330013978 8.929797139816715e-06
10.496813421823946 6.496813420404423 89.99999784168112
9.49681340249035 6.496813440595248 89.99999999306446
8.496813402179843 6.496813440405791 2.8645652892883812e-08
7.496813401999969 6.496813440127554 4.925749004320336e-08
6.496807101298428 6.496813420023847 1.7572931199083541e-06
5.496765436069273 6.496813336728585 4.388248672404999e-06
10.496813433771907 5.496813394682612 7.891833796511674e-07
9.496813402894508 5.496813440561219 89.99999998916529
8.496813402584337 5.496813440371428 2.4708071686582015e-08
7.496813402435829 5.496813440061824 4.17255052736668e-08
6.4968133723228405 5.49681340488239 3.4924196938845853e-06
5.49681336444005 5.496813336667049 4.395720944521943e-06
10.496813440657915 4.4968133877966014 1.0499439785418372e-10
9.496813440657144 4.496813440464981 1.930802916495802e-10
8.4968134404438 4.4968134403708335 2.4640320074101827e-08
7.496813440432621 4.496813439923901 2.5921006907377533e-08
10.496813440658318 3.496813387796196 5.87981147235016e-11
9.496813440658256 3.496813440463866 6.561402472576029e-11
10.496813438910745 2.4968133860475947 89.99999979968408
4.493076535480775 6.486669717745651 0.4298209539857266
4.48704899929859 5.486596353208919 0.42982178819110134
6.484681697791581 4.49681338683433 1.4596814139622438e-06
5.354601318572859 4.4930765534937445 0.4298231760475598
1.5749576869920487 9.72126596301453 26.042662652310185
0.6652058584254523 9.288334962604155 25.17673503089226
2.4359258034040248 9.017802126945446 24.88041192069444
1.5327910443945276 8.588336860343096 24.880411920695483
0.6639567976387536 8.084911266594174 24.880411920694915
1.5453827374219655 7.39119863733179 27.49265241861492
2.423129546123689 7.899213200235939 25.96639699016298
3.33064248452104 8.330642534362449 25.408623473428886
0.6743524499566294 6.898742049477077 27.492652418519985
2.4223433881984446 6.7186509054230035 29.482626477638775
3.3346570351183074 7.225461722665814 25.40862347725012
0.6813322002640219 5.734331338917219 29.48259704860479
1.5518375049124287 6.226490806228339 29.482621495853092
3.2766265717962457 6.052880635141736 29.482624173685746
0.500000018205922 4.500000088642601 89.99999791375511
1.5356165377513933 5.068561460849913 29.482619495373687
2.4061215920566266 5.560721023528386 29.48262434871703
1.6813322663007397 3.988091184211961 29.482615094577262
2.5457984314466344 4.4909319624862105 29.48261743593135
3.4163034821680167 4.983091605746153 29.482626476356966
9.73550740600745 1.5696277885517116 61.719394107071906
9.2836054775262 0.6772139561920524 61.71939600779709
9.025204095385405 2.4372567030861285 66.08305918223311
8.572823366844588 1.5439529185451237 66.08305917874222
8.099869871714498 0.6597730075883058 66.08305917869934
7.402828940582383 1.5522837652816852 63.58467401224881
7.874772469020506 2.4344304772817584 63.58467401229922
8.326579665922614 3.326579665465128 63.584674012307815
6.930690698832955 0.6702337747358174 63.58467401224699
6.726910503956632 2.44025283341346 61.881652747248395
7.202048696284254 3.3280716005475246 62.68542134418566
5.783696173835387 0.6766351531541351 61.88165536708831
6.254990468533536 1.558611192233299 61.8816527472507
6.091324936918863 3.372606000552348 61.84100337647687
4.676635146330689 0.7267073221820979 61.88165727397121
5.147929415155158 1.6086833604082467 61.881656137688246
5.619405004824599 2.490964555276533 61.84100683346805
3.993612837128387 1.5703218819930413 61.88165801778776
4.464608548728624 2.452457446536115 61.88165801762173
4.93664654160369 3.334437906120501 61.84100547684797
4.168387859374115 4.248132787109072 32.08629153528979
3.303505893993588 3.7450611260405426 32.0862904185915
2.4320421602868576 3.252181691101442 32.1048960387871
3.3049567364453023 2.4040029369123004 61.914585780177305
