110 10.997638303453888
0.500000013805368 10.497638289648519 1.5819785544190257e-06
10.497638303453643 0.5000000000002446 89.99999999997208
0.5000000000000085 0.5000000000000085 89.99999999999912
1.5000000000054394 0.5000000000054226 6.212711382739034e-10
2.5000000000096922 0.5000000000011715 1.3413625765679171e-10
3.500000000009698 0.5000000000011675 1.3368151030590525e-10
0.5000000000000077 1.500000000000011 89.99999999999922
1.5000000000011116 1.5000000000101783 7.651124178664759e-11
2.500000000002489 1.5000000000020461 2.341664639970986e-10
0.5000000000002217 2.5000000000002407 2.530953224777477e-11
1.500000000025231 2.500000000034741 2.8909776108259533e-09
0.5000000000166597 3.500000000017122 89.99999999809104
10.497638303453803 10.497638303453803 9.620748642191757e-12
9.497638303453373 10.497638303453375 5.867661911906907e-11
8.497638303446049 10.497638303447076 89.99999999921953
7.497638303420103 10.497638303434753 2.192617808452121e-09
6.497638303404247 10.4976383034189 4.009341055572382e-09
5.497638303214728 10.497638303229381 2.572632228334825e-08
4.497638303154464 10.497638303169119 3.263201209149132e-08
3.497638302871791 10.497638303451788 2.403623966529267e-10
2.49763830281988 10.49763830339988 6.188751179650973e-09
10.49763830345061 9.497638303450442 89.99999999962462
9.49763830343682 9.497638303443374 1.2045688890793826e-09
8.497638303424779 9.497638303441793 89.99999999982474
7.497638303403572 9.497638303434208 2.254778497788155e-09
6.497638303373691 9.49763830340433 5.678610699844353e-09
5.497638303373417 9.497638303054703 5.709817784729716e-09
4.49763830337329 9.497638302934302 5.724105795651981e-09
3.4976383033323564 9.497638303444866 1.0335838851460721e-09
10.497638302872323 8.4976383028656 6.664232281441932e-08
9.497638302303578 8.497638303441061 1.4692744798594504e-09
8.497638302286417 8.497638303438983 89.99999999950293
7.497638302175498 8.497638303347303 1.2213247260123177e-08
6.497638287114899 8.497638288286705 1.7380305274663113e-06
5.497638269429923 8.497638270252377 3.7645793705020037e-06
4.497638269419225 8.497638270121406 3.765804814878253e-06
10.49763830317301 7.497638302564911 3.218600331046303e-08
9.49763830232275 7.49763830343195 4.2531667077128077e-10
8.497638301860082 7.497638302984366 89.99999994740779
7.497638301580828 7.49763830306102 89.99999997940782
6.497638273612221 7.497638275664976 3.1843739733132903e-06
5.4976382511769 7.497638252880301 5.7552722694533726e-06
4.4976382511709625 7.497638252765954 5.7545926446340574e-06
10.497638302427509 6.497638301819407 1.1761420487360237e-07
9.497638301395417 6.497638303422524 89.99999999934532
8.49763830094726 6.497638302979278 89.99999994799056
7.497638300832998 6.497638302901113 89.999999961084
6.497638257002248 6.497638259962734 4.983717927565471e-06
5.497638236118587 6.497638238729716 7.376808891496279e-06
10.49763830198799 5.497638301379887 1.6797939650169016e-07
9.4976383005209 5.4976383034179985 89.99999999986368
8.497638300068663 5.497638302978835 89.9999999480412
7.497638299968481 5.497638302887473 89.99999995952116
6.497638266817395 5.497638249269429 3.758355861800215e-06
5.494463361477887 5.49446336414835 0.3649860942409299
10.497638303449003 4.497638299918871 5.595612055542414e-10
9.49763830343349 4.497638303408557 89.999999998782
8.497638302981912 4.497638302970055 89.99999994703522
7.497638302941656 4.497638302818766 89.99999995164814
10.497638303453883 3.497638299913983 89.9999999999996
9.497638303409428 3.497638303374728 89.9999999949056
10.497638303221734 2.497638299681833 89.9999999733974
4.493539656149954 6.487135451521121 0.47770208156002464
4.494496091857504 5.486138580581587 0.364987339494658
6.485157031754197 4.497608588246613 0.0034026682017464704
5.360907931432632 4.492455716747659 0.495373224438943
1.5738247949511956 9.72782184094881 26.864739542807563
0.6719807912610509 9.295219604123874 26.864737835623476
2.4371051876513357 9.02168456966721 24.52062891927469
1.535303462946843 8.589103750435116 24.520628920061387
0.6624163658872866 8.093136027493118 24.520627359888923
1.5458361485961007 7.397134425608716 27.313296880720458
2.4289374370748953 7.898070987342024 25.626340996145636
3.3305712567798045 8.330571264409006 25.626339019516926
0.6736832676631938 6.906603871122429 27.31329688071772
2.433332395519756 6.729188731167477 28.937558234201507
3.334756065001219 7.223480925052824 25.62633780626381
0.6795018399667913 5.767870953644177 28.937555364982607
1.561712188156778 6.23895268482826 28.937556974866848
3.3124944812172643 6.072599991481235 28.937557010016917
0.5000000000070822 4.588369113677613 8.11455e-10
1.56572670875121 5.098507789280264 28.937557844018997
2.440874267271881 5.582363940205032 28.937559217537476
1.6558068030697453 3.94309170760724 35.61464012330663
2.5500030448764623 4.492668937819052 29.68112217090212
3.421614162567079 4.9828999416316275 29.68112375215795
9.735015866688695 1.570996917989989 61.992276541064555
9.287751969088381 0.6762374338698282 61.99227821835032
9.02519438032259 2.438157496189974 66.02197951488684
8.577603248627971 1.542782772360853 66.02197951623695
8.101602446886158 0.6600437920752912 66.02197951622547
7.40478042231479 1.5517945256301062 63.43987372028504
7.879700453300163 2.432371500381543 63.43987583025403
8.326837141152033 3.3268371410726063 63.43987583025471
6.93069337224548 0.6708011704995699 63.439873720073486
6.730343939350992 2.439924666932555 61.89266765539222
7.211340662565358 3.3318171216801735 63.43987481233547
5.785866331891183 0.6763753419988107 61.95399938584406
6.256325168637356 1.5590306520727684 61.9303984792872
6.093374348940843 3.3696493645685073 61.46915677267734
4.676375335837826 0.7206054011864401 61.95400110049322
5.146555631087808 1.6031758102601572 61.95399897975269
5.617312978648773 2.4859221170066963 61.905095726619734
3.995308715088866 1.5690262874987941 61.95399912331144
4.465489009833154 2.451596684161305 61.953998285025875
4.936568722750812 3.3341708841188624 61.90509674418825
4.173167326164516 4.246074156526309 32.80248259684655
3.310777856413151 3.7382251823728962 32.80248259685447
2.4370358420286657 3.245047901113813 32.98543308783204
3.3066360115162095 2.4031698732998246 61.95400087136943
