110 10.996828840560896
0.500000000000004 10.496828840560891 3.69e-13
10.496828840504623 0.5000000000562725 89.99999999355173
0.5000000000025504 0.5000000000025504 2.9217144200485465e-10
1.5000000000031568 0.5000000000019454 2.2284307435569566e-10
2.5000000000048845 0.5000000000002192 2.5025731277965192e-11
3.5000000125493576 0.5000000125442539 89.99999856253447
0.5000000125468035 1.5000000125468052 1.4377577032507146e-06
1.500000023827116 1.5000000012664942 1.4512927855924348e-07
2.5000000489276712 1.5000000238344995 89.99999726881767
0.5000000000922648 2.5000000250013454 1.057266871801472e-08
1.5000000027384466 2.5000000050869042 89.99999970734275
0.5000151993071795 3.500000048744058 89.99999728977603
10.496828825226281 10.496828825226281 89.9999982427828
9.496828810041864 10.496828840410698 89.99999998278878
8.49682881000276 10.4968288404498 89.9999999872695
7.496828809870059 10.496828840539289 2.4758577410466387e-09
6.496828796459945 10.496828827129177 1.5391614961254127e-06
5.496828793909898 10.496828829679222 1.2469477353094812e-06
4.496828772146553 10.496828829679222 89.99999875305227
3.4968287612645215 10.496828840560536 4.1026737562788185e-11
2.496828745486732 10.496828824782748 1.8080423759256412e-06
10.496828840552697 9.496828809899865 89.99999999906062
9.496828840411442 9.49682884040995 89.99999998287423
8.496828840381289 9.496828840441594 89.99999998632939
7.496828840351245 9.496828840428424 89.99999998977198
6.496828840303881 9.496828813655563 89.99999999519932
5.496828840298189 9.49682881373366 89.99999999585145
4.496828840290845 9.49682881882641 89.99999999669282
3.4968288402624954 9.496828840559663 89.99999999994124
10.496828840386657 8.49682880975022 89.99999998191268
9.496828840223522 8.496828840238424 89.99999996321884
8.49682883336315 8.496828833379546 89.99999917707838
7.4968288304997035 8.496828830472888 89.99999884895172
6.4968288155669915 8.49682880872575 5.601142392471811e-07
5.496828804904851 8.496828798147396 1.781905496452063e-06
4.496828804236415 8.496828802579056 1.8585023024533729e-06
10.496828838984838 7.496828808332003 89.99999981939715
9.496828837747188 7.496828840220989 89.99999996122109
8.496828830869589 7.496828833344883 89.9999991731065
7.496828828036592 7.496828830468675 89.99999884846909
6.496828820714697 7.49682880111072 89.99999968749621
5.49682879067999 7.496828786389856 3.1292202053605544e-06
4.496828777286829 7.496828800275001 1.594477336419417e-06
10.496828837081015 6.496828807105033 89.99999995999728
9.496828837070352 6.496828840220969 89.99999996121905
8.496828830190806 6.496828833342916 89.9999991728814
7.4968288274097 6.496828830418746 89.99999885419034
6.496828807403132 6.496828788376116 1.146774159855102e-06
5.496828769066037 6.496828765352863 5.539881661735242e-06
10.496828836501034 5.496828802696083 4.652257381138819e-07
9.496828832103029 5.496828840220683 89.99999996125172
8.496828825220453 5.496828833340169 89.99999917256675
7.496828822444698 5.49682883041614 89.99999885448878
6.496828810733773 5.496828780083074 1.9646172688680963e-07
5.496828731480042 5.496828732729253 9.278270963889033e-06
10.496828840560346 4.496828798636769 6.28981524022128e-11
9.496828840224536 4.496828840217799 89.99999996158206
8.496828833338665 4.496828833339757 89.9999991725197
7.496828830563377 4.496828830416082 89.99999885449517
10.496828840458848 3.496828798534173 89.99999998830644
9.496828840235768 3.496828840207663 89.99999996274337
10.496828837834817 2.49682879591014 89.99999968761453
4.487347450033296 6.487163984203614 1.0970542802963954
4.488609163864621 5.482755476533174 0.5943577241858949
6.484735363454108 4.496828776938578 89.99999983206745
5.353025322428558 4.491669021281219 0.5943593254294136
1.5751221673838627 9.72078923541514 25.968213653239243
0.6645184109449086 9.287831386874196 25.013125837096364
2.43591299934457 9.017560767672608 24.910441159832438
1.5326412718771603 8.588402094907801 24.910441161110946
0.6640841860793613 8.084492800839321 24.910441160532184
1.54532309312614 7.390958461393421 27.512675554488297
2.4234749858842397 7.8997935527809995 25.89753317671146
3.330730417859294 8.330730441097332 25.391109579227248
0.6744267471174926 6.898270866755531 27.512675554409114
2.4221300218814203 6.718502084480078 29.49791230916231
3.334731549128564 7.225702432064915 25.391109579798986
0.6813827348530482 5.7337183719676625 29.497910082466035
1.5517563980144717 6.226110207007067 29.497911958244135
3.276631407038479 6.052982743868098 29.497911797680295
0.5000000128739315 4.500000059521686 89.9999985247562
1.5358841138493249 5.068199011802232 29.49791163850303
2.4062577717681695 5.5605908592284345 29.497913690311705
1.6813827416088676 3.9879098709161585 29.497910749736956
2.545898151944574 4.490656996360469 29.4979116637239
3.416271796345068 4.983048879488047 29.497914381659076
9.735570914071177 1.5696210980842602 61.71248864930839
9.283604673529718 0.6772384700223092 61.71249012654949
9.025258056869996 2.4372607053256843 66.08424082781104
8.572811234525329 1.5439850718964963 66.08424082779736
8.099938313855814 0.659767761588762 66.08424082782867
7.4029153082395185 1.5523438519368327 63.60021270919615
7.874783509256212 2.4345371487608953 63.6002127092468
8.326656207869911 3.326656206652891 63.60021270925802
6.931002632398247 0.6701726324021066 63.60021270919507
6.726821185712169 2.440267450610767 61.87593003870178
7.201803981157869 3.327980576348857 62.660365265581
5.783595951961615 0.6766556547086039 61.87593392505332
6.255127064985587 1.5585051349025116 61.87593003761583
6.091353645856134 3.3727476268389953 61.85568113926548
4.676655661901558 0.7270548996809254 61.8759355726599
5.148038035256218 1.6089838678506603 61.87593289085057
5.619659550188592 2.4909853569727 61.855679967717
3.9935344061373383 1.5703949081237363 61.87593339261196
4.464916784635475 2.452323847009118 61.8759333924943
4.9366697052084065 3.3342550463644516 61.85567996762591
4.168245041162952 4.248675082445127 31.9795425362408
3.3032755142925367 3.7458571552866182 31.97954124091991
2.431906071522805 3.252363455251232 32.03576392736849
3.3051298871316654 2.4038502032374884 61.87593198197877
