110 10.997189058522228
0.5000000000002341 10.497189058521991 1.7773e-11
10.497189058522109 0.5000000000001179 4.453e-12
0.500000000000081 0.500000000000081 89.99999999999977
1.5000000000002396 0.5000000000000806 89.99999999999982
2.5000000000003983 0.5000000000000815 89.99999999999972
3.500000000003549 0.5000000000030745 89.99999999965675
0.5000000000031188 1.5000000000032812 3.48336e-10
1.500000000005902 1.5000000000006553 4.753520748051426e-11
2.500000241807342 1.5000002418011045 89.99997229165494
0.5000000000008586 2.5000000000056994 8.9332e-11
1.5000000000013898 2.500000000001551 1.3207900000000002e-10
0.602768503166399 3.5000002443900273 89.99997199504985
10.497189058521773 10.497189058521773 89.99999999995708
9.497189058521467 10.497189058521625 89.99999999994033
8.497189058520942 10.497189058521824 89.99999999998265
7.497189058520716 10.497189058522062 89.99999999999031
6.497189058520268 10.497189058521773 89.99999999995714
5.497189058519251 10.497189058521663 5.555612808623584e-11
4.497189058519062 10.497189058521693 5.2050966077603583e-11
3.497189058518519 10.497189058522078 7.837769881560912e-12
2.497189058518093 10.497189058521947 89.99999999997718
10.49718905852159 9.497189058521432 89.99999999993618
9.497189058520739 9.49718905852081 1.5688783605583012e-11
8.497189058520242 9.497189058521617 89.99999999997688
7.497189058519967 9.497189058521904 89.99999999999024
6.497189058519586 9.497189058521549 89.99999999996474
5.49718905851898 9.49718905852116 1.609369591517282e-11
4.497189058518316 9.497189058520716 89.99999999995813
3.4971890585180754 9.497189058521403 89.99999999994861
10.497189057757977 8.49718905775766 89.99999991243247
9.497189056994015 8.497189058520147 89.9999999999578
8.497189056993685 8.49718905852112 89.99999999993808
7.4971889474304385 8.497188948959112 1.2554944634262219e-05
6.497188946729758 8.497188948258035 1.2635215824228286e-05
5.497188943652295 8.497188945180815 1.298784626734184e-05
4.497188943614179 8.497188945141932 1.2992192935963945e-05
10.49718905477697 7.497189054776495 89.99999957083428
9.497189049487718 7.497189058519467 1.7610949173602366e-11
8.497189049359129 7.497189058393224 89.99999998530045
7.497188199539488 7.49718881404872 89.99999709536445
6.4971875331348805 7.497188708216751 4.0141870764439626e-05
5.492145624881457 7.497188684188273 4.276437154696389e-05
4.492145448899934 7.497188860168087 2.2598405962526158e-05
10.497189053876959 6.497189053876326 89.99999946770063
9.497189049231311 6.497189058519161 3.4581766413624405e-11
8.497189044452506 6.497189058392849 89.99999998532526
7.497188876758498 6.497188621135137 1.9201638517217887e-05
6.497188609257932 6.497188623454735 4.985492901748926e-05
5.497188463881069 6.497188482788386 6.651384533224477e-05
10.497189051423629 5.497189051422838 89.99999918656971
9.497189044324823 5.49718905851883 1.481269296504681e-11
8.4971890441966 5.497189058392565 89.99999998533976
7.496450534841341 5.496449944086808 89.91531042587141
6.4835519458367665 5.49718778595959 89.99995259205711
5.483550671170097 5.497188186442738 9.865826473934074e-05
10.4971890512961 4.497189051295151 89.99999917195598
9.497189044069557 4.497189058518464 3.858620958680798e-11
8.497189043941065 4.497189058392345 89.99999998533262
7.497188473648729 4.490812112786139 89.99993463481252
10.49718905852191 3.4971890440687083 2.7206921119841183e-11
9.497189058521734 3.497189058518226 2.927152752087889e-11
10.49718905493329 2.497189040479457 89.99999958874739
4.497188285388166 6.497187912812142 4.6060064292419156e-05
4.4835504162915365 5.497187697720659 6.94513600336677e-05
6.497188231075481 4.497187684076917 89.99996326505438
5.361335633160348 4.497187778211745 0.0001213228599540288
1.574181396655749 9.725135056176358 26.548354615733214
0.669471658934285 9.292340497299204 26.222528323913885
2.436499922583345 9.020038343426323 24.664642506925123
1.5342217047401827 8.588603862467131 24.66464250692655
0.6630361109386087 8.089459135468271 24.664642506924704
1.5460618441346452 7.394600190602321 27.311260197906748
2.421177621710884 7.89581486452761 26.44135003164538
3.330532943188599 8.330532966851628 25.52620890112817
0.6736756308030613 6.904518728187875 27.311260197921634
2.4273178347736812 6.722866262374144 29.325987699379006
3.330531800252133 7.222361976318302 25.526208902083216
0.6796958374066926 5.744411931668433 28.99446661247134
1.5554709132669888 6.233087756220185 29.32598997003566
3.2761013546057054 6.052697749202988 29.32598769859105
0.5000000000001307 4.500000488779378 89.99999999999409
1.532406745486551 5.073141027553093 29.325976117415106
2.404254258394032 5.562919120674993 29.326014291578772
1.6808123593079443 3.9919053277692647 29.325921546987225
2.545137894553979 4.495073032006451 29.325949492262897
3.4169853916583133 4.98485186810238 29.326027786643177
9.735726998788381 1.5700585762447685 61.77110842466015
9.285016619837936 0.6770300769733788 61.771109221018826
9.02538010129703 2.4377908791234684 66.09758617096468
8.574223112088532 1.5439304618262806 66.0975861709675
8.10131819748165 0.6597084946864462 66.0975861709711
7.4037506445369985 1.5513554630656368 63.38658219918573
7.875587448481069 2.433445716338517 63.38660896541351
8.326180360352245 3.3261803603237583 63.38663749383149
6.928434302151014 0.671008913420142 63.38658219918565
6.728201048529739 2.436226084109208 62.1398440587075
7.203693332239385 3.324862275941009 63.045416740212424
5.779081724271239 0.6757028817284499 62.13986848638224
6.253085098747514 1.5562586475140767 62.13984405870656
6.094418217863662 3.376466020475156 61.634304449639664
4.675702788588953 0.7281570505216409 62.13989409585781
5.1447064982347905 1.6149961914328541 61.769841375101215
5.619320762125407 2.496532836900414 61.63430444937455
3.987738483019398 1.5740847925981445 61.76980731241881
4.460753289984612 2.4551392701375425 61.7698073124117
4.936232357974514 3.33620865721359 61.634304449716595
4.1705389429003175 4.246491096058135 32.670363040188214
3.3055883932884655 3.7428029802528524 32.67034181376266
2.432253761521307 3.2521893060283564 32.670318460338464
3.2996927480879448 2.4066049803317617 61.769840877252584
