110 10.996825929869667
0.5000000000002903 10.496825929869376 89.99999999996682
10.496825929866645 0.5000000000030208 89.99999999965392
0.5000000000018701 0.5000000000018701 2.1420000000000002e-10
1.5000000000019518 0.5000000000017899 2.0501578724370776e-10
2.5000000000064992 0.5000000000063358 7.259470000000001e-10
3.500000000007499 0.5000000000073339 8.403156866452056e-10
0.5000000143713896 1.5000000143751298 89.99999835316012
1.5000000287344415 1.5000000000119194 89.99999999904449
2.5000000417604054 1.5000000130469726 89.99999850637911
0.500000000000091 2.5000000287464297 89.99999999998965
1.50000001437069 2.5000000143907664 1.646738837735029e-06
0.6002828335306143 3.500000040416092 89.99999832724859
10.496825920177898 10.496825920177898 89.99999888940518
9.496825910486345 10.496825929867068 89.99999999997506
8.496825910485372 10.496825929868475 89.99999999986372
7.496825910484928 10.496825929868033 89.99999999981293
6.496825910475707 10.496825929862078 8.693258514288754e-10
5.496825910340546 10.496825929726919 1.6357473937633938e-08
4.496825902270379 10.496825921942245 89.9999990915846
3.4968258943295565 10.496825929856264 1.5356489327371125e-09
2.496825878039633 10.496825913566342 1.8682232386520354e-06
10.49682592986275 9.496825910493042 89.99999999920752
9.496825929858153 9.496825929864965 89.99999999973414
8.496825929854571 9.496825929866027 1.4418979741756406e-10
7.496825929853634 9.496825929866077 3.684191019740384e-11
6.4968259298364 9.49682592985211 2.0115190098771257e-09
5.49682592983078 9.496825929607343 2.6553974418391057e-09
4.4968259298248086 9.49682591399762 1.9712824754499567e-09
3.4968259298247224 9.496825929852545 1.961640278102135e-09
10.49682592959986 8.496825910478336 8.92608759041554e-10
9.496825929589532 8.496825929864746 89.99999999970927
8.496825929322727 8.496825929595426 89.99999996913579
7.496825929276339 8.4968259296428 89.99999997445126
6.496825920765679 8.496825921581959 9.497008208490096e-07
5.496825920667249 8.496825921244383 9.60979911394177e-07
4.496825893378416 8.496825895077716 89.99999783391004
10.496825929461526 7.496825910077986 4.6769216633105277e-08
9.49682592904916 7.496825929863057 89.99999999951581
8.49682592875675 7.496825929568129 89.99999996600805
7.4968259287517265 7.496825929564095 89.99999996543262
6.496825901462893 7.4968259028824855 3.092502431537392e-06
5.496825898317649 7.49682590578858 2.732084273187123e-06
4.496825898173629 7.496825852477103 2.7155807764904435e-06
10.496825928743712 6.496825909953441 3.2497605810297883e-08
9.496825928454738 6.496825929861903 89.99999999938389
8.496825928155102 6.496825929566961 89.9999999658743
7.496825928150506 6.496825929563353 89.9999999653477
6.496825881975056 6.496825883996604 5.256664549289073e-06
5.496825867904888 6.496825869687293 6.868986693048583e-06
10.496825928863483 5.4968259092308545 1.1529985718893825e-07
9.49682592785111 5.496825929861086 89.99999999929035
8.49682592755396 5.496825929561423 89.99999996523985
7.496825927553067 5.496825929563302 89.99999996534208
6.496825867794042 5.496825870413072 6.813222037872816e-06
5.496825844918165 5.496825847298049 9.434603959998471e-06
10.496825929869427 4.49682590822491 2.7355895326763857e-11
9.496825929862426 4.496825929860519 89.99999999922544
8.496825929564418 4.496825929559995 89.99999996507636
7.496825929562472 4.496825929562927 89.9999999652993
10.496825929862396 3.4968259082174002 89.99999999916699
9.496825929856511 3.4968259298541233 89.99999999849285
10.496825914115027 2.4968258924700297 89.99999819465138
4.48731800735734 6.487133506359186 1.1001570586399947
4.488676625327023 5.482712898229247 0.5959750209074387
6.484691078574098 4.496825856339394 5.329851393406724e-06
5.353249654730394 4.491652178520371 0.5959757086508977
1.5749945897441144 9.721196107862262 26.02960277256823
0.6650771169174675 9.288254143150654 25.145996729032575
2.4359333019663443 9.017772139595328 24.885444526147715
1.5327736772070781 8.588362479002768 24.885444526642228
0.6639781594084895 8.084872414291281 24.885444525361823
1.5453768072301397 7.391192038075858 27.495165420110553
2.4231987132180626 7.899326898463522 25.9542873868864
3.3306682187478542 8.33066827047113 25.405422621964487
0.6743617791318351 6.898709430030547 27.495165419578086
2.422318322796439 6.718656064896225 29.484348606716722
3.3346803802604037 7.225515425664551 25.405422623892758
0.6813379801820587 5.734284425365474 29.48434773761073
1.5518281670079335 6.226470225388971 29.484349290607852
3.2766174360477924 6.052909187656534 29.484348609012077
0.5000000028760558 4.50000005731282 3.295716393564e-07
1.5356370982986298 5.068537539242966 29.484350343060864
2.406127268813477 5.5607233451760605 29.484350602322877
1.6813379797540895 3.9882101739603653 29.484346174642184
2.5458597996811445 4.490951766604253 29.484348451049538
3.416349984572696 4.983137605386773 29.484351997118424
9.73551303239081 1.5696428861759557 61.7213952162575
9.283654207609178 0.6772068512230672 61.721397056828785
9.025212441116404 2.437269680110486 66.08277949140133
8.57287630818585 1.5439463918706477 66.08277949140628
8.09990618666043 0.6597742492350667 66.08277949141868
7.402865541619295 1.5522799637387192 63.58383738152124
7.874825281351611 2.434418146933179 63.58383911824055
8.326588871340972 3.3265888712841285 63.5838391183067
6.9307140218400525 0.6702370653482086 63.58383738144658
6.726950293170259 2.440240773557805 61.88059052839706
7.202136502762985 3.3281096898935667 62.69213250860273
5.78370632906141 0.6766389690374744 61.88059059749966
6.255016994804265 1.5586062345462401 61.88059053607975
6.0913738593558415 3.372590661242938 61.84014197334615
4.6766389571067295 0.7267180984867132 61.8805939287162
5.147949626857103 1.6086853717514804 61.88059286698929
5.6194406771978365 2.490956339717536 61.840142277777694
3.9936206448385074 1.570323516529928 61.88058874442095
4.464634192775086 2.452449569122232 61.88058997569887
4.936684865298506 3.334421198486976 61.840144078823656
4.16826556263554 4.248236916049495 32.05525852042177
3.3033366047834254 3.745273887258045 32.055256764571176
2.4319093318318883 3.252377618323536 32.07414166671008
3.304969278170594 2.403994326745924 61.91336301154835
