1881
1897
1913
1929
2066
2106
2113
2114
2122
2129
2130
2132
2134
2138
2140
2146
2148
2153
2154
2161
2162
2163
2166
2170
2171
2172
2175
2177
2178
2179
2182
2183
2185
2188
2189
2193
2194
2196
2197
2199
2201
2203
2204
2205
2206
2208
2210
2212
2213
2214
2215
2217
2218
2219
2220
2223
2225
2226
2227
2228
2230
2231
2274
2283
2290
2300
2311
2313
2318
2332
2350
2351
2356
2364
2365
2371
2372
2380
2381
2382
2387
2393
2394
2396
2397
2398
2399
2401
2403
2404
2405
2407
2409
2410
2413
2414
2418
2419
2421
2423
2425
2426
2429
2430
2433
2434
2436
2441
2442
2443
2444
2446
2447
2449
2450
2453
2454
2455
2457
2458
2459
2463
2465
2466
2467
2468
2469
2471
2473
2474
2475
2477
2479
2481
2482
2484
2485
2487
2489
2490
2491
2492
2493
2497
2498
2499
2500
2501
2502
2503
2506
2508
2509
2510
2511
2561
2562
2564
2565
2575
2625
2626
2627
2642
2643
2645
2646
2653
2655
2657
2658
2662
2663
2666
2667
2669
2671
2673
2674
2677
2678
2679
2681
2682
2686
2687
2689
2690
2692
2694
2695
2697
2700
2701
2702
2703
2705
2706
2707
2709
2711
2713
2714
2716
2718
2721
2722
2723
2724
2726
2727
2729
2730
2733
2734
2735
2738
2739
2740
2742
2743
2745
2746
2747
2748
2750
2751
2753
2754
2755
2756
2758
2759
2761
2762
2763
2764
2766
2767
2769
2770
2771
2773
2775
2777
2778
2779
2780
2781
2782
2783
2785
2787
2788
2789
2790
2791
2834
2842
2843
2844
2854
2859
2874
2883
2892
2903
2905
2906
2907
2913
2914
2923
2925
2926
2932
2933
2934
2935
2938
2946
2947
2948
2951
2956
2957
2959
2961
2963
2964
2965
2969
2970
2971
2973
2974
2975
2979
2980
2981
2982
2983
2985
2986
2987
2989
2991
2993
2995
2996
2997
2999
3001
3002
3003
3005
3006
3007
3011
3012
3013
3014
3015
3017
3018
3019
3020
3023
3025
3026
3027
3029
3030
3031
3033
3034
3035
3036
3038
3039
3041
3042
3043
3045
3046
3047
3049
3050
3051
3052
3054
3058
3059
3060
3061
3062
3063
3065
3066
3067
3068
3069
3071
3114
3122
3123
3133
3134
3135
3159
3164
3169
3183
3186
3187
3191
3194
3196
3210
3211
3212
3219
3221
3223
3225
3228
3229
3233
3234
3235
3237
3241
3242
3243
3244
3245
3246
3249
3250
3251
3252
3253
3255
3257
3258
3259
3260
3261
3263
3264
3266
3267
3268
3269
3270
3271
3274
3275
3276
3278
3279
3282
3283
3285
3286
3287
3289
3290
3291
3292
3293
3294
3295
3297
3298
3299
3300
3301
3303
3305
3306
3307
3308
3309
3310
3311
3313
3314
3315
3316
3317
3318
3321
3322
3323
3324
3325
3326
3327
3329
3330
3331
3332
3333
3335
3337
3338
3339
3340
3341
3342
3343
3344
3346
3347
3348
3349
3350
3351
3393
3404
3409
3435
3449
3452
3460
3461
3465
3467
3470
3471
3473
3476
3479
3487
3489
3493
3497
3501
3505
3506
3507
3509
3511
3513
3514
3517
3521
3522
3523
3524
3525
3526
3527
3529
3532
3533
3534
3537
3538
3539
3540
3541
3543
3545
3547
3548
3549
3550
3551
3553
3554
3555
3556
3558
3561
3563
3564
3565
3566
3567
3569
3570
3571
3572
3573
3574
3577
3578
3580
3581
3582
3583
3585
3586
3587
3589
3590
3591
3593
3594
3595
3596
3597
3598
3601
3602
3603
3604
3605
3607
3609
3610
3611
3612
3613
3615
3617
3618
3619
3620
3621
3622
3623
3625
3626
3628
3629
3630
3631
3674
3690
3701
3706
3711
3717
3722
3729
3730
3731
3737
3738
3741
3743
3745
3748
3749
3751
3753
3755
3756
3757
3761
3762
3765
3766
3769
3771
3772
3774
3777
3779
3780
3781
3783
3785
3786
3787
3789
3790
3791
3793
3794
3795
3796
3797
3798
3801
3802
3805
3806
3807
3809
3810
3812
3814
3815
3817
3819
3820
3821
3822
3825
3826
3827
3828
3830
3831
3833
3834
3835
3836
3837
3838
3839
3841
3842
3843
3845
3846
3847
3849
3850
3851
3852
3853
3855
3857
3858
3859
3860
3862
3865
3866
3867
3868
3869
3870
3871
3873
3874
3875
3876
3877
3879
3881
3882
3883
3884
3885
3886
3887
3889
3890
3891
3892
3893
3894
3895
3897
3898
3900
3901
3902
3903
3905
3906
3907
3908
3910
3911
3953
3954
3961
3962
3965
3983
3985
3993
3994
3995
3996
4002
4003
4009
4010
4013
4015
4017
4023
4025
4026
4029
4033
4034
4035
4036
4038
4039
4042
4043
4044
4045
4047
4049
4050
4051
4053
4054
4055
4058
4059
4060
4062
4063
4065
4066
4067
4068
4070
4071
4073
4078
4079
4082
4083
4085
4086
4087
4089
4091
4092
4093
4097
4099
4100
4101
4102
4106
4107
4108
4110
4111
4113
4114
4115
4116
4117
4118
4121
4124
4125
4126
4127
4129
4130
4131
4132
4133
4138
4139
4140
4142
4143
4145
4146
4147
4149
4150
4151
4154
4155
4156
4158
4159
4162
4163
4165
4166
4167
4169
4170
4171
4172
4175
4177
4178
4179
4180
4181
4182
4185
4186
4187
4188
4190
4191
4233
4234
4241
4242
4249
4252
4255
4257
4262
4263
4265
4268
4269
4270
4271
4273
4275
4276
4278
4279
4281
4285
4286
4289
4294
4297
4300
4301
4305
4306
4307
4308
4311
4314
4316
4317
4319
4321
4322
4324
4325
4326
4327
4329
4330
4331
4332
4333
4334
4335
4337
4338
4340
4341
4342
4343
4345
4346
4347
4348
4349
4350
4351
4353
4354
4355
4356
4358
4359
4362
4363
4364
4365
4366
4367
4369
4370
4371
4372
4373
4374
4378
4379
4380
4381
4382
4383
4386
4387
4388
4390
4391
4393
4394
4396
4397
4398
4399
4401
4404
4405
4407
4409
4410
4411
4412
4414
4415
4417
4418
4419
4420
4422
4423
4425
4426
4428
4429
4431
4434
4436
4438
4441
4443
4445
4447
4449
4450
4451
4454
4455
4457
4458
4460
4462
4463
4465
4466
4467
4470
4471
4522
4523
4525
4526
4532
4539
4541
4542
4543
4548
4549
4550
4551
4553
4556
4557
4558
4559
4563
4566
4567
4569
4574
4577
4579
4580
4581
4582
4585
4586
4587
4588
4591
4593
4595
4596
4597
4598
4599
4603
4606
4607
4610
4611
4613
4614
4615
4617
4619
4620
4621
4622
4623
4627
4628
4629
4630
4631
4633
4634
4635
4638
4639
4641
4643
4644
4645
4646
4647
4649
4650
4652
4655
4657
4658
4659
4661
4662
4663
4665
4666
4667
4670
4671
4674
4676
4677
4678
4679
4682
4684
4685
4686
4687
4689
4691
4694
4698
4703
4705
4706
4707
4710
4711
4714
4716
4722
4724
4725
4726
4727
4731
4737
4738
4745
4746
4747
4750
4751
4801
4806
4812
4814
4817
4821
4823
4825
4831
4833
4838
4839
4841
4845
4847
4849
4850
4853
4855
4857
4859
4863
4865
4866
4868
4870
4871
4875
4878
4879
4882
4883
4886
4887
4892
4893
4894
4897
4899
4902
4903
4905
4911
4913
4915
4919
4922
4925
4926
4929
4930
4931
4932
4935
4938
4939
4941
4942
4943
4946
4948
4950
4951
4956
4957
4963
4979
4982
4983
4985
4989
4990
4993
4994
4998
4999
5001
5006
5009
5012
5014
5017
5019
5022
5023
5026
5027
5029
5081
5084
5093
5097
5098
5101
5102
5103
5106
5109
5111
5113
5114
5115
5117
5119
5121
5122
5123
5125
5127
5129
5130
5133
5137
5138
5139
5141
5143
5146
5151
5156
5159
5164
5166
5173
5174
5177
5179
5182
5183
5185
5186
5191
5193
5194
5199
5202
5203
5204
5207
5210
5212
5213
5217
5220
5223
5227
5229
5238
5239
5246
5247
5249
5251
5253
5254
5255
5258
5260
5263
5265
5267
5271
5273
5278
5279
5285
5286
5287
5297
5298
5300
5306
5307
5309
5310
5354
5361
5372
5373
5375
5377
5380
5382
5383
5389
5390
5391
5393
5394
5397
5398
5399
5401
5405
5406
5407
5409
5410
5411
5413
5417
5418
5420
5425
5426
5429
5430
5431
5437
5438
5439
5447
5449
5455
5459
5462
5463
5470
5471
5473
5476
5479
5481
5482
5484
5485
5489
5491
5492
5495
5499
5500
5503
5506
5509
5510
5517
5519
5524
5529
5530
5531
5533
5535
5540
5541
5545
5549
5551
5553
5554
5562
5564
5571
5573
5575
5578
5579
5588
5589
5654
5655
5661
5663
5665
5666
5667
5668
5673
5674
5675
5676
5678
5679
5682
5683
5684
5685
5686
5687
5689
5690
5692
5693
5694
5697
5699
5702
5703
5706
5708
5711
5714
5716
5719
5732
5734
5735
5737
5743
5745
5746
5750
5751
5753
5755
5758
5761
5763
5767
5769
5771
5775
5777
5783
5787
5788
5789
5799
5806
5809
5812
5814
5826
5827
5830
5837
5838
5841
5845
5849
5855
5858
5860
5865
5868
5869
5921
5929
5932
5937
5938
5941
5943
5945
5946
5949
5950
5951
5953
5954
5957
5958
5959
5962
5963
5965
5966
5967
5969
5970
5971
5973
5974
5977
5978
5979
5982
5983
5987
5988
5998
6006
6007
6009
6013
6014
6015
6018
6021
6023
6025
6026
6031
6033
6034
6035
6036
6037
6039
6041
6044
6047
6049
6051
6053
6054
6055
6059
6063
6065
6067
6069
6070
6078
6084
6089
6090
6098
6101
6103
6105
6109
6110
6115
6124
6131
6133
6134
6137
6140
6147
6149
6212
6215
6217
6223
6225
6226
6230
6231
6233
6234
6235
6237
6238
6239
6241
6242
6244
6245
6246
6249
6250
6251
6252
6253
6255
6257
6260
6261
6262
6265
6267
6269
6270
6271
6276
6277
6279
6281
6282
6284
6287
6289
6292
6293
6295
6297
6300
6302
6303
6305
6308
6309
6310
6311
6313
6315
6317
6318
6319
6321
6325
6326
6327
6331
6332
6333
6334
6335
6339
6341
6342
6343
6345
6346
6347
6348
6349
6351
6354
6356
6365
6371
6379
6387
6395
6403
6413
6419
6427
6481
6482
6490
6493
6495
6497
6501
6503
6505
6506
6509
6510
6511
6513
6514
6517
6518
6519
6521
6522
6524
6525
6526
6527
6529
6530
6533
6534
6535
6537
6538
6539
6543
6546
6547
6548
6550
6553
6556
6557
6558
6561
6562
6563
6564
6566
6570
6571
6574
6575
6579
6580
6582
6583
6585
6587
6588
6590
6591
6593
6596
6597
6598
6599
6604
6605
6606
6607
6609
6610
6611
6612
6613
6614
6615
6617
6618
6619
6620
6621
6623
6625
6627
6628
6637
6644
6651
6663
6670
6677
6684
6694
6702
6761
6769
6775
6777
6780
6783
6785
6786
6789
6790
6791
6793
6794
6795
6797
6798
6799
6801
6802
6803
6804
6805
6806
6807
6809
6810
6811
6813
6814
6815
6817
6820
6821
6822
6823
6825
6826
6829
6830
6831
6834
6835
6836
6838
6839
6841
6842
6845
6846
6847
6849
6850
6851
6852
6853
6854
6855
6857
6858
6859
6860
6862
6863
6865
6869
6871
6873
6874
6876
6877
6879
6881
6883
6884
6886
6887
6889
6890
6892
6893
6894
6895
6898
6900
6902
6911
6916
6919
6942
7041
7046
7049
7054
7057
7058
7061
7063
7066
7067
7068
7069
7070
7073
7074
7075
7076
7077
7079
7081
7082
7083
7085
7086
7087
7089
7090
7092
7093
7094
7095
7097
7098
7099
7100
7102
7105
7106
7108
7111
7113
7114
7115
7116
7118
7119
7121
7122
7123
7124
7125
7127
7129
7130
7131
7132
7133
7134
7135
7138
7140
7141
7147
7149
7150
7153
7159
7161
7162
7163
7165
7171
7172
7173
7178
7179
7181
7191
7321
7324
7326
7332
7333
7334
7335
7337
7338
7341
7342
7343
7345
7346
7348
7349
7350
7351
7353
7354
7356
7357
7359
7361
7362
7363
7364
7365
7366
7367
7369
7370
7371
7372
7373
7374
7375
7377
7378
7379
7380
7383
7386
7387
7388
7389
7390
7393
7394
7395
7396
7397
7398
7399
7401
7402
7403
7405
7406
7407
7409
7410
7411
7413
7414
7415
7417
7418
7419
7421
7423
7425
7426
7427
7428
7430
7431
7433
7434
7436
7438
7441
7444
7445
7450
7451
7457
7458
7461
7601
7602
7603
7604
7606
7609
7611
7612
7613
7614
7615
7617
7619
7620
7621
7622
7623
7625
7626
7628
7629
7630
7631
7633
7634
7637
7638
7639
7641
7642
7644
7645
7646
7647
7649
7650
7651
7652
7653
7654
7655
7657
7658
7659
7662
7663
7666
7668
7669
7670
7673
7674
7675
7676
7678
7679
7681
7682
7683
7684
7685
7686
7687
7689
7690
7691
7692
7693
7695
7699
7702
7705
7707
7709
7710
7711
7714
7716
7724
7725
7731
7733
7734
7740
7881
7884
7885
7889
7890
7892
7893
7894
7895
7897
7898
7901
7902
7903
7905
7906
7907
7908
7910
7911
7913
7914
7915
7917
7918
7921
7922
7923
7924
7925
7926
7927
7929
7930
7931
7932
7933
7934
7935
7938
7939
7941
7942
7943
7945
7946
7948
7950
7951
7954
7955
7956
7957
7959
7961
7963
7964
7965
7966
7967
7969
7971
7972
7973
7974
7975
7977
7978
7979
7982
7985
7986
7987
7988
7991
7994
7996
7998
8001
8004
8009
8012
8017
8019
8161
8163
8164
8166
8169
8172
8173
8175
8177
8178
8181
8182
8183
8185
8186
8187
8189
8190
8191
8193
8194
8195
8197
8198
8199
8201
8202
8204
8205
8206
8207
8209
8210
8211
8213
8214
8217
8218
8220
8221
8223
8225
8226
8227
8229
8231
8233
8235
8236
8237
8239
8241
8242
8243
8244
8246
8247
8250
8251
8253
8254
8255
8258
8262
8265
8270
8271
8274
8277
8282
8284
8285
8286
8291
8292
8293
8298
8433
8441
8445
8449
8452
8454
8455
8457
8458
8461
8462
8463
8465
8466
8467
8468
8469
8471
8473
8474
8475
8476
8477
8479
8481
8482
8483
8484
8485
8486
8487
8489
8490
8491
8492
8493
8494
8495
8497
8498
8499
8500
8501
8503
8505
8506
8507
8510
8511
8514
8515
8516
8518
8519
8523
8524
8527
8533
8534
8535
8537
8538
8542
8543
8545
8546
8547
8549
8550
8551
8553
8554
8555
8558
8561
8562
8563
8564
8565
8567
8571
8572
8575
8578
8713
8721
8723
8724
8729
8731
8733
8734
8737
8738
8740
8742
8743
8745
8746
8747
8749
8750
8751
8753
8754
8755
8758
8759
8761
8762
8763
8765
8766
8767
8769
8770
8771
8772
8773
8775
8777
8778
8780
8781
8782
8783
8787
8788
8791
8793
8795
8796
8797
8799
8802
8803
8804
8805
8807
8810
8811
8814
8815
8817
8819
8822
8823
8825
8826
8831
8833
8835
8836
8838
8841
8844
8846
8847
8850
8851
8852
8853
8859
9001
9005
9009
9010
9013
9014
9015
9017
9018
9020
9022
9023
9025
9026
9029
9030
9031
9033
9034
9035
9037
9038
9041
9042
9044
9045
9046
9047
9049
9050
9051
9052
9053
9054
9055
9057
9058
9060
9061
9062
9063
9066
9067
9068
9069
9070
9075
9076
9078
9079
9081
9082
9083
9084
9085
9086
9090
9093
9094
9095
9097
9099
9102
9103
9105
9106
9107
9108
9109
9111
9113
9115
9116
9117
9118
9119
9122
9124
9131
9132
9135
9138
9139
9281
9283
9284
9289
9290
9293
9294
9297
9298
9301
9302
9303
9305
9306
9307
9310
9311
9313
9314
9315
9316
9319
9321
9322
9323
9324
9326
9327
9329
9330
9331
9332
9334
9335
9337
9338
9340
9341
9343
9346
9347
9348
9350
9351
9353
9355
9356
9357
9359
9361
9362
9363
9364
9365
9367
9370
9372
9373
9377
9383
9387
9390
9391
9396
9398
9399
9405
9410
9411
9413
9414
9419
9420
9431
9561
9565
9569
9570
9574
9575
9577
9581
9582
9583
9585
9586
9589
9590
9591
9593
9594
9595
9597
9598
9599
9601
9602
9603
9604
9605
9606
9609
9610
9611
9612
9613
9614
9615
9618
9619
9620
9621
9623
9625
9626
9627
9629
9630
9631
9633
9634
9635
9637
9638
9639
9641
9642
9643
9645
9647
9649
9651
9654
9657
9659
9667
9668
9669
9671
9674
9675
9678
9682
9683
9684
9685
9689
9691
9692
9693
9697
9710
9798
