   4n  v    tiled 2s(n)    q loosen1.0         q 1.02       hop best      gain props  qsec
 1092  M   33.967851925   33.967821426   33.965985890   33.965202798  2.65e-03     3  167.1/282.9
 1092  R   33.967851925   33.957819278   33.960851273   33.955874706  1.20e-02     3  208.9/169.6
 1092  S   33.967851925   33.865871617   33.870848301   33.840495847  1.27e-01     3  107.7/259.6
 1092  T   33.967851925   33.962354101   33.967431727   33.959075586  8.78e-03     3  306.8/253.8
 1228  M   35.962061097   35.961219635   35.959746990   35.957770309  4.29e-03     3  375.8/336.9
 1228  R   35.962061097   35.960394028   35.954661132   35.954393942  7.67e-03     3  346.7/258.3
 1228  S   35.962061097   35.885006462   35.885376785   35.847277696  1.15e-01     2  427.6/434.1
 1228  T   35.962061097   35.953535829   35.958354614   35.948293588  1.38e-02     3  327.0/299.3
  260  M   17.071067812   17.071067812   17.071067812   17.027847876  4.32e-02    53  3.4/2.9
  260  R   17.071067812   17.071067812   17.071067812   17.036505563  3.46e-02    54  3.6/2.7
  260  S   17.071067812   17.071067812   17.071067812   16.900862849  1.70e-01   151  3.9/2.1
  260  T   17.071067812   17.071067812   17.071067812   17.033869221  3.72e-02    62  1.6/2.1
  964  M   31.976264879   31.976264173   31.976359432   31.976264173  7.06e-07     3  258.3/270.2
  964  R   31.976264879   31.938275314   31.953573341   31.938019606  3.82e-02     3  242.4/247.2
  964  S   31.976264879   31.880365479   31.861694536   31.859462022  1.17e-01     3  306.3/288.8
  964  T   31.976264879   31.968577502   31.970820339   31.964513567  1.18e-02     3  238.6/223.4
