90 10.009566752689668
1.5465524979137482 8.793865144152846 36.77829281020955
0.6982410118233663 8.24761707970185 35.9174424346402
2.373024461261663 8.101268408518393 30.772968793183264
1.5300073884850012 7.5624522793996976 30.77296879318327
0.6854194697381413 7.0262740977463505 30.772968793183303
1.4795593642046563 6.335297318857664 30.772968793183278
2.324147282951516 6.871475500511011 30.772968793183285
0.6854194697381412 5.714400940572135 30.772968793183292
1.53859486542305 4.922793849644202 15.069593194072267
2.396765332137293 5.581819177693171 15.06959319407228
8.737415636334465 1.5857757302754896 64.19587693189028
8.311752505927123 0.6782665247952583 64.22955889519562
8.03337845801796 2.448054947337808 65.2580114061749
7.606778538491987 1.5435708906753853 65.25801140617493
7.12749099733643 0.6633672280838159 65.2580114061749
6.440312063924319 1.5615118053518495 65.25801140617489
6.919599605079876 2.441715467943419 65.25801140617487
7.346199524605848 3.346199524605842 65.25801140617487
5.999955691735946 0.6633672280838161 65.25801140617487
5.755108046413811 2.462822667905092 64.28355283176796
6.2339646854563275 3.3421316393809235 64.28355283176796
4.8737402859578065 0.6674351133087345 64.28355283176795
5.31486624491417 1.5649159761665767 64.28355283176793
5.043961913196201 3.2908393431440333 64.28355283176796
4.60150876272337 2.389604811246918 63.82515748400884
4.160396921515512 1.492152671271633 63.82515748400878
3.89986786706134 3.229099112011892 63.82515748400878
3.458756025853484 2.3316469720366073 63.82515748400878
1.500000000000002 3.5206785901737474 9.99304825743785e-16
1.500000000000002 2.516623362913422 0.0
2.5000000000000036 3.0317967178006 89.99999999999999
2.5095667526896546 4.031796717800606 5.064228228317081e-13
0.5000000000000007 4.500000000000006 0.0
3.509566752689658 7.398381102603468 89.99999999999996
3.5095667526896577 6.398381102603466 89.99999999999996
3.5095667526896572 5.398381102603464 89.99999999999999
3.5095667526896572 4.398381102603463 89.99999999999999
5.50956675268966 4.509566752689659 5.684341886080802e-14
4.509566752689659 4.458428203947963 5.684341886080802e-14
0.5000000000000007 3.5000000000000044 0.0
0.5000000000000007 9.509566752689667 0.0
9.509566752689667 0.5000000000000007 0.0
0.5003732417942945 0.5000000000000007 0.0
1.5008977345293892 0.5000000000000007 90.0
2.5018457412063935 0.5000000000000007 0.0
3.522159776815399 0.5009629701591487 0.052658071615837396
0.5000000000000007 1.500000000000002 0.0
1.500000000000002 1.5008977345293892 5.067338338683536e-15
2.500000000000004 1.500000000000002 0.0
0.5000000000000007 2.5000000000000036 0.0
9.509566752689667 9.509566752689667 2.708977720143838e-14
8.509566752689665 9.509566752689667 9.949011152381727e-15
7.509566752689662 9.509566752689667 1.5575434347288115e-14
6.509566752689662 9.509164895970947 1.2488450052325859e-14
5.5095667526896595 9.509566752689667 1.8652359235401502e-14
4.509566752689658 9.508692960124531 1.682615180545366e-13
3.509566752689655 9.509566752689667 90.0
2.5095667526896537 9.509566752689667 2.2793425400138677e-14
9.509566752689667 8.509566752689665 1.4210854715202004e-14
8.509566752689665 8.509566752689665 0.0
7.509566752689663 8.509566752689665 2.842170943040401e-14
6.509566752689662 8.509001561738227 4.263256414560601e-14
5.50956675268966 8.509566752689665 2.842170943040401e-14
4.5095667526896595 8.461449493210909 0.0
3.509566752689658 8.509566752689665 3.2616180568267686e-15
9.509566752689667 7.509566752689663 1.4210854715202004e-14
8.509566752689665 7.509566752689663 1.4210854715202004e-14
7.509566752689663 7.509566752689663 89.99999999999999
6.509566752689662 7.5086596523977045 0.0
5.50956675268966 7.509566752689663 89.99999999999999
4.5095667526896595 7.460919340703152 89.99999999999994
9.509566752689667 6.509566752689662 1.4210854715202004e-14
8.509566752689665 6.509566752689662 0.0
7.509566752689663 6.509566752689662 89.99999999999999
6.509566752689662 6.508536783479043 89.99999999999997
5.5095667526896595 6.509566752689662 89.99999999999999
4.509566752689659 6.460275773666444 89.99999999999994
9.509566752689667 5.5095667526896595 89.99999999999996
8.509566752689665 5.5095667526896595 89.99999999999996
7.509566752689663 5.50956675268966 89.99999999999997
6.509566752689662 5.5084603848731835 0.0
5.50956675268966 5.5095667526896595 5.684341886080802e-14
4.509566752689659 5.458938324090283 4.263256414560601e-14
9.509566752689667 4.509566752689659 89.99999999999994
8.509566752689665 4.509566752689659 89.99999999999996
7.509566752689663 4.509566752689659 89.99999999999997
6.509566752689661 4.507019858161724 5.684341886080802e-14
9.509566752689667 3.5095667526896572 89.99999999999993
8.509566752689665 3.5095667526896563 89.99999999999993
9.509566752689663 2.5095667526896506 5.115907697472721e-13
