106 10.822979734171653
0.5000000000001021 10.32297973417155 0.0
1.500000000000306 10.32297973417155 0.0
2.5000000000005094 10.32297973417155 0.0
3.500000000000713 10.32297973417155 0.0
4.500000000000917 10.32297973417155 0.0
5.50000000000112 10.32297973417155 0.0
6.500000000001323 10.32297973417155 0.0
7.500000000001528 10.32297973417155 0.0
0.5000000000001021 9.322979734171348 0.0
1.500000000000306 9.322979734171348 0.0
2.5000000000005094 9.322979734171348 0.0
3.500000000000713 9.322979734171348 0.0
4.500000000000917 9.322979734171348 0.0
5.50000000000112 9.322979734171348 0.0
6.500000000001323 9.322979734171348 0.0
0.5000000000001021 8.322979734171144 0.0
1.500000000000306 8.322979734171144 0.0
2.5000000000005094 8.322979734171144 0.0
3.500000000000713 8.322979734171144 0.0
4.500000000000917 8.322979734171144 0.0
5.50000000000112 8.322979734171144 0.0
0.5000000000001021 7.32297973417094 0.0
1.500000000000306 7.32297973417094 0.0
2.5000000000005094 7.32297973417094 0.0
3.500000000000713 7.32297973417094 0.0
4.500000000000917 7.32297973417094 0.0
0.5000000000001021 6.322979734170737 0.0
1.500000000000306 6.322979734170737 0.0
2.5000000000005094 6.322979734170737 0.0
3.500000000000713 6.322979734170737 0.0
0.5000000000001021 5.322979734170533 0.0
1.500000000000306 5.322979734170533 0.0
2.5000000000005094 5.322979734170533 0.0
0.5000000000001021 4.32297973417033 0.0
1.500000000000306 4.32297973417033 0.0
0.5000000000001021 3.3229797341701253 0.0
10.32297973417155 0.5000000000001021 0.0
9.322979734171348 0.5000000000001021 0.0
8.322979734171144 0.5000000000001021 0.0
7.32297973417094 0.5000000000001021 0.0
6.322979734170737 0.5000000000001021 0.0
5.322979734170533 0.5000000000001021 0.0
4.32297973417033 0.5000000000001021 0.0
3.3229797341701253 0.5000000000001021 0.0
2.322979734169922 0.5000000000001021 0.0
10.32297973417155 1.500000000000306 0.0
9.322979734171348 1.500000000000306 0.0
8.322979734171144 1.500000000000306 0.0
7.32297973417094 1.500000000000306 0.0
6.322979734170737 1.500000000000306 0.0
5.322979734170533 1.500000000000306 0.0
4.32297973417033 1.500000000000306 0.0
3.3229797341701253 1.500000000000306 0.0
10.32297973417155 2.5000000000005094 0.0
9.322979734171348 2.5000000000005094 0.0
8.322979734171144 2.5000000000005094 0.0
7.32297973417094 2.5000000000005094 0.0
6.322979734170737 2.5000000000005094 0.0
5.322979734170533 2.5000000000005094 0.0
4.32297973417033 2.5000000000005094 0.0
10.32297973417155 3.500000000000713 0.0
9.322979734171348 3.500000000000713 0.0
8.322979734171144 3.500000000000713 0.0
7.32297973417094 3.500000000000713 0.0
6.322979734170737 3.500000000000713 0.0
5.322979734170533 3.500000000000713 0.0
10.32297973417155 4.500000000000917 0.0
9.322979734171348 4.500000000000917 0.0
8.322979734171144 4.500000000000917 0.0
7.32297973417094 4.500000000000917 0.0
6.322979734170737 4.500000000000917 0.0
10.32297973417155 5.50000000000112 0.0
9.322979734171348 5.50000000000112 0.0
8.322979734171144 5.50000000000112 0.0
7.32297973417094 5.50000000000112 0.0
10.32297973417155 6.500000000001323 0.0
9.322979734171348 6.500000000001323 0.0
8.322979734171144 6.500000000001323 0.0
10.32297973417155 7.500000000001528 0.0
9.322979734171348 7.500000000001528 0.0
10.32297973417155 8.50000000000173 0.0
10.32297973417155 10.32297973417155 0.0
0.5000000000001021 0.5000000000001021 0.0
0.5000000000001021 1.500000000000306 0.0
8.806745831104157 10.134254674421017 31.90716934838012
9.335290392442262 9.285349116257851 31.90716934838012
1.3493991439537485 2.4341271412631813 24.96896176818617
1.7715263792523452 1.5275905467345487 24.96896176818617
2.051453354917882 3.2953891874358825 24.96896176818617
2.4735805902164794 2.38885259290725 24.96896176818617
2.7535075658820167 4.156651233608583 24.96896176818617
3.175634801180614 3.2501146390799507 24.96896176818617
3.6600441604106493 4.57877846890718 24.96896176818617
4.0821713957092465 3.672241874378548 24.96896176818617
4.362098371374783 5.440040515079882 24.96896176818617
4.78422560667338 4.533503920551249 24.96896176818617
5.0641525823389175 6.301302561252582 24.96896176818617
5.486279817637515 5.394765966723949 24.96896176818617
5.766206793303052 7.162564607425283 24.96896176818617
6.188334028601649 6.256028012896651 24.96896176818617
6.672743387831685 7.584691842723879 24.96896176818617
7.094870623130282 6.678155248195248 24.96896176818617
7.374797598795819 8.44595388889658 24.96896176818617
7.796924834094416 7.539417294367949 24.96896176818617
8.076851809759953 9.307215935069282 24.96896176818617
8.498979045058551 8.400679340540648 24.96896176818617
