130 11.911190501572827
0.500000000000103 11.41118609279101 0.0
1.500000000000309 11.411190501572726 89.99999999999999
2.500000000000516 11.411190501572726 89.99999999999999
3.5000000000007225 11.411190501572726 89.99999999999996
4.50000000000093 11.411190501572726 89.99999999999993
5.500000000001136 11.411190372923908 89.99999999999993
6.500000000001343 11.411190501572726 89.99999999999991
7.500008034868502 11.411190501572726 89.99999999999997
8.500014976685069 11.411188305942256 89.99995609444346
0.500000000000103 10.411178579789828 89.99999999999999
1.500000000000309 10.41119050157252 89.99999999999996
2.5000000000005165 10.41119050157252 89.99999999999996
3.5000000000007225 10.41119050157252 89.99999999999994
4.500000000000929 10.41119008818883 89.99999999999994
5.500000000001136 10.411184328060722 89.99999999999993
6.500000000001343 10.41119050157252 89.99999999999993
7.500000000001549 10.41119050157252 89.99999999999999
0.500000000000103 9.411170763488554 89.99999999999999
1.500000000000309 9.411190501572312 89.99999999999997
2.500000000000516 9.411190501572314 89.99999999999997
3.500000000000722 9.411190501572312 89.99999999999997
4.500000000000929 9.411179437963066 89.99999999999997
5.500000000001135 9.411168637173946 89.99999999999997
6.500000000001341 9.411190501572314 89.99999999999997
0.500007655269008 8.411163971222033 5.6117724728e-05
1.5000182796088373 8.411190501572106 89.99999999999996
2.5000382712337754 8.411190501572106 1e-14
3.5000697822966016 8.411181845479673 89.99900808587213
4.500089061593423 8.411163305672513 89.99941211835811
5.500113139984693 8.411135960993505 89.99952131128849
0.500000000000103 7.4111572339775424 89.99999999999997
1.50002251673381 7.411190501571899 89.99999999999997
2.5000293120975314 7.411190501571899 0.0
3.500051632651849 7.411181169971792 89.99893066903624
4.500060195518561 7.411154379081764 89.99919911799438
0.500000000000103 6.411149768787901 0.0
1.500000000000309 6.411190501571692 89.99999999999996
2.5000464189271927 6.411190501571693 1e-15
3.500095823814408 6.411136395407794 89.99932175674174
0.500000000000103 5.411142880448391 0.0
1.500000000000309 5.411190501571486 89.99999999999999
2.5000000000005156 5.411190501571486 0.0
0.500000000000103 4.411136264591153 0.0
1.500000000000309 4.41119050157128 89.99999999999999
0.5000026353426454 3.4111303181176726 4.97471536e-07
11.411190501572726 0.5000037689897345 89.99999999999996
10.41119050157252 0.500000000000103 89.99999999999996
9.411190501572312 0.500000000000103 89.99999999999999
8.411190501572106 0.500000000000103 89.99999999999997
7.411190501571899 0.500000000000103 89.99999999999999
6.411190501571692 0.500000000000103 89.99999999999999
5.411190501571486 0.500000000000103 89.99999999999997
4.411190501571278 0.5000000000001039 89.99999999999996
3.4111797880636794 0.500000000000103 0.0
2.4111728368691145 0.5000025672213306 89.99992567601831
11.411190501572726 1.5000101946914057 89.99999999999997
10.41119050157252 1.500000000000309 89.99999999999996
9.411190501572312 1.500000000000309 89.99999999999997
8.411190501572106 1.500000000000309 89.99999999999997
7.411190501571899 1.50000000000031 89.99999999999996
6.411190501571693 1.5000000000003109 89.99999999999994
5.411190501571486 1.500000000000309 89.99999999999996
4.411190501571279 1.50000000000031 89.99999999999996
3.4111905015710726 1.500000000000309 89.99999999999997
11.411190501572726 2.5000162083023003 89.99999999999999
10.41119050157252 2.5000000000005165 89.99999999999997
9.411190501572312 2.500000000000516 89.99999999999997
8.411190501572106 2.500000000000516 89.99999999999997
7.411190501571898 2.5000000000005165 89.99999999999994
6.411190501471137 2.500000663196328 89.99999998847717
5.411145979072144 2.5000000000005165 89.99999999999996
4.411107846504993 2.500039317872387 89.99952855766148
11.411190501572726 3.500022507503261 89.99999999999994
10.41119050157252 3.500000000000723 89.99999999999994
9.411190501572314 3.5000000000007234 89.99999999999997
8.411190501572108 3.5000000000007225 89.99999999999997
7.411190501571899 3.500000000000723 89.99999999999997
6.411190501571693 3.500013934494051 89.99999999999996
5.411190501571488 3.500000000000722 89.99999999999996
11.411190501572724 4.500027976169465 89.99999999999993
10.411190501572518 4.50000000000093 89.99999999999994
9.411177931568277 4.50000000000093 89.99999999999993
8.411162097625482 4.500000000000929 89.99999999999997
7.411148304443719 4.50002423949838 89.99998451947582
6.411136986402344 4.500022709445069 89.99984250178154
11.411190501572726 5.500033444108033 89.99999999999996
10.411190501572518 5.500000000001136 89.99999999999996
9.411190501572312 5.500000000001137 89.99999999999993
8.411166000203648 5.500000000001135 89.99999999999997
7.411155070929311 5.500035856999112 89.99990840916224
11.411190501572726 6.500039492365561 89.99999999999997
10.41119050157252 6.500000000001343 89.99999999999997
9.411190501572314 6.500000000001343 89.99999999999997
8.411190501572108 6.500000000001341 89.99999999999997
11.411190501566319 7.500045095043015 89.99999999926573
10.411148089238816 7.50000000000155 89.99999999999997
9.411104462720528 7.500042459447178 0.000267085808504
11.411190501572726 8.500050702443419 89.99999999999999
10.41119050157252 8.500000000001757 89.99999999999999
11.411188769260939 9.50005480333443 89.99999917027391
11.411190501572726 11.411190501572726 0.0
0.500000000000103 0.500000000000103 2e-15
0.743858895504192 1.9554665188423321 44.64307086353739
1.454334487839871 1.2515487093552 44.65057330377004
1.4554397758018336 2.6581559335562535 44.63752536881069
2.1659201115991933 1.9541481438742698 44.650573303770045
2.1608134972098436 3.3672208304763536 44.65057330377002
2.871101422903629 2.663230486422728 44.65057330377004
2.868114691757864 4.0786078366764364 45.013080603984456
3.578471585566129 3.3746240948259056 45.02057668052703
3.579124412654449 4.78596317507573 45.34942669622984
4.289360120223785 4.08199725780481 45.34942669622983
4.2898848715201545 5.493720357136876 45.000559281952675
5.0001585691970005 4.789711700276605 44.999990872855015
4.993798586880186 6.20403270215517 45.00025530580893
5.704037337165023 5.50004649571043 44.99999087285491
9.955718419317341 11.167335359159758 45.35535485012818
10.659625344401647 10.456872262143742 45.34942669623
9.25300894674302 10.455776824581449 45.360834717775504
9.95700391087701 9.74530837068491 45.34942669623001
8.543980579567636 9.750388046706059 45.34942669623
9.2479600151501 9.040089078669201 45.34942669623
7.832594743230414 9.04307948635226 44.98640730137927
8.536567370009399 8.332717952063952 44.97942332044416
7.125238096242644 8.332076728096851 44.65057330377019
7.829193243768018 7.621830381349044 44.650573303770194
6.417503316523689 7.621314227190587 44.99766369461529
7.121495995778233 6.911014960810159 44.999990872853985
5.707168876253951 6.917415374946198 44.998393969966216
6.411147248024641 6.207150147223226 44.999990872854085
