131 11.95652190069644
0.5000000000002789 11.456521900696238 4.264e-12
11.456521900686724 0.5000000000144196 89.99999999973114
0.5000000000070619 0.5008882062990496 2.59216e-10
1.5000000000248122 0.5000000000001048 2.24e-13
2.500000000051789 0.5015714507628735 89.99999999846695
3.500000000061215 0.500000001165148 89.99999999858599
4.500000000070688 0.5000000000134044 89.99999999870647
0.5000000000164961 1.5026672237533418 89.99999999999521
1.5000000000495888 1.5000000000003144 4.42e-13
2.500000011899028 1.5046995100058078 89.99999956962556
3.500000016537288 1.5000000051666458 89.9999997546678
0.5000000000101972 2.5040323541093636 6.14e-13
1.5000000112620349 2.500000000000523 6.67e-13
2.5050043540012075 2.507672843676119 89.97817322575669
0.5000000000009441 3.5053225795538476 9.6191e-11
1.5000000000306235 3.5000000000007323 9e-13
0.5000000000001066 4.506645071338854 5.64e-13
1.500000000000317 4.5000000000009415 1.127e-12
0.5000000000131033 5.508075404683412 1.060558e-09
0.5005869754116974 6.509721486967205 0.01446748782488
11.456521900696286 11.45652190068752 89.99999999999939
10.456521900695979 11.45652190069031 89.99999999999869
9.45652190069567 11.456521900690788 89.99999999999797
8.456521900695362 11.456521900691081 89.99999999999713
7.456521900695053 11.456521900691179 89.99999999999622
6.456521900694744 11.456521900690936 89.99999999999523
5.456521900694435 11.456521900689708 89.99999999999415
4.456521900694125 11.456521900696272 89.9999999999929
3.456521900693779 11.456521900696332 89.99999999999976
2.456521900693462 11.456521900696243 2.58e-12
11.456521900696334 10.456521900650229 89.99999999999982
10.45652190069612 10.4565219006537 89.99999999999973
9.456521900695906 10.45652190065736 89.99999999999964
8.456521900695693 10.456521900660336 89.99999999999957
7.456521900695478 10.456521900660182 89.99999999999953
6.456521900695264 10.456521900659434 89.99999999999947
5.45652190069505 10.456521900654911 89.99999999999942
4.456521900694836 10.45652190061529 89.99999999999937
3.456521900694625 10.456521900696115 89.99999999999957
11.456521900696336 9.45652190060477 3.42e-13
10.456521900696128 9.45652190061668 6.47e-13
9.45652190069592 9.456521900626342 9.54e-13
8.45652190069571 9.456521900628502 1.255e-12
7.456521900695503 9.45652190063423 1.554e-12
6.456521900695294 9.456521900623335 1.85e-12
5.456521900695086 9.456521900627893 2.152e-12
4.456521900694871 9.45652190058892 3.045e-12
11.456050291641375 8.45652190057839 89.99999999928339
10.454386167535462 8.456521900594861 89.99999999927262
9.45297304415651 8.456521900607875 6.10645e-10
8.45156097214035 8.45652190061116 89.99999999939129
7.450104518812363 8.456521900616591 6.5719e-10
6.448266115109654 8.456521899963121 89.99999992634312
5.44637455982251 8.456521900589822 1.604244e-09
4.4418958094805765 8.456521899028361 89.9999999873205
11.456151438951025 7.456521900562696 89.99999999891253
10.454536246292507 7.456521900581923 89.99999999890149
9.453008482357909 7.456521900597098 4.60599e-10
8.45158337758716 7.456521900601174 89.9999999990875
7.450159168641384 7.456521900608303 4.41266e-10
6.448834111218419 7.456521899716528 89.99999989960308
5.446095464333161 7.456521900576586 1.084313e-09
4.444723141575922 7.456521897477762 89.99999997770156
11.456050793617738 6.456521900547005 89.99999999854161
10.45438921380033 6.456521900569003 89.99999999853232
9.452984609263675 6.456521900586316 3.09066e-10
8.451603431464761 6.4565219005912065 89.99999999878602
7.4502634384871 6.456521900600013 2.25015e-10
6.448979629328178 6.456521899414431 89.99999986644663
5.448168312990812 6.456521900563311 5.55236e-10
4.4477339606827915 6.456521895919695 89.9999999733954
11.45652190069634 5.456521900511533 89.99999999999991
10.456521900696137 5.456521900535613 89.99999999999982
9.456521900695932 5.45652190056556 89.99999999999973
8.45652190069573 5.456521900564337 89.99999999999964
7.456521900695526 5.456521900591689 89.99999999999956
6.456521900695322 5.450429903521941 89.99999999999947
5.45652190069512 5.456521900549862 89.99999999999937
4.456521900694916 5.456521894625323 89.99999999999928
11.45652190067941 4.456521900465765 89.99999999848521
10.456521900639062 4.456521900477241 89.99999999505648
9.456521900623084 4.4565219005067815 89.9999999943647
8.456521900611587 4.45652190025365 89.99999999417243
11.456521900677021 3.4565219004306225 89.99999999832609
10.456521900629177 3.4565219004621164 89.99999999457579
11.45652190066997 2.4565219003955616 89.99999999837884
4.952235148032809 1.5627224103970994 67.14683185866876
5.654895743591068 0.6548957435100666 67.15570074255429
5.0316848239163425 4.294119378860649 66.84122176886478
6.178201407103766 4.301584887092078 67.14683185907056
7.301626157106876 4.301626157080479 67.15570074285513
1.5393655194421925 10.675657424119688 27.79995942351468
0.6754836596962521 10.170011350520765 27.799959423511122
2.398166732255716 9.97093199820225 24.988877563902975
1.5312913982312555 9.463707647368963 24.988877563903245
0.6644160642068861 8.956483296535485 24.98887756390328
3.272458110314506 9.272458110315725 30.33267041073864
2.4093503848493034 8.76743825502021 30.33267041073898
1.546242659384153 8.262418399724604 30.332670410739343
0.6840637903802822 7.755811075779654 30.332670410739453
3.260028201998482 8.106581220547834 30.332670410721278
2.3960556652626925 7.601055348622381 30.332670410744917
1.532353305264028 7.093287463547928 30.46190671910821
3.263328717398157 6.949908484647193 30.332670410746417
2.3994805413986118 6.443150180214271 30.461906719108413
1.684465901222695 5.686330477709962 30.46190671752343
3.2722267454411758 5.7957609951228255 30.406893092153304
2.5569718055461825 5.038799960361112 30.406893092153343
10.70183064122481 1.5257334544391155 56.98805816053095
10.1500767232525 0.6916854281285092 56.98805816476216
9.990102149028644 2.391899376596993 65.53050779904702
9.427521033721362 1.5492392606741827 65.53050779938006
8.96246894469789 0.6621953072930893 65.5305077998643
9.297190307998209 3.2971903079577993 66.18226680228071
8.73054826102327 2.454225132448705 66.18226680220913
8.268472171921388 1.5651022100825118 66.1822668023097
7.8441098407335055 0.6593315917726361 66.18226698487761
8.038719513075712 3.372185126446622 65.92946252542762
7.580286544195505 2.481731827676023 65.92946251938145
7.148034498863441 1.5771724881829492 66.18226668457092
6.75101622431878 0.6593315916121671 66.18226702612778
6.880865986545082 3.3937676729270123 67.15570074251536
6.447607318836122 2.4911744478984126 67.15570074246239
6.051920935650177 1.5727530947747015 67.15570074243313
5.742937031364374 3.399845169905606 67.14683185883419
5.349259770894723 2.480578411098052 67.14683185866741
3.9850680952961235 4.400061914157877 66.74950992446675
4.638542419631923 3.3683688098002804 66.74950988904435
3.5973606167266796 3.478247564974489 66.74950988700563
4.237943934130119 2.441465643182179 66.11874354261275
2.5000000000424407 3.8545048050912953 7.028e-11
