177 13.823028750759281
0.5000000000001013 13.32302875075918 0.0
1.5000000000003038 13.32302875075918 0.0
2.500000000000507 13.32302875075918 0.0
3.50000000000071 13.32302875075918 0.0
4.500000000000913 13.32302875075918 0.0
5.5000000000011156 13.32302875075918 0.0
6.500000000001319 13.32302875075918 0.0
7.500000000001522 13.32302875075918 0.0
8.500000000001725 13.32302875075918 0.0
9.500000000001927 13.32302875075918 0.0
10.500000000002132 13.32302875075918 0.0
0.5000000000001013 12.323028750758978 0.0
1.5000000000003038 12.323028750758978 0.0
2.500000000000507 12.323028750758978 0.0
3.50000000000071 12.323028750758978 0.0
4.500000000000913 12.323028750758978 0.0
5.5000000000011156 12.323028750758978 0.0
6.500000000001319 12.323028750758978 0.0
7.500000000001522 12.323028750758978 0.0
8.500000000001725 12.323028750758978 0.0
9.500000000001927 12.323028750758978 0.0
0.5000000000001013 11.323028750758773 0.0
1.5000000000003038 11.323028750758773 0.0
2.500000000000507 11.323028750758773 0.0
3.50000000000071 11.323028750758773 0.0
4.500000000000913 11.323028750758773 0.0
5.5000000000011156 11.323028750758773 0.0
6.500000000001319 11.323028750758773 0.0
7.500000000001522 11.323028750758773 0.0
8.500000000001725 11.323028750758773 0.0
0.5000000000001013 10.32302875075857 0.0
1.5000000000003038 10.32302875075857 0.0
2.500000000000507 10.32302875075857 0.0
3.50000000000071 10.32302875075857 0.0
4.500000000000913 10.32302875075857 0.0
5.5000000000011156 10.32302875075857 0.0
6.500000000001319 10.32302875075857 0.0
7.500000000001522 10.32302875075857 0.0
0.5000000000001013 9.323028750758368 0.0
1.5000000000003038 9.323028750758368 0.0
2.500000000000507 9.323028750758368 0.0
3.50000000000071 9.323028750758368 0.0
4.500000000000913 9.323028750758368 0.0
5.5000000000011156 9.323028750758368 0.0
6.500000000001319 9.323028750758368 0.0
0.5000000000001013 8.323028750758166 0.0
1.5000000000003038 8.323028750758166 0.0
2.500000000000507 8.323028750758166 0.0
3.50000000000071 8.323028750758166 0.0
4.500000000000913 8.323028750758166 0.0
5.5000000000011156 8.323028750758166 0.0
0.5000000000001013 7.323028750757962 0.0
1.5000000000003038 7.323028750757962 0.0
2.500000000000507 7.323028750757962 0.0
3.50000000000071 7.323028750757962 0.0
4.500000000000913 7.323028750757962 0.0
0.5000000000001013 6.323028750757759 0.0
1.5000000000003038 6.323028750757759 0.0
2.500000000000507 6.323028750757759 0.0
3.50000000000071 6.323028750757759 0.0
0.5000000000001013 5.323028750757556 0.0
1.5000000000003038 5.323028750757556 0.0
2.500000000000507 5.323028750757556 0.0
0.5000000000001013 4.323028750757354 0.0
1.5000000000003038 4.323028750757354 0.0
0.5000000000001013 3.32302875075715 0.0
13.32302875075918 0.5000000000001013 0.0
12.323028750758978 0.5000000000001013 0.0
11.323028750758773 0.5000000000001013 0.0
10.32302875075857 0.5000000000001013 0.0
9.323028750758368 0.5000000000001013 0.0
8.323028750758166 0.5000000000001013 0.0
7.323028750757962 0.5000000000001013 0.0
6.323028750757759 0.5000000000001013 0.0
5.323028750757556 0.5000000000001013 0.0
4.323028750757354 0.5000000000001013 0.0
3.32302875075715 0.5000000000001013 0.0
2.323028750756947 0.5000000000001013 0.0
13.32302875075918 1.5000000000003038 0.0
12.323028750758978 1.5000000000003038 0.0
11.323028750758773 1.5000000000003038 0.0
10.32302875075857 1.5000000000003038 0.0
9.323028750758368 1.5000000000003038 0.0
8.323028750758166 1.5000000000003038 0.0
7.323028750757962 1.5000000000003038 0.0
6.323028750757759 1.5000000000003038 0.0
5.323028750757556 1.5000000000003038 0.0
4.323028750757354 1.5000000000003038 0.0
3.32302875075715 1.5000000000003038 0.0
13.32302875075918 2.500000000000507 0.0
12.323028750758978 2.500000000000507 0.0
11.323028750758773 2.500000000000507 0.0
10.32302875075857 2.500000000000507 0.0
9.323028750758368 2.500000000000507 0.0
8.323028750758166 2.500000000000507 0.0
7.323028750757962 2.500000000000507 0.0
6.323028750757759 2.500000000000507 0.0
5.323028750757556 2.500000000000507 0.0
4.323028750757354 2.500000000000507 0.0
13.32302875075918 3.50000000000071 0.0
12.323028750758978 3.50000000000071 0.0
11.323028750758773 3.50000000000071 0.0
10.32302875075857 3.50000000000071 0.0
9.323028750758368 3.50000000000071 0.0
8.323028750758166 3.50000000000071 0.0
7.323028750757962 3.50000000000071 0.0
6.323028750757759 3.50000000000071 0.0
5.323028750757556 3.50000000000071 0.0
13.32302875075918 4.500000000000913 0.0
12.323028750758978 4.500000000000913 0.0
11.323028750758773 4.500000000000913 0.0
10.32302875075857 4.500000000000913 0.0
9.323028750758368 4.500000000000913 0.0
8.323028750758166 4.500000000000913 0.0
7.323028750757962 4.500000000000913 0.0
6.323028750757759 4.500000000000913 0.0
13.32302875075918 5.5000000000011156 0.0
12.323028750758978 5.5000000000011156 0.0
11.323028750758773 5.5000000000011156 0.0
10.32302875075857 5.5000000000011156 0.0
9.323028750758368 5.5000000000011156 0.0
8.323028750758166 5.5000000000011156 0.0
7.323028750757962 5.5000000000011156 0.0
13.32302875075918 6.500000000001319 0.0
12.323028750758978 6.500000000001319 0.0
11.323028750758773 6.500000000001319 0.0
10.32302875075857 6.500000000001319 0.0
9.323028750758368 6.500000000001319 0.0
8.323028750758166 6.500000000001319 0.0
13.32302875075918 7.500000000001522 0.0
12.323028750758978 7.500000000001522 0.0
11.323028750758773 7.500000000001522 0.0
10.32302875075857 7.500000000001522 0.0
9.323028750758368 7.500000000001522 0.0
13.32302875075918 8.500000000001725 0.0
12.323028750758978 8.500000000001725 0.0
11.323028750758773 8.500000000001725 0.0
10.32302875075857 8.500000000001725 0.0
13.32302875075918 9.500000000001927 0.0
12.323028750758978 9.500000000001927 0.0
11.323028750758773 9.500000000001927 0.0
13.32302875075918 10.500000000002132 0.0
12.323028750758978 10.500000000002132 0.0
13.32302875075918 11.500000000002334 0.0
13.32302875075918 13.32302875075918 0.0
0.5000000000001013 0.5000000000001013 0.0
0.5000000000001013 1.5000000000003038 0.0
11.806769026147284 13.134373252911576 31.88231058262726
12.334945225378831 12.285238456447715 31.88231058262726
1.3486608074945066 2.4342512487764365 25.11273566400432
1.7730615089298345 1.5287767628732682 25.11273566400432
2.0499672418274164 3.294251987884186 25.11273566400432
2.4743679432627452 2.388777501981018 25.11273566400432
2.7512736761603263 4.154252726991935 25.11273566400432
3.175674377595656 3.2487782410887664 25.11273566400432
3.656748162063496 4.5786534284272635 25.11273566400432
4.081148863498825 3.673178942524095 25.11273566400432
4.358054596396405 5.438654167535013 25.11273566400432
4.782455297831735 4.533179681631845 25.11273566400432
5.059361030729317 6.298654906642762 25.11273566400432
5.483761732164646 5.393180420739593 25.11273566400432
5.760667465062227 7.15865564575051 25.11273566400432
6.1850681664975555 6.253181159847342 25.11273566400432
6.666141950965396 7.583056347185838 25.11273566400432
7.090542652400724 6.677581861282671 25.11273566400432
7.367448385298306 8.443057086293589 25.11273566400432
7.7918490867336345 7.53758260039042 25.11273566400432
8.068754819631216 9.303057825401337 25.11273566400432
8.493155521066544 8.397583339498167 25.11273566400432
8.770061253964128 10.163058564509086 25.11273566400432
9.194461955399454 9.257584078605916 25.11273566400432
9.675535739867295 10.587459265944414 25.11273566400432
10.099936441302624 9.681984780041246 25.11273566400432
10.376842174200206 11.447460005052164 25.11273566400432
10.801242875635534 10.541985519148994 25.11273566400432
11.078148608533116 12.307460744159913 25.11273566400432
11.502549309968444 11.401986258256745 25.11273566400432
