210 14.973810444983155
0.500000000002788 14.473810444981552 6.7799e-11
14.471425649592032 0.5000000000001243 89.99999999999963
14.473810444983041 1.5000000000003695 89.99999999999926
0.5000000000011147 7.500000000015399 1.3731e-11
0.500000000000262 6.500000000014225 89.99999999999821
1.5047598657630203 6.507001295168732 89.98151358219427
0.5000000000002327 5.500000000013088 89.99999999999747
1.5000000000006937 5.503995819025597 89.99999999999463
2.5000000000011076 5.500000000005583 6.24e-12
0.5000000000001119 4.500000000010871 89.99999999999893
1.5000000000003277 4.500000000011097 89.9999999999979
2.5000000000005462 4.500000000005096 89.99999999999667
0.500000000040842 3.5000000000084364 89.99999999993972
1.5000000001227152 3.500000000006253 89.99999999980552
2.5000000001589973 3.5000000000043445 1.1039e-11
3.5000000001890283 3.5000000000118296 89.99999999906841
0.5000000000001226 2.500000000006188 89.99999999999817
1.5000000000003553 2.5000000000039266 89.99999999999626
2.500000000000588 2.500000000003319 89.99999999999456
3.50000000000082 2.500000000002891 89.99999999999285
4.500000000001048 2.5000000000006057 89.9999999999915
0.5000000000001181 1.5000000000024993 89.99999999999858
1.5000000000003437 1.5000000000021547 89.99999999999716
2.5000000000005693 1.5000000000017604 89.99999999999586
3.5000000000007936 1.500000000000484 89.9999999999947
4.5000000000010125 1.5000000000003695 89.99999999999417
5.500000000001235 1.500000000000358 89.99999999999429
0.5000000000001137 0.5000000000005089 89.99999999999983
1.5000000000003402 0.5000000000003597 89.99999999999964
2.5000000000005675 0.500000000000175 89.99999999999943
3.500000000000795 0.5000000000001315 89.99999999999922
4.500000000001021 0.5000000000001128 89.99999999999913
5.500000000001249 0.5000000000001119 89.99999999999895
6.500000000001473 0.5053307282986248 89.99999999999957
7.500000000001693 0.500000000000103 1.43e-13
2.47381044497076 14.47381044498265 9.311e-12
3.473810444971532 14.473810444982924 89.99999999999339
4.473810444972258 14.473810444982764 89.99999999998572
5.473810444973287 14.473810444983052 89.99999999999986
6.473810444974952 14.473810444983048 6.5e-13
7.473810444975842 14.47381044498233 1.8023e-11
8.473810444976662 14.473810444983052 89.99999999999989
9.473810444977477 14.473030127245135 1.6853e-11
10.473810444978154 14.473810444983023 89.9999999999966
11.473810444978835 14.473810444983034 89.99999999999784
12.473810444979662 14.47381044498303 89.99999999999729
13.473810444980789 14.473810444983037 89.99999999999882
14.473810444982774 14.473810444983044 89.99999999999979
3.4738104449720826 13.473810444982401 89.99999999997705
4.4738104449727425 13.473810444979073 89.99999999997434
5.47381044497366 13.473810444982846 89.99999999999974
6.473810444975209 13.473810444982835 1.178e-12
7.473810444976126 13.473810444980618 89.99999999998033
8.473810444976918 13.473810444982849 89.99999999999976
9.473810444977913 13.471452975396275 89.99999999997317
10.473810444978817 13.473810444982778 89.99999999999211
11.473810444979925 13.4738104449828 89.99999999999481
12.473810444980922 13.473810444982782 89.99999999999231
13.473810444981765 13.47381044498281 89.99999999999751
14.473810444982874 13.473810444982824 89.99999999999955
4.473810444974022 12.473810444977582 89.9999999999958
5.47381044497444 12.473810444982638 89.99999999999963
6.473810444975248 12.473810444982625 1.639e-12
7.473810444976056 12.47381044497978 89.99999999997851
8.473810444976856 12.473810444982645 89.99999999999964
9.4738104449777 12.470510778202371 89.99999999997637
10.473810444978497 12.473810444982563 89.99999999999113
11.473810444979648 12.473810444982584 89.99999999999406
12.47381044498073 12.473810444982568 89.99999999999122
13.473810444981815 12.473810444982584 89.99999999999618
14.473810444982899 12.473810444982606 89.99999999999926
4.473810444968054 11.473810444976273 4.7598e-11
5.473810444974292 11.47381044498243 89.99999999999957
6.473810444975098 11.473810444982416 2.068e-12
7.473810444975826 11.473810444979126 89.99999999997728
8.473810444976646 11.47381044498244 89.99999999999955
9.473810444977453 11.469709058780643 89.99999999997497
10.473810444978263 11.473810444982348 89.99999999999027
11.47381044497941 11.47381044498237 89.99999999999321
12.473810444980575 11.473810444982355 89.99999999999031
13.473810444981726 11.473810444982355 89.99999999999486
14.473810444982892 11.473810444982384 89.99999999999893
5.473810444969423 10.473810444982224 89.99999999999955
6.473810444974694 10.473810444982206 2.481e-12
7.473810444975322 10.473810444978568 89.99999999997584
8.473810444976293 10.473810444982238 89.9999999999994
9.473810444977078 10.468948974755968 89.99999999997202
10.473810444977952 10.473810444982135 89.9999999999895
11.47381044497915 10.473810444982155 89.99999999999216
12.47381044498038 10.473810444982144 89.9999999999895
13.47381044498162 10.473810444982128 89.99999999999353
14.473810444982874 10.473810444982165 89.99999999999856
5.467817743136918 9.473810444982018 89.9999999999995
6.473810444970287 9.473810444981996 2.921e-12
7.47381044497137 9.473810444978065 89.99999999997647
8.473810444975598 9.473810444982036 89.99999999999932
9.473810444976436 9.468184623503792 89.99999999996804
10.473810444977506 9.473810444981924 89.99999999998882
11.473810444978806 9.473810444981938 89.99999999999099
12.47381044498011 9.473810444981932 89.99999999998877
13.473810444981464 9.4738104449819 89.99999999999223
14.473810444982846 9.473810444981945 89.9999999999981
5.46854920726528 8.47381044498181 89.99999999999949
6.4738104442065465 8.473810444981785 3.429e-12
7.473810444475037 8.473810444977573 89.99999999998028
8.473810444972429 8.473810444981831 89.99999999999923
9.473810444974488 8.467381719170076 89.9999999999647
10.473810444976975 8.473810444981712 89.99999999998825
11.473810444978422 8.473810444981718 89.99999999998954
12.473810444979753 8.473810444981721 89.99999999998815
13.473810444981098 8.473810444981673 89.9999999999909
14.473810444982728 8.473810444981723 89.99999999999761
5.47381044406802 7.473810444981605 89.99999999999947
6.473810444215841 7.4738104449815745 3.92e-12
7.473810444474838 7.473810444977103 89.9999999999837
8.473810444726547 7.473810444981629 89.99999999999913
9.473810444974445 7.466504292448742 8.44764e-10
10.473810444982034 7.473810444981501 89.99999999998761
11.47381044498226 7.473810444981493 89.99999999998738
12.473810444982487 7.4738104449815115 89.99999999998745
13.473810444982725 7.47381044498144 89.99999999998926
14.47381044498302 7.473810444981501 89.99999999999706
8.473810444981485 6.473810444981424 89.99999999999903
9.473810444981764 6.46549882721534 89.99999999999237
10.473810444982043 6.473810444981279 89.99999999998573
11.473810444982266 6.473810444981268 89.99999999998542
12.473810444982497 6.473810444981301 89.99999999998684
13.473810444982728 6.473810444981212 89.99999999998835
14.47381044498302 6.473810444981276 89.99999999999666
12.473810444982517 5.473810444981094 89.99999999998651
13.473810444982735 5.473810444980984 89.99999999998745
14.47381044498302 5.473810444981051 89.99999999999636
13.473810444982679 4.473810444980749 89.99999999998572
14.473810444983009 4.473810444980824 89.9999999999962
14.473810444983005 3.4738104449805967 89.99999999999609
3.51585288954648 4.577682155796086 88.15331554762147
3.873546968560761 5.566669057628271 88.15331554761734
4.513342641875873 4.483708680772299 88.1533155476147
4.871036720890639 5.472695582604171 88.15331554761362
5.344517027167106 6.473810444981399 89.99999999999953
6.344517027167424 6.473810444981345 5.573e-12
7.344517027167793 6.473810444976633 89.9999999999935
11.433719996753025 5.433719996751817 85.19936014419942
3.2742272205376306 6.581904967892724 25.778045139850516
4.177981987070067 7.0156511558097545 25.496808095444703
2.430859383884023 7.285115716874113 25.77804514000606
3.3355322358412245 7.722024071981783 25.77804513982449
4.309223174416149 8.185057437780785 25.029455908350748
1.5659240646313313 7.977910531159492 25.778045140021508
2.4664095437861953 8.412796610305914 25.77804513999519
3.3668950229409766 8.847682689487552 25.778045141799034
4.28290575300239 9.277155632917854 24.429797965749614
0.681402160703084 8.667566288270393 25.748658107248424
1.584591048963147 9.097437758377755 25.77804514000892
2.485076528125556 9.532323837545357 25.778045141811646
3.3855620072680974 9.96720991672258 25.778045141592035
0.6675662882629112 9.771130268907422 25.748658109405486
1.5706510746489002 10.201217577425808 25.778045140847652
2.4711365537881465 10.636103656602202 25.778045140880895
3.3087136941252497 12.308713694133548 25.150681571021106
2.419951778494915 11.848716959028678 25.15068157102504
0.6650967508486207 10.880441998539379 25.150681571026283
1.5656362135744404 11.315354148887016 25.150681571026485
0.6682325072757385 11.998473178628878 25.91306016660285
2.409573839257522 12.990989206320624 25.913060166610602
1.5211949995997163 12.531178590832141 25.913060166626714
4.432481495783877 10.432481495790626 4.956369562061106
3.324325771578815 11.16892250162952 25.778045140875495
1.5566113469328178 13.688352993431334 25.91306016668583
0.6682325072759738 13.22854237794163 25.9130601666769
12.925342187462007 0.645874668504872 69.01981818737369
13.28142071884966 1.5803330759036953 69.01981818735821
11.85433933294724 0.6458746685048053 69.01981818738689
12.207923036454444 1.5812897606333642 69.01981818737717
12.547760775755775 2.5219759795420327 69.01981818735162
10.772240129947134 0.631578898705083 71.72344644545359
11.113776429362876 1.5719077117832372 71.72344644545353
11.46600058761936 2.508706704871117 71.72344644545353
11.801777738651989 3.4509375600133145 71.72344644545359
12.240203630525052 4.3592671835997905 71.72344644545375
9.697095089362271 0.6326173578744996 71.53571571461067
10.03134788877382 1.5752821936455303 71.5357157146104
10.372855362444966 2.5155246768516557 71.53571571461067
10.725039014775028 3.452202359236632 71.53571571461129
11.058590008947986 4.395101529404902 71.53571571461202
8.632617357876295 0.632617357874488 71.53571571461276
8.958512271029507 1.578072911256073 71.53571571461184
9.292765070441071 2.5207377470270957 71.53571571461167
9.634272544112157 3.4609802302332406 71.53571571461212
9.986456196440653 4.397657912618742 71.53571571461332
10.318102429005135 5.3411930871068165 71.53571571461487
7.889062992681437 1.5717427101660668 70.13026086191725
8.220968637166697 2.51509343551552 70.1302608619155
8.555169536204993 3.45761466114919 70.13026086190818
8.896561349128424 4.397537107045551 70.13026086191033
9.248535509183426 5.333635117030671 70.13026086193184
7.166530309449802 2.5540941767863883 71.65441216594611
7.498746247190872 3.497477057754496 71.65441216594611
7.833012800792514 4.440179951847311 71.65441216594611
8.174539415921899 5.38047540013441 71.65441216594637
6.770230591183042 1.63196156044092 71.6544121659462
6.412223872177636 3.4464733172185706 69.87946740035676
6.7444087728143645 4.389771479398961 69.8794674003571
7.078621270428501 5.332326822426043 69.87946740035741
5.679413197694875 4.389771479399013 69.87946740033871
6.013625695309542 5.3323268224260145 69.87946740035088
13.701746382898202 2.552252486665961 61.91795049595763
12.97917883657922 3.433456068994812 68.27877208727347
6.016674553978191 2.5263889906910233 69.87946740035642
5.2846265794975436 3.417441830727591 63.97345401520016
