236 15.87606262399495
0.500000000000103 15.375969654406722 89.99999999999997
1.500000000000309 15.376062623994844 89.99999999999993
2.5000000000005143 15.376062623994846 89.99999999999991
3.500000000000721 15.376062623994844 89.9999999999999
4.500000000000926 15.376062623994846 89.99999999999989
5.500000000001132 15.376062623994846 89.99999999999989
6.500000000001338 15.376062623994844 89.99999999999987
7.5000000000015445 15.376062623994844 89.99999999999987
8.50000000000175 15.376062623994844 89.99999999999987
9.500000000001958 15.376062623994844 89.99999999999987
10.500000000002162 15.376062623994844 89.99999999999986
11.500345192083804 15.376062623994844 0.0
12.500744168658958 15.375953098680544 89.99925588849287
0.5000000000001039 14.375827966654075 89.99999999999993
1.50000000000031 14.376062623994638 89.9999999999998
2.500000000000516 14.376062623994638 89.99999999999979
3.500000000000722 14.376062623994638 89.99999999999977
4.500000000000927 14.376062623994638 89.99999999999977
5.500000000001132 14.376062623994638 89.99999999999976
6.500000000001339 14.376062623994638 89.99999999999976
7.5000000000015445 14.376062623994638 89.99999999999977
8.50000000000175 14.376062623994638 89.99999999999977
9.500000000001956 14.376062623994635 89.99999999999979
10.50000000000216 14.376062623994638 89.99999999999983
11.50000000000237 14.376062623994638 3.5e-14
0.5000000000001039 13.37560778901668 89.99999999999993
1.5000000000003109 13.376062623994432 89.99999999999979
2.500000000000516 13.376062623994432 89.99999999999976
3.500000000000723 13.37606262399443 89.99999999999974
4.500000000000929 13.376062623994434 89.99999999999974
5.500000000001134 13.376062623994432 89.99999999999974
6.500000000001341 13.37606262399443 89.99999999999973
7.500000000001546 13.376062623994434 89.99999999999974
8.500000000001753 13.376062623994432 89.99999999999974
9.50000000000196 13.376062623994429 89.99999999999977
10.500000000002164 13.376062623994432 89.99999999999982
0.5000000000001039 12.375340731060234 89.99999999999993
1.5000000000003109 12.376062623994226 89.9999999999998
2.500000000000516 12.376062623994224 89.99999999999974
3.500000000000723 12.376062623994226 89.99999999999974
4.500000000000929 12.376062623994226 89.99999999999976
5.500000000001134 12.376062623994226 89.99999999999974
6.500000000001341 12.376062623994226 89.99999999999973
7.500000000001547 12.376062623994226 89.99999999999974
8.500767348719574 12.376062623994226 89.99999999999974
9.50189989024595 12.37507244900549 0.015052695328683
0.5000000000001039 11.375114361471901 89.99999999999993
1.5000000000003109 11.37606262399402 89.99999999999979
2.500000000000516 11.37606262399402 89.99999999999979
3.500000000000722 11.37606262399402 89.99999999999979
4.500000000000927 11.37606262399402 89.99999999999979
5.500000000001132 11.37606262399402 89.99999999999979
6.500000000001338 11.376062623994017 89.99999999999979
7.5000000000015445 11.37606262399402 89.99999999999979
8.50000000000175 11.37606262399402 89.99999999999979
0.5000000000001039 10.374877697606777 89.99999999999993
1.50000000000031 10.376062623993816 89.9999999999998
2.500000000000516 10.376062623993814 89.99999999999977
3.500000000000722 10.376062623993814 89.99999999999977
4.500000000000927 10.376062623993816 89.99999999999977
5.500000000001132 10.376062623993816 89.99999999999977
6.500000000001339 10.376062623993812 89.99999999999979
7.5000000000015445 10.376062623993816 89.9999999999998
0.5000000000001039 9.374594344477066 89.99999999999994
1.5000000000003109 9.37606262399361 89.99999999999982
2.500000000000517 9.376062623993606 89.99999999999974
3.500000000000724 9.376062623993604 89.99999999999972
4.500000000000931 9.37606262399361 89.99999999999976
5.500791592420175 9.376062623993608 89.99999999999979
6.502035921298988 9.375000922771578 0.016340799624706
0.5000000000001039 8.374309524162067 89.99999999999994
1.50000000000031 8.376062623993404 89.99999999999986
2.500000000000516 8.376062623993404 89.99999999999979
3.500000000000722 8.3760626239934 89.99999999999977
4.500000000000927 8.376062623993406 89.99999999999977
5.500000000001132 8.376062623993404 89.99999999999977
0.5000000000001039 7.374023894356434 89.99999999999994
1.50000000000031 7.376062623993198 89.99999999999983
2.500000000000516 7.376062623993196 89.99999999999979
3.500000000000722 7.376062623993193 89.99999999999977
4.500000000000927 7.3760626239931995 89.99999999999977
0.5000000000001039 6.373656929288219 89.99999999999997
1.5000000000003135 6.376062623992992 89.99999999999983
2.5007594921680507 6.37606262399299 89.99999999999974
3.501884498465394 6.3750656581677845 0.014888963101065
0.5000000000001039 5.373281341971924 89.99999999999996
1.500000000000309 5.376062623992786 89.9999999999999
2.500000000000516 5.376062623992786 89.99999999999974
0.5000000000001039 4.3728937050756755 89.99999999999993
1.500000000000309 4.3760626239925795 89.99999999999986
0.5002121826712891 3.372503550607955 0.015057147634785
15.376062623994844 0.5003385127714246 89.99999999999999
14.376062623994638 0.5003388570339338 89.99999999999996
13.376062623994432 0.5000000000001039 89.99999999999994
12.376062623994226 0.5000000000001039 89.99999999999994
11.37606262399402 0.5000000000001039 89.99999999999993
10.376062623993814 0.5000000000001039 89.99999999999994
9.376062623993606 0.5000000000001039 89.99999999999994
8.376062623993398 0.500000000000103 89.99999999999997
7.37606262399319 0.5002503560573519 7.4e-14
6.376062623992981 0.500000000000103 89.99999999999999
5.375541394715492 0.5000000000001039 89.99999999999991
4.374970386524476 0.5000000000001039 89.99999999999994
3.374145213585953 0.500000000000103 1.1e-14
2.373235681354414 0.5003659049814884 89.99742155838693
15.376062623994844 1.5006831736890165 2.4e-14
14.376062623994638 1.5005152902383223 89.99999999999994
13.37606262399443 1.5000000000003118 89.9999999999998
12.376062623994224 1.50000000000031 89.9999999999998
11.376062623994017 1.50000000000031 89.9999999999998
10.376062623993812 1.5000000000003109 89.99999999999979
9.376062623993604 1.50000000000031 89.99999999999982
8.376062623993398 1.500000000000309 89.99999999999993
7.376062623993191 1.5006118016828722 89.99999999999999
6.376062623992983 1.5000000000003082 89.99999999999996
5.376062623992775 1.5000000000003109 89.99999999999982
4.375183174353734 1.500000000000309 89.99999999999986
3.374493717315385 1.500000000000309 2.6e-14
15.376062623994844 2.5011710215559786 89.99999999999989
14.376062623994638 2.500882784697814 89.99999999999984
13.376062623994432 2.500000000000518 89.99999999999977
12.376062623994226 2.500000000000516 89.99999999999976
11.37606262399402 2.500000000000515 89.99999999999977
10.376062623993812 2.500000000000516 89.99999999999976
9.376062623993606 2.500000000000515 89.9999999999998
8.3760626239934 2.5000000000005143 89.99999999999991
7.376062623993193 2.5013585246909615 89.99999999999996
6.376062623992986 2.5000000000005143 89.99999999999996
5.376062623992777 2.500000000000516 89.9999999999998
4.376062623992572 2.500000000000516 89.9999999999998
15.376062623994844 3.501703696812916 89.99999999999989
14.376062623994638 3.5012962482042456 89.99999999999984
13.376062623994432 3.5000000000007248 89.99999999999977
12.376062623994224 3.500000000000722 89.99999999999976
11.37606262399402 3.500000000000722 89.99999999999976
10.376062623993814 3.500000000000723 89.99999999999977
9.376062623993606 3.500000000000722 89.9999999999998
8.376062623993402 3.5000000000007203 89.99999999999989
7.376062623993194 3.502274049049018 89.99999999999996
6.376062623992988 3.5000000000007203 89.99999999999996
5.37606262399278 3.500000000000722 89.9999999999998
15.376062623994844 4.5021618917948185 89.99999999999987
14.376062623994638 4.501697132035911 89.99999999999979
13.376062623994432 4.50000000000093 89.99999999999979
12.376062623994226 4.500000000000928 89.99999999999976
11.37606262399402 4.500000000000927 89.99999999999976
10.376062623993816 4.500000000000929 89.99999999999979
9.376062623993608 4.500000000000927 89.9999999999998
8.376062623993402 4.500000000000926 89.99999999999987
7.376062623993195 4.503291500954042 89.99999999999997
6.37606262399299 4.5000000000009255 89.99999999999996
15.376062623994844 5.502596337731194 1e-15
14.376062623994638 5.501977031229394 89.99999999999983
13.376062623994432 5.500000000001136 89.9999999999998
12.376062623994226 5.500000000001133 89.99999999999977
11.37606262399402 5.500000000001132 89.99999999999977
10.376062623993814 5.500000000001134 89.99999999999979
9.376062623993608 5.500000000001132 89.9999999999998
8.376062623993404 5.5000000000011315 89.99999999999984
7.37496515934854 5.505087414442011 89.98763003678665
15.376062623994844 6.503032172159893 89.99999999999987
14.376062623994638 6.502234026018134 89.9999999999998
13.376062623994434 6.500000000001343 89.9999999999998
12.376062623994228 6.500000000001339 89.99999999999979
11.37606262399402 6.500000000001339 89.99999999999977
10.376062623993816 6.500000000001341 89.99999999999979
9.37606262399361 6.500000000001338 89.99999999999979
8.376062623993406 6.500000000001338 89.99999999999982
15.376062623994844 7.503524400520478 89.99999999999994
14.376062623994635 7.5025679035185915 89.99999999999983
13.376062623994432 7.500000000001548 89.9999999999998
12.376062623994226 7.500000000001545 89.99999999999979
11.37606262399402 7.5000000000015445 89.99999999999979
10.376062623993814 7.500000000001547 89.99999999999979
9.376062623993608 7.500000000001544 89.9999999999998
15.376062623994844 8.503981610013607 89.99999999999987
14.376062623994638 8.502898121489235 89.99999999999979
13.376062623994432 8.500000000001755 89.99999999999979
12.376062623994223 8.500000000001751 89.99999999999977
11.375248304999758 8.50000000000175 89.99999999999977
10.37394334665484 8.501139397631365 0.018988232798151
15.376062623994844 9.504446942689961 89.99999999999999
14.376062623994638 9.503233811473946 89.99999999999983
13.37606262399443 9.500000000001961 89.9999999999998
12.376062623994226 9.500000000001958 89.99999999999977
11.37606262399402 9.500000000001956 89.99999999999977
15.376062623994844 10.504937932957723 89.99999999999987
14.376062623994638 10.50357171385245 89.9999999999998
13.376062623994432 10.500000000002164 89.9999999999998
12.376062623994226 10.500000000002162 89.99999999999977
15.376062623994844 11.505409675344136 89.99999999999987
14.376062623994638 11.503928034890235 89.9999999999998
13.376062623994432 11.500000000002371 89.9999999999998
15.376062623994844 12.506233718582525 89.9999999999999
14.376062623994638 12.504181253657801 89.99999999999986
15.375755108819488 13.506780461743226 0.016488678703692
15.375727790422859 15.375727790422859 0.0
0.5003518278353587 0.5003518278353587 0.0
7.357987027696103 8.518047784580629 45.007315721811935
8.06607870875725 7.809983485306171 45.000041435875815
6.594479319437009 7.806415929229449 49.971149516379334
7.305324148340036 7.097911015106726 49.97114951637936
5.834724890655563 7.093819451272008 45.29563169008351
6.54572761084966 6.3886302233244425 45.383277524001436
5.123321934332804 6.3266682548472 40.028850483620474
5.837240877662631 5.62037098343316 40.02885048362049
4.40967410621104 5.569994317333345 44.448537623727084
5.125483812191218 4.8672910367682025 44.23333323116834
3.6386473778932826 4.858999576403356 49.9711495163803
4.3550144623438385 4.157069104252132 49.971149516380265
2.900094975127173 4.171113492021373 49.9751378800339
3.61800410935147 3.4701676485836614 49.97114951638028
2.256698070041252 3.4042753176441973 49.971149516380294
2.974830850268938 2.7044469692223387 49.97114951638028
1.5164763012787832 2.7118236872592067 50.58208064780674
2.235300807208774 2.0109226280840407 50.58023010246346
0.7729159305806217 2.0274695424985696 50.521686113933235
1.4917874850533925 1.3262576037511948 50.52152376502796
8.069710855400034 9.28163719680028 40.02885048362048
8.778151608888226 8.570738475654917 40.028850483620495
8.783311776135275 10.040540092746092 44.71683252200319
9.488445595788685 9.329308171710776 44.61672253613115
9.5494270811289 10.75277963444114 49.97114951637944
10.25569164056179 10.038821746332319 49.971149516379484
10.305946184672923 11.466266071883991 45.56560359712396
11.008686286959286 10.750661859296327 45.76666676909369
11.016913007855532 12.237289219015498 40.028850483620054
11.718993519742819 11.52104816165111 40.02885048362011
11.70487406457909 12.975737886895011 40.0277276315929
12.40589497541129 12.258058514643476 40.02885048362011
12.47144956744063 13.619080867432755 40.02885048362009
13.171615654772609 12.901231773726012 40.02885048362008
13.162038006556838 14.360316646148672 39.483904553284134
13.863106326732044 13.641892408025175 39.48134085388783
13.845625994944182 15.104100936286297 39.51701790359567
14.547031225967116 14.385452295135607 39.51780963385103
