271 16.954804607456076
0.5000000000001092 16.453968009632085 3.7e-14
1.5000000000003304 16.45480460745597 7.6e-14
16.45396800898675 0.5000000000001048 89.99999999999987
16.454804607455973 1.5000000000003153 89.99999999999974
0.5000000000001075 10.500000000002206 3.86e-13
0.5000000000001057 9.500000000001997 3.11e-13
0.5000000000001199 8.500000000001785 2.32e-13
1.500000000000421 8.50000000000215 8.007e-12
0.50000000000054 7.500000000001576 1.21e-13
1.5000000000016307 7.500000000001929 8.019e-12
2.5000000000024514 7.5000000000057705 4.8317e-11
0.5000000000005871 6.500000000001365 7.1e-14
1.5010142583808745 6.50000000000171 7.985e-12
2.501927935208662 6.5000000000048095 7.8065e-11
3.503200507768792 6.502687265778222 89.99460449813685
0.5000000000001048 5.500000000001155 89.99999999999997
1.5000573224193996 5.500000000001489 7.926e-12
2.502012565216387 5.500000000003849 1.07374e-10
3.5032018936837472 5.501384529540287 0.000363819299817
4.50440633343405 5.500000000001423 89.99999999999996
0.5000000000001039 4.500000000000945 89.99999999999993
1.5000000000003153 4.500000000001194 89.99999999999986
2.500000000000523 4.500000000001327 89.99999999999999
3.500000000000732 4.50000000000383 7.8e-14
4.500000000000941 4.500000000001203 1.71e-13
0.5000000000001394 3.5000000000007354 89.9999999999999
1.5000000000005764 3.5000000000009184 89.99999999999415
2.5010716792833776 3.5000000000010845 3.17e-13
3.5017817881481914 3.5000000000016627 89.99999999992033
4.502670781115981 3.500000000000968 1.237e-12
5.50345873069111 3.5018026401800135 89.99750139256844
0.5000000000001101 2.500000000000524 89.99999999999986
1.5000000000003872 2.500000000000685 89.99999999999388
2.500000000000833 2.500000000000828 89.99999999999922
3.500000000001105 2.5000000000007265 1.85e-13
4.500000000001378 2.5000000000007105 2.862e-12
5.500000000001636 2.500000000000763 4.084e-12
6.500000000001942 2.5000000000006377 89.99999999999656
0.5000000000001039 1.5000000000003153 89.99999999999989
1.5000000000003277 1.5000000000004192 89.99999999999805
2.5000000000005365 1.5000000000005453 89.99999999999781
3.500000000000746 1.5000000000004485 89.99999999999768
4.500000000000955 1.500000000000421 89.99999999999754
5.5000000000011635 1.5000000000004396 89.99999999999739
6.500000000001373 1.5000000000003997 89.99999999999719
7.500000000001582 1.500000000000341 89.999999999997
0.5000000000001039 0.5000000000001039 89.99999999999993
1.5000000000003126 0.5000000000001315 89.99999999999983
2.5000000000005187 0.5000000000001235 89.99999999999984
3.5000000000007265 0.5000000000001252 89.99999999999986
4.5000000000009335 0.5000000000001208 89.99999999999987
5.50000000000114 0.500000000000119 89.99999999999989
6.500000000001348 0.5000000000001146 89.9999999999999
7.500000000001556 0.5000000000001048 89.99999999999991
8.500000000001762 0.5009830246032339 89.99999999999993
9.50000000000197 0.5000000000001021 89.99999999999999
3.4548046074530054 16.454804607455962 1.45e-13
4.454804607453223 16.454804607455962 89.99999999999989
5.45480460745344 16.45480460745597 89.99999999999976
6.454804607453658 16.454804607455966 89.99999999999963
7.454804607453875 16.45480460745596 89.99999999999952
8.454804607454093 16.454804607455955 89.99999999999945
9.454804607454314 16.45480460745597 89.99999999999939
10.454804607454536 16.45480460745597 89.99999999999945
11.454804607454758 16.454804607455966 89.99999999999949
12.454804607454985 16.45480460745597 89.9999999999994
13.45480460745521 16.454804607455966 89.99999999999933
14.454804607455445 16.454804607455966 89.99999999999928
15.454804607455685 16.454804607455966 89.99999999999933
16.454804607455944 16.45480460745597 89.99999999999976
4.4548046074533945 15.454804607455735 89.99999999999932
5.454804607453607 15.454804607455753 89.99999999999913
6.454804607453822 15.454804607455738 89.9999999999985
7.454804607454032 15.454804607455596 89.99999999999845
8.454804607454241 15.45480460745571 89.99999999999851
9.454804607454456 15.454804607455756 89.99999999999875
10.454804607454667 15.454804607455756 89.9999999999987
11.454804607454884 15.454804607455749 89.99999999999821
12.454804607455095 15.454804607455749 89.99999999999802
13.454804607455308 15.454804607455749 89.99999999999798
14.454804607455525 15.454804607455749 89.999999999998
15.454804607455738 15.454804607455745 89.99999999999808
16.454804607455962 15.454804607455756 89.99999999999952
5.454804607453644 14.454804607455541 89.99999999999922
6.454804607453854 14.45480460745524 89.9999999999991
7.4548046074540615 14.454804607455236 89.99999999999896
8.454804607454271 14.454804607455475 89.99999999999879
9.45480460745448 14.45480460745555 89.99999999999865
10.45480460745469 14.454804607455552 89.99999999999864
11.454804607454907 14.454804607455538 89.99999999999788
12.454804607455117 14.454804607455538 89.99999999999773
13.454804607455324 14.45480460745554 89.9999999999977
14.454804607455536 14.45480460745554 89.99999999999777
15.454804607455745 14.454804607455532 89.99999999999793
16.454804607455966 14.454804607455545 89.99999999999936
6.454804607453798 13.45480460745487 5.03e-12
7.454804607454024 13.45480460745487 2.783e-12
8.454804607454268 13.454804607455246 89.9999999999987
9.454804607454477 13.454804607455342 89.99999999999854
10.454804607454689 13.454804607455344 89.9999999999986
11.454804607454907 13.454804607455326 89.99999999999748
12.454804607455117 13.454804607455328 89.99999999999733
13.454804607455324 13.454804607455328 89.99999999999729
14.454804607455534 13.454804607455328 89.99999999999733
15.454804607455745 13.454804607455317 89.99999999999751
16.454804607455962 13.454804607455332 89.99999999999916
6.454804607453803 12.454804607454555 89.99999999999977
7.454804607454024 12.454804607454431 89.99999999999861
8.454804607454243 12.454804607455017 89.99999999999775
9.45480460745446 12.454804607455134 89.99999999999845
10.454804607454674 12.454804607455138 89.99999999999862
11.454804607454898 12.454804607455117 89.99999999999712
12.45480460745511 12.454804607455117 89.99999999999694
13.454804607455317 12.45480460745512 89.99999999999689
14.454804607455529 12.45480460745512 89.99999999999692
15.454804607455738 12.454804607455102 89.99999999999713
16.454804607455966 12.454804607455117 89.99999999999898
6.451704854757095 11.454804607454246 89.99999999999297
7.453209255075097 11.454804607454019 89.99999999998418
8.454804607454124 11.454804607454713 89.99999999998802
9.454804607454435 11.454804607454928 89.99999999999847
10.454804607454653 11.454804607454932 89.99999999999865
11.454804607454884 11.454804607454903 89.99999999999667
12.454804607455095 11.454804607454907 89.99999999999648
13.454804607455307 11.454804607454912 89.9999999999964
14.45480460745552 11.454804607454909 89.99999999999646
15.454804607455731 11.454804607454887 89.99999999999677
16.454804607455962 11.454804607454902 89.99999999999885
6.454804607453721 10.45480460745394 89.99999999998643
7.45480460745393 10.454804607453658 89.99999999998664
8.454804607454141 10.454804607454486 89.99999999998707
9.454804607454449 10.454804607454722 89.99999999999847
10.454804607454662 10.454804607454724 89.99999999999868
11.454804607454891 10.454804607454692 89.99999999999636
12.454804607455102 10.454804607454697 89.99999999999619
13.45480460745531 10.454804607454703 89.99999999999615
14.454804607455522 10.4548046074547 89.99999999999622
15.454804607455735 10.454804607454673 89.99999999999655
16.454804607455962 10.454804607454683 89.99999999999866
7.454804607452981 9.454804607453106 89.99999999995879
8.454804607453578 9.454804607453905 89.99999999994573
9.454804607454278 9.454804607454514 89.99999999999855
10.454804607454637 9.454804607454518 89.99999999999872
11.454804607454873 9.454804607454477 89.99999999999582
12.454804607455085 9.454804607454486 89.9999999999957
13.4548046074553 9.454804607454491 89.99999999999568
14.454804607455515 9.45480460745449 89.99999999999586
15.454804607455728 9.454804607454458 89.99999999999625
16.45480460745596 9.454804607454465 89.99999999999854
7.454804607452436 8.454804607452662 89.99999999993787
8.45480460745292 8.454804607453557 89.99999999993085
9.454804607453879 8.454804607454307 89.99999999999864
10.454804607454506 8.45480460745431 89.9999999999988
11.454804607454808 8.454804607454253 89.99999999999422
12.454804607455046 8.454804607454276 89.99999999999537
13.45480460745527 8.454804607454284 89.99999999999544
14.454804607455495 8.45480460745428 89.99999999999571
15.454804607455717 8.454804607454243 89.99999999999609
16.454804607455955 8.454804607454243 89.99999999999842
9.454804607454381 7.454804607454099 89.99999999999872
10.4548046074546 7.454804607454103 89.99999999999893
11.454804607454836 7.4548046074540055 89.99999999999663
12.454804607455063 7.454804607454068 89.99999999999524
13.454804607455282 7.4548046074540775 89.99999999999527
14.4548046074555 7.454804607454073 89.99999999999561
15.45480460745572 7.454804607454027 89.99999999999596
16.454804607455955 7.45480460745402 89.99999999999824
12.454804607455088 6.45480460745386 89.99999999999508
13.454804607455298 6.4548046074538705 89.99999999999511
14.454804607455513 6.454804607453865 89.99999999999557
15.454804607455724 6.454804607453811 89.99999999999591
16.45480460745595 6.454804607453787 89.99999999999805
14.454804607455522 5.454804607453658 89.99999999999551
15.454804607455731 5.454804607453587 89.99999999999581
16.454804607455955 5.45480460745353 89.99999999999775
15.454804607455689 4.454804607453352 89.9999999999935
16.454804607455944 4.454804607453017 89.99999999999717
16.454804607455753 3.4548046074526058 89.99999999998809
8.42655690823878 7.426556908238557 86.6640819592135
7.34840307940551 7.359209067352808 77.61627855289372
10.403345742081367 6.454804607453886 4.75e-13
11.403345742081584 6.4548046074537595 89.9999999999996
4.86297946707688 6.662853096315214 24.622012540641506
6.207551730425642 7.0192149412115405 72.65183638560934
0.657984448668909 14.91458897672136 23.517666643006972
1.5828640201633517 15.295369705781347 23.517666643008713
0.6441900610754843 13.814664073690949 20.647013231170515
1.5698189143246273 14.194188070605065 20.64701323117066
2.510470248586281 14.533844761312645 20.647013231170785
0.6333225624330687 12.687518853071747 18.592475161373297
1.5590667465068648 13.071950295490572 18.592475161373514
2.4862630650803386 13.45206493221237 18.592475161373525
3.428038958190224 13.788838411188124 18.592475161373518
4.346327641877854 14.195433053054606 18.592475161373507
0.626892937540374 11.626892937542685 17.444172244988717
1.5769017930773979 11.939400977134767 17.4441722449891
2.5041512031670727 12.32433876400847 17.444172244989176
3.4327662201899978 12.70493063809225 17.444172244989094
4.3761323362633116 13.038578557464234 17.444172244988863
1.574506052380121 10.870891349147822 19.2166599987303
2.5211044656144272 11.193383255025186 19.216659998730602
3.446198438091769 11.57756973629143 19.216659998730638
4.372791069304386 11.957456681691088 19.216659998730375
5.320979032350456 12.28943807334825 18.684265965508676
1.636710968019214 9.636710968021248 19.216659998731252
2.5253539429041147 10.125472538887925 19.216659998731387
3.4664070357447603 10.463873539586604 19.216659998731426
4.391501008222099 10.848060020852852 19.216659998731394
5.318093639434721 11.227946966252485 19.216659998730982
2.583114734913713 8.919728768079331 24.0096983677855
3.485793142090274 9.381706849824042 22.552845297863144
4.417529037755581 9.74547382237027 22.55284529785114
5.3410552190702685 10.12900920851743 22.552845297833983
3.4537303230305794 8.211911436840932 28.226846280259057
4.40276197682458 8.65653480714329 22.552845297850062
5.326288158139368 9.040070193290642 22.552845297834317
4.404398690900628 7.552703180618675 24.622012540654556
5.336552558291375 7.961526607328816 22.552845297841813
2.540274021154328 15.66576628799678 26.542134458848643
3.427345367165537 14.936599795779383 20.64701323117102
6.372797236495359 9.372797236495657 10.39458693936988
6.346061695112546 8.286194902057009 15.266887837584722
6.467616287662265 4.434624879510225 71.1675172376263
6.779215995696507 5.398335538932913 72.651836385604
7.077393349573981 6.352846023755012 72.65183638561373
5.626343919350766 5.105462267051671 72.65183638560494
15.001546619080859 0.6273698551390758 72.559367803685
15.301342029994434 1.5823544707778163 72.55561107162383
13.842537229430615 0.6265999054869562 72.60710952197388
14.241599200224503 1.549509134132478 72.60710952197327
14.539447702852943 2.5041229491692336 72.60710952197297
12.718055632802143 0.6265999054869562 72.60710952197344
13.086704591843546 1.559035850052803 72.60710952197338
13.484692681809278 2.4822814662177546 72.60710952197336
13.783615065265897 3.4365588937350493 72.60710952197337
14.101788996685887 4.384805875140453 72.60710952197338
11.6561706162819 0.6170632664770306 74.23085354216505
11.951857904700377 1.5726714973983134 74.23085354216492
12.32124608818701 2.507467336174214 74.2308535421649
12.720233923306507 3.4339045307765232 74.23085354216488
13.019276384822657 4.388565294531228 74.2308535421649
10.617063266479104 0.6170632664770288 74.23085354216536
10.889033224138059 1.5796816603093173 74.19636701216369
11.184716486615251 2.5352756672982313 74.19636701216325
11.554088090411065 3.4700129288661516 74.19636701216317
11.953054304020261 4.396373733159203 74.19636701216312
12.252092168095913 5.351018253834868 74.19636701216318
9.832030569857459 1.5602829886504077 75.42810705664533
10.105531646498417 2.5224209644321958 75.4281070566453
10.401419906404573 3.478739241685198 75.42810705664529
10.771444953346105 4.415785163620975 75.42810705664527
11.171244714250157 5.345090948845937 75.4281070566453
9.053723899434663 2.5550587778801157 73.1295786207575
9.34045128209117 3.513077900046623 73.12957862075746
9.636040361949238 4.468409629057129 73.12957862075744
10.004874662007898 5.401529055051673 73.12957862075748
8.679460202592562 1.6235858676065629 73.12957862075751
8.28622288270409 3.4968603282140673 72.65183638560667
8.581808444683919 4.452180456997127 72.65183638560704
8.877393910188424 5.40750061591789 72.65183638560706
7.533847502306611 4.451208863484598 72.65183638560589
7.829432967811099 5.406529022405379 72.65183638560569
15.607637400816603 2.542939134047204 71.71242851245232
14.857620130251458 3.460325403213184 71.71242851245897
7.9214766119238185 2.553663515756365 71.46878095672618
7.181435716183548 3.466115208959957 67.1846323751971
9.246034302140513 6.3399993129456345 72.65183638560735
8.127610321688596 6.3610395072273445 72.65183638560521
5.937025653899533 6.056066536908244 72.65183638560657
5.398322036499898 13.39832203650159 6.904659511056398
13.337741340978404 5.337741340976774 74.23085354216494
