307 17.982052033825262
0.5000000000004761 17.481777600800626 6.9e-14
1.5000000000014229 17.482052033824786 1.74e-13
17.48177758697242 0.5000000000004761 4.4e-14
17.482052033824786 1.5000000000014255 9.2e-14
0.5000000000004743 9.500000000008994 6e-15
0.5000000000004867 8.500000000008047 89.99999999999997
0.5000000000004814 7.5000000000071 89.99999999999994
1.500000000001446 7.500000000007599 89.99999999999919
0.5000000000004903 6.500000000006153 89.99999999999996
1.5000000000014992 6.500000000006612 89.99999999999692
2.5000000000024833 6.500000000007388 89.9999999999968
0.5000000000004867 5.500000000005207 89.99999999999996
1.5000000000014984 5.50000000000563 89.99999999999544
2.500000000002541 5.500000000006308 89.99999999998855
3.5052533391727154 5.504855566948362 0.01899514582071
0.5000000000004796 4.500000000004261 89.99999999999994
1.5000000000014646 4.500000000004647 89.99999999999672
2.5000000000024327 4.500000000005219 89.99999999999694
3.5000000000033955 4.501364763849797 89.99999999999739
4.500000000004355 4.500000000004282 89.99999999999787
0.5000000000004778 3.500000000003314 89.99999999999991
1.5000000000014406 3.50000000000366 89.99999999999858
2.5000000000023945 3.500000000004081 89.99999999999842
3.5000000000033458 3.5000000000040368 89.99999999999835
4.5000000000043014 3.500000000003334 89.99999999999785
5.5000000000052625 3.500000000003342 89.99999999999676
0.5000000000004778 2.500000000002367 89.99999999999993
1.5000000000014468 2.500000000002651 89.99999999999773
2.5000000000024007 2.500000000002622 89.99999999999737
3.500000000003353 2.5000000000024247 89.99999999999712
4.500000000004312 2.5000000000023874 89.99999999999787
5.500000000005276 2.5000000000023954 89.99999999999689
6.500000000008464 2.500000000006197 89.99999999987935
0.5000000000004761 1.500000000001421 89.99999999999994
1.5000000000014335 1.5000000000015987 89.99999999999858
2.500000000002383 1.5000000000014957 89.99999999999835
3.5000000000033316 1.5000000000014566 89.99999999999817
4.500000000004281 1.5000000000014388 89.999999999998
5.500000000005233 1.5000000000014424 89.99999999999748
6.500000000006182 1.5000000000036167 89.99999999999741
7.5000000000071285 1.5000000000014442 89.99999999999739
0.5000000000004761 0.5000000000004743 89.99999999999997
1.5000000000014238 0.5000000000004992 89.9999999999998
2.5000000000023714 0.5000000000004867 89.9999999999998
3.5000000000033173 0.5000000000004814 89.99999999999979
4.500000000004266 0.5000000000004761 89.99999999999977
5.500000000005214 0.5000000000004761 89.99999999999976
6.50000000000616 0.5000000000004938 89.99999999999977
7.500000000007107 0.5000000000004761 89.99999999999979
8.500000000008054 0.5003453943949197 89.99999999999982
9.500000000009 0.5000000000004761 89.99999999999986
3.4820520338115077 17.482052033824786 2.36e-13
4.482052033812455 17.482052033824786 2.36e-13
5.482052033813403 17.482052033824786 2.45e-13
6.48205203381435 17.482052033824786 2.07e-13
7.4820520338152985 17.482052033824786 1.38e-13
8.482052033816245 17.48205203382478 1.8e-14
9.482052033817194 17.482052033824786 89.99999999999987
10.482052033818142 17.482052033824786 89.9999999999998
11.48205203381909 17.482052033824786 89.99999999999976
12.482052033820036 17.482052033824786 89.99999999999972
13.482052033820986 17.482052033824786 89.9999999999997
14.482052033821933 17.482052033824786 89.99999999999969
15.482052033822882 17.482052033824786 89.9999999999997
16.482052033823834 17.482052033824786 89.99999999999974
17.482052033824786 17.482052033824786 89.99999999999989
4.482052033812451 16.482052033823827 1.313e-12
5.482052033813399 16.482052033823834 1.256e-12
6.482052033814346 16.482052033823827 1.176e-12
7.482052033815295 16.482052033823827 1.056e-12
8.482052033816247 16.48205203382382 2.78e-13
9.482052033817201 16.482052033823834 89.99999999999957
10.48205203381815 16.48205203382384 89.9999999999995
11.482052033819096 16.48205203382384 89.99999999999949
12.482052033820043 16.48205203382384 89.99999999999946
13.482052033820993 16.482052033823834 89.99999999999946
14.48205203382194 16.48205203382384 89.99999999999947
15.482052033822889 16.48205203382384 89.99999999999949
16.482052033823834 16.482052033823834 89.99999999999953
17.482052033824786 16.48205203382384 89.99999999999986
5.482052033813407 15.482052033822882 1.439e-12
6.4820520338143535 15.482052033822878 1.401e-12
7.4820520338153 15.482052033822878 1.31e-12
8.482052033816256 15.482052033822868 1.25e-13
9.482052033817208 15.482052033822885 89.99999999999956
10.482052033818157 15.482052033822889 89.99999999999945
11.482052033819102 15.482052033822889 89.9999999999994
12.48205203382005 15.482052033822889 89.99999999999939
13.482052033820995 15.482052033822892 89.99999999999937
14.48205203382194 15.482052033822889 89.99999999999937
15.482052033822889 15.482052033822889 89.9999999999994
16.482052033823834 15.482052033822889 89.99999999999947
17.482052033824786 15.482052033822892 89.99999999999987
6.482052033814345 14.482052033821919 2.325e-12
7.482052033815297 14.482052033821923 1.695e-12
8.482052033816258 14.482052033821919 0.0
9.482052033817208 14.482052033821937 89.99999999999946
10.482052033818157 14.482052033821944 89.99999999999936
11.482052033819103 14.482052033821944 89.99999999999933
12.48205203382005 14.482052033821944 89.99999999999932
13.482052033820995 14.482052033821944 89.99999999999932
14.482052033821944 14.482052033821944 89.99999999999933
15.482052033822889 14.482052033821944 89.99999999999936
16.482052033823834 14.48205203382194 89.99999999999943
17.482052033824786 14.482052033821947 89.99999999999986
6.482052033814345 13.482052033820969 2.355e-12
7.482052033815296 13.482052033820972 1.736e-12
8.48205203381626 13.482052033820969 89.99999999999986
9.48205203381721 13.48205203382099 89.99999999999936
10.482052033818157 13.482052033820995 89.9999999999993
11.482052033819102 13.482052033820995 89.99999999999928
12.48205203382005 13.482052033820997 89.99999999999928
13.482052033820997 13.482052033820999 89.99999999999929
14.482052033821944 13.482052033820999 89.99999999999929
15.482052033822889 13.482052033820995 89.99999999999932
16.482052033823834 13.482052033820993 89.9999999999994
17.482052033824786 13.482052033820999 89.99999999999986
6.48205203381433 12.482052033820018 2.275e-12
7.4820520338152825 12.482052033820022 1.643e-12
8.482052033816247 12.482052033820022 89.99999999999966
9.4820520338172 12.48205203382004 89.99999999999915
10.482052033818148 12.482052033820047 89.99999999999915
11.482052033819096 12.48205203382005 89.99999999999919
12.482052033820043 12.48205203382005 89.99999999999922
13.482052033820992 12.482052033820054 89.99999999999926
14.48205203382194 12.48205203382005 89.99999999999929
15.482052033822885 12.482052033820047 89.99999999999928
16.482052033823834 12.482052033820047 89.99999999999936
17.482052033824786 12.48205203382005 89.99999999999986
7.482052033815284 11.48205203381905 89.99999999999926
8.482052033816236 11.48205203381907 89.99999999999929
9.48205203381719 11.482052033819091 89.99999999999909
10.482052033818142 11.482052033819102 89.99999999999915
11.48205203381909 11.4820520338191 89.99999999999916
12.48205203382004 11.482052033819103 89.99999999999923
13.48205203382099 11.482052033819105 89.99999999999925
14.482052033821937 11.482052033819105 89.99999999999926
15.482052033822885 11.4820520338191 89.99999999999925
16.482052033823834 11.482052033819096 89.99999999999937
17.482052033824786 11.482052033819102 89.99999999999984
7.482052033815314 10.482052033818098 89.99999999999908
8.48205203381626 10.482052033818121 89.99999999999909
9.482052033817206 10.482052033818142 89.99999999999912
10.482052033818153 10.482052033818153 89.99999999999916
11.4820520338191 10.482052033818155 89.9999999999992
12.482052033820047 10.482052033818157 89.99999999999923
13.482052033820993 10.48205203381816 89.99999999999928
14.48205203382194 10.482052033818157 89.99999999999928
15.482052033822885 10.482052033818153 89.99999999999928
16.482052033823834 10.482052033818151 89.9999999999994
17.482052033824786 10.482052033818155 89.99999999999984
7.482052033815297 9.482052033817146 89.9999999999988
8.482052033816249 9.48205203381717 89.99999999999918
9.482052033817197 9.482052033817194 89.99999999999923
10.482052033818148 9.482052033817205 89.99999999999926
11.482052033819096 9.482052033817205 89.99999999999928
12.482052033820043 9.48205203381721 89.9999999999993
13.482052033820992 9.48205203381721 89.99999999999933
14.48205203382194 9.48205203381721 89.99999999999933
15.482052033822885 9.482052033817205 89.99999999999933
16.482052033823834 9.482052033817201 89.9999999999994
17.482052033824786 9.482052033817203 89.99999999999984
7.479685925751097 8.482052033816181 7.59e-13
8.482052033816236 8.482052033816222 89.99999999999936
9.482052033817196 8.482052033816242 89.99999999999962
10.482052033818148 8.482052033816256 89.99999999999963
11.482052033819096 8.482052033816258 89.99999999999957
12.482052033820047 8.48205203381626 89.99999999999955
13.482052033820993 8.482052033816265 89.99999999999955
14.482052033821944 8.482052033816261 89.99999999999956
15.482052033822892 8.482052033816256 89.99999999999953
16.48205203382384 8.482052033816254 89.99999999999962
17.482052033824786 8.482052033816252 89.9999999999998
7.482052033814353 7.482052033815215 2.785e-12
8.482052033815355 7.4820520338152745 89.99999999999955
9.482052033816354 7.482052033815274 1.968e-12
10.482052033817345 7.482052033815298 1.01e-12
11.482052033818333 7.482052033815246 1.122e-12
12.482052033819329 7.482052033815305 89.99999999999982
13.482052033820331 7.482052033815308 89.99999999999979
14.482052033821343 7.48205203381531 89.99999999999969
15.48205203382237 7.482052033815306 89.99999999999923
16.482052033823436 7.482052033815301 89.99999999999969
17.48205203382465 7.482052033815301 1.2e-14
12.482052033820029 6.482052033814352 89.99999999999908
13.482052033820981 6.482052033814355 89.99999999999893
14.48205203382193 6.482052033814357 89.99999999999889
15.482052033822878 6.482052033814357 89.99999999999903
16.482052033823834 6.48205203381435 89.99999999999918
17.482052033824786 6.4820520338143535 89.9999999999999
15.482052033822885 5.48205203381341 89.999999999999
16.482052033823827 5.4820520338134004 89.99999999999906
17.482052033824786 5.482052033813405 89.99999999999987
16.482052033823827 4.48205203381245 89.9999999999988
17.482052033824786 4.482052033812456 89.9999999999998
17.482052033824786 3.4820520338115077 89.99999999999973
5.927280151522652 5.821727396792239 67.48048679785505
0.6477722981082099 15.959509795808598 21.360765795187966
1.5821715966255523 16.315838434701863 21.360765795188513
0.6396514953358725 14.879412253270345 19.76997701016511
1.5749518441072743 15.233676314071968 19.76997701016516
2.5184269275346853 15.565196789783414 19.769977010165196
0.6335761305620338 13.794347293217045 18.63870971375232
1.5718512100205313 14.141453259626648 18.638709713752707
2.507651348930403 14.495896960170601 18.638709713752736
3.4547670883374613 14.816792029388807 18.63870971375275
4.363644979111619 15.25105514184908 18.638709713752764
0.6323666716290894 12.737932300684923 18.418853157293707
1.5803347592820929 13.056307833662547 18.41885315729373
2.518722363463322 13.40345175347766 18.418853157293753
3.4546631837401147 13.757942904367056 18.418853157293746
4.40318946925593 14.074642274330934 18.418853157293686
0.6303596704020134 11.682166538324184 18.057691067506312
1.5797999691247773 11.996142384911101 18.057691067506767
2.5278021247783595 12.314529263256054 18.057691067506777
3.466405139956313 12.661744919505528 18.05769106750678
4.402607684876268 13.01632323025662 18.057691067506763
5.351692363411876 13.331389825026353 18.05769106750666
0.6303596704020116 10.630359670411478 18.057691067505733
1.5828727019118434 10.941685342128658 18.298829854274597
2.5323045919918377 11.255658408013408 18.298829854277052
3.4818370765435276 11.57524128068032 18.513477426265435
4.420174623020488 11.92236804290355 18.513477426266185
5.356053283897552 12.276837898848083 18.513477426266235
1.565435396485146 9.882657459504186 18.298829854275798
2.514867286565109 10.196630525388956 18.29882985427584
3.464299176645058 10.510603591273764 18.298829854275855
4.411894467442876 10.830130400830313 18.29882985427584
5.350349555831524 11.177296522773725 18.298829854275816
2.56043560684744 9.158438333748295 18.29882985427648
3.5098674969273915 9.472411399633105 18.2988298542765
4.459299387007342 9.786384465517914 18.298829854276494
5.406894677805165 10.105911275074451 18.298829854276427
1.6317024779833265 8.781873707889755 18.298829854276438
3.480235534117054 8.409350795961313 18.298829854276892
4.429667424197022 8.723323861846103 18.29882985427724
5.3790993142769725 9.037296927730939 18.298829854277333
4.3834135684906 7.654766469275628 18.298829854281635
5.332845458570661 7.968739535160516 18.298829854280275
5.446339135944277 14.446339135952805 4.254166078096251
2.5589351648319747 16.71275005471001 27.97133704186157
3.442021103058109 15.989018499597446 21.472246340788793
2.5255918807238817 8.030047197600135 21.511219037924544
3.416676206322177 7.30638705262616 21.511219037924242
6.482052033814332 11.459170230655504 89.9999999999992
6.482052033814366 10.459170230654555 89.99999999999906
6.354891797285686 9.342641305499992 15.68060549960261
6.296332252522517 8.275643361173909 17.009425124076664
4.460795215006831 6.620348670156481 19.03757154512375
5.415788992637777 6.937690261433914 18.306555955375387
6.374454200961164 7.250992475644016 17.3176080606099
4.673098345316944 5.63574649374215 19.037571545123626
15.980820401031023 0.6448683267972672 69.21936267547228
16.32927320440773 1.5822191692920935 69.2193626754716
14.91123948715068 0.6448683267972655 69.21936267547281
15.255797178833314 1.583697277352548 69.21936267547274
15.572168152762774 2.5332224589741568 69.21936267547264
13.817642691125965 0.6293409417016793 72.12392625644411
14.165505385406558 1.5678710080967981 72.12392625644408
14.489343797793518 2.514149628653172 72.12392625644408
14.819300411102498 3.4584549452238695 72.12392625644408
15.232958985083638 4.375763859631828 72.1239262564441
12.730689949842706 0.6293409417016793 72.12392625644425
13.070462243592619 1.5704804058292998 72.12392625644421
13.418324937873212 2.5090104722244178 72.12392625644422
13.74216335026017 3.4552890927807933 72.12392625644425
14.069759198329013 4.40035582721223 72.12392625644432
11.679882606820989 0.6292509129639487 72.1399223909345
11.986931807065401 1.5810912130165464 72.1239262564443
12.326704100815315 2.522230677144166 72.12392625644426
12.674566795095906 3.4607607435392858 72.12392625644428
12.998405207482861 4.407039364095664 72.12392625644435
13.324125281551796 5.352711092112213 72.12392625644456
10.629250912973422 0.629250912963947 72.13992239093476
10.910565940818747 1.595229604747229 71.48249962641091
11.246710457536073 2.537243180750714 71.48249962640966
11.586380071435993 3.4780760783698472 71.48249962640963
11.934109862169663 4.416209340753799 71.48249962640965
12.257905119670713 5.362359115750955 71.48249962640975
9.844452078229885 1.581042062457863 71.2145143938426
10.168770000403546 2.526993301505123 71.2145143938425
10.50488857396971 3.4689306066747836 71.21451439384245
10.844526645384915 4.409670771857972 71.21451439384244
11.192212090690926 5.347673662155934 71.21451439384249
9.109863227645285 2.5585854213722348 69.95619519544022
9.447658496834562 3.4998197406890563 69.95619519544013
9.783747684516733 4.441676500462187 69.95619519543995
10.12332838988077 5.382259427859747 69.95619519543975
8.707015317920444 1.6410846664194398 69.95619519544037
8.368191770612087 3.461059734564367 70.43502005316692
8.704272844088505 4.402893662850752 70.43502005316692
9.043855836413742 5.343483025224936 70.43502005316697
7.648035723123315 4.419955788546483 70.32420352647044
7.986768289776936 5.369627231738204 70.37215970056896
14.428574600874116 5.428574600865595 83.48829706079282
16.705076101055653 2.561708483978382 63.27397841009711
15.977291625346439 3.4490680457727008 69.21936267547234
7.966939633377946 2.5423873037073452 70.43502005316691
7.234894649845515 3.4414607201601273 62.89315197817706
11.438161892136353 6.482052033814265 6.03e-13
10.438161892135394 6.48205203381435 1.096e-12
9.309917355180076 6.482052033814313 2.278e-12
8.309917355179127 6.482052033814304 2.458e-12
6.519968157155789 4.326929328642342 67.66521081313677
6.893007654449064 5.279701296706781 70.37215970056864
7.171015542938797 6.242245106391774 70.37215970056877
5.65249850562398 4.84692767641401 67.66521081313655
